timestamp, prius0 x posi, prius0 y posi, prius0 x vel, prius0 y vel.
0.0, 0.0, 0.0, 0.0, 0.0
0.00999999999999, 20.0642263219, 0.999852885086, -0.11888116681, 0.00870250887119
0.02, 20.0629980052, 0.999905315906, -0.131553202431, 0.002019204127
0.03, 20.0616370158, 0.999865306036, -0.145223165817, -0.00651574742513
0.04, 20.0601372492, 0.999803781279, -0.159281988552, -0.00254508682731
0.05, 20.0584952577, 0.999829793153, -0.173661996273, 0.00756839575131
0.06, 20.0567061117, 0.999893303806, -0.188826930187, 0.00654611496893
0.07, 20.0547626535, 0.999912459822, -0.204399613373, -0.00126264582674
0.08, 20.0526621345, 0.999862202814, -0.220229681355, -0.00525069447104
0.09, 20.0503996657, 0.999833484017, -0.236880474688, 0.00147639392778
0.1, 20.0479684776, 0.999883566101, -0.253864107177, 0.00790446275029
0.11, 20.0453659561, 0.999939217516, -0.27112471848, 0.00329991775765
0.12, 20.0425897728, 0.999917225497, -0.288588395511, -0.00472571504505
0.13, 20.0396355717, 0.999863967872, -0.306819231804, -0.00269177607241
0.14, 20.0364966316, 0.999879999587, -0.325410422582, 0.00626866537266
0.15, 20.0331704355, 0.99995222603, -0.344240738373, 0.00730798076565
0.16, 20.029653284, 0.999973598079, -0.363719250474, -0.00140438744459
0.17, 20.0259388119, 0.999921181708, -0.383553887236, -0.00532525677729
0.18, 20.0220256922, 0.999896596652, -0.40347690277, 0.0023169832636
0.19, 20.0179110111, 0.999957416205, -0.424003597666, 0.00897828315012
0.2, 20.0135883917, 1.00001950815, -0.44489741594, 0.00351237609575
0.21, 20.0090557938, 0.999995819664, -0.465963092816, -0.00502823013132
0.22, 20.0043124605, 0.999942685862, -0.48707294833, -0.00226952860822
0.23, 19.9993548765, 0.999967911725, -0.508893967866, 0.00746749776347
0.24, 19.9941778742, 1.00005048059, -0.530864019971, 0.00801983017243
0.25, 19.9887804408, 1.00007340802, -0.552960995113, -0.00162083974603
0.26, 19.9831611437, 1.00001866772, -0.575407573144, -0.00535603361918
0.27, 19.9773138982, 0.99999930053, -0.598356654731, 0.00329724748109
0.28, 19.9712347666, 1.00007209248, -0.62189664315, 0.0101402544394
0.29, 19.9649184879, 1.00014089068, -0.645650795424, 0.00370894975747
0.3, 19.9583640461, 1.00011529215, -0.669495186421, -0.00533439596548
0.31, 19.9515689347, 1.00006280988, -0.693896819227, -0.0017504821327
0.32, 19.9445286296, 1.00009846024, -0.718436112893, 0.00879100093602
0.33, 19.9372425782, 1.0001777675, -0.743028073014, 0.00905087785415
0.34, 19.9297082808, 1.00021911949, -0.768178666116, 0.000477360606425
0.35, 19.9219210167, 1.00017789794, -0.793489870483, -0.00490502991881
0.36, 19.9138806358, 1.00015249583, -0.818804480032, 0.00214007490928
0.37, 19.9055875992, 1.00021778028, -0.844052955872, 0.0101299865694
0.38, 19.8970405525, 1.00029869118, -0.869744654284, 0.00574790272214
0.39, 19.8882347258, 1.00029355347, -0.895646054522, -0.00375487569287
0.4, 19.8791700037, 1.00024447912, -0.921525086975, -0.00240348960161
0.41, 19.8698458659, 1.0002693702, -0.947705887212, 0.00785975075632
0.42, 19.8602587159, 1.00036512323, -0.973793200959, 0.010051748637
0.43, 19.8504113564, 1.00041049883, -1.00004782432, 0.000440710534629
0.44, 19.8402996671, 1.00036769236, -1.02649854787, -0.00493264381343
0.45, 19.8299236284, 1.00034750238, -1.05292204277, 0.00314979750755
0.46, 19.8192832503, 1.00042111362, -1.0795737643, 0.0066622717288
0.47, 19.8083765247, 1.00050267098, -1.1065747274, 0.00705680142795
0.48, 19.7971932885, 1.00051670791, -1.13424646923, -0.0017506308743
0.49, 19.7857352562, 1.0004792606, -1.16139490222, -0.00214834599819
0.5, 19.7740054852, 1.00049774957, -1.18884082916, 0.00683046017702
0.51, 19.7620001762, 1.00058883874, -1.21638211536, 0.0103849595485
0.52, 19.7497197065, 1.00064861858, -1.24386390923, 0.00255530669007
0.53, 19.7371637701, 1.00062506488, -1.27164654949, -0.00358851330322
0.54, 19.7243283532, 1.00060639967, -1.29960397442, 0.00242093210725
0.55, 19.7112137242, 1.00067547683, -1.32749315799, 0.0108404990772
0.56, 19.6978206016, 1.00077037711, -1.35530274979, 0.0076647639431
0.57, 19.6841482969, 1.00078572823, -1.38346989227, -0.00186414134437
0.58, 19.6701925145, 1.00074900755, -1.41182588339, -0.00174307023379
0.59, 19.6559533425, 1.00077693267, -1.44013883238, 0.00813403154504
0.6, 19.6414295032, 1.00088086057, -1.46909671895, 0.0114383826101
0.61, 19.6266119824, 1.00094560534, -1.49852850753, 0.00262416089196
0.62, 19.6115008112, 1.00092125982, -1.52782899995, -0.00356990956346
0.63, 19.5960970916, 1.00090780127, -1.55703711794, 0.00340168370018
0.64, 19.5803996767, 1.00098981951, -1.58667739006, 0.0121928313632
0.65, 19.5644047326, 1.00109424785, -1.61639870882, 0.00818076474673
0.66, 19.5481138008, 1.00111027508, -1.64590504976, -0.00199987330123
0.67, 19.5315277645, 1.0010746763, -1.67559653883, -0.00125456332011
0.68, 19.5146425492, 1.00111290014, -1.70555487863, 0.00950413709405
0.69, 19.4974584203, 1.00121514097, -1.73538256137, 0.0120606711272
0.7, 19.4799762289, 1.00129707725, -1.76513999785, 0.00488482163918
0.71, 19.4621961533, 1.00129088834, -1.79513246728, -0.00251428626092
0.72, 19.4441156106, 1.00127602567, -1.825096496, 0.00247959153894
0.73, 19.4257347814, 1.00134947646, -1.85514636303, 0.0118552000113
0.74, 19.4070531106, 1.00146291914, -1.88543995345, 0.0100511444412
0.75, 19.3880670456, 1.00150115977, -1.91585040513, 2.48526272747e-05
0.76, 19.3687775415, 1.0014744658, -1.94612466259, -0.00141088961395
0.77, 19.3491866885, 1.00150373795, -1.97631371603, 0.00845960856783
0.78, 19.3292907043, 1.00161944812, -2.00696479076, 0.0133889579835
0.79, 19.3090890818, 1.00170854622, -2.03745007997, 0.00510935633059
0.8, 19.2885834533, 1.00170176656, -2.06776811648, -0.00258128063147
0.81, 19.2677733375, 1.00169094681, -2.09846566711, 0.00337277642052
0.82, 19.2466552235, 1.00177292434, -2.12945011791, 0.00853088897839
0.83, 19.2252311453, 1.00188984149, -2.15976403805, 0.0116945268443
0.84, 19.2034993965, 1.00194962277, -2.19075814316, 0.00213633992494
0.85, 19.1814575716, 1.00193398601, -2.22168328756, -0.00130719704043
0.86, 19.1591075028, 1.00195575043, -2.25242220547, 0.0074139293998
0.87, 19.1364490545, 1.00206841034, -2.28349736192, 0.014012470683
0.88, 19.1134784603, 1.00217500315, -2.31467801306, 0.00747731952042
0.89, 19.0901972485, 1.00218821764, -2.34563816732, -0.00131464717843
0.9, 19.0666072797, 1.0021773477, -2.37643623831, 0.00249152981995
0.91, 19.042708066, 1.00225482933, -2.40760619, 0.0128830214072
0.92, 19.0184957874, 1.00237342484, -2.43909440669, 0.0128981193633
0.93, 18.9939666833, 1.00245348426, -2.4707796017, 0.00443496569701
0.94, 18.9691217284, 1.00245349764, -2.50226995229, -0.000646528850533
0.95, 18.9439627688, 1.002471078, -2.53358884865, 0.00641534008707
0.96, 18.9184889403, 1.00257762599, -2.56533170794, 0.0141307409409
0.97, 18.8926972358, 1.00269769125, -2.5970440141, 0.00966078515769
0.98, 18.8665897923, 1.00273297827, -2.62850396059, 0.000436627229387
0.99, 18.8401671294, 1.00272723186, -2.6602350095, 0.0020004526787
1.0, 18.8134269811, 1.00279534777, -2.69186055894, 0.0120698286915
1.01, 18.7863705203, 1.00293153446, -2.72348675509, 0.014002047579
1.02, 18.7589983205, 1.00301675499, -2.75498450298, 0.00452555387847
1.03, 18.7313100785, 1.00301666135, -2.78681044327, -0.000516390550689
1.04, 18.7033019291, 1.00304097731, -2.81901491421, 0.0075637255749
1.05, 18.6749700467, 1.00315695638, -2.85158632874, 0.0107292043483
1.06, 18.6463167081, 1.00327855424, -2.88342076345, 0.0110795416742
1.07, 18.6173436689, 1.00333444199, -2.91540485947, 0.0026053314594
1.08, 18.5880480265, 1.00334196394, -2.94775239338, 0.00239984206173
1.09, 18.5584314155, 1.00340467437, -2.97954317865, 0.011104510958
1.1, 18.5284922399, 1.00353676541, -3.0122559994, 0.0144049048598
1.11, 18.4982276125, 1.00363752101, -3.0447019463, 0.0067888162752
1.12, 18.46763963, 1.00365834241, -3.076930743, 0.000990566942163
1.13, 18.4367288217, 1.0036854353, -3.10941654278, 0.00692237051202
1.14, 18.4054921584, 1.00379749445, -3.14194925834, 0.0149832713113
1.15, 18.3739315426, 1.00393320685, -3.17422240977, 0.0117809431903
1.16, 18.3420464326, 1.00399163696, -3.20691980518, 0.00263090760901
1.17, 18.3098341864, 1.00400123749, -3.23954185302, 0.0029308127692
1.18, 18.2772968756, 1.0040744108, -3.271949011, 0.0124907684955
1.19, 18.2444361486, 1.00422012792, -3.30420845323, 0.0155492469643
1.2, 18.211252846, 1.0043269666, -3.33663782999, 0.00697460394683
1.21, 18.1777451313, 1.0043480148, -3.36895217629, 0.00108996500161
1.22, 18.1439144798, 1.00438097905, -3.40121400471, 0.00796448509583
1.23, 18.1097601699, 1.00450675239, -3.43380495016, 0.0164304874444
1.24, 18.0752794953, 1.00465306723, -3.46635988379, 0.0124043993498
1.25, 18.0404723598, 1.00471305494, -3.49921045809, 0.0025602003512
1.26, 18.0053367493, 1.00472424308, -3.5319475631, 0.00345744869616
1.27, 17.9698753741, 1.00480827171, -3.56425502723, 0.013937884764
1.28, 17.9340949657, 1.00495442765, -3.59573285521, 0.0154674684079
1.29, 17.8980043357, 1.00507354263, -3.62632532806, 0.0089971631538
1.3, 17.8616122434, 1.00511527119, -3.65604956207, 0.00275357625945
1.31, 17.8249271738, 1.00515359661, -3.68494786395, 0.00757379391082
1.32, 17.7879572386, 1.00527122228, -3.71304889521, 0.015706750773
1.33, 17.7507103229, 1.0054203804, -3.74036541076, 0.013655423659
1.34, 17.7131942308, 1.00550058105, -3.76690426353, 0.00479907169315
1.35, 17.6754165942, 1.00552648534, -3.79269685124, 0.00400243159553
1.36, 17.6373847046, 1.00560545698, -3.81777965345, 0.0128749760317
1.37, 17.5991055607, 1.00575878915, -3.84216857976, 0.0167902178443
1.38, 17.5605860633, 1.00588420458, -3.86586769661, 0.00916878186683
1.39, 17.5218330457, 1.00592539528, -3.88889079339, 0.00270617968546
1.4, 17.4828530908, 1.00596754629, -3.91127697582, 0.00837771617786
1.41, 17.4436524514, 1.00609683565, -3.93304866332, 0.0169862436068
1.42, 17.4042372145, 1.00625550855, -3.95421238245, 0.0141926208725
1.43, 17.3646134504, 1.00633619059, -3.97476886729, 0.00457221729827
1.44, 17.3247871014, 1.00636141601, -3.99474711102, 0.00424344568553
1.45, 17.284763801, 1.00644825467, -4.0141794283, 0.0140289985446
1.46, 17.2445489355, 1.00661326459, -4.03307609832, 0.017749061335
1.47, 17.2041478536, 1.00674268808, -4.05143519222, 0.00910795836708
1.48, 17.1635658867, 1.00678117549, -4.06926683687, 0.00247699143372
1.49, 17.1228081435, 1.0068259547, -4.08660833394, 0.00910939892113
1.5, 17.0818791779, 1.00696153557, -4.10373236983, 0.0134234405939
1.51, 17.0407844644, 1.00712033854, -4.11987275523, 0.0154628238893
1.52, 16.9995279404, 1.00721923388, -4.13579862458, 0.00640005813909
1.53, 16.9581144843, 1.00725342573, -4.15127246142, 0.00417360970388
1.54, 16.9165484783, 1.00733085253, -4.16632474945, 0.0127446009129
1.55, 16.8748340744, 1.00748962067, -4.18096498718, 0.0179869687011
1.56, 16.8329753902, 1.00763252287, -4.1951900361, 0.0110854575314
1.57, 16.7909765683, 1.00768783163, -4.20900245718, 0.0034840993318
1.58, 16.7488415969, 1.00773035741, -4.22243371979, 0.00800394819114
1.59, 16.7065741987, 1.00785849942, -4.23550172208, 0.017353427719
1.6, 16.6641779782, 1.00802919483, -4.24820714108, 0.0159521639839
1.61, 16.6216565919, 1.00812757079, -4.26054243505, 0.00601234311787
1.62, 16.5790136604, 1.0081586522, -4.2725266063, 0.00412681398089
1.63, 16.5362525684, 1.00824124102, -4.28418827524, 0.0136763973041
1.64, 16.4933764916, 1.0083999296, -4.29553052912, 0.0165735367109
1.65, 16.4503886443, 1.00854644784, -4.30655257168, 0.012395524063
1.66, 16.4072922237, 1.00861841464, -4.31725276851, 0.00500381370432
1.67, 16.3640903408, 1.00866618172, -4.32765559144, 0.00758645599193
1.68, 16.3207858847, 1.008783178, -4.33777873829, 0.0160606580172
1.69, 16.2773816283, 1.00894876109, -4.34762284298, 0.016333348859
1.7, 16.2338803924, 1.00906065984, -4.35718014699, 0.00783694003412
1.71, 16.1902849977, 1.00910533213, -4.3664623102, 0.00472929920837
1.72, 16.1465980835, 1.00918243768, -4.37549490593, 0.0123810880828
1.73, 16.1028221026, 1.00933944793, -4.38428405008, 0.0181795305909
1.74, 16.0589595026, 1.00949080661, -4.392823378, 0.0123725460025
1.75, 16.0150128015, 1.00955919272, -4.40110936776, 0.00454457141684
1.76, 15.9709844274, 1.00960564963, -4.40916681261, 0.00784443110801
1.77, 15.9268765935, 1.00972965257, -4.41701097433, 0.0169850811097
1.78, 15.8826914204, 1.00990253853, -4.42463967467, 0.0167323438998
1.79, 15.8384311095, 1.01001322514, -4.4320419681, 0.00736875785572
1.8, 15.7940978794, 1.01005335027, -4.43922952615, 0.00448610784069
1.81, 15.7496937694, 1.01013334028, -4.44622744102, 0.0130874406273
1.82, 15.7052206438, 1.01029901901, -4.45303924868, 0.0189647361271
1.83, 15.6606803919, 1.01045329418, -4.45965543692, 0.0122022513056
1.84, 15.6160749992, 1.01051664393, -4.46607087201, 0.00396263128575
1.85, 15.5714063646, 1.01056114582, -4.47231142975, 0.00808589737646
1.86, 15.5266761739, 1.01069224754, -4.47839036203, 0.0179183960728
1.87, 15.4818860415, 1.01087207408, -4.48430300873, 0.0170506881638
1.88, 15.4370376926, 1.01098034145, -4.4900354834, 0.00676821749667
1.89, 15.3921328814, 1.01101498301, -4.49560021246, 0.00419463861749
1.9, 15.3471731795, 1.01109792907, -4.50102217843, 0.0138319782246
1.91, 15.3021599939, 1.01125927551, -4.50629995469, 0.0185458721674
1.92, 15.2570947976, 1.01142236989, -4.51142849508, 0.0138057131452
1.93, 15.2119791225, 1.01150032126, -4.51639780064, 0.00487042624457
1.94, 15.1668144737, 1.01154202703, -4.52122890663, 0.00690848201117
1.95, 15.121602161, 1.01165885291, -4.52593786373, 0.0167499573068
1.96, 15.0763434024, 1.01183830359, -4.53052086617, 0.0180176995591
1.97, 15.0310395186, 1.01196261431, -4.53496355594, 0.0084442179131
1.98, 14.9856918972, 1.01200468818, -4.53927141471, 0.00393894704916
1.99, 14.9403017807, 1.0120754102, -4.54346976097, 0.0121947577758
2.0, 14.8948702344, 1.01222953065, -4.54755920697, 0.0173187574172
2.01, 14.8493983826, 1.01239684846, -4.55153510461, 0.0151466126975
2.02, 14.8038874069, 1.0124904206, -4.55538512475, 0.00616012396614
2.03, 14.7583385035, 1.01253401664, -4.55912471157, 0.00612671017048
2.04, 14.7127526989, 1.01263703148, -4.56277175744, 0.015313210873
2.05, 14.6671309105, 1.01281133498, -4.56632407782, 0.018473157291
2.06, 14.6214741402, 1.01294938831, -4.56976814252, 0.0101968114292
2.07, 14.5757834827, 1.0130027248, -4.57310312166, 0.00420339987241
2.08, 14.5300599287, 1.0130645775, -4.57635318071, 0.0106261170071
2.09, 14.4843042953, 1.0132158626, -4.57952378836, 0.0189348461889
2.1, 14.4385174, 1.01338885179, -4.58260568412, 0.0151998816379
2.11, 14.3927001962, 1.01347816958, -4.5855854003, 0.00549412854896
2.12, 14.3468536387, 1.01351721628, -4.58847997841, 0.0060242261726
2.13, 14.3009785046, 1.01362472031, -4.59130683792, 0.0161201995605
2.14, 14.2550754709, 1.01379355788, -4.59405954332, 0.0178102770005
2.15, 14.2091453346, 1.01393769166, -4.59672963447, 0.0115711539183
2.16, 14.1631889382, 1.01400505195, -4.59931243832, 0.00520155866174
2.17, 14.117207071, 1.01406588743, -4.60182814628, 0.00962952042381
2.18, 14.0712003661, 1.01420325667, -4.6042843512, 0.0176516796692
2.19, 14.0251694343, 1.01437333698, -4.60667370411, 0.0158581524305
2.2, 13.9791150066, 1.01447664064, -4.60898291759, 0.00710017009792
2.21, 13.9330378433, 1.01452418105, -4.61122312558, 0.0059772321243
2.22, 13.8869385605, 1.01462110271, -4.61341201405, 0.0145433974397
2.23, 13.8408176658, 1.01479168987, -4.61554747306, 0.018595934742
2.24, 13.7946757451, 1.01493695258, -4.61761611444, 0.0112410901141
2.25, 13.7485134948, 1.01499867527, -4.61961364014, 0.00464165146084
2.26, 13.7023315376, 1.01505808099, -4.6215617578, 0.00991000970152
2.27, 13.6561303336, 1.01520197048, -4.62346695198, 0.0184377778337
2.28, 13.6099103345, 1.01537685068, -4.62532021834, 0.015946176043
2.29, 13.5636721299, 1.01547616269, -4.62710681525, 0.00642822892949
2.3, 13.5174163388, 1.015518413, -4.62883965904, 0.00575102990368
2.31, 13.4711434251, 1.01561849328, -4.6305365084, 0.0152380104566
2.32, 13.4248537464, 1.01579636066, -4.6321939141, 0.0191400960458
2.33, 13.3785477588, 1.01594163494, -4.63379649937, 0.0107924503437
2.34, 13.3322260385, 1.01599666682, -4.63534029866, 0.00400643295443
2.35, 13.2858890782, 1.01605448783, -4.6368488498, 0.0102193281792
2.36, 13.2395372005, 1.01620531626, -4.63832738501, 0.0192552788883
2.37, 13.193170744, 1.01637058344, -4.6397635007, 0.0162232907919
2.38, 13.146790179, 1.01648132961, -4.64114864186, 0.00793938802186
2.39, 13.1003959918, 1.01653329524, -4.64248926215, 0.00595792677215
2.4, 13.053988556, 1.01662498407, -4.64380248806, 0.0137690843384
2.41, 13.007568137, 1.01679021776, -4.64508733238, 0.0184475354852
2.42, 12.9611350692, 1.01693995987, -4.64633068725, 0.0120744413753
2.43, 12.9146898043, 1.01700962402, -4.64752612896, 0.00517067290593
2.44, 12.8682327454, 1.01706812162, -4.64869275752, 0.00933593339893
2.45, 12.8217641437, 1.0172045878, -4.64983807068, 0.0178003679209
2.46, 12.775284232, 1.01737885913, -4.65095395146, 0.0164123462046
2.47, 12.7287933764, 1.01748650085, -4.65202514255, 0.00733009952169
2.48, 12.682291992, 1.01753313512, -4.65306084205, 0.00567424929958
2.49, 12.6357803584, 1.01762714097, -4.65407921399, 0.0143828379499
2.5, 12.5892586477, 1.01779939895, -4.65507747766, 0.019019540037
2.51, 12.5427271163, 1.01794985785, -4.65604119631, 0.0117089046264
2.52, 12.4961861489, 1.01801322577, -4.65696377383, 0.00452346393652
2.53, 12.449636071, 1.01806941362, -4.65786667893, 0.00954115034825
2.54, 12.4030770472, 1.01821201359, -4.6587563553, 0.0185788880383
2.55, 12.356509881, 1.01839116025, -4.65943526197, 0.0165082030863
2.56, 12.3099377218, 1.01849461751, -4.65975686369, 0.00661132132817
2.57, 12.2633655244, 1.01853524829, -4.65931716517, 0.00536663605655
2.58, 12.2168032872, 1.0186317753, -4.65760868373, 0.01503557371
2.59, 12.1702709451, 1.01881124196, -4.65334852969, 0.019578319566
2.6, 12.1237899177, 1.01896169942, -4.6475459611, 0.0112177247936
2.61, 12.0773788065, 1.01901732215, -4.63894401943, 0.00372801893241
2.62, 12.0310692451, 1.01907023275, -4.62777962272, 0.00968466287895
2.63, 11.9848827897, 1.01921398129, -4.61408783092, 0.0146637271274
2.64, 11.938850346, 1.01937471994, -4.59758361335, 0.0168540779127
2.65, 11.8929893002, 1.01950229696, -4.57962035711, 0.00989553339078
2.66, 11.8473218658, 1.01956337939, -4.55860964156, 0.00559974863359
2.67, 11.8018747637, 1.01963731782, -4.53588660086, 0.0112298707632
2.68, 11.7566619307, 1.01978292855, -4.5118006431, 0.0174584183567
2.69, 11.7116987858, 1.01993893029, -4.48549317309, 0.0137310522659
2.7, 11.6670135465, 1.02002446709, -4.4568098282, 0.00603111125334
2.71, 11.6226224077, 1.02007465326, -4.42677169164, 0.0071293074606
2.72, 11.5785379561, 1.02018370114, -4.39553122815, 0.0152287388142
2.73, 11.5347761226, 1.02034728791, -4.36187817877, 0.016708090325
2.74, 11.491360696, 1.02046811055, -4.32665325779, 0.00883166642188
2.75, 11.4483072824, 1.0205175983, -4.28910532353, 0.00452488009725
2.76, 11.4056400256, 1.02058513378, -4.24991334975, 0.0109443428355
2.77, 11.3633707668, 1.0207299889, -4.20962077534, 0.0173553820717
2.78, 11.3215119625, 1.02088100411, -4.16735775261, 0.0128082408145
2.79, 11.2800872837, 1.02095365421, -4.12336405596, 0.0045775938332
2.8, 11.2391054973, 1.02099191308, -4.07874042555, 0.00626419164045
2.81, 11.1985800037, 1.02109683483, -4.0318364799, 0.0150615522976
2.82, 11.158531805, 1.02125739116, -3.98369566635, 0.0160898772488
2.83, 11.1189674142, 1.02136655666, -3.93502973574, 0.00725317188233
2.84, 11.0798974715, 1.02139964366, -3.88442311202, 0.00303127480618
2.85, 11.0413401261, 1.02145759688, -3.83294038514, 0.010421069824
2.86, 11.0033093531, 1.02159958929, -3.77891082968, 0.0170393180945
2.87, 10.9658261046, 1.02174257365, -3.72383614417, 0.0114956910908
2.88, 10.9288953891, 1.02179771579, -3.66837563007, 0.0026454206015
2.89, 10.8925219516, 1.02181992594, -3.61241739022, 0.00507046048348
2.9, 10.8567140207, 1.02191834182, -3.55484475911, 0.0147042645657
2.91, 10.8214883804, 1.02206028628, -3.49638333897, 0.0148456207496
2.92, 10.7868493268, 1.02216645668, -3.43754114636, 0.00742767457427
2.93, 10.7528083707, 1.02219805704, -3.3765452107, 0.00226163352467
2.94, 10.7193835954, 1.02223779884, -3.31470850867, 0.00785220844458
2.95, 10.6865778861, 1.02235363847, -3.25270095738, 0.0147851394763
2.96, 10.6543946786, 1.02248486319, -3.19027799628, 0.011191065884
2.97, 10.6228400939, 1.02254106697, -3.12649118255, 0.00264781753656
2.98, 10.5919306343, 1.02255368724, -3.06174049087, 0.0031748485101
2.99, 10.561670372, 1.0226257228, -2.99670486875, 0.0118257761213
3.0, 10.5320655127, 1.02275953723, -2.93071292075, 0.0139104898873
3.01, 10.5031278841, 1.02285057091, -2.86404078422, 0.00549705380113
3.02, 10.4748584638, 1.02286156273, -2.79724378669, 0.000288692626582
3.03, 10.4472566777, 1.02288670084, -2.73010270916, 0.00686517745308
3.04, 10.4203411296, 1.02299542372, -2.66220709913, 0.0140473100102
3.05, 10.3941024927, 1.02311418192, -2.59446005954, 0.00945433223591
3.06, 10.3685416212, 1.02314943477, -2.52666780514, 0.000463612185256
3.07, 10.3436589699, 1.02314407731, -2.45886829944, 0.00180616031715
3.08, 10.3194513456, 1.02320702758, -2.39153566398, 0.011146900873
3.09, 10.2959074227, 1.02331885811, -2.32500712312, 0.0123581935097
3.1, 10.2730180902, 1.02340491163, -2.25981667967, 0.00558210975304
3.11, 10.2507696178, 1.02341389321, -2.19659550991, -0.000548930866717
3.12, 10.2291442632, 1.02341884933, -2.13514610796, 0.00400863888159
3.13, 10.20812452, 1.02349836943, -2.07542486619, 0.0115757887167
3.14, 10.1876933687, 1.02360495805, -2.01737590377, 0.00925731732837
3.15, 10.1678344005, 1.02364242083, -1.96093754826, 0.000542050309353
3.16, 10.1485317098, 1.02362664847, -1.90607404819, -0.000269123759335
3.17, 10.1297697126, 1.02366117584, -1.85275620396, 0.00813310968396
3.18, 10.1115331769, 1.023764831, -1.80093703605, 0.0115872130228
3.19, 10.0938073939, 1.02383845948, -1.75055969863, 0.00397951647144
3.2, 10.0765781878, 1.02382941755, -1.70157851924, -0.00230711001437
3.21, 10.0598317192, 1.02382106764, -1.65397404158, 0.00312284187471
3.22, 10.043554395, 1.02389531492, -1.60771204585, 0.0111880159029
3.23, 10.027733013, 1.02399485833, -1.56274481474, 0.00817899597203
3.24, 10.0123548903, 1.02401689771, -1.51902027361, -0.00122944468158
3.25, 9.99740773622, 1.02398515974, -1.47651557049, -0.00152496743222
3.26, 9.98287946381, 1.02401254999, -1.43521199263, 0.00780541909896
3.27, 9.96875823887, 1.02411304909, -1.39507123298, 0.0110899028618
3.28, 9.95503266992, 1.02417631524, -1.35604433579, 0.00252426504852
3.29, 9.94169181069, 1.02415086203, -1.31809560434, -0.00386970361724
3.3, 9.92872494661, 1.02413183949, -1.28121674535, 0.00254296025357
3.31, 9.91612126748, 1.02419941384, -1.24562495071, 0.00656054320757
3.32, 9.90387126917, 1.02428654453, -1.21054687349, 0.00814299415837
3.33, 9.89196439478, 1.02431344833, -1.17667588853, -0.000711718737047
3.34, 9.88039138411, 1.02427827395, -1.14374618686, -0.00274581597724
3.35, 9.86914288934, 1.02428538947, -1.11174842241, 0.00548122215282
3.36, 9.85820972252, 1.02436888128, -1.0806541896, 0.0102176978516
3.37, 9.84758303507, 1.02443386888, -1.0504238648, 0.00330756981519
3.38, 9.83725436, 1.02441355492, -1.02102498041, -0.00396438015906
3.39, 9.82721542588, 1.02438212757, -0.992453581385, 0.000500772399986
3.4, 9.81745804445, 1.02443278892, -0.964693157303, 0.00932352801219
3.41, 9.80797424646, 1.02452139552, -0.937711813636, 0.00763168345839
3.42, 9.79875643459, 1.02453804961, -0.911470735126, -0.00203168812271
3.43, 9.78979728403, 1.02449063824, -0.885958096195, -0.00368283992603
3.44, 9.78108954279, 1.02449391809, -0.861171251654, 0.00551474705003
3.45, 9.77262605719, 1.02457862958, -0.837086428256, 0.0102072068799
3.46, 9.76439997093, 1.02463819624, -0.813668228364, 0.00231510858881
3.47, 9.75640476158, 1.02460528804, -0.790889921163, -0.00522097453885
3.48, 9.74863403484, 1.02456583305, -0.768755492407, 0.000176794127468
3.49, 9.741081415, 1.02461755689, -0.747252755242, 0.00960901206466
3.5, 9.73374071378, 1.0246919925, -0.726351608731, 0.00744412582883
3.51, 9.72660605665, 1.02471487073, -0.706024785518, -0.00108349269869
3.52, 9.71967177823, 1.02467122024, -0.686258860627, -0.00406626303853
3.53, 9.71293227753, 1.0246607079, -0.667055842727, 0.00356883018747
3.54, 9.70638199908, 1.02472857223, -0.648399055676, 0.00912702837991
3.55, 9.70001560892, 1.02478845285, -0.630259962482, 0.00314688330849
3.56, 9.69382806032, 1.02476506128, -0.612613828102, -0.00459727082204
3.57, 9.68781442475, 1.02472099558, -0.595464659518, -0.00119373293327
3.58, 9.68196976517, 1.02475419398, -0.57880710956, 0.00779783359615
3.59, 9.67628925519, 1.02483391477, -0.56261925139, 0.00729178515439
3.6, 9.67076834418, 1.0248499509, -0.546871008011, -0.00210100159379
3.61, 9.66540268447, 1.02479640362, -0.531555838294, -0.00482522785246
3.62, 9.66018793113, 1.02478366444, -0.516680475072, 0.00377148983213
3.63, 9.65511974523, 1.02485505554, -0.502230565077, 0.0093981289956
3.64, 9.65019398895, 1.02491268026, -0.488179545863, 0.00247034183022
3.65, 9.64540678772, 1.02487931861, -0.474505935687, -0.00565219146112
3.66, 9.64075434104, 1.02482868302, -0.461219594486, -0.00140048696719
3.67, 9.63623279528, 1.02486444551, -0.448317633628, 0.00827763664491
3.68, 9.63183839457, 1.02493248181, -0.43577792434, 0.0074032937597
3.69, 9.62756762058, 1.02495770419, -0.423579934847, -0.000891610249629
3.7, 9.62341711588, 1.02490972965, -0.411713405176, -0.00509447749216
3.71, 9.61938353688, 1.02488407675, -0.400187893203, 0.00191954285685
3.72, 9.61546350923, 1.0249402606, -0.388994710674, 0.00854536640861
3.73, 9.61165380015, 1.02500096292, -0.378112293081, 0.00358713225108
3.74, 9.60795141219, 1.02497939122, -0.367519310423, -0.00486955992674
3.75, 9.60435343051, 1.02492502364, -0.35722380942, -0.00272092622362
3.76, 9.60085687527, 1.02494308614, -0.347228558324, 0.00659970026323
3.77, 9.59745880081, 1.02501867142, -0.337518136648, 0.00751321411226
3.78, 9.59415647663, 1.02503948533, -0.328067457201, -0.00171185586239
3.79, 9.5909473445, 1.02498277574, -0.318871347176, -0.00579794482388
3.8, 9.58782881303, 1.02495535032, -0.309943082862, 0.00218834086249
3.81, 9.58479823255, 1.02501650352, -0.301274907503, 0.00902458209056
3.82, 9.58185308731, 1.02507737821, -0.292845961089, 0.00314834922537
3.83, 9.57899108826, 1.02504752369, -0.284636396495, -0.00582736763195
3.84, 9.57620999963, 1.02498695187, -0.276658946808, -0.00291529020542
3.85, 9.57350748722, 1.02500819003, -0.268917866683, 0.0072007755956
3.86, 9.57088124382, 1.02507382159, -0.261396098752, 0.00718758860486
3.87, 9.56832917042, 1.02510172074, -0.25407672968, -0.000445102924206
3.88, 9.56584928685, 1.02505470758, -0.246951244191, -0.00544727131498
3.89, 9.5634396068, 1.02501980018, -0.24003281766, 0.000677825964272
3.9, 9.56109807079, 1.02506526706, -0.233318214182, 0.00783897866441
3.91, 9.55882270604, 1.02512536381, -0.22679064544, 0.00398599516107
3.92, 9.5566117379, 1.02510827874, -0.220431185225, -0.00462539275393
3.93, 9.55446345851, 1.0250499867, -0.214248785068, -0.00363750773967
3.94, 9.55237606872, 1.02505625942, -0.208251314366, 0.00546322310563
3.95, 9.55034775509, 1.02512614039, -0.202427793901, 0.00750481414087
3.96, 9.54837687421, 1.02515148539, -0.196756985169, -0.00110197678942
3.97, 9.54646193616, 1.02509672123, -0.191233645858, -0.00611094105297
3.98, 9.54460140543, 1.02506007987, -0.185874066999, 0.000945186700227
3.99, 9.54279365275, 1.02511103099, -0.180675189096, 0.00842439465199
4.0, 9.54103713461, 1.02517289217, -0.175620213896, 0.00372687922387
4.01, 9.53933050607, 1.0251489516, -0.170690632654, -0.00549233329162
4.02, 9.53767246932, 1.02508468684, -0.165899201176, -0.00385013082802
4.03, 9.53606160897, 1.0250940909, -0.161254844956, 0.00609575219091
4.04, 9.53449648707, 1.02516930008, -0.156746619596, 0.007756074647
4.05, 9.53297584125, 1.02519146495, -0.152352700722, -0.00183621771845
4.06, 9.53149855499, 1.0251284371, -0.148070243722, -0.00678741399423
4.07, 9.53006344011, 1.02509052565, -0.143918412051, 0.00129716595689
4.08, 9.52866919393, 1.02513753663, -0.139891588458, 0.00680025607938
4.09, 9.52731463312, 1.02520138322, -0.135978771594, 0.00485842640032
4.1, 9.52599870054, 1.02519076004, -0.132160412117, -0.00444590139948
4.11, 9.5247204228, 1.02512597234, -0.128445389234, -0.00485907394498
4.12, 9.52347871573, 1.02511960785, -0.124846597076, 0.00449247553888
4.13, 9.52227243775, 1.02518816117, -0.121356240335, 0.00806598969238
4.14, 9.52110058842, 1.02522240796, -0.117954904475, -0.000268202694811
4.15, 9.51996232387, 1.02516861263, -0.114635137843, -0.0067297734869
4.16, 9.51885675322, 1.02511995146, -0.111416329215, -0.000434347078497
4.17, 9.5177828585, 1.02516269937, -0.108299482464, 0.00828280177164
4.18, 9.51673966804, 1.02523099222, -0.105270403338, 0.00478725628512
4.19, 9.51572640068, 1.02521463898, -0.102309575532, -0.00527726256011
4.2, 9.51474233252, 1.02514352499, -0.0994290546688, -0.0051366657289
4.21, 9.51378660602, 1.02514011091, -0.0966426809321, 0.0051702949806
4.22, 9.51285830637, 1.02520098022, -0.0939397108902, 0.00807183036982
4.23, 9.51195666454, 1.02524556975, -0.091307670661, 0.00125558865066
4.24, 9.51108103037, 1.02520234779, -0.0887343190142, -0.00642685100284
4.25, 9.51023074614, 1.02514518167, -0.0862378749029, -0.0020269971065
4.26, 9.50940501818, 1.02517292819, -0.0838236627768, 0.00730605129004
4.27, 9.5086030592, 1.02524357122, -0.0814801111672, 0.00596123440913
4.28, 9.5078242571, 1.02524213346, -0.0791874262769, -0.00399988630346
4.29, 9.5070680845, 1.02517256482, -0.0769525200099, -0.00600598987039
4.3, 9.50633389479, 1.02515342265, -0.0747927336082, 0.00347008502747
4.31, 9.50562094858, 1.0252076171, -0.0727002316588, 0.00753053972834
4.32, 9.50492863615, 1.0252592372, -0.0706641044674, 0.00268341865632
4.33, 9.50425645653, 1.02522918419, -0.068670034066, -0.00563168294463
4.34, 9.50360393161, 1.02516824439, -0.0667331431621, -0.00330144192961
4.35, 9.50297045035, 1.02518042941, -0.0648626649149, 0.00597925968705
4.36, 9.50235537258, 1.02524883894, -0.0630496088444, 0.00673371227249
4.37, 9.50175820949, 1.02526171703, -0.0612752906495, -0.00246657819461
4.38, 9.50117857901, 1.02519850242, -0.0595411635684, -0.00634746137603
4.39, 9.50061600351, 1.02516617242, -0.0578662482435, 0.00171636851053
4.4, 9.50006989026, 1.02522182843, -0.0562484273944, 0.0084009218899
4.41, 9.49953950109, 1.02527569004, -0.0547375210248, 0.002425755722
4.42, 9.4990236526, 1.02523921822, -0.0533313339427, -0.0063994839192
4.43, 9.49852102544, 1.02517399966, -0.052105713939, -0.00330701588091
4.44, 9.49802960523, 1.02519113643, -0.0511157596903, 0.00674464657509
4.45, 9.49754559332, 1.02525103594, -0.0506229286988, 0.00655182855282
4.46, 9.49706472978, 1.02527258466, -0.0504426615572, -0.00102899079469
4.47, 9.49658442924, 1.02522085846, -0.0506005761417, -0.00581701630153
4.48, 9.49609792701, 1.02518270028, -0.0516545140293, 0.000354873713583
4.49, 9.49559805976, 1.02522403585, -0.0531868738938, 0.00735048849627
4.5, 9.49508025084, 1.02527862315, -0.0553476331531, 0.00343263139447
4.51, 9.4945361128, 1.0252567608, -0.0584468129547, -0.00500649033623
4.52, 9.49395698316, 1.02519566566, -0.0622054915659, -0.003848784711
4.53, 9.49333578504, 1.02519956269, -0.0671053818214, 0.00518091759745
4.54, 9.49265996427, 1.02526559537, -0.0728660688361, 0.00706456308738
4.55, 9.4919227323, 1.02528657745, -0.0795053033873, -0.00147624565786
4.56, 9.49111326124, 1.0252292741, -0.0873039664028, -0.00624993626775
4.57, 9.49022125106, 1.02519175578, -0.0958406835632, 0.000872796707346
4.58, 9.48923889267, 1.02524108003, -0.105441682584, 0.00819181412769
4.59, 9.48815725905, 1.02529995263, -0.115579611708, 0.00343302239575
4.6, 9.48696936758, 1.02527389887, -0.126970600458, -0.00559186478993
4.61, 9.48566154697, 1.02520976418, -0.139233339225, -0.00374944764932
4.62, 9.48422886169, 1.02522002197, -0.151923383331, 0.0061525187521
4.63, 9.48266590967, 1.0252947641, -0.165416357287, 0.00765825103026
4.64, 9.48096438459, 1.02531590594, -0.179464503968, -0.00187435938505
4.65, 9.47912083415, 1.02525372771, -0.193811013179, -0.00657312716428
4.66, 9.47713174774, 1.02521862742, -0.208536393828, 0.00161306559587
4.67, 9.47499206931, 1.02527345519, -0.224268213114, 0.00447705643137
4.68, 9.47269525161, 1.02532993404, -0.239926202239, 0.00442186076467
4.69, 9.47023620145, 1.02531996476, -0.256536960675, -0.00386490209597
4.7, 9.46760626433, 1.02526509812, -0.274077099842, -0.00369958743882
4.71, 9.46479776203, 1.02526685436, -0.292085399695, 0.00489907785461
4.72, 9.46180500631, 1.02533435378, -0.311202149829, 0.00771832034647
4.73, 9.45861570602, 1.02536720514, -0.331034876704, -7.44069789386e-06
4.74, 9.45522579761, 1.02532211281, -0.351458095123, -0.00542011243177
4.75, 9.45162943107, 1.02528679982, -0.372194335658, 0.000727144272683
4.76, 9.4478247788, 1.02533541963, -0.393098011215, 0.00843360099948
4.77, 9.44380688548, 1.02540321056, -0.415088332755, 0.00483426802557
4.78, 9.43956582719, 1.02539273514, -0.437465218584, -0.00413882097384
4.79, 9.43509967241, 1.02533717596, -0.460058459898, -0.00341745597986
4.8, 9.43040309357, 1.02534712671, -0.483773796853, 0.00607779528951
4.81, 9.42546658441, 1.02542611629, -0.507987157117, 0.008642142274
4.82, 9.42028419881, 1.02546262899, -0.532743013217, -6.94878860987e-05
4.83, 9.41485378662, 1.02541540825, -0.557565210943, -0.00552418990465
4.84, 9.40917365675, 1.0253841947, -0.58302709336, 0.00160863738218
4.85, 9.40323329669, 1.02544477264, -0.609239653072, 0.00969060285397
4.86, 9.39703108944, 1.02552107475, -0.635404917036, 0.00524889630268
4.87, 9.39056614914, 1.02551026847, -0.661939596594, -0.00436675802406
4.88, 9.38383406215, 1.02545502611, -0.688676050998, -0.00299770786467
4.89, 9.37683324087, 1.02547462588, -0.715831835971, 0.00738558988654
4.9, 9.36955655593, 1.02556591491, -0.743769583345, 0.00960475889488
4.91, 9.36199990031, 1.0256062649, -0.771723838466, -0.000114491488258
4.92, 9.35416416162, 1.02555743703, -0.799586371738, -0.00554712450031
4.93, 9.34604967641, 1.02553152466, -0.827449407736, 0.00263201661354
4.94, 9.33765511858, 1.02559480803, -0.855728087997, 0.00871271820727
4.95, 9.32897539842, 1.02568032124, -0.884510142614, 0.00714517239075
4.96, 9.32000641796, 1.02569049976, -0.91341883927, -0.00257239905433
4.97, 9.31074821808, 1.02564164219, -0.942529628621, -0.00335948731713
4.98, 9.30119656271, 1.0256517458, -0.971923051248, 0.00641769256867
4.99, 9.29135155392, 1.02574324668, -1.00120488043, 0.0106521355257
5.0, 9.28121386794, 1.02580343871, -1.0304287254, 0.00224110160241
5.01, 9.27078163299, 1.02577128265, -1.06040556482, -0.00479911054044
5.02, 9.26004663124, 1.02574103007, -1.09068981901, 0.00152565839953
5.03, 9.24900920086, 1.0258022094, -1.12110495671, 0.00615584880215
5.04, 9.23767211434, 1.02589173516, -1.15095920232, 0.00874844940459
5.05, 9.22602588393, 1.02592312714, -1.18229191488, -0.000470004078174
5.06, 9.21406759417, 1.02588567397, -1.21341305299, -0.00319095314917
5.07, 9.20179673784, 1.02588893932, -1.24491568847, 0.00542751970513
5.08, 9.18921070716, 1.02597751431, -1.27635339525, 0.0112523298521
5.09, 9.17631182616, 1.02605473284, -1.30763730858, 0.00456222882971
5.1, 9.16309681663, 1.02604251564, -1.33940148362, -0.00349046806708
5.11, 9.14956363494, 1.0260129748, -1.37143072599, 0.000728817265087
5.12, 9.13570950853, 1.02607009726, -1.40345369047, 0.0105102750534
5.13, 9.1215351931, 1.02617549089, -1.4354256299, 0.00963691851413
5.14, 9.10704017185, 1.02621020183, -1.46770918548, -0.000485486876511
5.15, 9.09222223392, 1.02617311782, -1.49990660412, -0.00289560461417
5.16, 9.07708289964, 1.02618514305, -1.53217811742, 0.00675419213086
5.17, 9.06161827494, 1.02627781219, -1.56474262851, 0.0102621544223
5.18, 9.04582910583, 1.02636323738, -1.59709600769, 0.00634239181299
5.19, 9.02971645876, 1.02637211, -1.62961279062, -0.00154939696746
5.2, 9.01327757383, 1.02635177917, -1.66218284484, 0.000703364349793
5.21, 8.99651364502, 1.02640190989, -1.69460792423, 0.00966872710358
5.22, 8.97942699502, 1.02650711513, -1.72676207458, 0.0105395655711
5.23, 8.96201807448, 1.02656045646, -1.75919057953, 0.00182671032222
5.24, 8.9442838274, 1.02654144248, -1.7916648604, -0.00186446382168
5.25, 8.92622585933, 1.02655232991, -1.8239436488, 0.00591178524412
5.26, 8.90784467325, 1.02664841711, -1.85646367639, 0.0124352961014
5.27, 8.88913734356, 1.02674413852, -1.88901507172, 0.0068479523563
5.28, 8.87010454267, 1.02675432308, -1.92172490306, -0.00154886150298
5.29, 8.85074487966, 1.02673718924, -1.95422570838, 0.00142886840909
5.3, 8.83105565288, 1.02679944681, -1.98756711847, 0.0111423111932
5.31, 8.81103478829, 1.02691766305, -2.0206194773, 0.0115173541237
5.32, 8.7906845904, 1.02697532342, -2.05343622345, 0.00189017729614
5.33, 8.7700048488, 1.0269567717, -2.08661525, -0.0016210624598
5.34, 8.74899291961, 1.02697550001, -2.11975376367, 0.00713800045185
5.35, 8.72764915805, 1.02708586668, -2.1531293491, 0.0138194476472
5.36, 8.70597269418, 1.02719056422, -2.18616642231, 0.00727587303747
5.37, 8.68396330051, 1.02720130019, -2.21951335215, -0.0015985940029
5.38, 8.66162246685, 1.02718738595, -2.25281068348, 0.00219231065071
5.39, 8.63894777279, 1.02726228913, -2.28613450426, 0.0126697493447
5.4, 8.61593944601, 1.02737888019, -2.31968153958, 0.0120334837417
5.41, 8.59259488702, 1.02745259805, -2.35322613177, 0.00409771991432
5.42, 8.56891564704, 1.02745341755, -2.38659370621, -0.000303959801458
5.43, 8.54490439939, 1.02747387286, -2.41966758903, 0.00649894500118
5.44, 8.52056197907, 1.02757682471, -2.45297688151, 0.0134393430313
5.45, 8.49588550716, 1.02768907727, -2.48631402407, 0.00898143642361
5.46, 8.4708763344, 1.02772180369, -2.51970099769, 0.000558171027434
5.47, 8.44553316432, 1.0277196564, -2.552787008, 0.00238909343421
5.48, 8.41985997933, 1.0277881286, -2.58597156132, 0.0117298903392
5.49, 8.39385457441, 1.0279173507, -2.61910663693, 0.0131613217406
5.5, 8.36751771314, 1.02799665379, -2.65242146052, 0.00427316513159
5.51, 8.34084642294, 1.02799849043, -2.68580753923, -6.08377668433e-05
5.52, 8.31384038281, 1.02802635171, -2.71949219885, 0.00766709979617
5.53, 8.28649610843, 1.0281433647, -2.75350273681, 0.0148439889029
5.54, 8.25881098446, 1.02826536881, -2.78750498672, 0.00952179707345
5.55, 8.23078464662, 1.02829958713, -2.82183082084, 0.000559305670525
5.56, 8.20241535834, 1.02830042906, -2.85600382984, 0.00308166643579
5.57, 8.17370322797, 1.02838088261, -2.89048109066, 0.0132229301985
5.58, 8.14464555106, 1.02852366681, -2.92513873085, 0.0142109580617
5.59, 8.11524138739, 1.02860778238, -2.9596375027, 0.00435479656591
5.6, 8.0854922954, 1.02860993558, -2.99430376479, 0.000155417999418
5.61, 8.05539637945, 1.02864560419, -3.02878679655, 0.0089215461098
5.62, 8.02495863064, 1.02876691766, -3.06266238441, 0.0139587405108
5.63, 7.99418440328, 1.02889883738, -3.09619502672, 0.0114874700927
5.64, 7.96307736374, 1.02895523945, -3.12908745713, 0.0025191264893
5.65, 7.93164627764, 1.02896454202, -3.16098627015, 0.0029341176093
5.66, 7.89990152748, 1.02903721534, -3.19185442168, 0.0123676045729
5.67, 7.86785393752, 1.02918070793, -3.22152542841, 0.0152637428818
5.68, 7.83551557785, 1.02928486442, -3.2501016205, 0.00675511219646
5.69, 7.80289642419, 1.02930479729, -3.27771160617, 0.00105250686547
5.7, 7.77000590826, 1.02933755944, -3.30440472378, 0.00790803727676
5.71, 7.73685295731, 1.02946167347, -3.33022401475, 0.0161605543357
5.72, 7.70344645186, 1.02960468502, -3.35514566529, 0.0120571963367
5.73, 7.66979512359, 1.02966204012, -3.37920789881, 0.00237478035036
5.74, 7.63590781166, 1.02967219841, -3.40234206977, 0.00337403598255
5.75, 7.60179364779, 1.02975472313, -3.42463938473, 0.0136854310453
5.76, 7.56746052103, 1.02989731313, -3.44615812958, 0.0150256315466
5.77, 7.5329163358, 1.03001203334, -3.46683805155, 0.00859217211494
5.78, 7.49816963333, 1.030050871, -3.48671847018, 0.00254091882129
5.79, 7.46322772149, 1.03008734395, -3.5059018028, 0.00735075202759
5.8, 7.42809778304, 1.03020155517, -3.52431469882, 0.0152441444431
5.81, 7.39278760697, 1.03034530889, -3.54200062414, 0.013083787284
5.82, 7.35730437248, 1.03042065634, -3.55891444745, 0.00439882339124
5.83, 7.32165576988, 1.03044357094, -3.57512898894, 0.0037378827848
5.84, 7.28584858926, 1.0305192789, -3.59062381651, 0.0124442834329
5.85, 7.24989010755, 1.03066695656, -3.60544779105, 0.0161272147007
5.86, 7.21378652372, 1.0307858563, -3.6196623166, 0.00856492657701
5.87, 7.17754372628, 1.03082233918, -3.63327331704, 0.00232461659606
5.88, 7.1411687445, 1.03086093758, -3.64616901959, 0.00797801676632
5.89, 7.10466764512, 1.03098487373, -3.65851873021, 0.0163192555457
5.9, 7.06804584664, 1.03113609432, -3.67032665476, 0.0134242004927
5.91, 7.03130919667, 1.03121012753, -3.68147261698, 0.00400766324311
5.92, 6.9944644686, 1.03123078568, -3.69199820986, 0.00382113822515
5.93, 6.95751771307, 1.03131266874, -3.70187706825, 0.0134205851882
5.94, 6.92047551714, 1.03147019779, -3.71115019352, 0.0169051839451
5.95, 6.88334335799, 1.03159140843, -3.71988941812, 0.00834665344208
5.96, 6.84612683745, 1.03162372434, -3.72801538892, 0.00195472899554
5.97, 6.80883198119, 1.0316635033, -3.73561734052, 0.00855980482391
5.98, 6.77146377462, 1.03179694016, -3.74268069547, 0.0173696010961
5.99, 6.7340273826, 1.03195489847, -3.74928715862, 0.0136473548103
6.0, 6.69652782472, 1.03202615186, -3.75538810226, 0.00346886988002
6.01, 6.65896916231, 1.03204356069, -3.76105904989, 0.00385756131519
6.02, 6.62135619086, 1.03213164522, -3.76631059145, 0.0144216706757
6.03, 6.58369292288, 1.03228454324, -3.7711086693, 0.0172099344012
6.04, 6.5459836426, 1.03241913133, -3.77554753989, 0.0101726648791
6.05, 6.50823169567, 1.03246511948, -3.77965399247, 0.00256738618616
6.06, 6.4704405715, 1.03249952377, -3.78336850245, 0.00727514461455
6.07, 6.43261417518, 1.03262101181, -3.78675659654, 0.0166907150549
6.08, 6.39475530324, 1.03278430162, -3.78987240344, 0.0151169960181
6.09, 6.35686735809, 1.03287350392, -3.79251935953, 0.00505180435039
6.1, 6.31895511765, 1.03289558091, -3.79480902161, 0.00329939486948
6.11, 6.2810215317, 1.03297104813, -3.79677475904, 0.0130267230862
6.12, 6.24306987339, 1.03312035318, -3.79846617533, 0.0169628242717
6.13, 6.20510273837, 1.03326488266, -3.79984770707, 0.0118891346595
6.14, 6.16712387211, 1.03332705385, -3.80078580649, 0.00367259884317
6.15, 6.12913744579, 1.03336091169, -3.80143558457, 0.00632546884572
6.16, 6.09114591646, 1.03347004348, -3.80179783497, 0.0156728356887
6.17, 6.05315180261, 1.0336340899, -3.80197694423, 0.0161793845014
6.18, 6.01515709321, 1.03374056864, -3.80188890283, 0.00688731032225
6.19, 5.9771650434, 1.03377219513, -3.8014655841, 0.00328650024125
6.2, 5.93917819924, 1.0338378059, -3.80088095739, 0.0116005590688
6.21, 5.90119823449, 1.03399180732, -3.80006870236, 0.0181456781864
6.22, 5.86322741044, 1.03414160194, -3.79908286884, 0.0119277682546
6.23, 5.82526814939, 1.03420042964, -3.79767845116, 0.00322319717149
6.24, 5.78732761006, 1.03423337955, -3.79526789419, 0.0066652824702
6.25, 5.74941735874, 1.03435090609, -3.79147935104, 0.0167705099551
6.26, 5.71155442362, 1.03450974782, -3.78578020896, 0.0169659452636
6.27, 5.67375639806, 1.03463203612, -3.77876165379, 0.00871324728407
6.28, 5.63603674956, 1.03467471614, -3.76981066163, 0.00349894039014
6.29, 5.59841687658, 1.03473203466, -3.75914827096, 0.0102041252546
6.3, 5.5609132148, 1.03487599298, -3.74627545424, 0.0178510667736
6.31, 5.5235494543, 1.03503467442, -3.73158139613, 0.0135901876561
6.32, 5.48634131901, 1.03510991689, -3.71475713334, 0.00436902616565
6.33, 5.44931615015, 1.035142198, -3.69504262581, 0.00561054121368
6.34, 5.41250321997, 1.03524518774, -3.67234086075, 0.0154398140838
6.35, 5.37593317468, 1.03540168287, -3.64649446008, 0.0170452524219
6.36, 5.3396347613, 1.03553447163, -3.61858080105, 0.0102179780123
6.37, 5.30361857947, 1.03558807672, -3.58970828662, 0.00384264566254
