timestamp, prius1 x posi, prius1 y posi, prius1 x vel, prius1 y vel.
0.0, 0.0, 0.0, 0.0, 0.0
0.01, 30.047617502, -1.00006732774, -0.116523573925, -0.00228861089765
0.02, 30.0464165953, -1.00012029645, -0.128883594712, -0.00736417611262
0.03, 30.0450888668, -1.00015868792, -0.14175638543, -0.000784761665592
0.04, 30.0436304265, -1.00011241896, -0.15500240564, 0.00666145853145
0.05, 30.0420381787, -1.00005179856, -0.168527269809, 0.00253380154932
0.06, 30.0403066783, -1.00007213282, -0.182935467025, -0.00640670440588
0.0700000000001, 30.0384281052, -1.00013382289, -0.19780838885, -0.00514978079302
0.08, 30.0363988371, -1.00012642704, -0.213029769334, 0.00443133275648
0.09, 30.0342144877, -1.00005296182, -0.228969436811, 0.00645325643216
0.1, 30.0318676864, -1.00002693001, -0.245367072766, -0.00255864859691
0.11, 30.0293557456, -1.00008351112, -0.26199651913, -0.00759797418659
0.12, 30.0266761666, -1.00011908619, -0.278878634891, -5.61373976891e-05
0.13, 30.0238266313, -1.00006272499, -0.295986006253, 0.00769410611268
0.14, 30.0208047231, -0.999995952588, -0.313332210163, 0.00270408535281
0.15, 30.0176081847, -1.00001872842, -0.330899248342, -0.00682388609821
0.16, 30.0142329291, -1.00008165913, -0.349186346019, -0.00488106797861
0.17, 30.0106723616, -1.00006622363, -0.367832849055, 0.00555336462242
0.18, 30.0069244619, -0.99999667284, -0.386650266184, 0.00638992669925
0.19, 30.002985475, -0.999959407484, -0.406157516781, -0.000746404806902
0.2, 29.9988492924, -0.999999307551, -0.425967177045, -0.00646647374557
0.21, 29.9945141466, -1.00003492819, -0.445940521294, -0.000911866520803
0.22, 29.9899784509, -0.999989313389, -0.466068259261, 0.0068837323839
0.23, 29.9852386936, -0.999919709914, -0.486855720533, 0.00395203752889
0.24, 29.9802889789, -0.999923945406, -0.507928620085, -0.00490756922221
0.25, 29.9751280265, -0.999976680451, -0.529105380525, -0.00481388212792
0.26, 29.969755196, -0.999969643749, -0.550328988882, 0.00433171455462
0.27, 29.9641690073, -0.999892068866, -0.571738060548, 0.00741910406654
0.28, 29.9583682316, -0.999850704579, -0.593243076642, -0.000772110837702
0.29, 29.9523519886, -0.999892598566, -0.614834880104, -0.00660323678432
0.3, 29.9461173055, -0.999924827899, -0.637041580589, -0.000127338257173
0.31, 29.9396585152, -0.99986802971, -0.659517753734, 0.00808426951366
0.32, 29.932974551, -0.999790081464, -0.682069705709, 0.00436067210084
0.33, 29.9260627321, -0.999794835838, -0.705201073244, -0.00518895609556
0.34, 29.9189178733, -0.999848163584, -0.728551823742, -0.00451761146951
0.35, 29.9115387647, -0.999832701401, -0.752013495583, 0.00552425750135
0.36, 29.9039231018, -0.999743524548, -0.775998903655, 0.00834089773708
0.37, 29.8960659318, -0.999698535367, -0.800183098418, -0.000847954161499
0.38, 29.8879668819, -0.999742689329, -0.824380578286, -0.00673494989737
0.39, 29.8796256124, -0.999770949055, -0.848617782511, 0.000751453931903
0.4, 29.871039834, -0.999710186801, -0.873146506659, 0.00596828629938
0.41, 29.8622047057, -0.999627223517, -0.898356510953, 0.00595464943538
0.42, 29.8531199831, -0.999612053455, -0.923314374043, -0.00333135201866
0.43, 29.8437857562, -0.999657290499, -0.94826379054, -0.00470212285942
0.44, 29.8342014246, -0.999651088171, -0.973290447089, 0.00441232733714
0.45, 29.8243672978, -0.999564802051, -0.9982606698, 0.00900036744102
0.46, 29.8142834751, -0.999502794855, -1.02322805036, 0.00137188092728
0.47, 29.8039471666, -0.999529593594, -1.04880877098, -0.00579215342756
0.48, 29.7933540548, -0.999560609264, -1.07449521941, -0.000312931213971
0.49, 29.782504482, -0.999501337898, -1.10012841948, 0.00894614610358
0.5, 29.7713965734, -0.999406164972, -1.12626891432, 0.0066039426865
0.51, 29.7600259501, -0.9993899111, -1.15254446067, -0.00353707524256
0.52, 29.7483928271, -0.99943586015, -1.17877630853, -0.00445942044379
0.53, 29.7364969471, -0.999421310844, -1.20505139639, 0.00566773990185
0.54, 29.7243383969, -0.999334078742, -1.231302306, 0.00844305511638
0.55, 29.7119182184, -0.999262905652, -1.25743049685, 0.00314677782424
0.56, 29.6992371022, -0.999270176298, -1.28349935609, -0.00412266876938
0.57, 29.6862920888, -0.999295227251, -1.31022652813, -0.000650507384708
0.58, 29.6730789975, -0.999244869433, -1.33702591217, 0.00802973127123
0.59, 29.6595991588, -0.999149692485, -1.36364581709, 0.00755799230326
0.6, 29.6458518467, -0.999115029204, -1.39066383419, -0.00133892063507
0.61, 29.6318326983, -0.999145350277, -1.4178603052, -0.00374869018488
0.62, 29.6175413639, -0.999134831862, -1.44507238385, 0.00461794575604
0.63, 29.6029781292, -0.999043133944, -1.47223654096, 0.0100127850213
0.64, 29.5881406701, -0.998964447882, -1.49996199554, 0.00343629406433
0.65, 29.5730257366, -0.998971780236, -1.52767405399, -0.00419612119103
0.66, 29.5576345992, -0.998993930773, -1.55523854752, 4.81089257564e-05
0.67, 29.5419665404, -0.998932223195, -1.58319620324, 0.00937213486051
0.68, 29.5260167501, -0.998825882023, -1.61139162158, 0.00832149099537
0.69, 29.5097867827, -0.998788831241, -1.63928364273, -0.00143565363076
0.7, 29.4932765395, -0.998819554747, -1.66736229348, -0.00354243336383
0.71, 29.4764844477, -0.998801424762, -1.69581237747, 0.00580235406106
0.72, 29.4594067115, -0.99869654986, -1.72435668396, 0.0112209809746
0.73, 29.4420434678, -0.998611006644, -1.75287045096, 0.00364736295102
0.74, 29.4243941939, -0.998619278536, -1.78172631222, -0.00433064735743
0.75, 29.4064550049, -0.998638408366, -1.81069741713, 0.000815993196968
0.76, 29.3882266954, -0.99856443626, -1.83955863229, 0.0107964950022
0.77, 29.3697100003, -0.998461508962, -1.86835000429, 0.00897352021055
0.78, 29.3509044909, -0.998408017422, -1.89748144036, 0.000701416761903
0.79, 29.3318062434, -0.998421618396, -1.92673245191, -0.00254222724187
0.8, 29.3124160673, -0.998404644452, -1.95587072733, 0.00495677871021
0.81, 29.2927352913, -0.998307607554, -1.98487226482, 0.0109218503428
0.82, 29.2727653502, -0.998213408597, -2.01372645299, 0.00542563282696
0.83, 29.252507496, -0.998200551676, -2.04246261111, -0.00239885423576
0.84, 29.2319596939, -0.998211058248, -2.07174687489, 0.000692569020122
0.85, 29.2111186099, -0.998145339505, -2.10103186347, 0.00982295971404
0.86, 29.1899857785, -0.99802882616, -2.13013793247, 0.00988762677497
0.87, 29.1685593449, -0.997971643593, -2.15978003116, 0.000716782302411
0.88, 29.1468368351, -0.997985081748, -2.18932066503, -0.0023265995362
0.89, 29.1248193973, -0.997960737889, -2.21875786855, 0.0061092462367
0.9, 29.1025082654, -0.997850439383, -2.24806803532, 0.012185004488
0.91, 29.079901472, -0.997748323159, -2.27791434446, 0.00576968084571
0.92, 29.0569960196, -0.997735429749, -2.30772235151, -0.00248763860626
0.93, 29.0337937804, -0.997743169147, -2.33732364242, 0.00139273129675
0.94, 29.0102929229, -0.99766573149, -2.36746828668, 0.0112307986709
0.95, 28.9864908864, -0.997537248003, -2.3975153471, 0.0107316040381
0.96, 28.962389141, -0.997477146193, -2.42741519013, 0.000646323285749
0.97, 28.9379891968, -0.997490974203, -2.45716647894, -0.00212774081336
0.98, 28.9132912692, -0.997458885973, -2.487171946, 0.00733466072958
0.99, 28.8882912956, -0.99734701187, -2.51738223902, 0.0117731235927
1.0, 28.8629900962, -0.997233686891, -2.54743299271, 0.00776003714891
1.01, 28.8373871339, -0.997199926749, -2.5778536135, -0.000778595404938
1.02, 28.8114792753, -0.997202194192, -2.608291541, 0.000972779623592
1.03, 28.7852682285, -0.997133772967, -2.63852189189, 0.0103950746786
1.04, 28.7587544969, -0.997003384272, -2.66875335866, 0.0119339404975
1.05, 28.7319377512, -0.996922811745, -2.69928424741, 0.00297469609651
1.06, 28.704815047, -0.996920951283, -2.72982547388, -0.0014943915517
1.07, 28.6773877103, -0.996893641078, -2.7602161052, 0.00625908994769
1.08, 28.649654242, -0.996776264043, -2.79109508102, 0.0135461481422
1.09, 28.6216121213, -0.99665311787, -2.82188338851, 0.00825418657396
1.1, 28.5932630123, -0.996618441319, -2.8525014486, -0.000844166583425
1.11, 28.5646083947, -0.996618341286, -2.88319776202, 0.00160537444043
1.12, 28.5356446613, -0.996538542009, -2.91413130281, 0.0118201660872
1.13, 28.5063718673, -0.996395285375, -2.9449800863, 0.0129119316593
1.14, 28.4767914626, -0.996310574917, -2.97565910733, 0.00298717411414
1.15, 28.4469028524, -0.996309127833, -3.00672204467, -0.00136331942448
1.16, 28.4167038246, -0.996274915358, -3.03767371707, 0.00742010007076
1.17, 28.3861953975, -0.996151639136, -3.06831253956, 0.0115310198254
1.18, 28.3553787273, -0.996022954266, -3.0995303345, 0.00988421300892
1.19, 28.324249767, -0.995967522547, -3.13079301162, 0.00115876067204
1.2, 28.2928092848, -0.995957119893, -3.16185801172, 0.00168719971941
1.21, 28.2610583993, -0.995884165692, -3.1928324687, 0.0108979605328
1.22, 28.2289970625, -0.995742814768, -3.22410215006, 0.0136084635418
1.23, 28.1966224209, -0.99564078966, -3.25536748263, 0.00526706304484
1.24, 28.1639359585, -0.995620465482, -3.28646624592, -0.000189614017491
1.25, 28.1309377372, -0.995586379838, -3.31786320325, 0.00660533842042
1.26, 28.0976245821, -0.995463013783, -3.34930684962, 0.0145967121897
1.27, 28.0639978731, -0.995322067235, -3.38057501478, 0.0105165156286
1.28, 28.0300571219, -0.995265010857, -3.41221312854, 0.00109097338548
1.29, 27.9958002627, -0.995252971475, -3.44372953044, 0.00221702749784
1.3, 27.9612285965, -0.995169202073, -3.47514612027, 0.0123304834782
1.31, 27.9263436022, -0.995014060319, -3.50639459826, 0.0147278565811
1.32, 27.8911438764, -0.994906676375, -3.53812054924, 0.00535422545635
1.33, 27.8556275444, -0.99488689566, -3.56968550883, -0.000131511336571
1.34, 27.8197972305, -0.994846755723, -3.60088428707, 0.00770446313273
1.35, 27.7836582959, -0.99471742496, -3.63109090228, 0.0126412994352
1.36, 27.7472191535, -0.994570021171, -3.66095031817, 0.0122431644229
1.37, 27.7104882362, -0.99449165833, -3.68972265122, 0.00310488632323
1.38, 27.6734738182, -0.994469854542, -3.71768033973, 0.00220508616462
1.39, 27.6361838049, -0.994393876181, -3.74486337932, 0.011342197836
1.4, 27.5986257845, -0.994240686597, -3.7712981393, 0.0154706145287
1.41, 27.5608072364, -0.994115446844, -3.79698935806, 0.00767029602037
1.42, 27.5227355626, -0.994077233104, -3.8219503896, 0.000930736584353
1.43, 27.4844179028, -0.994038849603, -3.84621043335, 0.00672131681775
1.44, 27.4458610336, -0.993910659015, -3.86980675738, 0.0156405778292
1.45, 27.407071557, -0.993751262096, -3.89274678344, 0.0128653068497
1.46, 27.3680560465, -0.993671900118, -3.91503542808, 0.00291991635814
1.47, 27.3288209447, -0.993650441272, -3.93669012506, 0.00249154113486
1.48, 27.2893723591, -0.993566059452, -3.95774801941, 0.012568749765
1.49, 27.2497161295, -0.993412674125, -3.97822721729, 0.0148155247822
1.5, 27.209858075, -0.993279342189, -3.99813123499, 0.00935504183516
1.51, 27.1698039201, -0.993222282333, -4.01746841812, 0.0025478821172
1.52, 27.1295592175, -0.993178522078, -4.03626050393, 0.00631880182971
1.53, 27.0891292196, -0.99306015346, -4.05453894947, 0.0146154033297
1.54, 27.0485190197, -0.992902120009, -4.07231150808, 0.0136705181789
1.55, 27.0077337005, -0.99280591329, -4.08957918531, 0.00496782850222
1.56, 26.9667782704, -0.992770233504, -4.10635398222, 0.00307332926557
1.57, 26.9256574778, -0.99269122751, -4.12266498006, 0.0113776898308
1.58, 26.8843758332, -0.992535141936, -4.13853207447, 0.0161869703919
1.59, 26.8429378073, -0.992396463474, -4.15395254645, 0.00942131219844
1.6, 26.8013478783, -0.99234156626, -4.16893076479, 0.00229188225606
1.61, 26.7596103638, -0.992296573306, -4.18348588873, 0.00685466696053
1.62, 26.7177293021, -0.992168890911, -4.19764747202, 0.0157167761226
1.63, 26.6757086148, -0.99200253105, -4.21141801102, 0.0141335602239
1.64, 26.6335522595, -0.991906801568, -4.22479463944, 0.00461438760172
1.65, 26.5912641503, -0.991873778794, -4.23778648565, 0.00307641896301
1.66, 26.5488479541, -0.991789376416, -4.25042170677, 0.0123140443386
1.67, 26.5063071281, -0.991623131054, -4.26271660037, 0.0170582093455
1.68, 26.4636451342, -0.991481069352, -4.27466379999, 0.00930092240133
1.69, 26.4208654783, -0.991430119248, -4.28626488898, 0.00188385766091
1.7, 26.3779715204, -0.991384811783, -4.29753761345, 0.00734493097933
1.71, 26.3349663544, -0.991248073626, -4.30851033764, 0.0167850498012
1.72, 26.2918529938, -0.991074208978, -4.31918069278, 0.0144674809111
1.73, 26.2486345281, -0.990980568409, -4.32954283966, 0.00409277374015
1.74, 26.2053140253, -0.990951450809, -4.3396038174, 0.00300062307568
1.75, 26.1618943115, -0.990861953533, -4.34939166334, 0.0132427942611
1.76, 26.1183780296, -0.990699924146, -4.35891713183, 0.0170607087298
1.77, 26.0747678708, -0.99054625839, -4.36817475106, 0.0110749894596
1.78, 26.0310665485, -0.990480669311, -4.37716232967, 0.00268929962792
1.79, 25.9872767009, -0.990439220661, -4.38589218404, 0.00612603553233
1.8, 25.9434007236, -0.990315552042, -4.39439125047, 0.0158723399064
1.81, 25.8994409161, -0.990139000125, -4.40265985687, 0.0157190947706
1.82, 25.855399661, -0.990027997859, -4.41068892751, 0.00576182760467
1.83, 25.8112793659, -0.989992641433, -4.41848156508, 0.00259841162845
1.84, 25.7670822438, -0.989915670488, -4.42606080478, 0.0117149934319
1.85, 25.7228103113, -0.989759193323, -4.43344079319, 0.0163845478721
1.86, 25.6784656387, -0.989598290718, -4.44061491228, 0.0126248623194
1.87, 25.6340503264, -0.989516624035, -4.44757835136, 0.00389991149819
1.88, 25.5895664501, -0.989474612423, -4.45433902061, 0.00523465625177
1.89, 25.5450158738, -0.98936438569, -4.46092109808, 0.0146135974125
1.9, 25.5004003491, -0.989190280742, -4.46732856677, 0.016466150459
1.91, 25.4557217042, -0.989063783416, -4.47355045714, 0.00756176339167
1.92, 25.410981827, -0.98901816322, -4.47958670116, 0.00269516036557
1.93, 25.3661824598, -0.988951034309, -4.48545507319, 0.0101625964818
1.94, 25.3213251488, -0.988793904582, -4.49117427413, 0.0176673661789
1.95, 25.2764114498, -0.988628005968, -4.49673393979, 0.0126281927166
1.96, 25.2314430309, -0.988550654514, -4.50212719822, 0.00328638229906
1.97, 25.1864215278, -0.988511917479, -4.50736115664, 0.00530263832918
1.98, 25.1413483594, -0.988395740357, -4.5124609691, 0.0155194409676
1.99, 25.0962248531, -0.98822778635, -4.51742538612, 0.0161534672479
2.0, 25.0510524458, -0.988092892175, -4.52224686242, 0.00908088290084
2.01, 25.0058325963, -0.988033373897, -4.52692312446, 0.00357261253106
2.02, 24.9605666771, -0.98796869683, -4.53146725557, 0.00906831984326
2.03, 24.9152558818, -0.987825001336, -4.53589731104, 0.0165631323926
2.04, 24.8699013928, -0.987659561343, -4.54020589955, 0.0135307336631
2.05, 24.8245044979, -0.987567076929, -4.54438499095, 0.0048803584812
2.06, 24.7790664859, -0.987521170074, -4.54843851536, 0.00508030988003
2.07, 24.7335884688, -0.987416417375, -4.55238731953, 0.0139801919645
2.08, 24.6880714521, -0.987244088534, -4.55623608538, 0.0168078661856
2.09, 24.6425165248, -0.987108727567, -4.55997206247, 0.00870805838879
2.1, 24.5969248622, -0.98705457748, -4.56359228625, 0.00310158732541
2.11, 24.5512975347, -0.986990015642, -4.56711040571, 0.00948746110292
2.12, 24.5056354329, -0.986838997488, -4.57054455425, 0.0173667947869
2.13, 24.4599394555, -0.986669209675, -4.57388449165, 0.0135461124262
2.14, 24.4142106268, -0.986581084311, -4.57712110772, 0.00422471928107
2.15, 24.3684499747, -0.986539539345, -4.58025802065, 0.00499436952331
2.16, 24.3226583403, -0.986430363171, -4.58331737816, 0.0147610487485
2.17, 24.2768364687, -0.986250710158, -4.5863020072, 0.0172955331549
2.18, 24.2309852102, -0.98611606534, -4.58919698542, 0.00820586243946
2.19, 24.1851055137, -0.986068360656, -4.59199877609, 0.0025591411693
2.2, 24.1391982142, -0.986004031159, -4.59472207345, 0.00993599070823
2.21, 24.0932639633, -0.985845343825, -4.59738511196, 0.0181866334618
2.22, 24.0473034539, -0.985685220659, -4.59997243621, 0.0140576914678
2.23, 24.0013174894, -0.98558439477, -4.60248071148, 0.00574883944713
2.24, 23.9553068754, -0.985534311545, -4.60491006642, 0.0050221371197
2.25, 23.9092722771, -0.98543471814, -4.60727837244, 0.0132741427382
2.26, 23.8632142562, -0.985266427157, -4.60959113893, 0.016825984786
2.27, 23.8171334546, -0.985125210516, -4.61183529854, 0.00963289442959
2.28, 23.7710306151, -0.985063014943, -4.61400608739, 0.00359111872566
2.29, 23.7249064064, -0.984999768471, -4.61611394323, 0.00890487323954
2.3, 23.6787613313, -0.984855481531, -4.61817625003, 0.0168628963725
2.31, 23.6325958939, -0.984684743541, -4.62018407329, 0.0141576920484
2.32, 23.586410727, -0.984587581964, -4.62212662503, 0.00513065542721
2.33, 23.5402064912, -0.984542147938, -4.6240055009, 0.00485545895917
2.34, 23.4939836866, -0.984439102891, -4.62584006235, 0.0139681662906
2.35, 23.4477427144, -0.98426376962, -4.62763464756, 0.0173389900064
2.36, 23.4014840748, -0.984122656177, -4.62937421376, 0.00919754024118
2.37, 23.3552083794, -0.984066732664, -4.63105346438, 0.00301174613734
2.38, 23.3089161557, -0.984004629277, -4.6326840763, 0.00923772983923
2.39, 23.2626077583, -0.983853523717, -4.63428394667, 0.0176436602751
2.4, 23.2162835584, -0.983678558972, -4.63584175694, 0.0141569472138
2.41, 23.1699440727, -0.983586210357, -4.63734585037, 0.00440243268761
2.42, 23.1235898444, -0.983546031293, -4.63879795345, 0.00467857703765
2.43, 23.0772212419, -0.983439204534, -4.64021946259, 0.0147137671571
2.44, 23.0308385438, -0.983270526051, -4.64161052686, 0.0170464091953
2.45, 22.9844421517, -0.983120736701, -4.64296011911, 0.0107108637208
2.46, 22.9380325358, -0.983051917066, -4.64426137371, 0.00371051149723
2.47, 22.8916101342, -0.982994400794, -4.64552214834, 0.00793816856893
2.48, 22.8451752199, -0.982857887478, -4.64676064147, 0.0165077441958
2.49, 22.7987280514, -0.982682995239, -4.64796948986, 0.0151181576163
2.5, 22.7522690202, -0.982575558523, -4.64913608804, 0.00591450255274
2.51, 22.7057985737, -0.982529925781, -4.65025988488, 0.00423721781982
2.52, 22.6593170162, -0.982436321657, -4.6513584622, 0.013059616166
2.53, 22.6128245376, -0.982263410769, -4.65243900047, 0.017758607685
2.54, 22.566321418, -0.982112525044, -4.65348590001, 0.0103635578822
2.55, 22.519808067, -0.982049868681, -4.65449193548, 0.00307313030175
2.56, 22.4732848394, -0.981994507477, -4.65546588881, 0.00816475539815
2.57, 22.4267519134, -0.981851617787, -4.65642724654, 0.0173107991158
2.58, 22.3802094654, -0.981671648041, -4.65736640025, 0.015228098937
2.59, 22.3336578212, -0.981568349166, -4.65826982623, 0.00519328341326
2.6, 22.2870973624, -0.981528710283, -4.65913699318, 0.00393747619295
2.61, 22.240528311, -0.981432391467, -4.65998760028, 0.0137417241246
2.62, 22.1939507752, -0.981263930738, -4.66082558481, 0.0166852276152
2.63, 22.1473649936, -0.981109302851, -4.66163840963, 0.0115827486418
2.64, 22.100771274, -0.981032854018, -4.66241839083, 0.00415600887328
2.65, 22.054169916, -0.980977308012, -4.66317115973, 0.00726891288824
2.66, 22.0075610614, -0.980848540856, -4.66391466593, 0.0158985537098
2.67, 21.9609448228, -0.980673570405, -4.66464380815, 0.0156628364686
2.68, 21.9143214418, -0.980557527315, -4.66534505531, 0.00678908204481
2.69, 21.867691233, -0.980508398762, -4.66601620472, 0.00404302776948
2.7, 21.8210543882, -0.980421735586, -4.66667287221, 0.0121682237617
2.71, 21.7744109763, -0.98025410546, -4.66732436557, 0.0177164938317
2.72, 21.7277611426, -0.980097318787, -4.66795554472, 0.0113197475604
2.73, 21.6811051685, -0.980026695088, -4.66855800795, 0.00349770232898
2.74, 21.6344433053, -0.979974083515, -4.66913826749, 0.00738995866868
2.75, 21.5877756334, -0.979839690736, -4.669715757, 0.0166722858248
2.76, 21.5411022135, -0.979659249629, -4.67028338142, 0.0158550468875
2.77, 21.4944232506, -0.979546604495, -4.67082661917, 0.00610919299199
2.78, 21.4477390244, -0.97950377656, -4.671343386, 0.00365773850043
2.79, 21.4010496753, -0.979415406825, -4.67185123865, 0.0127652998283
2.8, 21.3543552185, -0.979240442134, -4.67235892515, 0.0183430665718
2.81, 21.3076557618, -0.979082612765, -4.67284939685, 0.0109513163991
2.82, 21.2609515599, -0.979018843392, -4.6733142626, 0.00275936985248
2.83, 21.2142428263, -0.978969360661, -4.67376077625, 0.00754055466299
2.84, 21.1675295899, -0.978828811475, -4.67421002991, 0.0174957092117
2.85, 21.1208118833, -0.978656481713, -4.67465032836, 0.0165788422972
2.86, 21.0740898669, -0.97853000604, -4.67507301041, 0.00760939390226
2.87, 21.0273637739, -0.978480682348, -4.67547252519, 0.00337481839701
2.88, 20.9806337392, -0.978404563278, -4.67586287448, 0.0111156084414
2.89, 20.9338997545, -0.978240590846, -4.67625690332, 0.0180531983748
2.9, 20.8871618734, -0.978074127924, -4.67663949368, 0.0125266346703
2.91, 20.8404203, -0.977996304617, -4.6770003517, 0.0035823810614
2.92, 20.7936752356, -0.977950886207, -4.67734348127, 0.00621392319763
2.93, 20.7469267052, -0.977826001348, -4.67768996277, 0.0162150565812
2.94, 20.7001746895, -0.97764116235, -4.67803523537, 0.0169266628093
2.95, 20.653419314, -0.977517050759, -4.67836297511, 0.00696760574956
2.96, 20.606660805, -0.977474546519, -4.67866941167, 0.00288130661363
2.97, 20.5598992649, -0.977397690904, -4.67897022545, 0.0116580373918
2.98, 20.5131346463, -0.977237960263, -4.6792762016, 0.0171304010879
2.99, 20.4663670018, -0.977065691766, -4.67957531214, 0.0139331066961
3.0, 20.4195964772, -0.976973652495, -4.6798558609, 0.00456857303163
3.01, 20.3728232634, -0.97693008881, -4.6801195318, 0.005083898142
3.02, 20.3260473902, -0.976820551339, -4.68038559744, 0.0148113932489
3.03, 20.2792688095, -0.976639166944, -4.68065525454, 0.0175889321362
3.04, 20.2324875986, -0.976500674304, -4.68091147808, 0.00861776587704
3.05, 20.1857039574, -0.976449845985, -4.68114822957, 0.00275768530983
3.06, 20.1389188502, -0.976384853595, -4.68116115231, 0.00993599115234
3.07, 20.0921345679, -0.976233685289, -4.68076112925, 0.0150084501138
3.08, 20.0453526706, -0.9760605933, -4.68069719742, 0.0150351300628
3.09, 19.9985749257, -0.97595381844, -4.68014879886, 0.00589856420055
3.1, 19.9518037101, -0.975907333907, -4.67942707946, 0.00440056806477
3.11, 19.9050404684, -0.975811913805, -4.67856771491, 0.0132183032428
3.12, 19.8582863551, -0.975638408107, -4.67759909274, 0.0177322744449
3.13, 19.8115427636, -0.975488322542, -4.67642833504, 0.0102808183735
3.14, 19.7648119618, -0.975425716211, -4.67508215329, 0.00315141832849
3.15, 19.7180952178, -0.975368841907, -4.67362379987, 0.00834643658698
3.16, 19.6713941036, -0.975224709192, -4.67194486827, 0.0173614414371
3.17, 19.6247099585, -0.975045236938, -4.67026470162, 0.0151200367798
3.18, 19.5780434697, -0.974942861176, -4.66838272106, 0.00515410817752
3.19, 19.5313967298, -0.974902596993, -4.66630241991, 0.00407527313166
3.2, 19.4847717547, -0.974804814606, -4.66407306264, 0.0138571783762
3.21, 19.4381689512, -0.974636249846, -4.66188245414, 0.0166071381582
3.22, 19.3915883008, -0.974483020484, -4.6596278182, 0.0114377592889
3.23, 19.3450310008, -0.974407198289, -4.65718690907, 0.00418414323853
3.24, 19.2984993011, -0.974350573327, -4.65451841683, 0.00740998195129
3.25, 19.251994898, -0.974221069825, -4.65175334004, 0.0158881119445
3.26, 19.2055185363, -0.974047367219, -4.64891450626, 0.0154695059035
3.27, 19.1590709782, -0.973933104447, -4.64599811635, 0.00666849309193
3.28, 19.1126533057, -0.973884075383, -4.64291316982, 0.00411736496115
3.29, 19.0662673051, -0.973796566712, -4.63965708119, 0.0122191936313
3.3, 19.019914671, -0.973629628354, -4.63628255837, 0.017549584542
3.31, 18.9735959636, -0.973475141598, -4.63286438022, 0.0110867592775
3.32, 18.927311699, -0.973405956071, -4.62939589809, 0.00345072231663
3.33, 18.8810631554, -0.973352992557, -4.62572584209, 0.00745692763587
3.34, 18.834851531, -0.973218692326, -4.62201778054, 0.016571037606
3.35, 18.788677152, -0.973040488672, -4.61827321045, 0.0155633972784
3.36, 18.7425405241, -0.972930529825, -4.61442843227, 0.00590702597466
3.37, 18.6964434226, -0.97288853828, -4.61042927614, 0.00366206819446
3.38, 18.650386369, -0.97280010833, -4.60641220489, 0.012727498748
3.39, 18.6043696763, -0.972626868142, -4.6023609986, 0.0180625296032
3.4, 18.5583942132, -0.97247246619, -4.59815125337, 0.010612725195
3.41, 18.5124612825, -0.972411055233, -4.59387920513, 0.00263119800352
3.42, 18.4665710622, -0.972362015562, -4.58960064999, 0.00752562813918
3.43, 18.4207241638, -0.972222531847, -4.58519205314, 0.0172842232941
3.44, 18.3749217759, -0.972053580538, -4.5807240198, 0.0161637147455
3.45, 18.3291642981, -0.971930985489, -4.57621838818, 0.00729828405037
3.46, 18.2834526097, -0.971883432711, -4.57155909899, 0.00329646157273
3.47, 18.2377876724, -0.971808077233, -4.5668786799, 0.0109900914375
3.48, 18.1921695187, -0.971646873218, -4.56219723512, 0.017654954323
3.49, 18.1465983039, -0.971485094389, -4.55749303679, 0.0120620655189
3.5, 18.1010746493, -0.971410769517, -4.55266249883, 0.00335316261684
3.51, 18.055599854, -0.971366716253, -4.54776313362, 0.0061091204031
3.52, 18.0101745621, -0.971243902004, -4.54274441744, 0.0158908728922
3.53, 17.9647995451, -0.971063771258, -4.53766960671, 0.01637939304
3.54, 17.9194761351, -0.97094475718, -4.53247771435, 0.00654650184539
3.55, 17.8742047736, -0.970905013528, -4.52726896142, 0.00270847979887
3.56, 17.8289854868, -0.970829961746, -4.52206340229, 0.0114174295581
3.57, 17.7838186853, -0.970670333625, -4.51650545355, 0.0149442626489
3.58, 17.738705106, -0.97051113484, -4.51142845852, 0.0128371567527
3.59, 17.6936447759, -0.970424457505, -4.50610181587, 0.00455314116114
3.6, 17.6486381873, -0.970377512631, -4.50066233924, 0.00549158645564
3.61, 17.6036862215, -0.970268570185, -4.4952019314, 0.014241320293
3.62, 17.558788872, -0.970098262948, -4.48974285574, 0.0162339477391
3.63, 17.5139461064, -0.969970567144, -4.48428484547, 0.00797045423684
3.64, 17.4691582279, -0.969919991282, -4.47873594917, 0.00312672902699
3.65, 17.4244261672, -0.969852212593, -4.47315317806, 0.00990394520232
3.66, 17.3797497863, -0.969700154635, -4.46759429353, 0.0171069545217
3.67, 17.3351293505, -0.969537348431, -4.46193744084, 0.0126205087827
3.68, 17.2905658092, -0.969457053839, -4.45624616987, 0.00372913699507
3.69, 17.2460592424, -0.969415791882, -4.45055249856, 0.00528881757491
3.7, 17.2016098404, -0.969303824842, -4.44478206007, 0.0148485175999
3.71, 17.1572183944, -0.9691283736, -4.43898928973, 0.0164756387137
3.72, 17.1128843299, -0.969003783862, -4.43331091089, 0.00725132211476
3.73, 17.068607652, -0.968961332619, -4.42752109232, 0.00245259702124
3.74, 17.0243887997, -0.968895008391, -4.42169468331, 0.0102174819226
3.75, 16.9802285882, -0.968737109514, -4.41582789419, 0.0177013569829
3.76, 16.9361269358, -0.968572850419, -4.40997882245, 0.0122998465014
3.77, 16.892084247, -0.968500036405, -4.40402077828, 0.00281158161377
3.78, 16.8481020306, -0.968464810419, -4.39790095843, 0.00510173609027
3.79, 16.8041825402, -0.96834934473, -4.3914025376, 0.0155066824215
3.8, 16.7603299174, -0.968183051747, -4.3846074411, 0.0165930677393
3.81, 16.7165477486, -0.968048214046, -4.37727829265, 0.00865857204784
3.82, 16.6728402092, -0.967997406456, -4.36971368955, 0.00249040730821
3.83, 16.6292093796, -0.967941593919, -4.36194549452, 0.00851563688076
3.84, 16.5856595535, -0.967798594278, -4.35338284241, 0.016807142608
3.85, 16.5421980216, -0.967631463886, -4.34444174992, 0.0134538491463
3.86, 16.4988257588, -0.967545350921, -4.33553409279, 0.00382666285137
3.87, 16.4555459806, -0.967511484482, -4.32591403965, 0.00397716502797
3.88, 16.4123640173, -0.967412995804, -4.3160495351, 0.0137968506414
3.89, 16.3692810783, -0.967239825675, -4.30608825518, 0.0169239778544
3.9, 16.3262987992, -0.967107678646, -4.29594664862, 0.00793574993491
3.91, 16.2834210921, -0.967065835194, -4.2850443076, 0.00167687217968
3.92, 16.2406546441, -0.9670130752, -4.27383566085, 0.00868174327851
3.93, 16.1980008003, -0.966873062405, -4.26227706663, 0.0140851595641
3.94, 16.1554619746, -0.966707953586, -4.25076631992, 0.0142992272797
3.95, 16.1130422986, -0.966609762987, -4.23878121137, 0.00488961884537
3.96, 16.0707431598, -0.966575610433, -4.22667534109, 0.00303644245509
3.97, 16.028565707, -0.966493718249, -4.21445963787, 0.0119660733976
3.98, 15.9865115858, -0.966330752156, -4.20191656688, 0.0168351410591
3.99, 15.944584382, -0.966189460743, -4.18918110121, 0.00933998047504
4.0, 15.9027854042, -0.966138598138, -4.17620500587, 0.00178726264732
4.01, 15.8611183862, -0.966096682293, -4.16283581711, 0.00683658077449
4.02, 15.8195849687, -0.965966080203, -4.14954214681, 0.0161892185195
4.03, 15.7781835803, -0.965810230455, -4.1364111186, 0.0147333210456
4.04, 15.7369131537, -0.965701082043, -4.12329123811, 0.00611751537861
4.05, 15.6957741061, -0.965662874166, -4.11019918974, 0.0025287219111
4.06, 15.6547656835, -0.965595513917, -4.09713993411, 0.0100721504683
4.07, 15.6138872465, -0.965446365823, -4.08424163963, 0.0162337480756
4.08, 15.5731371687, -0.965299711626, -4.0714408332, 0.0105916958674
4.09, 15.5325142261, -0.965237728026, -4.05882643143, 0.00234620767285
4.1, 15.4920164216, -0.965202275987, -4.04641224819, 0.00527775928238
4.11, 15.4516423021, -0.965089918933, -4.03407485983, 0.0146188306493
4.12, 15.4113905532, -0.964924965217, -4.02193602156, 0.014750395469
4.13, 15.3712593602, -0.964821122565, -4.00996837156, 0.00521670462693
4.14, 15.3312473225, -0.964792009497, -3.99802975079, 0.00181939920413
4.15, 15.2913542744, -0.964726304481, -3.98626424551, 0.0103429543376
4.16, 15.2515781816, -0.964572564296, -3.97459501922, 0.0166312049105
4.17, 15.2119179609, -0.964426828624, -3.96309306438, 0.0100321507058
4.18, 15.1723719537, -0.964374001581, -3.9517081435, 0.00133278432544
4.19, 15.1329397586, -0.964344865075, -3.94038421287, 0.00508925647216
4.2, 15.0936197421, -0.964229470131, -3.92925571856, 0.0151681722077
4.21, 15.0544102359, -0.964075488095, -3.91823243185, 0.0146327403579
4.22, 15.0153107734, -0.963963589074, -3.90728679652, 0.0064497195969
4.23, 14.9763200272, -0.96392688213, -3.89649025367, 0.00185197678434
4.24, 14.9374365643, -0.963871495967, -3.88583635888, 0.00864340858423
4.25, 14.8986591886, -0.963733421781, -3.87523994427, 0.0155861054379
4.26, 14.8599871859, -0.96358677917, -3.86477223586, 0.0109828787427
4.27, 14.8214192062, -0.963521904052, -3.85443738153, 0.00230294259845
4.28, 14.7829543595, -0.963493737883, -3.84412608336, 0.00403750213805
4.29, 14.7445925083, -0.963395011781, -3.83383055499, 0.0134220614605
4.3, 14.7063331311, -0.963235409474, -3.82364899396, 0.0147940765615
4.31, 14.6681750107, -0.963127547645, -3.81358471368, 0.00564878522081
4.32, 14.6301169685, -0.963099606852, -3.80359393512, 0.00112103543305
4.33, 14.5921583832, -0.96304631415, -3.79374945967, 0.00887969993286
4.34, 14.5542968126, -0.962903367279, -3.78417586221, 0.0160707289151
4.35, 14.5165297234, -0.962756346919, -3.77483772206, 0.0105631312461
4.36, 14.4788549295, -0.962699742333, -3.76571994621, 0.00132030297635
4.37, 14.4412701382, -0.962678200075, -3.75683467569, 0.00378864121869
4.38, 14.4037730745, -0.962576699044, -3.74816471558, 0.0139973234511
4.39, 14.366361531, -0.962427075615, -3.73972021188, 0.0148266488335
4.4, 14.3290333302, -0.962309710098, -3.73148921575, 0.00699046169871
4.41, 14.2917864615, -0.962273893634, -3.72345473748, 0.00111987081162
4.42, 14.2546189506, -0.962231442764, -3.71560983222, 0.00714223507575
4.43, 14.2175290761, -0.962103782823, -3.70790888435, 0.015130835669
4.44, 14.1805155695, -0.961954302489, -3.70033453817, 0.0116801709428
4.45, 14.1435777538, -0.961884548841, -3.69274110142, 0.00233474572944
4.46, 14.1067156951, -0.961864232943, -3.6852126807, 0.00267640352666
4.47, 14.0699281756, -0.961779638698, -3.67782120712, 0.0122843440149
4.48, 14.0332141724, -0.961623165008, -3.67051377894, 0.0151624693331
4.49, 13.9965729065, -0.961508200457, -3.66325060342, 0.00631158903877
4.5, 13.9600039719, -0.96148081673, -3.65606991556, 0.000355288222172
4.51, 13.9235062535, -0.961440981049, -3.64900643569, 0.00734606661887
4.52, 13.8870789522, -0.961307930849, -3.64195107267, 0.0157420893574
4.53, 13.8507218322, -0.961169837981, -3.63500008572, 0.0120127031974
4.54, 13.8144334898, -0.961089377013, -3.62819392399, 0.00363823060729
4.55, 13.7782126356, -0.961062879279, -3.62149717567, 0.00246384422252
4.56, 13.7420580512, -0.960990074097, -3.61494249316, 0.0105966224138
4.57, 13.7059685069, -0.960846735678, -3.60846316937, 0.0145262063963
4.58, 13.6699436997, -0.960726947571, -3.60200177122, 0.00754713376627
4.59, 13.6339829168, -0.960687217307, -3.59563277998, 0.00115694624721
4.6, 13.5980877834, -0.960650731339, -3.58892665985, 0.00609971348806
4.61, 13.5622591517, -0.960533947905, -3.58230150809, 0.0142533935422
4.62, 13.5264969859, -0.960386939846, -3.57560690498, 0.0119551596885
4.63, 13.4908019586, -0.960311845943, -3.56890459155, 0.00283172879871
4.64, 13.4551738222, -0.960292094912, -3.56223379373, 0.00207512164886
4.65, 13.4196122262, -0.960218002628, -3.55560066998, 0.0110877552671
4.66, 13.3841163218, -0.960069385413, -3.54904181506, 0.0148813101485
4.67, 13.348686819, -0.959951235927, -3.54236209981, 0.00695139925554
4.68, 13.3133239768, -0.959919618575, -3.53571223611, 0.000372431463203
4.69, 13.278027883, -0.959886438854, -3.52899143341, 0.00621614847574
4.7, 13.2427989724, -0.95976478343, -3.52229460989, 0.0148610900191
4.71, 13.2076368369, -0.959615067204, -3.51563486011, 0.0118107448466
4.72, 13.1725415528, -0.959546366332, -3.50890087034, 0.00192480995705
4.73, 13.1375137937, -0.95953391607, -3.50216247541, 0.00167821274983
4.74, 13.102553204, -0.959458148582, -3.49546834984, 0.0116394839871
4.75, 13.0676593123, -0.959317728692, -3.48881837168, 0.0144497964946
4.76, 13.0328320939, -0.959192412246, -3.48210524788, 0.00829561048451
4.77, 12.9980721584, -0.959149874021, -3.47539038281, 0.000854492841797
4.78, 12.9633791741, -0.959123437403, -3.46871583586, 0.00471347072232
4.79, 12.9287533008, -0.959018089074, -3.46195799475, 0.0135782723501
4.8, 12.894195243, -0.958869806305, -3.455132607, 0.0126327557348
4.81, 12.8597055793, -0.958787671552, -3.44830692616, 0.00324587395598
4.82, 12.825284147, -0.958771867436, -3.44150079581, 0.00102149577974
4.83, 12.790930826, -0.958711273963, -3.43465071839, 0.00981423669836
4.84, 12.7566460507, -0.958568155378, -3.42781603612, 0.0150275636566
4.85, 12.7224292356, -0.958443057508, -3.42104469382, 0.00780527178819
4.86, 12.6882805255, -0.95840844237, -3.41418262279, 1.49769357766e-05
4.87, 12.6542005631, -0.958386281481, -3.40732521458, 0.00473127273468
4.88, 12.6201888432, -0.95827635763, -3.40052794486, 0.0142272661923
4.89, 12.5862451482, -0.958138660668, -3.39368405759, 0.0125356280201
4.9, 12.5523701173, -0.95804792493, -3.38682926947, 0.0045804546858
4.91, 12.5185634782, -0.958022931198, -3.38001005347, 0.00124770160646
4.92, 12.4848249082, -0.957970918955, -3.37322403833, 0.00824861631967
4.93, 12.4511543108, -0.957842867946, -3.36638602684, 0.0139914673502
4.94, 12.4175520019, -0.957716840755, -3.35957749339, 0.00878252803118
4.95, 12.3840177915, -0.957669225884, -3.35278169045, 0.00113772744924
4.96, 12.3505519076, -0.957646252649, -3.34590143415, 0.00385233989317
4.97, 12.3171544265, -0.957551902318, -3.33909650658, 0.0125312290165
4.98, 12.2838250992, -0.957408534709, -3.33223794372, 0.0126795428445
4.99, 12.2505651139, -0.957321647135, -3.32524433703, 0.0038490387658
5.0, 12.2173752159, -0.957304065492, -3.31825255324, 0.000691587021142
5.01, 12.1842549669, -0.957252584413, -3.31131355033, 0.0086014120408
5.02, 12.1512038513, -0.957119255847, -3.30442554058, 0.0144631405864
5.03, 12.1182220584, -0.95699308363, -3.29738752343, 0.00836120936372
5.04, 12.0853111785, -0.956953060512, -3.29030551816, 0.0002821682393
5.05, 12.0524709093, -0.95693516108, -3.28326876874, 0.00375506221822
5.06, 12.01970079, -0.956837181323, -3.27623099683, 0.0131276263875
5.07, 11.9870012893, -0.956689840703, -3.26917848279, 0.0127374905979
5.08, 11.9543721508, -0.956607756904, -3.26216150647, 0.00301323741525
5.09, 11.9218131319, -0.956598323603, -3.25516908917, 0.000101448993666
5.1, 11.889324066, -0.956547196075, -3.24813719224, 0.00900248552208
5.11, 11.85690539, -0.956408193508, -3.24111962149, 0.0149471436791
5.12, 11.8245565169, -0.956282280984, -3.23416376474, 0.00786046832021
5.13, 11.7922774653, -0.956250670794, -3.22713644989, -0.000634376094488
5.14, 11.7600688575, -0.95623785389, -3.22011012341, 0.00370520543712
5.15, 11.7279300971, -0.95613554226, -3.21315612087, 0.0137892707118
5.16, 11.6958612413, -0.95599760004, -3.20611807381, 0.0133309664346
5.17, 11.6638630391, -0.955903171466, -3.19901037969, 0.00434466901093
5.18, 11.6319367787, -0.955889126562, -3.19175521449, -0.000379144466629
5.19, 11.600082947, -0.955852110553, -3.18453278731, 0.00718346980214
5.2, 11.568301531, -0.955725548693, -3.17723915514, 0.0145277880661
5.21, 11.536593196, -0.955592344168, -3.16994294269, 0.00928867479476
5.22, 11.504957219, -0.955548422424, -3.1627970345, -5.06707664074e-06
5.23, 11.4733930502, -0.955541643681, -3.15543691016, 0.00219143936815
5.24, 11.441904367, -0.955456605634, -3.14778796261, 0.0123664372278
5.25, 11.4104930613, -0.955321983911, -3.13996675285, 0.0134537400545
5.26, 11.3791610747, -0.955217303511, -3.13195226489, 0.00575534634514
5.27, 11.3479095971, -0.955194781998, -3.12374300623, -0.000324152980643
5.28, 11.3167430539, -0.955168140389, -3.11509392264, 0.00548587272369
5.29, 11.2856638655, -0.955056612166, -3.10629203336, 0.0136068782084
5.3, 11.2546746968, -0.954920833587, -3.09705422641, 0.0104174345528
5.31, 11.2237790668, -0.954863660952, -3.08763672412, 0.00102136149227
5.32, 11.1929797529, -0.954858073979, -3.077726272, 0.0010745618568
5.33, 11.1622812391, -0.954790139838, -3.06755999841, 0.0106290609071
5.34, 11.1316848151, -0.954648887581, -3.05728669936, 0.0137736331907
5.35, 11.1011937778, -0.954546813177, -3.04646515173, 0.00505100729902
5.36, 11.070811974, -0.954533176157, -3.03547690965, -0.00114823851657
5.37, 11.0405419968, -0.954509876663, -3.02403809767, 0.00561724064873
5.38, 11.0103879203, -0.954393574118, -3.0123818935, 0.0141711161607
5.39, 10.9803508619, -0.954269579111, -3.00062741147, 0.0106984619403
5.4, 10.9504331975, -0.954202500256, -2.9884396946, 0.00222447476373
5.41, 10.9206385376, -0.954191875108, -2.97609490154, 0.000749015243992
5.42, 10.8909681276, -0.954136727488, -2.96361318511, 0.00885775470677
5.43, 10.8614232319, -0.95400939548, -2.95101597736, 0.0130586185312
5.44, 10.832005654, -0.953903471139, -2.93805480531, 0.00617393253124
5.45, 10.8027192556, -0.953878807158, -2.92488193257, -0.000486703606143
5.46, 10.7735650501, -0.953860228464, -2.91162869806, 0.00424508587508
5.47, 10.7445444628, -0.953761383886, -2.89805729566, 0.0125642230291
5.48, 10.7156609259, -0.953629777195, -2.88430613851, 0.0105155170426
5.49, 10.6869155648, -0.953569357254, -2.87045334451, 0.00128542526932
5.5, 10.6583103174, -0.953566942975, -2.85607119071, 0.000202894454442
5.51, 10.6298505592, -0.953512150296, -2.84164150414, 0.00918656140843
5.52, 10.6015343152, -0.953381057572, -2.82728942666, 0.0132737491632
5.53, 10.5733627908, -0.953278131294, -2.81261226835, 0.00544236448644
5.54, 10.5453413109, -0.953263127841, -2.79736306688, -0.00144422891345
5.55, 10.5174726541, -0.953249780111, -2.78207816988, 0.0041614889483
5.56, 10.4897569581, -0.953147924999, -2.76677973844, 0.0130085038923
5.57, 10.4621947131, -0.953015051446, -2.75126443098, 0.0102344541154
5.58, 10.4347895926, -0.9529625774, -2.73550311958, 0.000201864846187
5.59, 10.407541794, -0.952969508709, -2.71977949105, -0.000412344675469
5.6, 10.380451494, -0.952915184313, -2.70402851881, 0.00953808042063
5.61, 10.353519097, -0.952793905642, -2.68808028026, 0.0126950524388
5.62, 10.3267474751, -0.95268547217, -2.67196956813, 0.00659488547672
5.63, 10.3001369552, -0.952661780011, -2.65586394771, -0.00119976560813
5.64, 10.2736874725, -0.952657423102, -2.63954681145, 0.00245821737263
5.65, 10.2474041386, -0.952573539192, -2.62294793545, 0.0115771055261
5.66, 10.2212859571, -0.952443751939, -2.60645121554, 0.0108660873326
5.67, 10.195334263, -0.95238015376, -2.58960967686, 0.00126701695712
5.68, 10.1695523985, -0.952386260749, -2.57244888661, -0.00130428180778
5.69, 10.1439428322, -0.952349073978, -2.55522975251, 0.00754638089252
5.7, 10.1185051176, -0.952226856298, -2.53807130369, 0.0130890051016
5.71, 10.093240194, -0.952120685584, -2.52061302984, 0.00588367272938
5.72, 10.0681506939, -0.952107296614, -2.50307824869, -0.0022854221865
5.73, 10.0432363068, -0.952109647027, -2.4855936779, 0.00224031987069
5.74, 10.0184980841, -0.952023435678, -2.46780410682, 0.0120132661143
5.75, 9.99393890517, -0.951905312893, -2.44973640501, 0.0112129945917
5.76, 9.96956101979, -0.951831778356, -2.43162513733, 0.00237184344568
5.77, 9.94536423834, -0.951835333108, -2.41354919348, -0.00197590011401
5.78, 9.92134988063, -0.951814209344, -2.39497929901, 0.00552049924036
5.79, 9.8975224868, -0.95170676706, -2.37630230135, 0.0124159621074
5.8, 9.87388158355, -0.951595965996, -2.35768975479, 0.00704541289021
5.81, 9.85042752732, -0.951572730138, -2.33885256293, -0.00188073704406
5.82, 9.82716213357, -0.951583196017, -2.32005394581, 0.000521072058328
5.83, 9.80408389687, -0.951516500125, -2.30142380233, 0.010348810247
5.84, 9.78119156817, -0.951403754233, -2.28283926349, 0.0103838270398
5.85, 9.75848368053, -0.951327303207, -2.26459468067, 0.00333802608874
5.86, 9.73595605557, -0.951322154392, -2.24677457752, -0.00158409563506
5.87, 9.71360450392, -0.95130800252, -2.22936995666, 0.00398759366296
5.88, 9.69142514001, -0.951218575274, -2.21231267337, 0.0108231659617
5.89, 9.66941444127, -0.951113471534, -2.19563487517, 0.00740116226894
5.9, 9.64756895967, -0.951080430029, -2.17923306227, -0.00079562948719
5.91, 9.62588639061, -0.951088320728, -2.16303073992, -0.000127107195041
5.92, 9.60436482252, -0.951037161689, -2.14706830773, 0.00838948123224
5.93, 9.58300129156, -0.950924928178, -2.13141158577, 0.0105263405286
5.94, 9.56179285091, -0.950852897171, -2.1160414672, 0.0025021496992
5.95, 9.54073704131, -0.950857312528, -2.10085072085, -0.00244925192726
5.96, 9.51983184564, -0.95084716412, -2.08594965313, 0.00400408062578
5.97, 9.49907389961, -0.950754752759, -2.07138972309, 0.0111656128842
5.98, 9.47846029277, -0.950649968797, -2.05703891997, 0.00695713878118
5.99, 9.45798910307, -0.950625467263, -2.04292493079, -0.00183483806653
6.0, 9.43765772971, -0.95064125857, -2.02907342124, -0.000560404082308
6.01, 9.41746416327, -0.950589384089, -2.01534492399, 0.00876825751249
6.02, 9.39740665729, -0.950474110188, -2.00185757288, 0.0105728692628
6.03, 9.37748286145, -0.95040695309, -1.98859629336, 0.00161391579784
6.04, 9.35769108643, -0.950421227664, -1.97542719731, -0.00330801260276
6.05, 9.33803075872, -0.950414495586, -1.9623033673, 0.00411428248148
6.06, 9.31850088975, -0.950318179999, -1.94935452228, 0.0115786344349
6.07, 9.29909947988, -0.950213526521, -1.93660247443, 0.00649250267837
6.08, 9.2798251631, -0.950197919451, -1.92390849286, -0.00290102476819
6.09, 9.26067724183, -0.950221402667, -1.91135454328, -0.000927632167551
6.1, 9.24165382672, -0.950167830374, -1.89899841225, 0.0092530884997
6.11, 9.2227531077, -0.950063112184, -1.88681390769, 0.0105614861265
6.12, 9.20397430342, -0.949986946637, -1.87454154443, 0.00289250161798
6.13, 9.18531837673, -0.949994242196, -1.86231368398, -0.00341751785335
6.14, 9.16678395792, -0.949999488085, -1.85023873798, 0.00226985932809
6.15, 9.14836984085, -0.949919312466, -1.83820568732, 0.0105735677125
6.16, 9.13007576091, -0.949812751545, -1.82626616998, 0.00755413529522
6.17, 9.11190030545, -0.949784766773, -1.81447376463, -0.00198482376296
6.18, 9.09384368835, -0.949810660333, -1.80247187229, -0.00216544170872
6.19, 9.07590719313, -0.949775109689, -1.79048174638, 0.00744774902654
6.2, 9.05809004408, -0.949664292478, -1.7785774211, 0.0108398736224
6.21, 9.04039163791, -0.94959112479, -1.7667263125, 0.00214353890982
6.22, 9.02281267286, -0.949607852746, -1.75466259009, -0.0043059275332
6.23, 9.0053551181, -0.949617093628, -1.74246443148, 0.0023351155518
6.24, 8.98801945955, -0.949532674965, -1.7303329998, 0.0110960039831
6.25, 8.970803888, -0.949438095651, -1.71844611334, 0.00782645553984
6.26, 8.95370624922, -0.949400248421, -1.70672462804, -0.000791370292314
6.27, 8.93672505392, -0.949421323654, -1.69516560921, -0.00252642557505
6.28, 8.91985862218, -0.94939891445, -1.68377535611, 0.00564577473379
6.29, 8.90310542627, -0.949302067834, -1.67247568399, 0.0101396933504
6.3, 8.88646467762, -0.949224768755, -1.66130649793, 0.00329271308539
6.31, 8.86993484668, -0.949230351798, -1.65029264314, -0.00364877527728
6.32, 8.85351495941, -0.949244390394, -1.63930734509, 0.000957877742862
6.33, 8.83720426484, -0.949177197478, -1.62846738302, 0.00953712941639
6.34, 8.8210010296, -0.949074354289, -1.61779967445, 0.00770989352658
6.35, 8.80490437333, -0.949042689512, -1.60714227623, -0.00170530922223
6.36, 8.78891308472, -0.949071827113, -1.59676903764, -0.00305709719809
6.37, 8.77302250462, -0.949049348048, -1.58705491562, 0.00604100833067
6.38, 8.75722576233, -0.94894782177, -1.57794207868, 0.0104553615904
6.39, 8.74151658213, -0.948872595292, -1.56955942625, 0.00263493244628
6.4, 8.72588786594, -0.948887207473, -1.56181037585, -0.00454748060092
6.41, 8.71033347576, -0.948905613615, -1.55466869289, 0.000985260180996
6.42, 8.69484456137, -0.94883403171, -1.54878367674, 0.0101229970274
6.43, 8.67940920372, -0.948728473657, -1.54393482932, 0.00757108960013
6.44, 8.66401814541, -0.94870326325, -1.53981627694, -0.00264121388338
6.45, 8.64866496905, -0.94874014596, -1.53631873418, -0.00350885904036
6.46, 8.63334297008, -0.948716284723, -1.53367606778, 0.00658617517113
6.47, 8.61804293851, -0.948622573943, -1.53177423645, 0.010094816779
6.48, 8.60275923572, -0.948539211104, -1.53039478625, 0.00407335716828
6.49, 8.58748579891, -0.948542210379, -1.52981460436, -0.00402857863289
6.5, 8.57221289865, -0.948567146385, -1.53028750469, -0.000500841886341
6.51, 8.55693118627, -0.948511212495, -1.53146060157, 0.00895234475252
6.52, 8.54163232029, -0.948405431297, -1.53371571862, 0.00857527580974
6.53, 8.52630633995, -0.948365116705, -1.53692529501, -0.00118457837811
6.54, 8.51094425074, -0.948397569107, -1.5408110401, -0.00407647002524
6.55, 8.49554102667, -0.948387703277, -1.54516280194, 0.00491029204352
6.56, 8.48008666306, -0.948289209731, -1.55112482455, 0.0109059992794
6.57, 8.46456848505, -0.948203630067, -1.55775632542, 0.0038170592925
6.58, 8.448981667, -0.948212365889, -1.56484378633, -0.00467045320985
6.59, 8.43331993759, -0.948239543511, -1.57284330136, -0.000271753453276
6.6, 8.41757437028, -0.948176489763, -1.58146252269, 0.00988675566032
6.61, 8.40174031343, -0.948078353279, -1.59051245415, 0.00879619146149
6.62, 8.38581349241, -0.948026164565, -1.59998521644, 0.000465424937771
6.63, 8.36978798105, -0.948046460207, -1.6103544786, -0.00357295349829
6.64, 8.35365522233, -0.948042330871, -1.62130114394, 0.00364187059644
6.65, 8.33741142581, -0.947955476549, -1.6325882952, 0.0102449066839
6.66, 8.32104867218, -0.947865007174, -1.64529984338, 0.00518584467798
6.67, 8.30455347266, -0.947857082979, -1.65876661234, -0.00320955731245
6.68, 8.28792211202, -0.947880168184, -1.67253760613, -0.000824310674001
6.69, 8.27114996689, -0.947829034852, -1.68706932478, 0.00858732687546
6.7, 8.25422927183, -0.947720561583, -1.70209539781, 0.00941290519678
6.71, 8.23715677904, -0.947667655774, -1.71741344054, 0.000162602097193
6.72, 8.21992951859, -0.947691339699, -1.73302590546, -0.00374540846854
6.73, 8.20254244056, -0.94768368744, -1.74945894253, 0.00442601202414
6.74, 8.18498872003, -0.947586724646, -1.76625432692, 0.0112315661466
6.75, 8.16726583834, -0.947490831309, -1.78328087188, 0.0052799767882
6.76, 8.14937029338, -0.947485660278, -1.80114423426, -0.00361107842667
6.77, 8.13129135233, -0.947509333347, -1.81944754935, -0.000465259247353
6.78, 8.11302927607, -0.947449557062, -1.83785013718, 0.00972301939172
6.79, 8.09458215993, -0.94733140778, -1.85644483284, 0.0100450819919
6.8, 8.07594589189, -0.947277894711, -1.87576527366, -0.000173022636946
6.81, 8.05711296055, -0.947304958137, -1.89582609234, -0.00386059715292
6.82, 8.03807671859, -0.947292451927, -1.91625958958, 0.00538997465465
6.83, 8.01883372524, -0.947195870919, -1.93730638036, 0.0106632488999
6.84, 7.99937758793, -0.947090431537, -1.95871038508, 0.00707438986934
6.85, 7.97970750845, -0.947066874581, -1.98013885622, -0.00219116915186
6.86, 7.95981952713, -0.947087936663, -2.00231691711, -0.00114971314571
6.87, 7.93970888101, -0.947039169885, -2.02462387462, 0.00873895255393
6.88, 7.91937468011, -0.946920309208, -2.04701902793, 0.011125431025
6.89, 7.89881618223, -0.946847961788, -2.06948107074, 0.00194644396568
6.9, 7.87802869601, -0.946861803077, -2.09304294692, -0.00349162248124
6.91, 7.85700232078, -0.946856366825, -2.11699842911, 0.00413123855293
6.92, 7.83573609561, -0.946755572408, -2.14100465148, 0.0123410559941
6.93, 7.81422554085, -0.946641180003, -2.16608123076, 0.00745900500113
6.94, 7.79246123855, -0.946618390084, -2.19149734529, -0.00247343382898
6.95, 7.77044288044, -0.946639382569, -2.21689798374, -0.000736286500673
6.96, 7.74816992645, -0.946580766657, -2.24236952421, 0.0100673515298
6.97, 7.72563991593, -0.946464388748, -2.26839157743, 0.0119682088124
6.98, 7.70284915792, -0.946374153043, -2.29445510482, 0.00412151168585
6.99, 7.67979770943, -0.946372379325, -2.32051405446, -0.00278096094078
7.0, 7.65648295976, -0.946371164336, -2.34716483413, 0.00303751517733
7.01, 7.63290142578, -0.946278783013, -2.37382389535, 0.0121444118403
7.02, 7.60905348292, -0.946153827381, -2.40044269416, 0.00942227739916
7.03, 7.58493859025, -0.946109641677, -2.4273887646, -0.000677757438876
7.04, 7.56055165643, -0.946124819825, -2.45463568113, -0.00119788985684
7.05, 7.53589236363, -0.946076609296, -2.48184951254, 0.0090351371031
7.06, 7.51096065313, -0.945957502689, -2.50932618252, 0.0114452262487
7.07, 7.48574997817, -0.945857918737, -2.5375656127, 0.00592984544854
7.08, 7.46025589956, -0.945836058968, -2.56588369052, -0.00104758676729
7.09, 7.43447913962, -0.945828238694, -2.59410796879, 0.0027598630301
7.1, 7.40841946004, -0.945744206334, -2.6226367931, 0.0112796942416
7.11, 7.38207242306, -0.945618818889, -2.6513868155, 0.0104119842588
7.12, 7.355438457, -0.945555911687, -2.6800273763, 0.00155004106109
7.13, 7.32851812389, -0.94555503451, -2.70862565705, -0.000432845763764
7.14, 7.3013108095, -0.945510220833, -2.73758072556, 0.00804974703697
7.15, 7.27381288513, -0.945386111442, -2.76661426284, 0.0130571836461
7.16, 7.24602519358, -0.945278779819, -2.79553506927, 0.00622836677259
7.17, 7.21794576304, -0.945256744617, -2.82499389085, -0.00107097802607
7.18, 7.18957201641, -0.945245226497, -2.85436306458, 0.00355191279695
7.19, 7.16090509815, -0.945149127392, -2.8836262519, 0.0126642373444
7.2, 7.13194554584, -0.945012500692, -2.91284478527, 0.0111634600006
7.21, 7.10269347889, -0.944947207713, -2.94231936145, 0.00147743829244
7.22, 7.07314694342, -0.944946130085, -2.971622785, -0.000140506695406
7.23, 7.04330632792, -0.944892855653, -3.0010974261, 0.00930278142875
7.24, 7.01316949765, -0.944755272085, -3.03097942929, 0.0142640210579
7.25, 6.98273301996, -0.944641188179, -3.06089839788, 0.00643972373415
7.26, 6.95199813518, -0.944619782159, -3.09067055082, -0.00114923943456
7.27, 6.92096392388, -0.944604564048, -3.1208604782, 0.00438567181366
7.28, 6.88962719995, -0.94449576165, -3.15106311287, 0.0141135001517
7.29, 6.8579892557, -0.944347655037, -3.18111061099, 0.0118961749113
7.3, 6.82605093704, -0.944280525093, -3.21109365786, 0.00133700439939
7.31, 6.79381211375, -0.944279562012, -3.24137772548, 0.000163313058002
7.32, 6.76126962495, -0.944217217754, -3.27169875483, 0.0106435133559
7.33, 6.72842457311, -0.944079791884, -3.30188560038, 0.014693748629
7.34, 6.69527635423, -0.943949462246, -3.33244704114, 0.00869326142221
7.35, 6.66182186748, -0.943908731445, -3.36301815201, 0.000101996102712
7.36, 6.62806209058, -0.943893171605, -3.39348137264, 0.00356971789831
7.37, 6.59399562149, -0.943793298795, -3.4244128156, 0.0136311221416
7.38, 6.55961703866, -0.943637822919, -3.4558835624, 0.0136449650767
7.39, 6.52492430262, -0.943548200932, -3.48720650443, 0.00351394056989
7.4, 6.48991933065, -0.943536197039, -3.51834271918, 0.000212559711361
7.41, 6.45460180936, -0.943481974847, -3.54983237707, 0.00955666860017
7.42, 6.41896811333, -0.943345340488, -3.58139915402, 0.0145040640067
7.43, 6.3830216429, -0.943202467751, -3.61235434761, 0.010793242876
7.44, 6.34676972305, -0.943140217568, -3.64248267976, 0.00183569676849
7.45, 6.31022092535, -0.943119191495, -3.67176039151, 0.00314552777873
7.46, 6.27338349809, -0.943028115934, -3.70022973266, 0.012846672189
7.47, 6.23626539728, -0.942870023504, -3.72791267131, 0.0149252487781
7.48, 6.19887448503, -0.942759453822, -3.75481480856, 0.0058576930225
7.49, 6.16121851879, -0.942732070173, -3.78095236145, 0.00079012441357
7.5, 6.12330494533, -0.942683216477, -3.80635949249, 0.00843879338407
7.51, 6.08514084964, -0.942541214188, -3.83107144259, 0.0162896049102
7.52, 6.04673317135, -0.942388541936, -3.85509268665, 0.011263107605
7.53, 6.00808881705, -0.942326202844, -3.87843084121, 0.00164962337286
7.54, 5.96921451685, -0.94230426555, -3.90110723562, 0.00363617004998
7.55, 5.93011663674, -0.942202949645, -3.9231617849, 0.0141908408507
7.56, 5.89080130871, -0.94204688888, -3.94460711476, 0.0150290437618
7.57, 5.85127464353, -0.941923711419, -3.96544841615, 0.00779981170767
7.58, 5.81154264753, -0.941878374428, -3.98569597362, 0.00205927502015
7.59, 5.77161111281, -0.941828290781, -4.00537556126, 0.00770203355937
7.6, 5.7314855231, -0.941696176824, -4.02451819366, 0.0155467796374
7.61, 5.69117122989, -0.941540255928, -4.04312810482, 0.012545358135
7.62, 5.65067357883, -0.941459056847, -4.06120811943, 0.00360877675843
7.63, 5.60999780613, -0.941426543122, -4.07877330255, 0.0037387807507
7.64, 5.56914885578, -0.941333528404, -4.09585603126, 0.0129641433747
7.65, 5.52813145352, -0.941169664701, -4.11247191783, 0.0160290589161
7.66, 5.48695030744, -0.941042797251, -4.12861783891, 0.00773323789139
7.67, 5.44561011658, -0.940999945883, -4.14430048396, 0.00187159414641
7.68, 5.40411537539, -0.940947084233, -4.1595434116, 0.00842303247904
7.69, 5.36247029541, -0.940804533272, -4.17437508605, 0.0166685008397
7.7, 5.32067900303, -0.940641214463, -4.18879409442, 0.0128530414498
7.71, 5.27874566611, -0.940561690599, -4.20279952679, 0.00320785535152
7.72, 5.23667437124, -0.940531034015, -4.21640364987, 0.00390989684335
7.73, 5.19446892704, -0.940430887361, -4.22963788517, 0.0140293307685
7.74, 5.15213295755, -0.940256849287, -4.24251336736, 0.0167974544724
7.75, 5.10967011609, -0.940128118686, -4.25502252845, 0.00747137040008
7.76, 5.06708408228, -0.940089474711, -4.26716921427, 0.00154916012664
7.77, 5.02437834386, -0.94003454988, -4.2789758715, 0.00911588624854
7.78, 4.98155611737, -0.939889875327, -4.29021787487, 0.0143940297165
7.79, 4.93862061473, -0.93972365614, -4.30164020998, 0.0142069673787
7.8, 4.8955750444, -0.939626875443, -4.31249196171, 0.00479318991659
7.81, 4.85242260286, -0.939590738981, -4.32302993236, 0.0034856293532
7.82, 4.80916625733, -0.939502106423, -4.33328043133, 0.0126993199121
7.83, 4.76580878771, -0.939333322778, -4.34325715517, 0.0172029456491
7.84, 4.72235299982, -0.939190427233, -4.3529508342, 0.00938845860119
7.85, 4.67880176056, -0.939137479965, -4.36236152967, 0.00219926659082
7.86, 4.63515780608, -0.939088049381, -4.3715053261, 0.00779146084874
7.87, 4.59142363121, -0.938947676301, -4.38040797465, 0.0170471579257
7.88, 4.54760166552, -0.938772476846, -4.38906606092, 0.0145300713312
7.89, 4.50369442678, -0.938677860744, -4.39747241296, 0.00426815588764
7.9, 4.45970442425, -0.938645636255, -4.40563238595, 0.00340560127704
7.91, 4.41563395152, -0.938552208053, -4.41357131722, 0.0135730943306
7.92, 4.37148513143, -0.938388378888, -4.42129999592, 0.0171199659176
7.93, 4.32726014352, -0.938234648706, -4.42881103097, 0.011100463382
7.94, 4.282961207, -0.938167492573, -4.43610086689, 0.0029764597932
7.95, 4.23859047608, -0.93812210453, -4.44318093556, 0.00655388075319
7.96, 4.19414987649, -0.937995245499, -4.45007637412, 0.0160716161195
7.97, 4.14964125491, -0.937818103966, -4.45678590815, 0.0157043551671
7.98, 4.10506655317, -0.937706636141, -4.46329954532, 0.00591249851526
7.99, 4.06042774856, -0.937668242893, -4.46961905843, 0.00300913501854
8.0, 4.01572663346, -0.937587319997, -4.47576676564, 0.0120406468323
8.01, 3.97096481988, -0.937417287776, -4.48175635134, 0.0180712316435
8.02, 3.92614396462, -0.937260266734, -4.48757742011, 0.0109332941911
8.03, 3.8812658338, -0.937198271606, -4.49322287743, 0.00238184151155
8.04, 3.83633211627, -0.937154880989, -4.49870434569, 0.00680911265508
8.05, 3.79134427214, -0.93702068744, -4.5040476862, 0.0170281547905
8.06, 3.74630371398, -0.936850229916, -4.5092463538, 0.0165902507159
8.07, 3.70121194915, -0.936723420833, -4.51429412272, 0.00754500879809
8.08, 3.65607052498, -0.936677508515, -4.51918880809, 0.0028031341044
8.09, 3.61088085921, -0.936608067353, -4.5239471254, 0.0104760279667
8.1, 3.56564417827, -0.936447871849, -4.52858962979, 0.0179207055549
8.11, 3.52036173533, -0.936280709939, -4.53310113112, 0.0126575215189
8.12, 3.47503490392, -0.936203467684, -4.53747551396, 0.00329330611604
8.13, 3.4296650297, -0.936163483651, -4.54171846454, 0.00553617727746
8.14, 3.384253247, -0.936044227186, -4.54585696322, 0.0158452627531
8.15, 3.33880061658, -0.935874482204, -4.54988480113, 0.0169916500851
8.16, 3.29330829692, -0.935734527493, -4.55379837527, 0.00924361220685
8.17, 3.24777750137, -0.935677450806, -4.557590325, 0.00310103706577
8.18, 3.20220935725, -0.935616178257, -4.56127424614, 0.00898875754585
8.19, 3.15660480567, -0.935468685034, -4.56486969945, 0.0172576209708
8.2, 3.11096478366, -0.935296064968, -4.56836601701, 0.0140890124797
8.21, 3.0652903538, -0.935202612118, -4.57175602562, 0.00460003422458
8.22, 3.01958259512, -0.935161299164, -4.57504135646, 0.00465676377265
8.23, 2.97384239801, -0.9350566986, -4.57824515483, 0.0143605687911
8.24, 2.92807054327, -0.934877381057, -4.58137049754, 0.017600637992
8.25, 2.88226791426, -0.934737188197, -4.58440223994, 0.00882057367361
8.26, 2.83643549572, -0.934686261182, -4.58733724401, 0.00255208713233
8.27, 2.79057417029, -0.934625487695, -4.59018754915, 0.00941383740811
8.28, 2.74468463061, -0.934470276685, -4.59297642032, 0.0181158869285
8.29, 2.69876759602, -0.93430668815, -4.59568499992, 0.0146715978476
8.3, 2.65282389519, -0.934200128654, -4.59831396831, 0.00612889663988
8.31, 2.60685437795, -0.934150619964, -4.60085688813, 0.00462779078406
8.32, 2.56085974777, -0.934056039658, -4.60333610097, 0.0128571514029
8.33, 2.51484059511, -0.93388784546, -4.60575918581, 0.0171858508029
8.34, 2.46879758444, -0.933740532331, -4.60810960725, 0.0102828614265
8.35, 2.42273148752, -0.933675143319, -4.61038255288, 0.00354706160185
8.36, 2.37664301245, -0.933615973728, -4.61259067979, 0.00833656361024
8.37, 2.33053269475, -0.933475226193, -4.61474831689, 0.0168262572171
8.38, 2.28440105462, -0.933300410705, -4.61685122678, 0.014841411796
8.39, 2.23824874457, -0.933197105772, -4.61888640557, 0.00551858870827
8.4, 2.19207645922, -0.933152563739, -4.62085444827, 0.00441209008724
8.41, 2.14588473448, -0.933054865128, -4.62277478595, 0.0135483566075
8.42, 2.09967399052, -0.932879195459, -4.62465375212, 0.017773220788
8.43, 2.05344474055, -0.932731289832, -4.62647618162, 0.00989697511726
8.44, 2.00719761963, -0.932672182416, -4.62823584985, 0.00292847067741
8.45, 1.96093318754, -0.932614704525, -4.62994431372, 0.00861694836436
8.46, 1.91465182952, -0.932467205418, -4.63161864841, 0.0176370219398
8.47, 1.86835392413, -0.93228753835, -4.63324936265, 0.0149100007817
8.48, 1.82203999435, -0.932188703307, -4.63482618816, 0.00478400347853
8.49, 1.77571061334, -0.932149899371, -4.63634910424, 0.00416299193688
8.5, 1.72936618295, -0.93204891346, -4.63783562556, 0.0142756740955
8.51, 1.6830069915, -0.931879599845, -4.63929308013, 0.0175409502988
8.52, 1.63663344414, -0.931722435163, -4.64070942943, 0.0114467120466
8.53, 1.59024604124, -0.931650546576, -4.64207100057, 0.00357811886225
8.54, 1.54384524983, -0.931598269862, -4.64339224038, 0.00726610176355
8.55, 1.49743136258, -0.931465393797, -4.64468721333, 0.016542732215
8.56, 1.45100464113, -0.931285116861, -4.64595499185, 0.0159394104952
8.57, 1.40456548657, -0.931170893142, -4.64717656337, 0.00628220071177
8.58, 1.35811436775, -0.931127194405, -4.64835557021, 0.00364693737211
8.59, 1.31165162093, -0.931039914676, -4.64950363035, 0.0126106146295
8.6, 1.26517744058, -0.930865925408, -4.65063489465, 0.0183317228167
8.61, 1.2186921085, -0.93070698715, -4.65173368267, 0.0111375835773
8.62, 1.17219605293, -0.930641489569, -4.65278677599, 0.00287326708308
8.63, 1.1256896543, -0.930592142512, -4.65380607952, 0.00743117797591
8.64, 1.07917310601, -0.930452965522, -4.65481398489, 0.0173875124138
8.65, 1.03264659903, -0.930280473438, -4.65579575767, 0.0167053582024
8.66, 0.98611044287, -0.930151999527, -4.65674353814, 0.00781783915225
8.67, 0.939565017749, -0.930101615211, -4.65765492215, 0.00337240290163
8.68, 0.893010610856, -0.93002661443, -4.65854216173, 0.0109571806849
8.69, 0.846447351793, -0.929863565485, -4.65942144246, 0.0180555365025
8.7, 0.799875432533, -0.929695745379, -4.66027368854, 0.0127410706889
8.71, 0.753295187961, -0.929616010162, -4.66109028503, 0.00370360291932
8.72, 0.706706951347, -0.929570791934, -4.66187707342, 0.00608825841103
8.73, 0.660110875183, -0.929447391005, -4.66265495294, 0.0161045305094
8.74, 0.613507058202, -0.92926226643, -4.66341995063, 0.0170758060348
8.75, 0.566895744453, -0.929135932128, -4.66415425839, 0.00719371590613
8.76, 0.520277274472, -0.929092292781, -4.66485737295, 0.00287495802469
8.77, 0.473651866539, -0.929016589997, -4.66554348114, 0.0114977253709
8.78, 0.427019577283, -0.928853719267, -4.66597769136, 0.0154896932554
8.79, 0.380380573394, -0.928686837129, -4.66688727788, 0.01367823485
8.8, 0.333735098509, -0.928593371736, -4.66752356207, 0.00501428565666
8.81, 0.287083439077, -0.928544409637, -4.66813200727, 0.00554488746223
8.82, 0.240425726727, -0.92843400115, -4.6687325671, 0.0145636764296
8.83, 0.193762015186, -0.92825731663, -4.66932675486, 0.0170869845619
8.84, 0.147092473923, -0.928120775766, -4.66990006228, 0.00875527528922
8.85, 0.10041738487, -0.928065197028, -4.6704445182, 0.00338239131177
8.86, 0.0537369418839, -0.927995924707, -4.67097203065, 0.0100786094546
