timestamp, prius0 x posi, prius0 y posi, prius0 x vel, prius0 y vel.
0.0, 0.0, 0.0, 0.0, 0.0
0.00999999999999, -0.999904649618, 29.9970131977, -0.0021812421478, -0.204081396069
0.02, -0.999961536043, 29.9944164975, -0.00621946736982, -0.291654021034
0.03, -1.00000745854, 29.9909460245, -0.00348647985238, -0.379846625373
0.04, -1.00004986767, 29.9865995123, -0.0032732173893, -0.468167625523
0.05, -1.00004687706, 29.9813775504, 0.00478568869189, -0.556406552924
0.06, -0.999984293357, 29.9752804882, 0.00713010587506, -0.644636958974
0.07, -0.999956030558, 29.9683083217, -0.000155374707297, -0.732877802349
0.08, -1.00000021791, 29.9604610048, -0.00519768823996, -0.821119636549
0.09, -1.00003761158, 29.9517386116, 2.80335216846e-05, -0.909350631399
0.1, -1.00000383874, 29.9421411988, 0.00644689035053, -0.99758319691
0.11, -0.999957024517, 29.9316686742, 0.00294086053684, -1.0858303062
0.12, -0.999980492204, 29.9203209229, -0.0048858800279, -1.17408715094
0.13, -1.00004075131, 29.908098216, -0.00381277872638, -1.26196715372
0.14, -1.00003903261, 29.8950041192, 0.00490806768662, -1.34897597332
0.15, -0.999975884614, 29.8810465601, 0.00696468672334, -1.43480549585
0.16, -0.999953639611, 29.8662359395, -0.00107560472057, -1.51959233524
0.17, -1.00000638757, 29.8505827182, -0.00578225388173, -1.60333278356
0.18, -1.00004223082, 29.8340973802, 0.000804083853935, -1.68602633498
0.19, -0.999996551668, 29.8167902618, 0.0077147116866, -1.76769994381
0.2, -0.999942025654, 29.7986714009, 0.00315527693333, -1.84838198247
0.21, -0.99996932365, 29.779750675, -0.00558397590798, -1.9280794026
0.22, -1.00003467559, 29.7600379833, -0.00399869580592, -2.0067847166
0.23, -1.00002999979, 29.7395432062, 0.00545359830222, -2.08450934621
0.24, -0.999962445897, 29.7182759857, 0.00711229188113, -2.16128340627
0.25, -0.999943889271, 29.6962457317, -0.00182563228559, -2.23712472821
0.26, -1.00000452971, 29.6734632675, -0.00637722284551, -2.31194519392
0.27, -1.00004046274, 29.6499428063, 0.0012920437059, -2.38582376784
0.28, -0.999987283057, 29.6256946571, 0.00848025786668, -2.45887821395
0.29, -0.999929354312, 29.6007272879, 0.00308882845328, -2.53106903921
0.3, -0.999960668998, 29.5750493223, -0.00607585652229, -2.60238078795
0.31, -1.00002754341, 29.5486695425, -0.0037566380043, -2.67280215895
0.32, -1.0000160282, 29.5215967364, 0.00633430989968, -2.74234521756
0.33, -0.99994203146, 29.4938394342, 0.00735997450418, -2.81104091388
0.34, -0.99992671183, 29.4654064994, -0.00254336659559, -2.87831399369
0.35, -0.999994426599, 29.4363126152, -0.00688973266371, -2.94355050638
0.36, -1.00003005044, 29.4065761009, 0.00175994661433, -3.006945853
0.37, -0.9999698558, 29.3762149059, 0.0091548881159, -3.06856921704
0.38, -0.999909652514, 29.3452463374, 0.00285426363162, -3.12848601617
0.39, -0.999946862083, 29.3136872161, -0.00678359187642, -3.18673649302
0.4, -1.00000250979, 29.281554099, -0.00423348277817, -3.24334397357
0.41, -1.00000328477, 29.2488631184, 0.00488270658483, -3.29835759503
0.42, -0.999935812198, 29.2156299013, 0.00761938790775, -3.3518380584
0.43, -0.999907650313, 29.1818694967, -0.000772744412995, -3.40383677665
0.44, -0.999962459476, 29.1475965794, -0.00640143315583, -3.45438145824
0.45, -1.00000521228, 29.1128255835, 0.000253232901067, -3.50349614189
0.46, -0.999959148917, 29.0775705477, 0.00826809528669, -3.551233061
0.47, -0.999895151388, 29.0418449434, 0.0042023936564, -3.59764806237
0.48, -0.999915411204, 29.0056618078, -0.00531195625277, -3.6427747548
0.49, -0.999982259889, 28.9690339577, -0.00437860122683, -3.68662785076
0.5, -0.999978777721, 28.9319739787, 0.00566051310592, -3.72924042779
0.51, -0.999903887217, 28.8944939777, 0.00810853693808, -3.77066836947
0.52, -0.999876432933, 28.8566055716, -0.00128664771867, -3.81095288907
0.53, -0.999937707534, 28.8183201124, -0.00694592204884, -3.85010995055
0.54, -0.999980486328, 28.7796488242, 0.000727114517815, -3.88815334099
0.55, -0.999926375041, 28.7406026138, 0.00911863507458, -3.92512911094
0.56, -0.99985818541, 28.7011918874, 0.00413762681639, -3.96108552716
0.57, -0.999883820226, 28.6614267076, -0.00607011817365, -3.99604631235
0.58, -0.999941304614, 28.6213170402, -0.00503563648788, -4.03001585215
0.59, -0.999951169705, 28.5808726278, 0.00419773748205, -4.0630224364
0.6, -0.999882053988, 28.5401028917, 0.00849142402869, -4.09510953127
0.61, -0.999840930137, 28.4990168178, 0.000517926921335, -4.12631409456
0.62, -0.999889776709, 28.4576231658, -0.00654569212728, -4.15664833229
0.63, -0.999940454732, 28.415930634, -0.000808078198599, -4.18611658873
0.64, -0.999899923672, 28.3739477177, 0.0083551802235, -4.21475320036
0.65, -0.999826586873, 28.331682491, 0.00560150881221, -4.24260152991
0.66, -0.999835015203, 28.2891427155, -0.00464776601476, -4.26968279047
0.67, -0.999889617989, 28.2463360935, -0.00522080498654, -4.29599557695
0.68, -0.999910832563, 28.2032701961, 0.00264034520863, -4.32155911116
0.69, -0.999851568463, 28.1599523556, 0.00831978232656, -4.34640764383
0.7, -0.999800677539, 28.1163895293, 0.00218803297799, -4.37057493133
0.71, -0.999834686822, 28.0725884698, -0.00566482279316, -4.39407152763
0.72, -0.999888835487, 28.0285559064, -0.0020743461719, -4.41689577688
0.73, -0.999863152245, 27.984298457, 0.00716490349829, -4.43907126058
0.74, -0.999789861414, 27.9398223951, 0.00662737599039, -4.46063657184
0.75, -0.999781749465, 27.895133705, -0.00295571926507, -4.48161177452
0.76, -0.999844113281, 27.8502383066, -0.00564262451951, -4.50199400649
0.77, -0.99986373126, 27.8051421242, 0.00323240612247, -4.52178852378
0.78, -0.999796914841, 27.7598508516, 0.00898856109653, -4.54103080691
0.79, -0.99974432048, 27.7143698376, 0.0018924254662, -4.55975056504
0.8, -0.999784517231, 27.668704279, -0.00635251539319, -4.57795224274
0.81, -0.99984146815, 27.6228594126, -0.00190510352455, -4.59562806589
0.82, -0.999809325066, 27.5768404027, 0.00803240356936, -4.61279960173
0.83, -0.999729839966, 27.5306520868, 0.00685982519263, -4.62950324549
0.84, -0.999725021569, 27.4842990497, -0.00364322491913, -4.64575435247
0.85, -0.999779444535, 27.4377858882, -0.00519045682522, -4.66154213112
0.86, -0.999806096725, 27.3911171889, 0.00186666087054, -4.67687550221
0.87, -0.999751077449, 27.3442973831, 0.00836340050076, -4.691778886
0.88, -0.999693300341, 27.2973306085, 0.00325051281163, -4.70628006574
0.89, -0.999717949407, 27.2502208541, -0.00508949539915, -4.720383908
0.9, -0.999773247397, 27.2029721568, -0.00270210554514, -4.73408044106
0.91, -0.999754786791, 27.1555885402, 0.00662660684608, -4.74738278945
0.92, -0.999680053824, 27.1080737681, 0.00734836150652, -4.76032306755
0.93, -0.999661375757, 27.0604313649, -0.0019021170809, -4.77291675589
0.94, -0.999718915584, 27.0126648424, -0.00575675797545, -4.78515532916
0.95, -0.999744953288, 26.9647777955, 0.00238174113696, -4.79703450375
0.96, -0.999682494817, 26.9167736797, 0.009083358684, -4.80858181309
0.97, -0.999622091484, 26.8686556603, 0.00305669460571, -4.81982288622
0.98, -0.999652453747, 26.8204267891, -0.00578761423743, -4.83075827692
0.99, -0.999711280793, 26.772090213, -0.00263252941493, -4.84137323241
1.0, -0.999687027578, 26.7236490922, 0.00747970116122, -4.85168012731
1.01, -0.999605512934, 26.6751063284, 0.00768734595801, -4.86171070679
1.02, -0.999589165658, 26.626464603, -0.00252820546283, -4.87147745306
1.03, -0.9996390285, 26.5777266453, -0.00538513283191, -4.88096528781
1.04, -0.99967297625, 26.5288952409, 0.00095403956133, -4.89017481883
1.05, -0.999622256816, 26.4799731237, 0.00852024748852, -4.89911718871
1.06, -0.999555682919, 26.4309628293, 0.0045165287138, -4.90781861513
1.07, -0.999570112183, 26.3818666907, -0.0045525627331, -4.91629009112
1.08, -0.999628250213, 26.3326870937, -0.0035596678776, -4.92451070201
1.09, -0.999618932203, 26.283426542, 0.00595040284526, -4.93249052249
1.1, -0.999543252535, 26.2340873765, 0.00807218699481, -4.94024852616
1.11, -0.999514355897, 26.1846716273, -0.00094424100082, -4.94780898956
1.12, -0.999569295781, 26.1351813505, -0.00617532019665, -4.95515823068
1.13, -0.999604575148, 26.0856187779, 0.00131771620099, -4.96227870509
1.14, -0.999547412789, 26.0359860309, 0.00919215646279, -4.96920002486
1.15, -0.999478625446, 25.9862849931, 0.00425808897258, -4.97594368268
1.16, -0.99949981601, 25.9365174326, -0.00538605855379, -4.98250782716
1.17, -0.999549396201, 25.8866852702, -0.00421341501274, -4.98887403344
1.18, -0.999553318379, 25.8367904093, 0.00451828911693, -4.99505043679
1.19, -0.999483642572, 25.7868346642, 0.00840288989774, -5.00105801474
1.2, -0.9994420304, 25.7368196108, 0.000761757516685, -5.00691487617
1.21, -0.999485317453, 25.6867468214, -0.00581280439657, -5.01260142966
1.22, -0.999528921777, 25.6366179882, -0.00027230284555, -5.01812727351
1.23, -0.999486117566, 25.5864348318, 0.00831927162183, -5.02347584217
1.24, -0.999413684953, 25.5361987946, 0.00557115696776, -5.02870545608
1.25, -0.999419271359, 25.4859112453, -0.00410912670839, -5.03379064152
1.26, -0.999481325351, 25.4355736202, -0.00455957701181, -5.03872374018
1.27, -0.999482961491, 25.3851874504, 0.00513065156021, -5.04350591813
1.28, -0.999406569854, 25.3347541625, 0.00888686344432, -5.04814643688
1.29, -0.999365469244, 25.284274937, 0.000259166483896, -5.05269216309
1.3, -0.999407849725, 25.233750973, -0.0031632805594, -5.05705841389
1.31, -0.99944981465, 25.1831836038, -0.00117215306632, -5.06138062002
1.32, -0.999420796384, 25.1325741303, 0.0069674032383, -5.06552135477
1.33, -0.99935262516, 25.0819237149, 0.00606409792581, -5.06956372466
1.34, -0.999345266028, 25.031233376, -0.00253313433049, -5.07350521315
1.35, -0.999398404029, 24.9805042119, -0.00452433034133, -5.0773306871
1.36, -0.999409976558, 24.9297374291, 0.00357037562343, -5.08103456999
1.37, -0.999345936037, 24.8789341492, 0.00831508964777, -5.08464641951
1.38, -0.999298894002, 24.8280952864, 0.00163646180029, -5.08816366952
1.39, -0.999334952664, 24.7772217285, -0.00546314060073, -5.0915852937
1.4, -0.999381893405, 24.7263145145, -0.00108491942809, -5.09488681449
1.41, -0.999347779868, 24.6753747131, 0.00766279016668, -5.09811024699
1.42, -0.999275079261, 24.6244032126, 0.00616279678731, -5.10124118721
1.43, -0.999271814333, 24.5734007752, -0.00325467387983, -5.10428781911
1.44, -0.99933126443, 24.5223682306, -0.00488925791509, -5.10726246432
1.45, -0.99934106665, 24.4713065613, 0.00414679260608, -5.11012808976
1.46, -0.999270081464, 24.4202166645, 0.00890226543434, -5.1129156602
1.47, -0.999222226399, 24.3690991845, 0.00129762154026, -5.11563339435
1.48, -0.999264330192, 24.3179547718, -0.0060848923966, -5.11828892326
1.49, -0.999313179824, 24.2667842738, -0.000830175173488, -5.12086498197
1.5, -0.99927267182, 24.215588572, 0.00845716956287, -5.12333781102
1.51, -0.999195271979, 24.1643683166, 0.00621085806268, -5.12577829803
1.52, -0.99919668776, 24.1131240303, -0.00402684528159, -5.12815419811
1.53, -0.999248065173, 24.0618563772, -0.00514296529055, -5.13044297417
1.54, -0.999269794122, 24.0105661385, 0.00255634017357, -5.13266100358
1.55, -0.999209068712, 23.9592540298, 0.00867883891463, -5.13481921969
1.56, -0.999152265513, 23.90792057, 0.00285661128274, -5.13693144947
1.57, -0.999180895014, 23.8565662357, -0.00534240932629, -5.13899298102
1.58, -0.999234446832, 23.8051916545, -0.00219224832502, -5.14098290401
1.59, -0.99920931667, 23.7537975383, 0.00723418875456, -5.14291905173
1.6, -0.999132232337, 23.7023844304, 0.00719746072318, -5.14479851327
1.61, -0.999117923436, 23.6509527023, -0.0024328635137, -5.14662785915
1.62, -0.999177917791, 23.5995028466, -0.00566627107619, -5.14842391112
1.63, -0.999199256814, 23.5480355202, 0.00303126319629, -5.15012810796
1.64, -0.999131952287, 23.4965512278, 0.00927092746871, -5.15181622761
1.65, -0.999074116957, 23.4450503727, 0.00249875159606, -5.15344425672
1.66, -0.999101819977, 23.393533305, -0.00281314285285, -5.15499642115
1.67, -0.999155886152, 23.3420005156, -0.00332892441661, -5.15660224763
1.68, -0.999145846143, 23.2904525701, 0.00588220093107, -5.15808154966
1.69, -0.999071864183, 23.2388899069, 0.0078702365993, -5.15953519579
1.7, -0.999043679133, 23.1873128455, -0.000876487672349, -5.16095959804
1.71, -0.999096396093, 23.135721705, -0.00588782147503, -5.16234739779
1.72, -0.999129939835, 23.0841169856, 0.00133283514617, -5.16367903268
1.73, -0.999074437821, 23.0324991627, 0.00890683447721, -5.1649724854
1.74, -0.99900819641, 22.9808685382, 0.00410936838272, -5.16624207473
1.75, -0.999028959402, 22.9292253222, -0.00521724365999, -5.16750052416
1.76, -0.999075605908, 22.8775699173, -0.00339168954747, -5.16869749172
1.77, -0.999075949674, 22.8259027994, 0.00436677348518, -5.16983043118
1.78, -0.999012850091, 22.7742243116, 0.00750009534613, -5.17097053905
1.79, -0.998977217387, 22.7225346904, 0.000592322329835, -5.17204520359
1.8, -0.99901580948, 22.670834142, -0.00495948204611, -5.1731480043
1.81, -0.999051659535, 22.6191230843, 0.000185918596444, -5.17418041779
1.82, -0.999011092022, 22.5674019424, 0.00757423526642, -5.17515685113
1.83, -0.998947751109, 22.5156709337, 0.00479018565734, -5.17613410018
1.84, -0.998954726533, 22.4639302521, -0.00367994104022, -5.17707650405
1.85, -0.999008995311, 22.4121801371, -0.00374874558893, -5.17803067307
1.86, -0.999007761968, 22.3604210349, 0.00485060780779, -5.17891454096
1.87, -0.998939739586, 22.3086531817, 0.0078091242223, -5.17976138993
1.88, -0.998906055957, 22.2568767617, -2.1854159225e-07, -5.18062541978
1.89, -0.998952164007, 22.2050919476, -0.00565383511757, -5.1814506206
1.9, -0.998990566917, 22.1532990737, 0.000351361880315, -5.18224011847
1.91, -0.998945201986, 22.1014984605, 0.00813434257728, -5.1830009195
1.92, -0.998879700228, 22.0496902888, 0.0046004573446, -5.18373446994
1.93, -0.998892924126, 21.997874647, -0.00453013230259, -5.18447561209
1.94, -0.998953662647, 21.9460517715, -0.00406087060746, -5.18518086672
1.95, -0.998950389429, 21.8942220373, 0.00539338423856, -5.18586677071
1.96, -0.9988773144, 21.8423856591, 0.00809070722034, -5.18652374442
1.97, -0.998846096296, 21.7905427317, -0.000651009159564, -5.18717600124
1.98, -0.998900444633, 21.738693387, -0.00638912263789, -5.18779203013
1.99, -0.99894127864, 21.6868379314, 0.000556931332515, -5.18838418257
2.0, -0.998890538709, 21.6349766161, 0.00877322481232, -5.18897765504
2.01, -0.998822655915, 21.5831096602, 0.00439808881305, -5.18953674702
2.02, -0.998842766155, 21.5312370442, -0.00544372433465, -5.19009756352
2.03, -0.998895546122, 21.4793589213, -0.0042365927513, -5.19064213453
2.04, -0.998903613344, 21.4274756327, 0.00381159460709, -5.19113524151
2.05, -0.99884168258, 21.3755874472, 0.00769536847724, -5.19161717799
2.06, -0.998803508001, 21.3236944806, 0.000722344383705, -5.19208898027
2.07, -0.998844892441, 21.2717969337, -0.00558980056847, -5.19253118081
2.08, -0.9988888955, 21.2198952448, -0.000611871939719, -5.19291983339
2.09, -0.998852464732, 21.167989942, 0.0075441431123, -5.19325932977
2.1, -0.998785771333, 21.1160814251, 0.00526698799754, -5.19356521048
2.11, -0.998790195728, 21.0641700308, -0.00373413403127, -5.19383600062
2.12, -0.998848657305, 21.0122562242, -0.00436713123911, -5.19405188753
2.13, -0.998851824789, 20.9603406189, 0.00471264370702, -5.19420300026
2.14, -0.998779998162, 20.908423837, 0.00855601079852, -5.19429424072
2.15, -0.998737912626, 20.8565064778, 0.000716200568984, -5.19432364582
2.16, -0.998781305558, 20.8045892741, -0.00575542834906, -5.19426974507
2.17, -0.998822484662, 20.7526732041, 0.000111912854582, -5.1941093038
2.18, -0.998775156173, 20.7007592874, 0.0087550995221, -5.19385469183
2.19, -0.998699807922, 20.6488483215, 0.00570775493233, -5.19352855052
2.2, -0.998705125903, 20.5969410559, -0.00412992600587, -5.19312052649
2.21, -0.998766539549, 20.5450384889, -0.00439236003942, -5.19259908107
2.22, -0.998764984717, 20.4931418196, 0.00552403783224, -5.19195747129
2.23, -0.99868532499, 20.4412521003, 0.00909883086392, -5.19122365757
2.24, -0.998643959088, 20.3893701318, 0.000139124695549, -5.19041699689
2.25, -0.998683885891, 20.3374966801, -0.00494679587472, -5.18952937203
2.26, -0.998732534827, 20.2856325596, -0.00150710371339, -5.18856230069
2.27, -0.99870211601, 20.2337785073, 0.00745572880159, -5.18752928911
2.28, -0.998628418981, 20.1819350001, 0.00646303360427, -5.18646138523
2.29, -0.998622287965, 20.1301023203, -0.00312321419898, -5.1853680665
2.3, -0.998670467768, 20.0782808107, -0.00469646127693, -5.18423448042
2.31, -0.998697440437, 20.0264708528, 0.00132185513735, -5.18306378582
2.32, -0.99865166231, 19.9746727519, 0.0073015511625, -5.18187051371
2.33, -0.998601063104, 19.922886624, 0.00291821052624, -5.18067228736
2.34, -0.998624709405, 19.8711125221, -0.00481312636177, -5.17946686785
2.35, -0.998680011349, 19.8193506001, -0.00313083964374, -5.17824002986
2.36, -0.998671963932, 19.7676010632, 0.00516212888797, -5.17699588967
2.37, -0.998611912806, 19.7158639733, 0.00607517393894, -5.17575359371
2.38, -0.998600575681, 19.6641392697, -0.00224091351638, -5.17451885717
2.39, -0.998660498481, 19.6124269405, -0.00616305804972, -5.17327979515
2.4, -0.998696654988, 19.5607270877, 0.000805164690307, -5.17202775354
2.41, -0.998653955941, 19.5090397668, 0.00698101294852, -5.17077704547
2.42, -0.998610695681, 19.4573648849, 0.00176840202622, -5.16954004271
2.43, -0.998649541713, 19.4057023252, -0.00647345876781, -5.16831226696
2.44, -0.998718686481, 19.3540520761, -0.00415329893156, -5.16707984225
2.45, -0.998716337043, 19.3024141756, 0.00484496943236, -5.16584627134
2.46, -0.998660941303, 19.2507885431, 0.00531173959873, -5.16462683162
2.47, -0.998662531367, 19.1991750151, -0.00390442314685, -5.16342440522
2.48, -0.998739559331, 19.1475749967, -0.00770843133174, -5.1617872035
2.49, -0.998786104572, 19.095993538, 0.000187680188051, -5.15975928689
2.5, -0.998747559949, 19.0444359171, 0.00652747433175, -5.15708816153
2.51, -0.998713477883, 18.9929074977, 0.000395148940663, -5.15385596385
2.52, -0.998769826831, 18.9414134457, -0.00835067222613, -5.15029216099
2.53, -0.998840868347, 18.8899566958, -0.00586536133539, -5.14641479811
2.54, -0.998863012057, 18.8385407376, 0.00218609359857, -5.1420706324
2.55, -0.998826716327, 18.7871702105, 0.00427692956477, -5.13740781259
2.56, -0.998828858231, 18.7358475493, -0.00347044896611, -5.13250822025
2.57, -0.998905948541, 18.6845758343, -0.00845692243051, -5.1270626766
2.58, -0.998971589493, 18.6333622108, -0.00248945334494, -5.12107812973
2.59, -0.998959316409, 18.5822095021, 0.00438434351437, -5.11489421498
2.6, -0.998934736812, 18.5311200215, 0.000376313166459, -5.10835464892
2.61, -0.998987824966, 18.4800973139, -0.00821647194368, -5.10161324715
2.62, -0.999082102828, 18.4291441751, -0.00728208046003, -5.09439952146
2.63, -0.999113485069, 18.3782639792, 0.00156466291961, -5.08714776488
2.64, -0.999083997592, 18.3274558287, 0.00335916323418, -5.07995238473
2.65, -0.999100435958, 18.2767191636, -0.00529069625207, -5.07287541595
2.66, -0.999196868157, 18.2260528324, -0.0102849416116, -5.06587904954
2.67, -0.999275944616, 18.1754561936, -0.00340120837697, -5.0589203152
2.68, -0.999270010119, 18.1249284728, 0.00378470643925, -5.05212071537
2.69, -0.999255455128, 18.0744677021, -0.00105685738471, -5.04552083875
2.7, -0.999327083478, 18.0240733528, -0.0102527922341, -5.03877538914
2.71, -0.999439112958, 17.9737464475, -0.00868381350433, -5.03207309029
2.72, -0.999479370497, 17.9234861174, 0.000988632265808, -5.02545745663
2.73, -0.999456637824, 17.8732914585, 0.00240532734021, -5.01893514562
2.74, -0.99948824013, 17.8231617804, -0.00721981528514, -5.01244223942
2.75, -0.999593039637, 17.7730966874, -0.0105220498718, -5.00603012821
2.76, -0.999689084848, 17.7230952144, -0.00594428076968, -4.99971444115
2.77, -0.999710048373, 17.6731564119, 0.00140695441286, -4.99347323453
2.78, -0.999708498859, 17.6232798218, -0.00143761720285, -4.98728252428
2.79, -0.999778897985, 17.5734653228, -0.0101461089992, -4.98099542481
2.8, -0.999899213106, 17.5237145919, -0.0104612541157, -4.97454056927
2.81, -0.999965647331, 17.4740299368, -0.00194156313106, -4.96771367032
2.82, -0.999965543565, 17.4244151689, 0.0010020830029, -4.96063813786
2.83, -1.00000041693, 17.3748717825, -0.0069439346222, -4.95343650086
2.84, -1.00011750008, 17.3254020582, -0.0128826305251, -4.94584940474
2.85, -1.00022926399, 17.2760105305, -0.00704994712583, -4.93780895107
2.86, -1.00025792492, 17.2267009101, 0.000735498937198, -4.92954536272
2.87, -1.00026642218, 17.1774744454, -0.00284017286645, -4.9211766078
2.88, -1.00035531893, 17.1283329371, -0.0122258670488, -4.91248863097
2.89, -1.00049447594, 17.0792796992, -0.0120150108981, -4.90360377167
2.9, -1.00057114216, 17.030315646, -0.00261552141983, -4.89464968247
2.91, -1.00057793161, 16.9814423887, 9.47246149223e-05, -4.8852793415
2.92, -1.00062728403, 16.9326660107, -0.00882064304957, -4.87546736971
2.93, -1.00076474258, 16.8839870647, -0.0148396561514, -4.86585297537
2.94, -1.00089104302, 16.8354053779, -0.00803858813291, -4.8558797498
2.95, -1.00092621431, 16.786925183, 0.000160552542314, -4.84562598456
2.96, -1.00094441511, 16.7385474343, -0.00425876453432, -4.83531180037
2.97, -1.00105222085, 16.6902751306, -0.0143429937396, -4.82462805925
2.98, -1.00119579461, 16.6421104119, -0.0134247136774, -4.81371744817
2.99, -1.00129583228, 16.5940558044, -0.00539568993319, -4.80268291568
3.0, -1.00132590061, 16.5461115633, -0.00152411457009, -4.79163647243
3.01, -1.00138075853, 16.4982787711, -0.00869276516638, -4.78032929965
3.02, -1.00151793083, 16.4505600059, -0.0153079712263, -4.76890797429
3.03, -1.00166012824, 16.4029561699, -0.0104924396713, -4.75727525827
3.04, -1.00172257444, 16.3554694079, -0.00235307423873, -4.74555599054
3.05, -1.00175534913, 16.3081008193, -0.00476441896109, -4.73357960216
3.06, -1.00186185494, 16.2608525674, -0.0141155977214, -4.72154813169
3.07, -1.00202599727, 16.21372425, -0.0150673938736, -4.70963283128
3.08, -1.00213681405, 16.1667159206, -0.0060867451486, -4.69743165655
3.09, -1.00217323622, 16.119830525, -0.00232112394704, -4.68512173149
3.1, -1.00224125081, 16.0730681892, -0.0104435976271, -4.672817502
3.11, -1.00239816266, 16.0264287715, -0.017259966865, -4.66054029291
3.12, -1.00255531667, 15.9799129727, -0.011534010725, -4.64804186447
3.13, -1.00262427616, 15.9335232735, -0.00286546271767, -4.63529667036
3.14, -1.00266543261, 15.8872615017, -0.00601396586059, -4.62251920653
3.15, -1.00278943945, 15.8411277925, -0.0161400278087, -4.60969602711
3.16, -1.00297217596, 15.7951222576, -0.016601260086, -4.59679798708
3.17, -1.00309263135, 15.749247571, -0.00665329030264, -4.58354291308
3.18, -1.0031473501, 15.7035057613, -0.00421978870495, -4.57028868672
3.19, -1.00322180567, 15.6578974563, -0.0103521904242, -4.55677101114
3.2, -1.003378047, 15.6124248283, -0.0176321986746, -4.5432248283
3.21, -1.00354988192, 15.5670874748, -0.0138707388535, -4.52972324232
3.22, -1.0036455385, 15.5218853787, -0.00537656770777, -4.51608744836
3.23, -1.00370163361, 15.4768198321, -0.00655968549108, -4.50243705313
3.24, -1.00382415296, 15.4318927263, -0.0158273403007, -4.48845889046
3.25, -1.00401163378, 15.3871053248, -0.0179763205004, -4.47450787917
3.26, -1.00415551951, 15.3424574986, -0.00947082433515, -4.46045695009
3.27, -1.00422059179, 15.2979503996, -0.00461104879863, -4.4464114543
3.28, -1.00430552447, 15.2535837233, -0.0118551257892, -4.43237673353
3.29, -1.00447970658, 15.2093581787, -0.0194735407044, -4.4181416647
3.3, -1.00466600625, 15.1652757702, -0.0148840909917, -4.40373209338
3.31, -1.00476743838, 15.1213372477, -0.00575895256392, -4.38948564456
3.32, -1.00484393475, 15.077539484, -0.0073270658204, -4.37557111498
3.33, -1.00496584244, 15.0338792823, -0.0154579881397, -4.36191274812
3.34, -1.00515595266, 14.9903546927, -0.0190626504439, -4.34848542678
3.35, -1.00532107825, 14.946962859, -0.0121783235147, -4.33531988585
3.36, -1.00541021358, 14.9037027677, -0.00637300920629, -4.32202166333
3.37, -1.00550117444, 14.8605762934, -0.0116410733872, -4.30869971333
3.38, -1.0056722701, 14.8175823855, -0.0195372211465, -4.29551982401
3.39, -1.00587068169, 14.7747186863, -0.0170544946334, -4.28262263635
3.4, -1.00599870701, 14.7319851717, -0.0083630640387, -4.26956148793
3.41, -1.0060771648, 14.6893811539, -0.00817054879611, -4.25659689527
3.42, -1.00621269908, 14.6469068588, -0.0171700301584, -4.24367334643
3.43, -1.00642016854, 14.6045609227, -0.0206208351763, -4.23092653612
3.44, -1.00659585549, 14.5623419773, -0.0128226520306, -4.2182269836
3.45, -1.00668953292, 14.5202495334, -0.0068673833668, -4.20564217585
3.46, -1.0067899331, 14.4782828261, -0.0130193037954, -4.19303146863
3.47, -1.00697830955, 14.436442784, -0.0213702659613, -4.18030913494
3.48, -1.00719167233, 14.3947298182, -0.0181406136657, -4.16766798634
3.49, -1.00732583315, 14.3531425839, -0.00872730334675, -4.15515506236
3.5, -1.00742380281, 14.311680089, -0.0087992030614, -4.14264788355
3.51, -1.00755744312, 14.2703431827, -0.0167081457167, -4.13009494016
3.52, -1.00776742241, 14.2291313385, -0.0217559039547, -4.11764816703
3.53, -1.00796500842, 14.1880429335, -0.0155792177755, -4.10528875951
3.54, -1.00808244399, 14.1470794206, -0.00852692774354, -4.09282067888
3.55, -1.00818735041, 14.1062399709, -0.0126440524444, -4.08035874728
3.56, -1.00837168046, 14.065524951, -0.0214104657137, -4.0679985574
3.57, -1.00859760798, 14.0249340775, -0.0203837749633, -4.0555996387
3.58, -1.00875858786, 13.9844662978, -0.0112889471812, -4.04325825673
3.59, -1.00887137362, 13.9441222437, -0.00988345169841, -4.03084254842
3.6, -1.00900516341, 13.9039031195, -0.0161677875215, -4.01822197213
3.61, -1.00921357521, 13.8638111221, -0.022309248668, -4.00553539466
3.62, -1.00942853512, 13.8238449568, -0.0181180148555, -3.99304771291
3.63, -1.00957139859, 13.7840024582, -0.010613062668, -3.98074529779
3.64, -1.00968504548, 13.7442834778, -0.0125409889803, -3.96837633888
3.65, -1.00986415714, 13.7046880779, -0.0210215686443, -3.9560436207
3.66, -1.01009707018, 13.665215146, -0.0221180421586, -3.94388338086
3.67, -1.01028331526, 13.6258631242, -0.0140277191826, -3.9317938902
3.68, -1.01040081929, 13.5866318852, -0.0103632065603, -3.9197028406
3.69, -1.01054454743, 13.5475222075, -0.017564565315, -3.9075498293
3.7, -1.01076911155, 13.5085334442, -0.0239172183081, -3.89543848746
3.71, -1.01099615241, 13.4696659124, -0.0189195270765, -3.88342989831
3.72, -1.01114349773, 13.4309168391, -0.0109330496962, -3.8716363102
3.73, -1.01127730308, 13.3922859946, -0.0132738040392, -3.8597993461
3.74, -1.01145471069, 13.3537739228, -0.0204705517185, -3.84791672807
3.75, -1.01168789593, 13.3153796864, -0.0229544648467, -3.83622890292
3.76, -1.01189348922, 13.2771013633, -0.0166180159756, -3.8247245607
3.77, -1.01203465419, 13.2389381993, -0.0121243465879, -3.81309449631
3.78, -1.01218397333, 13.200892426, -0.0172394689389, -3.80130036544
3.79, -1.012403368, 13.1629645372, -0.0237135943502, -3.78956160455
3.8, -1.01263997573, 13.1251532471, -0.0208823202332, -3.77788185205
3.81, -1.01281279046, 13.0874594979, -0.0134961868593, -3.76618580548
3.82, -1.01294825414, 13.0498820446, -0.0140680561929, -3.75451434731
3.83, -1.01313789595, 13.0124211624, -0.0219642395597, -3.74292785137
3.84, -1.01338573124, 12.9750770584, -0.0242338026843, -3.73118381724
3.85, -1.01359978516, 12.9378494576, -0.0171269128316, -3.71955313455
3.86, -1.01374485104, 12.900738169, -0.0125835273048, -3.70795658202
3.87, -1.01390279359, 12.8637425133, -0.0184754514919, -3.69637880365
3.88, -1.0141371993, 12.8268624134, -0.0252676658768, -3.68494345167
3.89, -1.01438606253, 12.7900963575, -0.0217390484342, -3.67355368216
3.9, -1.01456361442, 12.7534434804, -0.0137888049681, -3.66223593628
3.91, -1.01470408477, 12.7169035944, -0.0148825651616, -3.65097254935
3.92, -1.01490646513, 12.6804763354, -0.0235250823602, -3.63968248895
3.93, -1.01516931541, 12.644161935, -0.0255070147258, -3.62841472242
3.94, -1.01539118325, 12.607959787, -0.0175348541067, -3.61722420797
3.95, -1.01555226889, 12.5718692955, -0.0141627428216, -3.60606265967
3.96, -1.01571239893, 12.5358903607, -0.0179011273051, -3.59494289496
3.97, -1.01594179656, 12.5000218452, -0.0252848972047, -3.58396479242
3.98, -1.01620308834, 12.4642626967, -0.0239344926457, -3.57311754353
3.99, -1.01640589101, 12.4286112645, -0.0161004253685, -3.56234663557
4.0, -1.01655799832, 12.3930676094, -0.0149931784645, -3.55158640923
4.01, -1.01675419642, 12.3576310353, -0.0227640796758, -3.54093017491
4.02, -1.01701861586, 12.3223002993, -0.0266839693207, -3.53043231124
4.03, -1.01726279726, 12.2870733203, -0.0202545843567, -3.52016117622
4.04, -1.0174424403, 12.2519491531, -0.0165028844284, -3.50979294104
4.05, -1.01760871734, 12.2169287006, -0.0175128337636, -3.49946621198
4.06, -1.0178313271, 12.1820111627, -0.0248514867028, -3.48922560032
4.07, -1.01809988727, 12.147196083, -0.0257047484188, -3.47892291087
4.08, -1.01832726057, 12.1124837824, -0.0186572750175, -3.46871017551
4.09, -1.01849536733, 12.0778727174, -0.0155571347148, -3.45866030719
4.1, -1.01868697411, 12.0433623652, -0.0218519895385, -3.44856779299
4.11, -1.01894851566, 12.0089530318, -0.0272935963968, -3.43843956479
4.12, -1.01921131663, 11.9746445863, -0.0228783356074, -3.42842442267
4.13, -1.01940480679, 11.9404357272, -0.0159882772056, -3.41845014812
4.14, -1.01957516575, 11.9063269018, -0.0183243566213, -3.40840716053
4.15, -1.01980990598, 11.8723193536, -0.0262850037039, -3.39826286649
4.16, -1.02009152884, 11.8384120902, -0.0267530685152, -3.38837139331
4.17, -1.02032491261, 11.8046033397, -0.0189485834351, -3.3785339564
4.18, -1.02050877809, 11.7708928076, -0.0171645746648, -3.36866284279
4.19, -1.02070269296, 11.7372813929, -0.0212451216386, -3.35874606569
4.2, -1.02095796031, 11.7037696669, -0.0271133969775, -3.34871069357
4.21, -1.02123102623, 11.670358489, -0.0248815001651, -3.33855263442
4.22, -1.0214487286, 11.6370502199, -0.0182717103651, -3.32822219401
4.23, -1.02163084059, 11.6038459532, -0.0184459240632, -3.3176171677
4.24, -1.02185870935, 11.5707519232, -0.0253757310477, -3.30614299967
4.25, -1.02213965448, 11.5377781661, -0.0276743867369, -3.29359671738
4.26, -1.02239307014, 11.5049327229, -0.0214886098078, -3.28059357874
4.27, -1.02258396995, 11.4722198144, -0.0171429312395, -3.26687088353
4.28, -1.02278276978, 11.4396513911, -0.0220837499146, -3.25176895476
4.29, -1.02304887345, 11.4072369513, -0.0282617950455, -3.23617860971
4.3, -1.02333043952, 11.3749832443, -0.0253911219021, -3.21993950156
4.31, -1.0235492583, 11.3428922353, -0.0181786131701, -3.20325670144
4.32, -1.02374568225, 11.310970989, -0.0184828962698, -3.18616843026
4.33, -1.02396432626, 11.2792235243, -0.0240821990288, -3.16854268127
4.34, -1.02423897778, 11.2476543476, -0.0279438936393, -3.15032682207
4.35, -1.02450648888, 11.2162719894, -0.023548470009, -3.13121178291
4.36, -1.02471892497, 11.1850849561, -0.0226829827506, -3.11147705073
4.37, -1.02492197521, 11.1541026844, -0.0199201996037, -3.09060280081
4.38, -1.02515460165, 11.1233279537, -0.0250247580625, -3.06923701942
4.39, -1.02542701541, 11.0927740847, -0.0267966575824, -3.0468004912
4.4, -1.0256791916, 11.0624446273, -0.022156757971, -3.02435901456
4.41, -1.02588326374, 11.032340029, -0.0186859788177, -3.00162947646
4.42, -1.02609088694, 11.0024715641, -0.0221644997557, -2.9774235669
4.43, -1.02634759979, 10.9728447317, -0.026742659201, -2.95344823633
4.44, -1.02661623101, 10.9434560909, -0.0246755518047, -2.92944321473
4.45, -1.02683781195, 10.9143129292, -0.0191419450288, -2.90447065171
4.46, -1.02702958984, 10.8854219443, -0.0192270959028, -2.87916283772
4.47, -1.02725749369, 10.8567846424, -0.0247094038809, -2.85369028266
4.48, -1.02752647038, 10.8284030345, -0.0263258709497, -2.82787299721
4.49, -1.0277705226, 10.80028301, -0.0210763634704, -2.80140098892
4.5, -1.02797964635, 10.7724296976, -0.0231575301464, -2.77494204159
4.51, -1.02819667772, 10.7448460881, -0.0236263578885, -2.74792836353
4.52, -1.02840363981, 10.717531845, -0.0194180362831, -2.72060386926
4.53, -1.02861609486, 10.6904920138, -0.0219191119133, -2.69284904339
4.54, -1.02885550855, 10.6637313829, -0.0239071642572, -2.66458532218
4.55, -1.02909191576, 10.6372554834, -0.0216878282924, -2.63574420609
4.56, -1.02929640075, 10.6110736273, -0.0185842077879, -2.60616772035
4.57, -1.02948948429, 10.5851866209, -0.0193990197911, -2.57652778268
4.58, -1.0297075102, 10.5596009641, -0.0224836463147, -2.54587615513
4.59, -1.02994184569, 10.5343251712, -0.0223008019092, -2.51480282767
4.6, -1.03015214612, 10.5093602041, -0.018686369867, -2.48381514945
4.61, -1.03033369742, 10.4847041679, -0.0172489192211, -2.45285092837
4.62, -1.03052593134, 10.4603591377, -0.0200325241351, -2.42171287222
4.63, -1.03074684842, 10.4363247748, -0.0220215824777, -2.39081534012
4.64, -1.03096242687, 10.4125973035, -0.0193900842496, -2.36018604345
4.65, -1.03114240082, 10.3891744856, -0.0160745411435, -2.32979291893
4.66, -1.03131179887, 10.3660563788, -0.0171996156903, -2.29950190033
4.67, -1.03150925412, 10.3432389191, -0.0204819387909, -2.26953085874
4.68, -1.03172256735, 10.3207200132, -0.0200322114553, -2.23985093258
4.69, -1.03190808269, 10.2984968651, -0.0160307741744, -2.21035453161
4.7, -1.03206340468, 10.2765672096, -0.014664758582, -2.18110097929
4.71, -1.03223116484, 10.2549280947, -0.0176568225633, -2.15230700467
4.72, -1.0324279416, 10.2335749813, -0.0194377638566, -2.1238654326
4.73, -1.03261465627, 10.2125029021, -0.0162118323492, -2.0961719841
4.74, -1.03276036424, 10.1917054667, -0.0124799464541, -2.06891382237
4.75, -1.03289410427, 10.1711771345, -0.0136756847021, -2.04228638034
4.76, -1.03305750139, 10.150912317, -0.0170885569495, -2.01621725927
4.77, -1.03323420335, 10.1309050251, -0.0160853089861, -1.99078470576
4.78, -1.03337627075, 10.1111494784, -0.0115477544587, -1.96578105609
4.79, -1.03350262909, 10.0916448062, -0.0112781421533, -1.94050299864
4.8, -1.03362875351, 10.0723927631, -0.0133019258541, -1.91534263572
4.81, -1.03378918947, 10.0533911975, -0.0168397002776, -1.89040997979
4.82, -1.03396398756, 10.0346385087, -0.0159955187546, -1.8655015769
4.83, -1.03410838369, 10.0161336268, -0.0119380995305, -1.84097632251
4.84, -1.03422517601, 9.99787351035, -0.0110242988414, -1.81650743802
4.85, -1.0343586674, 9.97985482161, -0.0142551517476, -1.79276651367
4.86, -1.0345196243, 9.96206927404, -0.0156312277176, -1.76990753896
4.87, -1.03466653746, 9.94450679542, -0.012216680351, -1.74813213252
4.88, -1.0347753847, 9.92715727259, -0.00921611922602, -1.72728648064
4.89, -1.03488201072, 9.9100107379, -0.0114119122521, -1.70745619108
4.9, -1.03502458964, 9.89305803611, -0.0150710965239, -1.68856577905
4.91, -1.03518062808, 9.87628880743, -0.014013524298, -1.67066949713
4.92, -1.03530414936, 9.85969380523, -0.00987297877474, -1.65373719406
4.93, -1.03540226742, 9.84326379954, -0.00944131706508, -1.63765277331
4.94, -1.03552351633, 9.82698883709, -0.0133111914476, -1.62258060814
4.95, -1.03567629363, 9.81086168092, -0.0148249105179, -1.60818753122
4.96, -1.03581362813, 9.79487390876, -0.0111002769316, -1.5946596195
4.97, -1.0359105549, 9.77901759231, -0.00799982849729, -1.58185365276
4.98, -1.03600678038, 9.76328649718, -0.0105034117166, -1.56954918966
4.99, -1.03614173386, 9.74767553905, -0.0143199112085, -1.55786196603
5.0, -1.03628875644, 9.73217817983, -0.0129168397822, -1.54676796021
5.01, -1.03639924795, 9.7167894652, -0.00845980789085, -1.53608543261
5.02, -1.03648428245, 9.7015080747, -0.00831984260324, -1.52517498541
5.03, -1.03659724692, 9.68633678851, -0.0127221596109, -1.51412753178
5.04, -1.03674464747, 9.67127646759, -0.0142510066795, -1.50291317026
5.05, -1.03687404002, 9.65632948354, -0.0101371871503, -1.49154877097
5.06, -1.03696062891, 9.6414968558, -0.00700513484155, -1.47995572284
5.07, -1.03704927334, 9.62678123093, -0.00995543252458, -1.46822494808
5.08, -1.03718038702, 9.61218276118, -0.0139503777332, -1.45661761271
5.09, -1.03732177781, 9.59770285047, -0.0121070399403, -1.44449148411
5.1, -1.03742164958, 9.58334331161, -0.00725412366981, -1.43245287622
5.11, -1.03749537455, 9.56910667422, -0.00733610939357, -1.4199684436
5.12, -1.03760113285, 9.55499507206, -0.0121750617369, -1.40744106714
5.13, -1.03774304432, 9.54100928529, -0.0135873215979, -1.39473790294
5.14, -1.03786310755, 9.52715034132, -0.00899347607724, -1.38221849448
5.15, -1.03793754097, 9.51341641652, -0.00584822286851, -1.36958463572
5.16, -1.03801717724, 9.49980950403, -0.00929906395881, -1.35684768848
5.17, -1.0381435059, 9.48633107752, -0.0135272822997, -1.34398585697
5.18, -1.03827863823, 9.47298110694, -0.011245512189, -1.33110218085
5.19, -1.03836722755, 9.45976121193, -0.00597190255976, -1.31794024684
5.2, -1.03842925956, 9.44667476866, -0.00634161489372, -1.3043955761
5.21, -1.03852797204, 9.43372585764, -0.011662898574, -1.29040651045
5.22, -1.0386644556, 9.42091814652, -0.0129178329957, -1.27625713419
5.23, -1.03877454411, 9.40825364373, -0.00773355307349, -1.26168618962
5.24, -1.03883532741, 9.3957361492, -0.00451229446281, -1.2469217214
5.25, -1.03890461497, 9.3833670197, -0.00853329662663, -1.23202154501
5.26, -1.03902518989, 9.37114683748, -0.0129980014762, -1.21701068875
5.27, -1.03915253109, 9.35908139072, -0.0101920925504, -1.20137114146
5.28, -1.03922793679, 9.34717295479, -0.00452376458328, -1.18518812981
5.29, -1.03927661099, 9.33543015065, -0.00521356969058, -1.16855150046
5.3, -1.03936715157, 9.32385466055, -0.0110419996202, -1.15164344132
5.31, -1.03949695078, 9.31244932768, -0.0120833827617, -1.13463837819
5.32, -1.03959505838, 9.30121356403, -0.00627049604942, -1.11772459716
5.33, -1.03965321917, 9.29014774498, -0.00420345145413, -1.1005638578
5.34, -1.03970431818, 9.27925509604, -0.00580831526991, -1.08309597339
5.35, -1.03979740968, 9.26853926075, -0.010738520584, -1.06526625731
5.36, -1.03991546314, 9.25800167215, -0.0103399995351, -1.04751779397
5.37, -1.03999658004, 9.24764104751, -0.00494080667375, -1.02969486445
5.38, -1.04003738951, 9.23746061896, -0.0032826814089, -1.01160466294
5.39, -1.04009980092, 9.22746099129, -0.00798368041288, -0.99356720195
5.4, -1.04020820159, 9.21764083781, -0.0110228576375, -0.975761003081
5.41, -1.04030775902, 9.2079965352, -0.00702602694641, -0.958400750142
5.42, -1.04035512958, 9.19852345785, -0.00234453382296, -0.941494780568
5.43, -1.04039163481, 9.18921889651, -0.0046205074055, -0.924551287424
5.44, -1.0404754845, 9.18008436275, -0.00993973610206, -0.907496715087
5.45, -1.040584226, 9.17112078765, -0.00920123890324, -0.890456686023
5.46, -1.04065090445, 9.16232711176, -0.00330658702896, -0.873500746827
5.47, -1.0406758429, 9.15370318776, -0.00185504927172, -0.856418335013
5.48, -1.04072737718, 9.14525099682, -0.00715306565753, -0.839252126951
5.49, -1.04082823537, 9.13696968059, -0.010198564012, -0.822246522611
5.5, -1.04091642145, 9.12885774551, -0.00560865751881, -0.805281869794
5.51, -1.04095247803, 9.12091585154, -0.00534986795797, -0.788532837276
5.52, -1.04098334355, 9.113145173, -0.00267292380865, -0.77110020428
5.53, -1.04104004166, 9.10554650947, -0.00706096909092, -0.753874380611
5.54, -1.04112924954, 9.0981194931, -0.00828790592994, -0.736679914645
5.55, -1.04119768442, 9.09086451459, -0.00399720440962, -0.719540303967
5.56, -1.04122366939, 9.08378040586, -0.00106680073011, -0.702490444847
5.57, -1.04125418381, 9.07686809787, -0.00422074795474, -0.685049148911
5.58, -1.04132718565, 9.07013132472, -0.00804070556762, -0.667543951383
5.59, -1.04140765273, 9.06356894166, -0.005893467516, -0.650177580088
5.6, -1.04144506486, 9.05718002507, -0.00104333248154, -0.632761625248
5.61, -1.04145803521, 9.05096569835, -0.00136711670278, -0.615326721878
5.62, -1.04150435321, 9.04492455121, -0.00619192524589, -0.598204681747
5.63, -1.04158463149, 9.03905263876, -0.00727391894642, -0.581464359037
5.64, -1.04164021847, 9.03334559993, -0.00250481915854, -0.565222929393
5.65, -1.0416507131, 9.02779861679, 0.000421103501143, -0.549424386233
5.66, -1.04166907945, 9.02240768437, -0.00325011354838, -0.534005289314
5.67, -1.04173407667, 9.01716888987, -0.0072731688417, -0.519001766604
5.68, -1.04180486938, 9.01207769413, -0.00470127553607, -0.504473327669
5.69, -1.0418281846, 9.00712945119, 0.000461213631701, -0.490381559597
5.7, -1.0418276999, 9.00232029989, -0.000236741843188, -0.476636687798
5.71, -1.04186577824, 8.99764694822, -0.00555501630952, -0.463226526034
5.72, -1.04193941295, 8.99310566826, -0.00647062077453, -0.450222848444
5.73, -1.04198405303, 8.9886921904, -0.00118891521639, -0.437643204525
5.74, -1.04198098803, 8.98440267209, 0.0016941326777, -0.425404036922
5.75, -1.04198975241, 8.98023414052, -0.00255904680916, -0.41344273697
5.76, -1.04204959063, 8.97618364485, -0.00677871230689, -0.401805888318
5.77, -1.04211312241, 8.97224751326, -0.00372316431053, -0.390559303478
5.78, -1.04212435713, 8.96842196996, 0.00176211811343, -0.379659487172
5.79, -1.04211271867, 8.96470408321, 0.000638356727132, -0.369012731232
5.8, -1.04214527331, 8.96109147188, -0.00519212301656, -0.358613791589
5.81, -1.0422147376, 8.95758121398, -0.00588668950148, -0.348545044842
5.82, -1.04225030811, 8.95416979551, -4.52972699079e-05, -0.338823505239
5.83, -1.04223551137, 8.95085418176, 0.00276419744679, -0.329358673214
5.84, -1.04223700146, 8.94763224385, -0.00212011238743, -0.320089255236
5.85, -1.04229413824, 8.94450179739, -0.00651281373077, -0.311072976302
5.86, -1.0423523117, 8.9414598407, -0.00290649065488, -0.30238156935
5.87, -1.04235295861, 8.93850327996, 0.00290932304263, -0.293965319975
5.88, -1.04233199655, 8.93562993251, 0.00130281695714, -0.285726359152
5.89, -1.04236130036, 8.93283814916, -0.00505794574127, -0.277665245391
5.9, -1.04242858486, 8.93012564022, -0.00547101402925, -0.269876403956
5.91, -1.04245644352, 8.92748948615, 0.000977621890751, -0.262371968647
5.92, -1.04244430142, 8.92492742645, 0.00249943249565, -0.255043243107
5.93, -1.04243388, 8.92243775831, -3.01896422845e-05, -0.247882995162
5.94, -1.04246985245, 8.92001890561, -0.00487070170231, -0.240893845737
5.95, -1.04252464341, 8.91766871981, -0.00362599905489, -0.234148864206
5.96, -1.0425372648, 8.91538469808, 0.00183231599341, -0.227638953041
5.97, -1.04251548767, 8.91316496384, 0.00249973718565, -0.221275737356
5.98, -1.04252416193, 8.91100830612, -0.00274834050066, -0.215031911426
5.99, -1.04257732816, 8.90891318219, -0.00511739287272, -0.208978902824
6.0, -1.04261365437, 8.90687734943, -0.000486744824351, -0.203160488582
6.01, -1.04259812193, 8.90489874472, 0.00357575551444, -0.19750998294
6.02, -1.04258145563, 8.90297616171, 0.000300700675187, -0.191953617923
6.03, -1.04261652844, 8.90110858178, -0.00487018635254, -0.18652389788
6.04, -1.04266953029, 8.89929424424, -0.00321271070781, -0.181303876604
6.05, -1.04267514342, 8.897531031, 0.00269278430626, -0.176277158247
6.06, -1.04264578322, 8.89581752147, 0.00306266897435, -0.171348780824
6.07, -1.04265225563, 8.89415297464, -0.00276634241493, -0.166495456905
6.08, -1.04270587335, 8.89253622366, -0.00505215451868, -0.161800507475
6.09, -1.04273826977, 8.89096534535, 0.000178011685125, -0.157307813294
6.1, -1.04271483745, 8.88943864742, 0.00433857241338, -0.152941625581
6.11, -1.04269358058, 8.88795535254, 0.000466129064767, -0.14862632449
6.12, -1.04272941846, 8.88651482405, -0.00502413261734, -0.144405621108
6.13, -1.04278179619, 8.88511558707, -0.0028833477084, -0.140368412114
6.14, -1.04278101991, 8.88375581069, 0.00349584850625, -0.136490056603
6.15, -1.04274489854, 8.88243443749, 0.00351627069454, -0.132673373526
6.16, -1.04275051766, 8.88115110774, -0.00292763785567, -0.128896108335
6.17, -1.04280579697, 8.8799049435, -0.00508027792207, -0.125252848405
6.18, -1.04283483564, 8.87869424406, 0.00080829741455, -0.12178868486
6.19, -1.04280391157, 8.87751760368, 0.00504168706891, -0.118417181843
6.2, -1.04277902531, 8.87637460142, 0.00050924374753, -0.115062708309
6.21, -1.04281687615, 8.87526490247, -0.00529034254534, -0.111777066998
6.22, -1.0428693623, 8.87418723225, -0.0025946072336, -0.108657029281
6.23, -1.04286241861, 8.87313996938, 0.00427681373387, -0.105671375795
6.24, -1.04283419676, 8.87212249891, 0.00414149129726, -0.10271251843
6.63, -1.0431177309, 8.84183271411, -0.00164314909058, -0.101308711293
6.64, -1.0431039891, 8.84082653414, 0.00453192082879, -0.104690905829
6.65, -1.04306583094, 8.83978531575, 0.0030231407391, -0.108305068697
6.66, -1.04308036407, 8.83870734299, -0.00382240649868, -0.112099292794
6.67, -1.04313808775, 8.83758859455, -0.00465445286377, -0.116379019599
6.68, -1.04315727636, 8.83642598398, 0.00198579525991, -0.120853266779
6.69, -1.0431199575, 8.83521757164, 0.00502776129626, -0.12556756348
6.7, -1.04310337381, 8.83396091785, -0.000774127211596, -0.130527391417
6.71, -1.04315203553, 8.83265235334, -0.00589817745846, -0.135956838061
6.72, -1.0432022966, 8.83128651059, -0.00178792359853, -0.141953082869
6.73, -1.04318729813, 8.82985841694, 0.00475194184069, -0.148397733608
6.74, -1.04314948411, 8.82836370567, 0.00267962777095, -0.155267216805
6.75, -1.04317131649, 8.82679882057, -0.00476399430426, -0.16236910514
6.76, -1.0432374511, 8.82516259238, -0.00526501245924, -0.16959238431
6.77, -1.04325870704, 8.82344623721, 0.00206182404577, -0.17831830099
6.78, -1.04323389475, 8.82164204454, 0.00374391539656, -0.187136792396
6.79, -1.04321602999, 8.81974854978, 0.00021949664366, -0.196153085374
6.8, -1.04325464255, 8.81776230697, -0.00535980668997, -0.20587832351
6.81, -1.04331234432, 8.81567543814, -0.00357340787442, -0.216111203616
6.82, -1.04332000541, 8.81348349132, 0.00259683660372, -0.226967309574
6.83, -1.04329247134, 8.81117935874, 0.00273866751036, -0.238526865596
6.84, -1.04330539679, 8.80875675926, -0.00364381293204, -0.250691393473
6.85, -1.04336935395, 8.80620712476, -0.00609840842352, -0.263890838113
6.86, -1.04341093951, 8.80352100459, -0.000589083972978, -0.277994067368
6.87, -1.04339463043, 8.80068837567, 0.00361035242777, -0.293111535952
6.88, -1.04338337688, 8.79770096606, -0.000790243751542, -0.308977067472
6.89, -1.04343496285, 8.79455158085, -0.00675921545251, -0.325344434529
6.9, -1.0435046457, 8.79123665018, -0.00449883398765, -0.342277211565
6.91, -1.0435184904, 8.78774649185, 0.00213929526853, -0.360308856602
6.92, -1.04349726077, 8.78407108579, 0.00184535541492, -0.379268488128
6.93, -1.04352345494, 8.78020036674, -0.00526000015502, -0.39957824157
6.94, -1.04360400086, 8.77612070966, -0.00762812709132, -0.420715758329
6.95, -1.0436572581, 8.77182679271, -0.00145211706889, -0.442858170167
6.96, -1.04364861814, 8.76729930853, 0.00276805827331, -0.46710181712
6.97, -1.04364992063, 8.76252358042, -0.00241935706701, -0.492489242075
6.98, -1.04372089429, 8.75748911835, -0.00879373533936, -0.518889252254
6.99, -1.04380861896, 8.75218492568, -0.00600513188216, -0.546162283786
7.0, -1.04383438054, 8.74660488256, 0.00111288726104, -0.574519769762
7.01, -1.04382551529, 8.7407313368, 0.000298398178785, -0.604292553692
7.02, -1.04387223166, 8.73455959114, -0.00763935016612, -0.634182566328
7.03, -1.0439768059, 8.72808685235, -0.00985523824475, -0.664753588672
7.04, -1.04404798487, 8.72130282758, -0.00289576205392, -0.696137048043
7.05, -1.04405288306, 8.71420416763, 0.0013143046976, -0.727654304292
7.06, -1.04407345184, 8.70678976491, -0.00476440015701, -0.759267361081
7.07, -1.04417091624, 8.69905812472, -0.011507321911, -0.791397928371
7.08, -1.04428248206, 8.690999898, -0.00801174594062, -0.824298354417
7.09, -1.04432462174, 8.68261179704, -0.000368043152566, -0.857601377341
7.1, -1.04433314903, 8.67388643921, -0.00178273684834, -0.891621152432
7.11, -1.04440543575, 8.66481508221, -0.0104863237971, -0.926621872737
7.12, -1.04453800618, 8.65539270288, -0.012436088971, -0.961830373968
7.13, -1.04463043462, 8.64561882246, -0.00467553751347, -0.996940119488
7.14, -1.04465241645, 8.63548793056, -0.000516424287361, -1.03358827228
7.15, -1.04469609844, 8.62498740082, -0.00749440827902, -1.07030932627
7.16, -1.04482365935, 8.6141174917, -0.014558190199, -1.10756081161
7.17, -1.04496220309, 8.60287518112, -0.0103164495431, -1.14524460357
7.18, -1.04502372489, 8.59124749026, -0.00215659094504, -1.18390101714
7.19, -1.04505293649, 8.57923396132, -0.00421675305981, -1.22278314374
7.2, -1.04515465098, 8.56682894484, -0.0137354662057, -1.26225709206
7.21, -1.04531909159, 8.55402502486, -0.0153790538583, -1.30254683405
7.22, -1.04543589176, 8.54081423976, -0.00673269475706, -1.34355851528
7.23, -1.04547780211, 8.52719039664, -0.00265772101498, -1.38504502473
7.24, -1.04554827797, 8.51315220539, -0.0106321008494, -1.42646929998
7.25, -1.04571008595, 8.49869769398, -0.018007562623, -1.46825869434
7.26, -1.0458790084, 8.48382549994, -0.0129169893112, -1.50986510779
7.27, -1.04596254404, 8.46854140173, -0.00419355470355, -1.55056871357
7.28, -1.04602986448, 8.45284449727, -0.00669543329006, -1.59240084457
7.29, -1.04614740645, 8.4367313516, -0.0149583597878, -1.63403405745
7.3, -1.04633051732, 8.42020318196, -0.0181119305279, -1.67531715302
7.31, -1.0464859528, 8.40326082203, -0.0112475265182, -1.71705364192
7.32, -1.04657020361, 8.38590152976, -0.00623196907181, -1.75846932626
7.33, -1.04666397196, 8.3681311105, -0.0120658323106, -1.79942087112
7.34, -1.04683863131, 8.34995175496, -0.0196581163163, -1.8402500859
7.35, -1.04703621783, 8.331365845, -0.016816978282, -1.88061355513
7.36, -1.04716426195, 8.31237904931, -0.00861255624633, -1.92047064322
7.37, -1.04725040477, 8.29299741926, -0.00924192938365, -1.95955907329
7.38, -1.04739823887, 8.27322937011, -0.0183022242399, -1.99779056968
7.39, -1.04761442734, 8.25308368846, -0.0211985654087, -2.03506787203
7.4, -1.04779545538, 8.23257102659, -0.0133972105063, -2.07114156682
7.41, -1.04789936642, 8.21170580009, -0.00824169752213, -2.10553941657
7.42, -1.04801726261, 8.19050543078, -0.0148662657098, -2.13831738744
7.43, -1.04822240618, 8.16898457856, -0.0227407373467, -2.16962789374
7.44, -1.04844663185, 8.14715804714, -0.0190341393958, -2.19966870586
7.45, -1.04859180705, 8.12504029214, -0.0100710406245, -2.22787195808
7.46, -1.04870855675, 8.10264739872, -0.0108788495881, -2.25473383169
7.47, -1.04886298275, 8.07999226998, -0.018585661094, -2.28034489512
7.48, -1.04908830204, 8.05708828477, -0.0229802592919, -2.30452704261
7.49, -1.04929773892, 8.0339476637, -0.0168277796359, -2.32783243485
7.5, -1.04943172506, 8.01058127776, -0.0104850083523, -2.34957237555
7.51, -1.0495585239, 7.98700399439, -0.0148206352411, -2.3700308941
7.52, -1.04976168733, 7.96322969176, -0.0229293909195, -2.38915518199
7.53, -1.04999977241, 7.93926869698, -0.021430829631, -2.40741076644
7.54, -1.0501734073, 7.91512916461, -0.0128037908534, -2.42485818031
7.55, -1.05030571914, 7.89082080775, -0.0119964703085, -2.44114149397
7.56, -1.05045938063, 7.86635639496, -0.0178689807315, -2.45612639361
7.57, -1.05068054761, 7.84174709959, -0.0232458683389, -2.47022797665
7.58, -1.05090449345, 7.81700113451, -0.0191077309434, -2.48341674806
7.59, -1.05106127941, 7.79212816892, -0.0122968031637, -2.4956252992
7.6, -1.05119321278, 7.76713831297, -0.0142833020725, -2.50690103451
7.61, -1.05138576403, 7.74203925983, -0.0219458669026, -2.51746844221
7.62, -1.05162469401, 7.71684203035, -0.0225667490287, -2.52666925857
7.63, -1.05181776859, 7.69155499671, -0.0149773639061, -2.53539580964
7.64, -1.05196153921, 7.66618400734, -0.0130061416908, -2.54347273238
7.65, -1.05211126795, 7.64073708402, -0.0166056901861, -2.55046534741
7.66, -1.05231938884, 7.61522487723, -0.0223992507722, -2.55671856931
7.67, -1.05254708247, 7.58965302119, -0.0204749961861, -2.56243221054
7.68, -1.05272145105, 7.56402763325, -0.0138921558314, -2.56727438614
7.69, -1.05285758947, 7.53835818266, -0.0136050666001, -2.57139856389
7.7, -1.05303484861, 7.51265019003, -0.0201844505372, -2.57501287675
7.71, -1.0532646569, 7.48690842049, -0.0226694405143, -2.57818979616
7.72, -1.05346995146, 7.46113694554, -0.0167665590951, -2.5807914783
7.73, -1.05361299098, 7.43534461454, -0.012193122929, -2.58254211646
7.74, -1.05375949285, 7.40953677175, -0.016616999318, -2.58389343799
7.75, -1.05397008977, 7.38371768293, -0.0227175537826, -2.58474510442
7.76, -1.05419831985, 7.35789351783, -0.0202245891877, -2.58503236293
7.77, -1.05436658632, 7.33206829763, -0.0130957933541, -2.584857795
7.78, -1.0544959867, 7.3062475836, -0.0131700029231, -2.58412146135
7.79, -1.05467272958, 7.28043798655, -0.020394110373, -2.58276118938
