timestamp, prius1 x posi, prius1 y posi, prius1 x vel, prius1 y vel.
0.0, 0.0, 0.0, 0.0, 0.0
0.01, -24.9961250632, -0.999913081912, 0.225422215779, 0.0009473100245
0.02, -24.993417619, -0.999936876425, 0.294648719288, -0.00617326736756
0.03, -24.9900267724, -0.999994000968, 0.362767284208, -0.00510343531455
0.04, -24.9859660974, -0.9999943703, 0.430034199487, 0.00276104744278
0.05, -24.9812392892, -1.00000614014, 0.49676181916, -0.00114281030823
0.06, -24.975850419, -1.00001180177, 0.563170985543, 0.00151135901185
0.0700000000001, -24.9698030737, -0.999987577594, 0.629428032436, 0.00377114653354
0.08, -24.9630989453, -0.999965353604, 0.695497007128, 0.0014632634545
0.09, -24.9557406363, -0.999977936904, 0.761249445347, -0.00201685223124
0.1, -24.9477001906, -1.00000593827, 0.837210402207, -0.00201885952617
0.11, -24.9388214853, -1.0000491106, 0.924785922133, -0.00514232229263
0.12, -24.9290717024, -1.00010298224, 1.01293319147, -0.00278274980629
0.13, -24.9184466645, -1.00009323606, 1.10120953484, 0.0052243445417
0.14, -24.9069462882, -1.00003707057, 1.18945404503, 0.00543740918753
0.15, -24.8945711126, -1.00003448915, 1.27715213717, -0.00304845521771
0.16, -24.8813260532, -1.00009988957, 1.36393360088, -0.00636824733509
0.17, -24.867219488, -1.00013607578, 1.44958283433, 0.00087789713777
0.18, -24.8522617294, -1.00009655236, 1.53418447966, 0.00627270547691
0.19, -24.8364632455, -1.00006601576, 1.61774217943, 0.000225332242197
0.2, -24.8198343891, -1.0001197137, 1.70026941868, -0.00761050609356
0.21, -24.8023853863, -1.00019462861, 1.78178167999, -0.00417367099636
0.22, -24.7841263396, -1.0001905598, 1.86228941027, 0.00511282558507
0.23, -24.7650672299, -1.00013633959, 1.94180135872, 0.00496947715447
0.24, -24.7452179185, -1.0001433544, 2.02033001322, -0.00432225493319
0.25, -24.7245881573, -1.00022048404, 2.09789185606, -0.0072118563258
0.26, -24.7031875648, -1.00025844235, 2.1745032543, 0.00125088567827
0.27, -24.6810260145, -1.0002126091, 2.25013863502, 0.00690026559763
0.28, -24.6581157001, -1.00018073043, 2.32481181128, -0.000129781209554
0.29, -24.6344687692, -1.00024180959, 2.39855480393, -0.00845025634565
0.3, -24.6100957073, -1.00032074601, 2.47146961108, -0.00411836742516
0.31, -24.5850051561, -1.00031160413, 2.54350919021, 0.00573862619176
0.32, -24.5592058807, -1.00025529147, 2.61465931926, 0.00460888341677
0.33, -24.5327066837, -1.00027258195, 2.68493030565, -0.00575891522604
0.34, -24.5055162009, -1.00036203677, 2.75433608139, -0.0080174806786
0.35, -24.4776430535, -1.00040017431, 2.82273444197, 0.00179591402777
0.36, -24.449099355, -1.00034811258, 2.88896752934, 0.00731170781565
0.37, -24.4199038849, -1.00031872853, 2.95322340864, -0.000886758183225
0.38, -24.3900761171, -1.00038906369, 3.0155350417, -0.00925896940296
0.39, -24.3596351063, -1.00046979929, 3.0759603988, -0.00372719315272
0.4, -24.328599617, -1.00045225024, 3.13451315304, 0.00670225788125
0.41, -24.2969882292, -1.00040568935, 3.1912191736, 0.00486482500034
0.42, -24.2648191423, -1.00041194908, 3.2461237815, -0.00430889767307
0.43, -24.2321100504, -1.0004924738, 3.29928737552, -0.00791480345152
0.44, -24.1988780482, -1.00053982387, 3.35077412769, 0.000274383730898
0.45, -24.1651396204, -1.00049977583, 3.40063891156, 0.00676929872412
0.46, -24.1309106919, -1.00046351991, 3.44893363619, 0.000656604683507
0.47, -24.0962066674, -1.00051712199, 3.49571158835, -0.00796951822253
0.48, -24.0610424251, -1.00059673108, 3.54103150139, -0.00461646213977
0.49, -24.0254323007, -1.00059299185, 3.5849439978, 0.00537509616803
0.5, -23.9893901376, -1.00053402062, 3.62749112836, 0.00537994681389
0.51, -23.9529293479, -1.00054074061, 3.66871424665, -0.00473634687022
0.52, -23.9160629226, -1.00062536499, 3.70866150396, -0.00810496135874
0.53, -23.8788033884, -1.00066873166, 3.7473824949, 0.00113063398908
0.54, -23.8411628173, -1.00061809155, 3.78491451551, 0.00775618686602
0.55, -23.8031528999, -1.00057705894, 3.82129115606, 0.000639953393702
0.56, -23.7647849847, -1.00063439117, 3.85654891158, -0.00843697867232
0.57, -23.7260700363, -1.00070041032, 3.89073449175, -0.00479189375745
0.58, -23.6870186108, -1.00070583339, 3.92388353148, 0.00423015868514
0.59, -23.6476409038, -1.00065089795, 3.9560267156, 0.00584642986402
0.6, -23.6079468068, -1.00064286235, 3.98719184511, -0.00274624745694
0.61, -23.5679459203, -1.00071155475, 4.01741333669, -0.00723029943347
0.62, -23.5276474987, -1.00075766732, 4.0467306271, 8.09392139165e-05
0.63, -23.4870604435, -1.0007171887, 4.0751717855, 0.00720514990678
0.64, -23.4461933783, -1.00066969294, 4.10275945524, 0.00222807058968
0.65, -23.405054697, -1.00070728478, 4.12951786476, -0.00662476370257
0.66, -23.3636525235, -1.00077998486, 4.15548270295, -0.00447377222281
0.67, -23.3219946553, -1.00077697046, 4.18068418307, 0.00537188076301
0.68, -23.2800886128, -1.0007117356, 4.20514194831, 0.00658383460325
0.69, -23.2379417223, -1.00070177701, 4.22887302546, -0.00295122088267
0.7, -23.1955611165, -1.00077305483, 4.25190363309, -0.00732320130816
0.71, -23.1529536533, -1.00081455744, 4.27426690559, 0.00100407026772
0.72, -23.1101259076, -1.0007622878, 4.29598239119, 0.00837220459594
0.73, -23.0670842651, -1.00070777912, 4.31706353949, 0.00245301075356
0.74, -23.0238349768, -1.00074718123, 4.33752563742, -0.00695423263784
0.75, -22.9803840935, -1.00081970553, 4.35739946409, -0.00402300760262
0.76, -22.9367373933, -1.00080675909, 4.37670874817, 0.00666266983618
0.77, -22.892900448, -1.00074487497, 4.39546424881, 0.00693392048861
0.78, -22.848878719, -1.00072084137, 4.41367856683, -0.000986023857017
0.79, -22.804677528, -1.00077559328, 4.43136834268, -0.00631739224419
0.8, -22.7603019992, -1.00081823589, 4.44856118802, 0.000110437352589
0.81, -22.715757025, -1.00077533704, 4.46527294545, 0.00783169135454
0.82, -22.6710473559, -1.00071484215, 4.48151161584, 0.00398026916127
0.83, -22.6261776688, -1.00073457462, 4.49728511855, -0.00508030873209
0.84, -22.581152509, -1.00079837106, 4.51261700502, -0.00412846723252
0.85, -22.5359762018, -1.00079427907, 4.52752839023, 0.00553629447633
0.86, -22.4906528989, -1.00072135411, 4.54202735721, 0.00792383566395
0.87, -22.445186688, -1.00069339499, 4.55611707065, -0.0010230087246
0.88, -22.3995815959, -1.00074983955, 4.56981054642, -0.00638297767982
0.89, -22.3538414778, -1.00078801893, 4.58313330618, 0.00101490298135
0.9, -22.307969986, -1.00073302534, 4.59609642825, 0.00908372101236
0.91, -22.2619706824, -1.00066422168, 4.60870243476, 0.00435133603138
0.92, -22.2158471142, -1.00068477476, 4.62095370664, -0.00536561269563
0.93, -22.1696027328, -1.00074867913, 4.63287245629, -0.00374528696108
0.94, -22.1232407878, -1.00073519269, 4.64447689121, 0.00681292900388
0.95, -22.0767643925, -1.00066495314, 4.65576910571, 0.00838462295159
0.96, -22.0301766467, -1.00062191756, 4.66675193746, 0.00101045020143
0.97, -21.9834806095, -1.00066191646, 4.67743110404, -0.00544122550759
0.98, -21.9366792229, -1.00070209786, 4.68782914991, 4.79802247522e-05
0.99, -21.889775248, -1.00065657007, 4.69795687197, 0.00859459781796
1.0, -21.8427713672, -1.00058088031, 4.70781455731, 0.0059760499161
1.01, -21.795670281, -1.00058136569, 4.71739989389, -0.00351172685178
1.02, -21.7484746416, -1.00063737901, 4.72672944286, -0.00396195267013
1.03, -21.7011869314, -1.00063353657, 4.73582168854, 0.00565946629888
1.04, -21.6538094982, -1.00055191855, 4.74467920503, 0.00946158278227
1.05, -21.6063446942, -1.00050409571, 4.75329721758, 0.00102958016714
1.06, -21.5587948947, -1.00054605205, 4.76167977768, -0.00559818005612
1.07, -21.5111623606, -1.0005829883, 4.76984989634, 0.000839423994582
1.08, -21.4634489965, -1.00053051958, 4.7779969056, 0.00513933088551
1.09, -21.4156573931, -1.00045380226, 4.78557305372, 0.00733664685568
1.1, -21.3677890823, -1.00043521129, 4.79312093133, -0.00159650439901
1.11, -21.3198463025, -1.00048138951, 4.80046895622, -0.00393912366587
1.12, -21.2718309746, -1.00048597006, 4.80763610249, 0.00448358951381
1.13, -21.2237448847, -1.00040945712, 4.81462518164, 0.00981925309979
1.14, -21.1755898251, -1.0003469767, 4.82143018857, 0.00312586235211
1.15, -21.127367642, -1.00037095395, 4.82804978706, -0.00447255677732
1.16, -21.0790801059, -1.00040892612, 4.83450449019, -0.00013633494186
1.17, -21.0307288222, -1.00036256593, 4.84080426916, 0.00917791219011
1.18, -20.9823153373, -1.00027254791, 4.84694566181, 0.00798321868114
1.19, -20.9338412693, -1.00025284493, 4.85291964357, -0.0018171255662
1.2, -20.8853082469, -1.00030053951, 4.85873765926, -0.00383076745561
1.21, -20.8367177523, -1.0002984503, 4.86441901046, 0.00556963239659
1.22, -20.7880711347, -1.0002203206, 4.86996224987, 0.00859573104547
1.23, -20.7393698039, -1.00015232158, 4.87536356459, 0.00462857527958
1.24, -20.6906151898, -1.00015777083, 4.88061823922, -0.00276794220074
1.25, -20.6418086901, -1.0001886601, 4.88574285734, -0.000364297067658
1.26, -20.5929515567, -1.00015145795, 4.89074871072, 0.00809564030631
1.27, -20.544044975, -1.00006436157, 4.89563290274, 0.00859092314131
1.28, -20.4950901985, -1.00002888849, 4.90038592886, 0.000230344824361
1.29, -20.4460885163, -1.00006082792, 4.90501410972, -0.00301293395816
1.3, -20.3970411012, -1.00006203766, 4.9095360298, 0.0045004806397
1.31, -20.3479489977, -0.999983267777, 4.91395375838, 0.0104370544552
1.32, -20.2988132721, -0.999907940442, 4.91825879792, 0.00486182377926
1.33, -20.2496350815, -0.999914453976, 4.9224450669, -0.00298008976874
1.34, -20.2004155405, -0.999944286905, 4.9265308382, 0.00012602999593
1.35, -20.1511556077, -0.999897725552, 4.93052674717, 0.00926383758345
1.36, -20.1018561863, -0.999800755872, 4.93442795105, 0.00925868480744
1.37, -20.0525182753, -0.999763798307, 4.93822208933, 3.06988592833e-05
1.38, -20.0031429211, -0.999797698748, 4.94191627911, -0.003005026592
1.39, -19.9537310427, -0.999793550927, 4.94553039482, 0.00545756731651
1.4, -19.9042834271, -0.999703498837, 4.94906495615, 0.0114973327602
1.41, -19.8548009057, -0.999622400065, 4.95250896982, 0.00498400746654
1.42, -19.8052844243, -0.999631089427, 4.95585479446, -0.00328321506933
1.43, -19.7557348813, -0.999660206444, 4.95912322496, 0.000630130529092
1.44, -19.706153006, -0.999603882717, 4.96232432637, 0.0104733198978
1.45, -19.6565394878, -0.999511473801, 4.96544922733, 0.00945246008901
1.46, -19.6068951352, -0.999461850414, 4.96849028388, 0.00189920201467
1.47, -19.5572207779, -0.999479478142, 4.9714493677, -0.00197052313765
1.48, -19.5075171595, -0.999476192439, 4.97434493555, 0.00456597722899
1.49, -19.4577848946, -0.999396300174, 4.97717966081, 0.0108158749155
1.5, -19.4080246218, -0.999310962199, 4.97994403088, 0.00634349621901
1.51, -19.3582370919, -0.999301014879, 4.98262871757, -0.00144506458695
1.52, -19.3084230385, -0.99932126754, 4.98524977093, 0.000555641401127
1.53, -19.2585830458, -0.99927403636, 4.98781912705, 0.00926237232305
1.54, -19.2087176362, -0.999172406989, 4.99033176003, 0.0102392201575
1.55, -19.1588274387, -0.999120380099, 4.99277354097, 0.00177766268494
1.56, -19.1089131558, -0.999139781026, 4.99514790115, -0.00199978188434
1.57, -19.0589753783, -0.999131966524, 4.99747511974, 0.00542582407103
1.58, -19.0090145604, -0.999041353058, 4.99975665068, 0.0118701373358
1.59, -18.9590311978, -0.998949729368, 5.00198087221, 0.00654697663373
1.6, -18.9090259206, -0.998941390201, 5.00413694811, -0.00173356017088
1.61, -18.8589993358, -0.998961467635, 5.00624365671, 0.000960115142145
1.62, -18.8089518838, -0.998905465902, 5.00831290153, 0.0103996013137
1.63, -18.7588839491, -0.998794029115, 5.01033814977, 0.0109109719283
1.64, -18.708796048, -0.998740645573, 5.01230256862, 0.00154338348327
1.65, -18.658688779, -0.998762638833, 5.01421084156, -0.00207046510522
1.66, -18.6085626111, -0.998750163056, 5.0160853109, 0.00633245770822
1.67, -18.5584178672, -0.998648437424, 5.01792622628, 0.0129376940535
1.68, -18.5082549324, -0.998550939539, 5.01971973263, 0.00666966913969
1.69, -18.4580743471, -0.998545092778, 5.02145351173, -0.0020947072903
1.7, -18.4078766203, -0.998565169639, 5.02314963175, 0.00139500829668
1.71, -18.3576620744, -0.998499809244, 5.02481985213, 0.011597720181
1.72, -18.3074309942, -0.998392613436, 5.02645371766, 0.0118089604901
1.73, -18.2571837969, -0.998322234746, 5.0280404064, 0.00349902543772
1.74, -18.2069209762, -0.998331895089, 5.02957701743, -0.00172318002828
1.75, -18.1566429366, -0.998326380396, 5.03108659752, 0.00508080292487
1.76, -18.1063499212, -0.998233250075, 5.03257277855, 0.0127982821249
1.77, -18.0560422028, -0.998125154233, 5.03402347489, 0.00854124049462
1.78, -18.005720219, -0.998100495991, 5.03542275038, -0.00067175339714
1.79, -17.9553844157, -0.998118505283, 5.03678823506, 0.000621859366778
1.8, -17.9050350598, -0.99806507704, 5.03813590835, 0.0105392202036
1.81, -17.8546723347, -0.997943244441, 5.03945980009, 0.0126422032459
1.82, -17.8042965658, -0.997870350513, 5.04074051, 0.00332202288341
1.83, -17.7539082014, -0.997882972914, 5.04197752071, -0.00189456936669
1.84, -17.7035075701, -0.997873853431, 5.04319678579, 0.0059134958535
1.85, -17.6530948211, -0.997779763815, 5.04439800869, 0.0116727463619
1.86, -17.6026701859, -0.997664389825, 5.04557393089, 0.0102159595403
1.87, -17.5522339972, -0.997621085636, 5.04670561187, 0.000886832219074
1.88, -17.501786652, -0.99763484219, 5.0478054423, 6.46854544458e-05
1.89, -17.4513283814, -0.997592711541, 5.04889336774, 0.00939064536358
1.9, -17.4008592997, -0.997472681057, 5.04996589508, 0.0134620590345
1.91, -17.3503796398, -0.997382481869, 5.05100467679, 0.00540889080336
1.92, -17.2998897872, -0.997380976856, 5.05200249895, -0.00137732176971
1.93, -17.249390044, -0.997378257409, 5.05298524947, 0.00460699818264
1.94, -17.1988802185, -0.997288629027, 5.05426182372, 0.0089343718639
1.95, -17.1483613536, -0.997171849191, 5.05491127269, 0.0115389168283
1.96, -17.097832821, -0.997109982812, 5.05582865093, 0.00273741927971
1.97, -17.0472952666, -0.99711476138, 5.0567152301, -9.10910566137e-06
1.98, -16.9967489012, -0.997082019064, 5.05759340786, 0.00812743071368
1.99, -16.9461937929, -0.996967794582, 5.05846274482, 0.0137644855704
2.0, -16.8956300949, -0.996863465521, 5.05930693381, 0.00744910878492
2.01, -16.845058132, -0.996844738558, 5.0601133546, -0.000342507056734
2.02, -16.7944781869, -0.99684407674, 5.06090520106, 0.00352905953097
2.03, -16.7438903484, -0.99676146956, 5.06169365428, 0.0128692100652
2.04, -16.6932946712, -0.996632002386, 5.06246915109, 0.0121435950989
2.05, -16.6426913934, -0.996569475563, 5.06320985287, 0.0024607637899
2.06, -16.592080841, -0.996576603689, 5.06392384296, -3.20866514513e-06
2.07, -16.5414631752, -0.996538282391, 5.06463561751, 0.00911117418525
2.08, -16.4908384003, -0.996423162747, 5.06534036507, 0.0124989242243
2.09, -16.4402066684, -0.996313698538, 5.06602702174, 0.00891040399228
2.1, -16.3895682244, -0.996277098569, 5.06668054052, 0.00127618526577
2.11, -16.3389233262, -0.996270368531, 5.06731904551, 0.00319793076854
2.12, -16.2882720549, -0.996197762205, 5.06795675786, 0.0117252792264
2.13, -16.2376144289, -0.996071612262, 5.06858678952, 0.0127235889909
2.14, -16.186950621, -0.995993712111, 5.06918918791, 0.00445186914369
2.15, -16.1362809155, -0.995985915974, 5.06976560192, 0.000716136973036
2.16, -16.0856054686, -0.995951847722, 5.07034000525, 0.00796079703037
2.17, -16.0349242756, -0.995836667633, 5.07091403762, 0.0142991480552
2.18, -15.9842373997, -0.995720110537, 5.07147199236, 0.00912232015935
2.19, -15.9335450916, -0.995685022276, 5.07199785756, 0.000996089215642
2.2, -15.8828475861, -0.995678139298, 5.07251305887, 0.0035902780568
2.21, -15.832144919, -0.995596987593, 5.07303201357, 0.0128352790791
2.22, -15.7814370668, -0.995461259773, 5.07354634257, 0.0133795353157
2.23, -15.7307241875, -0.995382063413, 5.07403324472, 0.00421773155558
2.24, -15.6800065563, -0.995376885648, 5.07449625443, 0.000637024857028
2.25, -15.6292842963, -0.995338362634, 5.0749620327, 0.00883821453438
2.26, -15.5785573563, -0.99521238538, 5.07543108657, 0.0153382569317
2.27, -15.5278257744, -0.99509012854, 5.07588534372, 0.00923752996132
2.28, -15.4770897983, -0.995057551627, 5.07630736879, 0.000633582894501
2.29, -15.4263496456, -0.995050777386, 5.07672272847, 0.00400472814452
2.3, -15.3756053099, -0.994960562851, 5.0771459105, 0.0140005251206
2.31, -15.3248567459, -0.994829319703, 5.07756386376, 0.0142603683728
2.32, -15.2741040855, -0.994733201829, 5.07796203163, 0.00617227318462
2.33, -15.2233475664, -0.994715722964, 5.07833468417, 0.000976091620496
2.34, -15.1725873256, -0.994684348958, 5.07870908893, 0.00756044044564
2.35, -15.1218233054, -0.994567242142, 5.07909013792, 0.0151746920878
2.36, -15.0710554921, -0.994434523807, 5.07946266717, 0.0111048358187
2.37, -15.0202840882, -0.994383127266, 5.07980526254, 0.00205779121091
2.38, -14.9695093162, -0.994374360706, 5.08013772746, 0.00321538944123
2.39, -14.9187311842, -0.994296319964, 5.0804796633, 0.012915224379
2.4, -14.8679496011, -0.994150661792, 5.08082419702, 0.0150820984472
2.41, -14.8171646601, -0.994052020923, 5.0811465041, 0.00600317803319
2.42, -14.7663766167, -0.994037460272, 5.0814438796, 0.000801768142925
2.43, -14.7155855866, -0.994002645692, 5.08174716108, 0.00836759024766
2.44, -14.6647911051, -0.993879228424, 5.08242732849, 0.011611231112
2.45, -14.613994262, -0.993747524955, 5.08236256006, 0.0122296790564
2.46, -14.5631941242, -0.993678874634, 5.0826420571, 0.003865263268
2.47, -14.5123912599, -0.993660396198, 5.08290870456, 0.00328376053827
2.48, -14.4615856959, -0.993590545408, 5.08318427847, 0.011709462988
2.49, -14.4107773344, -0.993451341522, 5.08346517398, 0.015230956412
2.5, -14.359967623, -0.993340262298, 5.08278648327, 0.0079079932901
2.51, -14.3091842792, -0.993308652939, 5.07903569623, 0.00192024531703
2.52, -14.2584373838, -0.99327445441, 5.07543381245, 0.00742943323169
2.53, -14.2077258508, -0.993157678979, 5.07196086694, 0.0154680031636
2.54, -14.1570483994, -0.993015002288, 5.06860647012, 0.0126210816249
2.55, -14.1064039921, -0.992947095643, 5.0653432775, 0.00354008994195
2.56, -14.0557916837, -0.992930224884, 5.06218317492, 0.00342965552117
2.57, -14.0052103586, -0.992853721994, 5.05914494664, 0.0127217255078
2.58, -13.9546588131, -0.992704399598, 5.05621945294, 0.0160357928888
2.59, -13.9041360546, -0.992590612975, 5.05337825605, 0.0077468351222
2.6, -13.8536501651, -0.992562446378, 5.04803488259, 0.00163069599132
2.61, -13.8032284803, -0.992526391916, 5.04145991719, 0.00806831782214
2.62, -13.7528710574, -0.992404399578, 5.03548795143, 0.0118886555108
2.63, -13.7025769297, -0.992262607151, 5.02894379261, 0.0137689769902
2.64, -13.6523429872, -0.992177648539, 5.02297240611, 0.00526945611897
2.65, -13.6021678028, -0.992152492182, 5.01718442889, 0.00331737786223
2.66, -13.5520494643, -0.992085757117, 5.01159823724, 0.0113988266129
2.67, -13.5019859705, -0.991943324452, 5.00620553753, 0.0161881387096
2.68, -13.4519755151, -0.99181704881, 5.00097828568, 0.00962761806213
2.69, -13.402016567, -0.991772757841, 4.99589571693, 0.00259996017485
2.7, -13.3521119483, -0.991739088327, 4.9892061998, 0.00696209654
2.71, -13.3022892848, -0.991624855373, 4.98053182675, 0.0156690954837
2.72, -13.2525518907, -0.991471962611, 4.97212714347, 0.0142100917044
2.73, -13.2028972676, -0.991387627734, 4.96396460585, 0.00489748456248
2.74, -13.1533229692, -0.991365383999, 4.95605186788, 0.00328064716962
2.75, -13.1038264161, -0.991293713451, 4.9484080509, 0.0122837024977
2.76, -13.0544049515, -0.991141532118, 4.94102128829, 0.0170270063066
2.77, -13.0050561633, -0.991012022707, 4.93385812932, 0.00949884046638
2.78, -12.9557779554, -0.990971728448, 4.92689516679, 0.00218006027089
2.79, -12.9065682262, -0.990937950372, 4.92015713252, 0.00742379407258
2.8, -12.8574310984, -0.990814901311, 4.91147352898, 0.0167168357735
2.81, -12.8083934853, -0.990668712033, 4.90125489029, 0.0148002060779
2.82, -12.7594565368, -0.990570013158, 4.89132620557, 0.00666691796209
2.83, -12.7106173515, -0.990536019312, 4.88169156896, 0.00365002448445
2.84, -12.6618728823, -0.990471131014, 4.8723729902, 0.0109933077482
2.85, -12.613219991, -0.99032925106, 4.86336168381, 0.0166108013448
2.86, -12.564655749, -0.990192314671, 4.85462677149, 0.0110700727834
2.87, -12.5161775602, -0.990135005059, 4.84613910055, 0.00353325865167
2.88, -12.4677828915, -0.990099046861, 4.83791538892, 0.00667727607246
2.89, -12.4194690626, -0.989988593995, 4.82996250489, 0.0154859813642
2.9, -12.3712339289, -0.989830691838, 4.82176534947, 0.0152987334593
2.91, -12.323100538, -0.989732253497, 4.81024151606, 0.00630523691626
2.92, -12.2750796794, -0.98970176158, 4.79912284501, 0.00350582966689
2.93, -12.2271682184, -0.989633172001, 4.78835587034, 0.011765418309
2.94, -12.1793625975, -0.9894820518, 4.77793842642, 0.0174531092723
2.95, -12.1316594754, -0.989341477335, 4.7678370635, 0.0109890654954
2.96, -12.0840558768, -0.98928818182, 4.75802031543, 0.00305951130701
2.97, -12.0365488823, -0.989253213962, 4.74850836959, 0.00700173620333
2.98, -11.9891354082, -0.989135014766, 4.73930650365, 0.0164743706102
2.99, -11.9418124511, -0.988983617727, 4.73038813468, 0.0159453287431
3.0, -11.8945773353, -0.988870395437, 4.7217255312, 0.00807894872221
3.01, -11.8474072295, -0.988828810858, 4.71743842641, 0.00376945920244
3.02, -11.8002770853, -0.98876811729, 4.71353968068, 0.0104033055297
3.03, -11.7531852004, -0.988627249527, 4.70977580883, 0.0171217011722
3.04, -11.7061304205, -0.988478034532, 4.70611036356, 0.0126939084088
3.05, -11.6591119361, -0.988407021716, 4.70251312702, 0.00442929920499
3.06, -11.6121289799, -0.988370262923, 4.6990053438, 0.00620838699603
3.07, -11.5651805569, -0.988264660791, 4.69560600903, 0.0153121987305
3.08, -11.5182656016, -0.988100205533, 4.69230420061, 0.0166355647332
3.09, -11.4713833077, -0.987985370988, 4.68906718751, 0.00787294917417
3.1, -11.424530106, -0.987946627996, 4.68739580708, 0.00363465590843
3.11, -11.3776735637, -0.987882254305, 4.6886636903, 0.0112060660155
3.12, -11.3308046937, -0.987730987587, 4.68989220263, 0.0181637351132
3.13, -11.2839238012, -0.987575687729, 4.69106303721, 0.0128714992976
3.14, -11.2370316615, -0.987506778892, 4.69214457182, 0.00408461207146
3.15, -11.1901290352, -0.987470381687, 4.69316811237, 0.00657820081453
3.16, -11.1432163673, -0.987356084333, 4.6941585671, 0.0164699275258
3.17, -11.0962939944, -0.987195891375, 4.69510398975, 0.0169169669522
3.18, -11.0493624875, -0.98706755122, 4.69598751169, 0.00980120485732
3.19, -11.0024225079, -0.987012728259, 4.69680190788, 0.0045922979119
3.2, -10.9554737942, -0.98695024069, 4.6982508112, 0.0102360834352
3.21, -10.90848806, -0.986808898344, 4.70344557042, 0.0175835016631
3.22, -10.8614521703, -0.98664817231, 4.70840281768, 0.0143309132005
3.23, -10.8143676745, -0.986560478104, 4.71316839812, 0.00587678958796
3.24, -10.767236451, -0.986515987533, 4.71775960035, 0.00644350582213
3.25, -10.7200600883, -0.986410624437, 4.72220721529, 0.0153532427283
3.26, -10.6728399788, -0.986239748587, 4.72651126709, 0.017872260025
3.27, -10.6255776732, -0.986107859197, 4.73064795377, 0.0097348927904
3.28, -10.5782748762, -0.986054996768, 4.73461641711, 0.00451252878373
3.29, -10.5309330769, -0.985988182211, 4.73845891742, 0.0111283174524
3.3, -10.4835443615, -0.985835223743, 4.74491663832, 0.0187720149577
3.31, -10.436078589, -0.985666558778, 4.75282704472, 0.0147147157947
3.32, -10.3885351007, -0.985578986159, 4.76046444888, 0.00569753564784
3.33, -10.3409165728, -0.985533883075, 4.76784793569, 0.00685634902925
3.34, -10.2932253945, -0.985419577443, 4.77500876717, 0.0165476514933
3.35, -10.245463742, -0.985237547938, 4.78194745336, 0.0187429359551
3.36, -10.1976339596, -0.985102104463, 4.78863878992, 0.00971159763099
3.37, -10.1497385314, -0.985050423626, 4.7950862094, 0.00452373404033
3.38, -10.1017796694, -0.984978558604, 4.80133888205, 0.0120718789691
3.39, -10.0537587123, -0.984818200714, 4.80791617044, 0.0152973247285
3.4, -10.005679061, -0.984649277094, 4.8132826763, 0.0159902342455
3.41, -9.95753967924, -0.984542806349, 4.819746974, 0.00767042517395
3.42, -9.90932616756, -0.984486402184, 4.82754426161, 0.00707074637692
3.43, -9.86103596307, -0.984378948625, 4.83511377638, 0.0154709641184
3.44, -9.812671189, -0.984202037739, 4.84246166835, 0.0190369380997
3.45, -9.76423418761, -0.984052557838, 4.84956339308, 0.0117891136869
3.46, -9.71572747163, -0.983982049797, 4.85641385604, 0.00581847743051
3.47, -9.66715334761, -0.98390919137, 4.86305749141, 0.0112880674973
3.48, -9.6185137594, -0.983753964346, 4.86951392905, 0.0193377915466
3.49, -9.56981059821, -0.983572264205, 4.875772741, 0.0165749653205
3.5, -9.52104599023, -0.983464551043, 4.88180790583, 0.00754768711151
3.51, -9.47222206306, -0.98340782651, 4.88764656943, 0.00740475269983
3.52, -9.4233405921, -0.983291900133, 4.89332663778, 0.0166649717134
3.53, -9.37440311299, -0.983103003933, 4.89884917059, 0.0200354726514
3.54, -9.32541133236, -0.9829488185, 4.90418721293, 0.0118309508598
3.55, -9.27636715693, -0.982879778036, 4.90933446724, 0.00572371139274
3.56, -9.22727227867, -0.98280316829, 4.91433812425, 0.0121115001033
3.57, -9.17812802261, -0.982636236475, 4.91921433138, 0.0206023009104
3.58, -9.12893570496, -0.982445558804, 4.92394779611, 0.0170415760383
3.59, -9.07969693646, -0.982337979695, 4.92850679118, 0.00728941406306
3.6, -9.03041333857, -0.982281764932, 4.93292190376, 0.00770543898372
3.61, -8.98108616088, -0.982157250913, 4.93723071311, 0.0178896760854
3.62, -8.93171644286, -0.981970791259, 4.94142530031, 0.0205679959061
3.63, -8.88230544258, -0.981800752846, 4.94548898516, 0.0139250290459
3.64, -8.832854574, -0.981715291592, 4.94940280482, 0.00661125474981
3.65, -8.78336514764, -0.981641532557, 4.95320869584, 0.0110607191193
3.66, -8.73383811241, -0.981484396855, 4.95692831251, 0.0201340798911
3.67, -8.68427435069, -0.98128616455, 4.96054971504, 0.0187516748432
3.68, -8.6346750396, -0.981158056856, 4.96403792231, 0.00914148767806
3.69, -8.58504145482, -0.981094593494, 4.96741041447, 0.00739078830513
3.7, -8.53537455006, -0.980980540173, 4.97070906461, 0.0166931069183
3.71, -8.48567501441, -0.980795748633, 4.97392973588, 0.020524588868
3.72, -8.43594374727, -0.980613459406, 4.97705713772, 0.0158956588993
3.73, -8.38618180898, -0.980509233095, 4.98006569855, 0.00796851751571
3.74, -8.33639024428, -0.980433818727, 4.98298882971, 0.0103051420126
3.75, -8.2865697588, -0.980287302806, 4.98585362826, 0.0192870861092
3.76, -8.23672093341, -0.980086405014, 4.98865203729, 0.0200300059415
3.77, -8.18684461557, -0.979938647064, 4.9913497711, 0.0112248560827
3.78, -8.13694182348, -0.979863348835, 4.99395095133, 0.00758339507635
3.79, -8.08701331854, -0.979757439062, 4.99649880233, 0.0154189334086
3.8, -8.0370595631, -0.979566403992, 4.99899937025, 0.0218751775592
3.81, -7.98708113552, -0.97937691635, 5.00142753369, 0.016149557935
3.82, -7.93707893197, -0.979273834191, 5.00375535844, 0.00773276841964
3.83, -7.88705378956, -0.979197502675, 5.00602152376, 0.0108011184792
3.84, -7.83700617712, -0.979041237445, 5.00825247811, 0.0205177248124
3.85, -7.78693646867, -0.978844215084, 5.01043171387, 0.0203245857079
3.86, -7.7368453418, -0.978682746312, 5.01253738106, 0.0131831528568
3.87, -7.68673357307, -0.978590752408, 5.01456278482, 0.00862055490236
3.88, -7.63660178501, -0.978485897185, 5.01654656884, 0.0145086379189
3.89, -7.58645030777, -0.978304817203, 5.01849957686, 0.0212538948874
3.9, -7.53627952281, -0.978110144314, 5.02040209406, 0.0176161284306
3.91, -7.48609011023, -0.977987649278, 5.02222451298, 0.00961183214397
3.92, -7.43588276295, -0.977902500322, 5.02399379538, 0.010696845547
3.93, -7.38565785565, -0.977755485659, 5.02573971698, 0.0193199725385
3.94, -7.33541561048, -0.977548614238, 5.02745576834, 0.0212108724267
3.95, -7.28515650454, -0.977383704593, 5.0291076472, 0.0131484646907
3.96, -7.23488123351, -0.977293128685, 5.03069126211, 0.00858397238994
3.97, -7.1845902813, -0.977184034431, 5.03224938913, 0.0153422404593
3.98, -7.13428382059, -0.976992040986, 5.03379108396, 0.0223724061003
3.99, -7.08396210601, -0.976790065362, 5.03529310749, 0.017933876584
4.0, -7.03362572963, -0.976668368074, 5.03672270945, 0.00936315382993
4.01, -6.98327528266, -0.976583137889, 5.03811226981, 0.0110654818025
4.02, -6.93291100295, -0.97642753484, 5.03949219326, 0.0204723823474
4.03, -6.88253298175, -0.976210139016, 5.04085366292, 0.0219930524967
4.04, -6.83214161175, -0.976042754967, 5.04215733067, 0.0130052174161
4.05, -6.78173751806, -0.975954426611, 5.04340113742, 0.00850189507884
4.06, -6.73132107781, -0.97584098869, 5.04463244302, 0.0162229305891
4.07, -6.68089173713, -0.975642329194, 5.04645731819, 0.0188137570404
4.08, -6.6304514892, -0.97544137256, 5.04704811861, 0.0190695532934
4.09, -6.57999900992, -0.97530191461, 5.04818317641, 0.0112554317274
4.1, -6.52953538927, -0.975205912236, 5.04928036366, 0.0112414393617
4.11, -6.4790608384, -0.975057736834, 5.05037210893, 0.019309344527
4.12, -6.42857538794, -0.974846675374, 5.05145446393, 0.0221413311561
4.13, -6.37807929989, -0.974666626248, 5.0524943666, 0.0149645776038
4.14, -6.32757308821, -0.974560260112, 5.05348081421, 0.00974557174507
4.15, -6.27705709815, -0.974446291589, 5.05445501764, 0.0153806044623
4.16, -6.22653135544, -0.97425375385, 5.05542970608, 0.02270096484
4.17, -6.17599592886, -0.974041554718, 5.05638409636, 0.0195070908034
4.18, -6.12545122889, -0.973901938845, 5.05728267963, 0.011060915233
4.19, -6.07489771567, -0.97380604812, 5.05815107948, 0.0115390930243
4.2, -6.02433551527, -0.973650079057, 5.05902315962, 0.0204031140349
4.21, -5.97376457228, -0.97342839112, 5.05989279102, 0.0229916118033
4.22, -5.92318510571, -0.973244894289, 5.06072225472, 0.0149150773797
4.23, -5.87259760408, -0.973140457122, 5.06150176878, 0.00963408140936
4.24, -5.82200235219, -0.973022964536, 5.06227777941, 0.0161610997673
4.25, -5.77139928901, -0.97281961662, 5.0630616816, 0.0238435450409
4.26, -5.72078842477, -0.972599735325, 5.06382941501, 0.0198584536204
4.27, -5.67017015276, -0.972460944206, 5.0645417444, 0.0107757235014
4.28, -5.61954490092, -0.972365583471, 5.0652303211, 0.0118416757283
4.29, -5.5689127211, -0.972201382987, 5.06593037399, 0.0215544220414
4.3, -5.51827348865, -0.971981965239, 5.06662759909, 0.0226411460968
4.31, -5.46762743371, -0.971789030395, 5.06729631805, 0.0166564876091
4.32, -5.41697492332, -0.971666506985, 5.06792001647, 0.0110630331677
4.33, -5.36631623201, -0.971545805371, 5.06853708862, 0.0155677104357
4.34, -5.31565131386, -0.971352740589, 5.06916405131, 0.0228965173331
4.35, -5.26498012693, -0.971132432274, 5.06978292644, 0.0208650631539
4.36, -5.21430296218, -0.970975765932, 5.07035722317, 0.0128062258498
4.37, -5.16362020346, -0.970867486444, 5.07090554157, 0.0122366571936
4.38, -5.11293192626, -0.97070978592, 5.0714640732, 0.0203522295344
4.39, -5.06223799605, -0.970485184811, 5.07202974856, 0.0237611668926
4.4, -5.01153851782, -0.970287490605, 5.07256738503, 0.0167245389524
4.41, -4.96083389007, -0.970166226902, 5.0730610084, 0.0109621604345
4.42, -4.91012435314, -0.970042509385, 5.07355440035, 0.0162666611648
4.43, -4.85940979746, -0.969839185798, 5.07406306841, 0.0240279904812
4.44, -4.80869013986, -0.969610621782, 5.07456603652, 0.0213178582839
4.45, -4.75796567189, -0.969453826316, 5.07502289425, 0.0125845672123
4.46, -4.707236768, -0.969346177073, 5.07545764749, 0.0124722555348
4.47, -4.656503452, -0.969181117805, 5.07590865591, 0.0214282293836
4.48, -4.60576553263, -0.968945717598, 5.07637086089, 0.0246507005966
4.49, -4.55502310274, -0.968744229424, 5.07680420318, 0.0166930939063
4.5, -4.50427656935, -0.968625064941, 5.07719345977, 0.0108077570416
4.51, -4.45352614375, -0.968498309155, 5.07758845753, 0.0170081722184
4.52, -4.40277165574, -0.968284212127, 5.07800357848, 0.0251979361816
4.53, -4.35201298839, -0.968047506718, 5.07841465571, 0.0217167986485
4.54, -4.30125044489, -0.96789134844, 5.07877691339, 0.0122880479867
4.55, -4.25048439687, -0.9677846241, 5.07912072438, 0.0127242299366
4.56, -4.19971481855, -0.967611635746, 5.07948642433, 0.0225768426671
4.57, -4.14894148326, -0.967379385055, 5.07986023436, 0.0251164717891
4.58, -4.09816448278, -0.967162585143, 5.08021728723, 0.0187468588471
4.59, -4.04738414403, -0.967027311244, 5.08052905655, 0.0116686192111
4.6, -3.99660071828, -0.966903760071, 5.08084032164, 0.0159132539136
4.61, -3.94581406429, -0.966700012927, 5.08117399148, 0.0246704829863
4.62, -3.89502400146, -0.96645628318, 5.08151234288, 0.0233850025334
4.63, -3.84423074818, -0.966279870079, 5.08180879026, 0.0141237859167
4.64, -3.79343468381, -0.966166066036, 5.08207895394, 0.0123882330748
4.65, -3.74263583833, -0.966003892606, 5.08236952036, 0.0213352546033
4.66, -3.69183394416, -0.965770968562, 5.08267350265, 0.0239372836016
4.67, -3.64102907159, -0.965548582706, 5.08296700852, 0.0202680842546
4.68, -3.59022146781, -0.965394414022, 5.08322029792, 0.0134205918243
4.69, -3.53941138781, -0.965263422626, 5.08346696609, 0.0157052754232
4.7, -3.48859874071, -0.965068896155, 5.08373409561, 0.023565881922
4.71, -3.43778333657, -0.964828307216, 5.08400993122, 0.0239821447072
4.72, -3.38696531072, -0.964635978821, 5.08425415061, 0.0162070337799
4.73, -3.33614500234, -0.964505997723, 5.08446961733, 0.0132450412333
4.74, -3.28532248596, -0.964346976679, 5.08470011252, 0.0202597095625
4.75, -3.23449753767, -0.964113685536, 5.08495082076, 0.0257427974423
4.76, -3.18367009505, -0.963884019694, 5.08519078602, 0.0205263948527
4.77, -3.13284046322, -0.963730407828, 5.08538873144, 0.0132701951202
4.78, -3.08200889235, -0.963597934123, 5.08558394001, 0.0162139574513
4.79, -3.03117524859, -0.963394191077, 5.08580368369, 0.0247023024566
4.8, -2.9803393095, -0.963143957138, 5.08603362963, 0.0246480627054
4.81, -2.92950122481, -0.962949797608, 5.08622855264, 0.016068996485
4.82, -2.87866135115, -0.962821123368, 5.08639522437, 0.0133082383883
4.83, -2.82781973596, -0.962656547732, 5.08658169457, 0.0212076261155
4.84, -2.77697610928, -0.962412219821, 5.08679139602, 0.0267811110386
4.85, -2.72613040252, -0.96217668577, 5.08698899591, 0.0206906744561
4.86, -2.67528294883, -0.962024559858, 5.08714139853, 0.0130463107224
4.87, -2.62443399571, -0.961890802397, 5.08729499228, 0.0167473555097
4.88, -2.57358336438, -0.961677349905, 5.08747708245, 0.02588852299
4.89, -2.52273080169, -0.961417391579, 5.08767073584, 0.0252800626527
4.9, -2.4718764787, -0.961222094953, 5.08782512163, 0.0158500805808
4.91, -2.42102077341, -0.96109520428, 5.08795178077, 0.0133648068489
4.92, -2.37016370459, -0.960924642477, 5.08810309892, 0.0222263102331
4.93, -2.31930494592, -0.960679027362, 5.08827397671, 0.0255637675976
4.94, -2.2684445071, -0.96043772892, 5.08844032116, 0.0222268470571
4.95, -2.21758261167, -0.960266933025, 5.08856565739, 0.0147436544748
4.96, -2.1667195231, -0.96012643029, 5.08868424138, 0.0164739195656
4.97, -2.1158551244, -0.95992246528, 5.08882871348, 0.0247957045713
4.98, -2.06498915762, -0.959665204464, 5.0889885743, 0.025933870278
4.99, -2.01412171245, -0.959453680376, 5.089119286, 0.0179323081428
5.0, -1.96325313506, -0.959311015099, 5.08921847133, 0.0141602530885
5.01, -1.91238350116, -0.959144073872, 5.08933577412, 0.0211314743545
5.02, -1.86151253607, -0.958897821429, 5.08947950349, 0.027428647309
5.03, -1.81064011283, -0.958648624466, 5.08961798507, 0.022531016611
5.04, -1.75976652492, -0.958478386737, 5.08971233499, 0.0145554738234
5.05, -1.70889204086, -0.958336953681, 5.08980320055, 0.0169315898898
5.06, -1.6580165047, -0.958123864767, 5.08992384194, 0.0259633366504
5.07, -1.60713962694, -0.957856325219, 5.09006116921, 0.0266730218849
5.08, -1.55626151781, -0.957642551075, 5.09016504228, 0.0177986311548
5.09, -1.50538255149, -0.957501580343, 5.09023674922, 0.0141623768499
5.1, -1.45450278308, -0.957329520609, 5.09033122693, 0.0220666827343
5.11, -1.40362189249, -0.957071857081, 5.0904549752, 0.0285380091264
5.12, -1.35273974863, -0.95681609147, 5.09057181957, 0.0227452242766
5.13, -1.30185668201, -0.956647352147, 5.09064003661, 0.0142896949508
5.14, -1.25097296736, -0.956505219124, 5.0907082667, 0.0174134080003
5.15, -1.20008840614, -0.956282468355, 5.09081017218, 0.0271888436933
5.16, -1.14920271118, -0.956018667865, 5.09092283787, 0.0276422726273
5.17, -1.09831597653, -0.955786966763, 5.09101485215, 0.019858570145
5.18, -1.04742853197, -0.955632738118, 5.0910682464, 0.0145848853257
5.19, -0.99654050483, -0.955467147068, 5.09113749674, 0.0208483675179
5.2, -0.945651608334, -0.955217711544, 5.09123790546, 0.0284486372686
5.21, -0.894761639183, -0.954950567097, 5.09134115005, 0.0247167945846
5.22, -0.843870862372, -0.954761955212, 5.091398453, 0.0158135656605
5.23, -0.792979597787, -0.954617006287, 5.0914450094, 0.0166922028479
5.24, -0.742087720001, -0.954405815761, 5.09152379896, 0.0261662184574
5.25, -0.691194888424, -0.954139962963, 5.09161873086, 0.0273718890817
5.26, -0.640301190605, -0.953898077288, 5.09169901676, 0.0216753067029
5.27, -0.5894068857, -0.953725115841, 5.09174237346, 0.0160662133595
5.28, -0.538512137361, -0.953555971205, 5.09179315354, 0.0202780791161
5.29, -0.487616726203, -0.953316594262, 5.09187259243, 0.0275293886378
5.3, -0.436720430183, -0.953048604014, 5.09196012385, 0.0257761726373
5.31, -0.385823430412, -0.952841566687, 5.0920109257, 0.0178952742238
5.32, -0.33492603502, -0.952683347844, 5.09204426625, 0.0171084174996
5.33, -0.284028190977, -0.952478541296, 5.09210395574, 0.0249738714704
5.34, -0.233129587199, -0.952207298752, 5.09218784228, 0.0285255100076
5.35, -0.182230194993, -0.951960181402, 5.09225411402, 0.0217967717823
5.36, -0.131330349104, -0.951788028145, 5.09228092052, 0.0159985770394
5.37, -0.0804302090124, -0.95161570773, 5.09231912483, 0.0209824408135
