timestamp, prius1 x posi, prius1 y posi, prius1 x vel, prius1 y vel.
0.0, 0.0, 0.0, 0.0, 0.0
0.00999999999999, 29.9959992545, 1.00003383211, -0.128416654839, 0.00201543917254
0.02, 29.9946038506, 1.00005263066, -0.147972926602, 0.0026668294969
0.03, 29.9930131839, 1.00006294795, -0.167382997816, 0.00100525065102
0.04, 29.991226469, 1.00005767422, -0.186658808262, 2.98566771982e-05
0.05, 29.9892445898, 1.00005530996, -0.205712982925, 0.00134284317253
0.06, 29.9867488261, 1.00008029041, -0.283291561236, 0.00597596262299
0.07, 29.9833768075, 1.00016540564, -0.36990589093, 0.010403142242
0.08, 29.979128931, 1.00021932609, -0.458120270998, 0.000806493905066
0.09, 29.9740046607, 1.00020931008, -0.546711348688, -0.00249690813052
0.1, 29.9680047744, 1.0001824121, -0.634959969591, -0.00327965531631
0.11, 29.9611296817, 1.00017892125, -0.723200180578, 0.00119081859343
0.12, 29.9533794292, 1.00022001802, -0.811451161814, 0.00441221697843
0.13, 29.9447540107, 1.00026140492, -0.899700202978, 0.00189322950824
0.14, 29.9352534891, 1.00026660286, -0.987939368972, -0.00139298451915
0.15, 29.9248779211, 1.00026628241, -1.07617413984, 0.000629007770128
0.16, 29.9136272703, 1.0003049181, -1.16441570138, 0.00492660287963
0.17, 29.9015015112, 1.00036415212, -1.25252662898, 0.00443783911544
0.18, 29.888502708, 1.00039160912, -1.33964099803, -5.84386357821e-06
0.19, 29.8746391434, 1.00038999797, -1.42558494167, -0.000592998929378
0.2, 29.8599214032, 1.00041546404, -1.5104784242, 0.00417617953249
0.21, 29.8443599487, 1.00048400922, -1.59433352018, 0.00685783095471
0.22, 29.8279651721, 1.00054466312, -1.67715422538, 0.00347438173569
0.23, 29.8107474095, 1.00056468846, -1.75894769327, 0.000206319707751
0.24, 29.7927168413, 1.00058495778, -1.83973157941, 0.00311465288168
0.25, 29.7738834267, 1.00065185985, -1.91952746905, 0.00788108257056
0.26, 29.7542569974, 1.00073823087, -1.99834266755, 0.00686006787611
0.27, 29.7338473522, 1.00078641413, -2.07618065213, 0.00187962172361
0.28, 29.7126642007, 1.00080379362, -2.15305407621, 0.00141325013585
0.29, 29.6907170507, 1.00085145955, -2.22898530685, 0.00652553907444
0.3, 29.6680159951, 1.00094297834, -2.30392377927, 0.00898854694872
0.31, 29.6445757721, 1.00102153827, -2.37790183335, 0.00497898629784
0.32, 29.6204068271, 1.0010549502, -2.45105622253, 0.00150785711689
0.33, 29.5955177367, 1.00108997144, -2.52333441485, 0.0047807214
0.34, 29.5699171853, 1.00117517736, -2.59473383841, 0.00979547907655
0.35, 29.543613866, 1.00127938588, -2.66525676939, 0.00851629192905
0.36, 29.5166164847, 1.00134212324, -2.734904897, 0.00327508689132
0.37, 29.4889336645, 1.00137422401, -2.80368902189, 0.00307136422078
0.38, 29.4605742456, 1.00144060695, -2.87116070041, 0.00855950956299
0.39, 29.4315520691, 1.00155188114, -2.93659700123, 0.0108536007978
0.4, 29.4018852139, 1.00164608051, -3.00020077193, 0.00632070016009
0.41, 29.3715916621, 1.00169139885, -3.06202011609, 0.00270308739942
0.42, 29.3406889026, 1.00174008616, -3.12211157742, 0.00635499282185
0.43, 29.3091938622, 1.00184224783, -3.18053273083, 0.0115298968992
0.44, 29.2771230222, 1.00196161948, -3.23732306823, 0.00981895398423
0.45, 29.2444925156, 1.00203481802, -3.29251762049, 0.00420878440672
0.46, 29.2113180645, 1.00207724631, -3.34616147015, 0.00429021278999
0.47, 29.1776148619, 1.00215853621, -3.39831021056, 0.0102463865005
0.48, 29.1433976197, 1.00228636345, -3.44900739019, 0.0123756231426
0.49, 29.1086807172, 1.00239221291, -3.4982826171, 0.00721171744972
0.5, 29.0734782166, 1.00244502674, -3.54617084457, 0.00347678360731
0.51, 29.0378037376, 1.00250411854, -3.59271866058, 0.00766265511582
0.52, 29.0016704141, 1.00262119138, -3.63797362611, 0.0130626054005
0.53, 28.9650910328, 1.00275327098, -3.68196402419, 0.0108070286251
0.54, 28.928078132, 1.00283309279, -3.7247156495, 0.00471182060781
0.55, 28.8906439246, 1.00288167596, -3.76626419848, 0.00512454008308
0.56, 28.8528001756, 1.00297460523, -3.80665604876, 0.0116349408754
0.57, 28.8145582678, 1.00311593691, -3.84592430737, 0.0135712527298
0.58, 28.7759293559, 1.00322991985, -3.88408836031, 0.00773644262382
0.59, 28.7369243716, 1.00328675416, -3.92117418954, 0.00393086015765
0.6, 28.6975538844, 1.00335353573, -3.95722056467, 0.0087332388758
0.61, 28.6578280589, 1.00348328386, -3.99226682544, 0.0143662990758
0.62, 28.6177568056, 1.00362550944, -4.02633161877, 0.0115132345579
0.63, 28.5773498761, 1.00370905834, -4.05943251621, 0.00492955917238
0.64, 28.5366167707, 1.00376131565, -4.09159797109, 0.00574241319108
0.65, 28.4955666081, 1.00386401228, -4.12286800805, 0.0128431484039
0.66, 28.4542082019, 1.00401682651, -4.15326746339, 0.0145334281893
0.67, 28.4125502199, 1.00413628517, -4.18280775333, 0.00797625457117
0.68, 28.3706011791, 1.00419446235, -4.21150815404, 0.00414268340756
0.69, 28.3283692911, 1.00426696849, -4.23940194285, 0.00963739795012
0.7, 28.2858624222, 1.0044077917, -4.2665223293, 0.0154977685281
0.71, 28.2430882571, 1.00455808727, -4.29288031267, 0.0119814607688
0.72, 28.2000543902, 1.00464288892, -4.31848735883, 0.00490617742663
0.73, 28.1567682178, 1.00469682227, -4.34336677359, 0.00619706311395
0.74, 28.1132367989, 1.00480796217, -4.36755436455, 0.0139270432279
0.75, 28.0694669455, 1.00497076432, -4.39106850244, 0.0153131363526
0.76, 28.0254653874, 1.00509353098, -4.41391460533, 0.00798073214787
0.77, 27.9812387561, 1.00515089477, -4.43610717175, 0.00416728442317
0.78, 27.9367934144, 1.00522772364, -4.45767597583, 0.0104310103818
0.79, 27.8921354216, 1.00537853231, -4.47864977855, 0.0165029001661
0.8, 27.8472707141, 1.00553521648, -4.49903277362, 0.0122466576368
0.81, 27.8022052057, 1.00561913042, -4.51882963668, 0.00467614044131
0.82, 27.7569447084, 1.00567313403, -4.53805044852, 0.00653100446018
0.83, 27.7114948337, 1.00579179607, -4.55671755439, 0.0149215989022
0.84, 27.665861091, 1.00596332233, -4.57483510485, 0.015923526582
0.85, 27.6200490379, 1.00608729528, -4.59239713982, 0.00775459664155
0.86, 27.5740642334, 1.00614178711, -4.60940927557, 0.00401930857986
0.87, 27.5279120445, 1.00622170421, -4.62589387463, 0.0111283386785
0.88, 27.4815976263, 1.00638143391, -4.6418698176, 0.0173714259911
0.89, 27.4351261319, 1.00654258716, -4.65732838856, 0.0122773925737
0.9, 27.3885027873, 1.00662316611, -4.67226706687, 0.00421088402703
0.91, 27.3417328262, 1.00667534794, -4.68667285515, 0.00671511886662
0.92, 27.2948215953, 1.00680027107, -4.7005397417, 0.0157901594432
0.93, 27.2477745566, 1.00697886038, -4.71385657615, 0.0163257901086
0.94, 27.2005972736, 1.00710156941, -4.72661963687, 0.00726545125316
0.95, 27.1532952167, 1.00715082633, -4.73884839001, 0.00367143484293
0.96, 27.1058734809, 1.00723230548, -4.75058535867, 0.0117010987956
0.97, 27.0583367447, 1.00739959171, -4.76186975869, 0.0180765139109
0.98, 27.0106894834, 1.00756305047, -4.77271271546, 0.0120548472809
0.99, 26.9629360642, 1.00763772369, -4.78312895185, 0.00350763496849
1.0, 26.9150806114, 1.00768626711, -4.79314480165, 0.00676553990213
1.01, 26.8671268769, 1.00781641582, -4.80279960419, 0.0165603755594
1.02, 26.8190783994, 1.00800071063, -4.81210530409, 0.0165514570272
1.03, 26.770938695, 1.00811999826, -4.82106258747, 0.0065439881996
1.04, 26.7227112153, 1.00816200103, -4.82968270382, 0.00316184441972
1.05, 26.6743991441, 1.00824400524, -4.83799532724, 0.0122057784096
1.06, 26.6260053968, 1.00841006775, -4.84578822706, 0.0153409583376
1.07, 26.5775328871, 1.00857085652, -4.85376151787, 0.012834497853
1.08, 26.52898448, 1.00865820557, -4.86121709246, 0.00476335154299
1.09, 26.4803629523, 1.00871023768, -4.86840208032, 0.00620084920096
1.1, 26.4316708341, 1.00882669228, -4.87534332918, 0.0148987601455
1.11, 26.3829105058, 1.009000804, -4.88204947645, 0.0163640871019
1.12, 26.3340843638, 1.00912854931, -4.88851631032, 0.00797045307658
1.13, 26.2851948024, 1.00918164865, -4.89474863438, 0.00361840687816
1.14, 26.2362440391, 1.00925655906, -4.90076672659, 0.0106842024941
1.15, 26.1872340806, 1.00941468036, -4.90659052942, 0.0174758052224
1.16, 26.1381669042, 1.00957842435, -4.91221544478, 0.0125493785775
1.17, 26.0890445416, 1.00965894151, -4.91763951031, 0.00392032171423
1.18, 26.0398689536, 1.00970530479, -4.92287270831, 0.0060064297633
1.19, 25.9906418816, 1.00982463899, -4.92793959575, 0.0154651931713
1.2, 25.9413649571, 1.01000313095, -4.93284431342, 0.0165100589452
1.21, 25.8920398695, 1.01012687578, -4.93757911345, 0.00718071760909
1.22, 25.8426683353, 1.01017146375, -4.94214587085, 0.0029281078105
1.23, 25.7932519116, 1.01024474831, -4.94656315922, 0.0109681030225
1.24, 25.7437919721, 1.0104080522, -4.9508481245, 0.0179761350681
1.25, 25.6942898973, 1.01057215393, -4.95499236196, 0.0121203741715
1.26, 25.6447471522, 1.01064435998, -4.95899158219, 0.00294570057079
1.27, 25.5951651472, 1.01068431632, -4.96285381981, 0.00578880429825
1.28, 25.545545087, 1.01080664409, -4.9666025235, 0.0160493161181
1.29, 25.4958880964, 1.01098929488, -4.97023830768, 0.0165889319916
1.3, 25.4461953875, 1.01110793743, -4.97375112166, 0.00626239623714
1.31, 25.3964682161, 1.01115622989, -4.97714294057, 0.00337358070113
1.32, 25.3467076754, 1.0112213223, -4.98042679014, 0.00941133002853
1.33, 25.2969147437, 1.01136939897, -4.98361873142, 0.0169028471997
1.34, 25.2470903825, 1.01153384778, -4.98671233104, 0.0130297421338
1.35, 25.1972356409, 1.01161843322, -4.98970115274, 0.00401649407
1.36, 25.1473515538, 1.01165880831, -4.99258924385, 0.00487643745265
1.37, 25.0974389906, 1.01176512974, -4.99539585372, 0.0142953306614
1.38, 25.0474987349, 1.01193830952, -4.9981245972, 0.0165575829342
1.39, 24.9975316445, 1.01206635375, -5.00076512841, 0.00766871436328
1.4, 24.9475386421, 1.01211049964, -5.00331508782, 0.00230776656189
1.41, 24.8975205464, 1.01217182397, -5.00578707621, 0.00951567654614
1.42, 24.8474780232, 1.0123239975, -5.00819652205, 0.0173593194978
1.43, 24.7974117545, 1.01248889502, -5.01053471086, 0.0126264436738
1.44, 24.7473225248, 1.01256498915, -5.01279431109, 0.00297005291566
1.45, 24.6972111095, 1.01259763923, -5.01497861313, 0.00449712306737
1.46, 24.6470781201, 1.01270565102, -5.01710693906, 0.0147983939871
1.47, 24.5969241011, 1.01286899903, -5.01917894826, 0.0158929431156
1.48, 24.5467496924, 1.01300185956, -5.02118737432, 0.0088141404752
1.49, 24.4965555661, 1.01305593027, -5.02312845255, 0.00277226463505
1.5, 24.44634234, 1.01311071713, -5.02501058084, 0.00802617799312
1.51, 24.396110497, 1.01324582981, -5.02684808797, 0.0159157585283
1.52, 24.345860517, 1.01340699072, -5.02863536027, 0.0131971220201
1.53, 24.2955929731, 1.01349465289, -5.03036447225, 0.00418396954804
1.54, 24.2453084534, 1.01353051194, -5.0320362867, 0.00387546402058
1.55, 24.1950074186, 1.01362334946, -5.03366602601, 0.0129093890415
1.56, 24.1446902512, 1.01378781371, -5.035258067, 0.0162348798127
1.57, 24.0943574047, 1.01391794064, -5.03680201596, 0.00810397629595
1.58, 24.0440094105, 1.01396298077, -5.03829352045, 0.00191462787129
1.59, 23.993646733, 1.01401380699, -5.03974104184, 0.00807311591112
1.6, 23.9432697044, 1.01415284835, -5.04115877096, 0.0164055929972
1.61, 23.8928786677, 1.01431533843, -5.04253955848, 0.0129077350805
1.62, 23.8424740679, 1.01439532941, -5.04387498434, 0.00317045988836
1.63, 23.7920563659, 1.01442306454, -5.04516551668, 0.00340828385815
1.64, 23.7416258912, 1.01451674777, -5.04642695854, 0.013357977484
1.65, 23.6911829045, 1.01468551159, -5.04766245758, 0.0164342415941
1.66, 23.6407277491, 1.01481192481, -5.04886078387, 0.0072809769818
1.67, 23.5902608526, 1.0148573067, -5.05001854859, 0.00327982126893
1.68, 23.5397825487, 1.01490399082, -5.05114188973, 0.00672443640921
1.69, 23.4892930964, 1.01502661978, -5.05224358963, 0.0149593335872
1.7, 23.4387927363, 1.01518484129, -5.05331964177, 0.013411302589
1.71, 23.3882817977, 1.01527621252, -5.05436149555, 0.00442081507083
1.72, 23.3377606429, 1.01530810957, -5.05536781819, 0.00290795847582
1.73, 23.287229533, 1.01538747462, -5.05635086664, 0.0115014638797
1.74, 23.2366886532, 1.01554295415, -5.05731636712, 0.0158923529564
1.75, 23.1861382487, 1.01567521862, -5.05825476453, 0.00856512103266
1.76, 23.1355786473, 1.01572150223, -5.0591605368, 0.0015520230827
1.77, 23.0850101356, 1.01576187349, -5.06003904358, 0.00660904899309
1.78, 23.0344328827, 1.01588736762, -5.06090366165, 0.0154037005362
1.79, 22.9838470584, 1.01604715187, -5.06174935999, 0.0131810767938
1.8, 22.9332529274, 1.01613122051, -5.06256740781, 0.00340189340867
1.81, 22.8826507864, 1.01615424465, -5.06335631311, 0.00232059637329
1.82, 22.832040826, 1.01623331072, -5.06412898863, 0.0118682076178
1.83, 22.7814231658, 1.01639304635, -5.06489036852, 0.016147977411
1.84, 22.7307979947, 1.01652240607, -5.06563026165, 0.00781332698189
1.85, 22.680165586, 1.01655875431, -5.06634296644, 0.000575807781342
1.86, 22.6295261671, 1.01659413979, -5.06703417499, 0.00658728625617
1.87, 22.5788798464, 1.01672350639, -5.06771748025, 0.0159331606145
1.88, 22.5282267509, 1.0168715185, -5.06838526103, 0.0135058432334
1.89, 22.4775670863, 1.01696577588, -5.06903276842, 0.00459363313785
1.9, 22.4269010876, 1.01699305629, -5.0696565942, 0.00186790320983
1.91, 22.3762289149, 1.01705810434, -5.07026639028, 0.0100033704762
1.92, 22.3255506521, 1.01720382235, -5.07086903152, 0.0154884783703
1.93, 22.2748664311, 1.01733789021, -5.07145626875, 0.00901228376018
1.94, 22.2241764651, 1.01738534225, -5.07202200865, 0.00117838254265
1.95, 22.173480947, 1.01741496107, -5.07256914665, 0.00509907089191
1.96, 22.1227799637, 1.01752638244, -5.07311019674, 0.014351687571
1.97, 22.072073592, 1.01768317206, -5.07364233867, 0.0134456213395
1.98, 22.0213619941, 1.01777141139, -5.07415701569, 0.00364939779891
1.99, 21.9706453749, 1.01778975979, -5.07465131559, 0.00121983390521
2.0, 21.9199238539, 1.0178538789, -5.07513557262, 0.0103344167621
2.01, 21.8691974777, 1.01800422651, -5.07561630595, 0.0158399418292
2.02, 21.8184663477, 1.01813656255, -5.07608471972, 0.00836535548081
2.03, 21.7677306485, 1.01817440251, -5.07653456803, 0.000166643397087
2.04, 21.7169905393, 1.0181981812, -5.07696895484, 0.00497891682232
2.05, 21.6662460711, 1.01831302958, -5.07740083444, 0.0148988140635
2.06, 21.6154972972, 1.01845806422, -5.07782515757, 0.0132296981148
2.07, 21.5647443522, 1.01855360738, -5.07823662569, 0.00484448899222
2.08, 21.513987395, 1.01857969956, -5.07863157161, 0.0013021531354
2.09, 21.4632265307, 1.01863391202, -5.07901723503, 0.0086473551286
2.1, 21.4124617933, 1.0187680821, -5.07940079401, 0.0146965613971
2.11, 21.3616932522, 1.01890020188, -5.07977584068, 0.00921815799135
2.12, 21.3109210499, 1.01894967592, -5.08013631347, 0.00114594434069
2.13, 21.2601453224, 1.01897287245, -5.08048334664, 0.00396843815258
2.14, 21.2093661156, 1.01907097051, -5.08082777948, 0.0130940940162
2.15, 21.1585834587, 1.01922071066, -5.08116876402, 0.0132625556305
2.16, 21.1077974523, 1.0193110569, -5.08149865311, 0.00396129094828
2.17, 21.057008242, 1.01932820621, -5.08181383149, 0.000600485755063
2.18, 21.0062159079, 1.01938067463, -5.08212207301, 0.00889837269455
2.19, 20.9554204616, 1.01951920443, -5.08243041764, 0.0150744783158
2.2, 20.9046219556, 1.01965032124, -5.08273203599, 0.00866071135065
2.21, 20.8538205166, 1.01969068952, -5.0830207535, 0.000135675909285
2.22, 20.8030162605, 1.0197074559, -5.08329779736, 0.00375571476021
2.23, 20.7522092109, 1.01980824433, -5.08357446163, 0.0136062552484
2.24, 20.7013993805, 1.01996099804, -5.08384929321, 0.0132061644484
2.25, 20.6505868563, 1.02004513917, -5.08411459452, 0.00296885943172
2.26, 20.5997717676, 1.02006576281, -5.08436765367, 0.00105737477429
2.27, 20.5489541675, 1.02011017244, -5.08461432337, 0.0073343809228
2.28, 20.4981340716, 1.02023286945, -5.08486144041, 0.0138971507001
2.29, 20.4473115125, 1.02036312981, -5.08510443777, 0.00945719464994
2.3, 20.3964865872, 1.02041526476, -5.08533743103, 0.00119288932121
2.31, 20.3456593963, 1.02043268379, -5.08556006043, 0.00287629430443
2.32, 20.2948299653, 1.02051741863, -5.085781504, 0.0118029228413
2.33, 20.2439982977, 1.02065973105, -5.08600265914, 0.0130540077728
2.34, 20.193164455, 1.02075231135, -5.08621698321, 0.00431717681047
2.35, 20.1423285434, 1.02076884283, -5.08642036052, 3.48946868995e-05
2.36, 20.0914906211, 1.02080983245, -5.08661825532, 0.00744404257435
2.37, 20.040650683, 1.02093607783, -5.08681790562, 0.0142533923507
2.38, 19.9898087522, 1.02106568061, -5.08701446791, 0.00895825871045
2.39, 19.9389649166, 1.02110896894, -5.08720204698, 0.000162982366472
2.4, 19.888119264, 1.02111915317, -5.08738030019, 0.0025486378942
2.41, 19.8372718056, 1.02120561124, -5.08755877411, 0.0122576161228
2.42, 19.7864225352, 1.0213510869, -5.08773793647, 0.0130642736924
2.43, 19.7355715066, 1.02143822323, -5.08791124684, 0.00338111940832
2.44, 19.6847188166, 1.02144496782, -5.08807439422, -0.000763512082259
2.45, 19.6338645104, 1.0214835009, -5.08823323372, 0.00765826620504
2.46, 19.5830085717, 1.02161421376, -5.08839489861, 0.014671145765
2.47, 19.532151017, 1.02174316436, -5.08855433175, 0.00841435035061
2.48, 19.481291927, 1.02177702044, -5.08870556724, -0.000914197478027
2.49, 19.4304313747, 1.02179421186, -5.08884941964, 0.0020174635892
2.5, 19.3795693652, 1.02186685593, -5.08899252333, 0.0105197484189
2.51, 19.3287058947, 1.02200038113, -5.08913694068, 0.0126300136141
2.52, 19.2778409996, 1.02209348774, -5.08927746706, 0.00459365634084
2.53, 19.2269747576, 1.0221102148, -5.08940982491, -0.000337870572771
2.54, 19.1761072128, 1.02214172933, -5.08953751085, 0.00613359380236
2.55, 19.1252383539, 1.02225551401, -5.08966736016, 0.0132818692246
2.56, 19.0743681878, 1.02238146329, -5.08979641464, 0.00905366436966
2.57, 19.0234967749, 1.02242708292, -5.08991936298, 0.000270874559082
2.58, 18.9726241822, 1.02243261352, -5.09003475552, 0.00156898381623
2.59, 18.9217504158, 1.02250593441, -5.09015022164, 0.0108977555018
2.6, 18.8708754616, 1.02264250526, -5.09026758854, 0.0126802303716
2.61, 18.819999352, 1.02273080304, -5.09038172361, 0.00371590313083
2.62, 18.7691221582, 1.0227377799, -5.09048817079, -0.0011846191023
2.63, 18.7182439156, 1.02276595973, -5.09059064874, 0.0062501131687
2.64, 18.6673646059, 1.02288367679, -5.09069595196, 0.0136973854061
2.65, 18.6164842327, 1.0230095229, -5.09080103917, 0.00859360741502
2.66, 18.5656028517, 1.02304630258, -5.09090055692, -0.000788563735707
2.67, 18.514720523, 1.02304418525, -5.09099294951, 0.00120455565622
2.68, 18.4638372444, 1.02311918755, -5.09108611735, 0.0113785634308
2.69, 18.4129529982, 1.02325939615, -5.09118167271, 0.012742022161
2.7, 18.3620678137, 1.02334249047, -5.09127459533, 0.00277319552139
2.71, 18.3111817564, 1.02335243441, -5.09136086548, -0.000851369670284
2.72, 18.2602948492, 1.02337118386, -5.09144308348, 0.00457639940875
2.73, 18.2094070828, 1.02347295458, -5.09152744926, 0.0125926194151
2.74, 18.1585184535, 1.02359914921, -5.09161272173, 0.00951077854881
2.75, 18.1076290021, 1.02364807494, -5.09169413176, 0.000221329116605
2.76, 18.0567387824, 1.02364537418, -5.09176900936, 0.000172120238813
2.77, 18.0058477992, 1.02370338948, -5.09184339043, 0.00955891808395
2.78, 17.9549560342, 1.0238339764, -5.09192040883, 0.0127273146085
2.79, 17.9040635045, 1.02392661695, -5.09199628558, 0.00417217218784
2.8, 17.8531702635, 1.02393188908, -5.09206629598, -0.00200931912394
2.81, 17.8022763418, 1.02394577124, -5.09213214958, 0.00457644026111
2.82, 17.7513817213, 1.02405107601, -5.09220049783, 0.0130379113805
2.83, 17.7004863971, 1.02417796988, -5.09227015722, 0.0091425986172
2.84, 17.6495904069, 1.02421840706, -5.09233638254, -0.000867104204248
2.85, 17.5986937993, 1.02420709502, -5.09239629806, -0.000320023311738
2.86, 17.5477965733, 1.02426588856, -5.09245610837, 0.0100060368444
2.87, 17.4968987104, 1.02438667708, -5.0925182713, 0.0121014320692
2.88, 17.4460002284, 1.02448447687, -5.09258010873, 0.00532638658481
2.89, 17.3951011655, 1.02449919971, -5.09263757167, -0.00163605236973
2.9, 17.344201552, 1.0245055018, -5.09269066139, 0.00299365113609
2.91, 17.2933013765, 1.0245933594, -5.09274518757, 0.0116041797822
2.92, 17.2424006306, 1.02471694616, -5.09280153842, 0.00976118071708
2.93, 17.1914993405, 1.02476900173, -5.09285591462, 0.000304132584969
2.94, 17.1405975475, 1.02476000171, -5.09290485082, -0.00105286596887
2.95, 17.089695257, 1.0248028025, -5.09295251186, 0.00807647728503
2.96, 17.0387924518, 1.02492486472, -5.09300276337, 0.0124960318923
2.97, 16.9878891397, 1.025020405, -5.0930534627, 0.00463572514619
2.98, 16.9369853583, 1.02502566874, -5.09310001178, -0.00258476041245
2.99, 16.8860811335, 1.02502695684, -5.09314232851, 0.00294763526809
3.0, 16.8351764511, 1.02511840719, -5.09318624975, 0.0121134297343
3.01, 16.7842713032, 1.02524387499, -5.09323234865, 0.00953232791848
3.02, 16.7333657135, 1.02528838672, -5.09327687962, -0.000749095882355
3.03, 16.6824597179, 1.02528470302, -5.09331663323, -0.0012104153214
3.04, 16.631553318, 1.02531550818, -5.09335469055, 0.00632634638349
3.05, 16.5806465034, 1.02542331178, -5.0933947219, 0.0117163733848
3.06, 16.529739277, 1.02552221456, -5.09343592266, 0.00573973149749
3.07, 16.4788316661, 1.02553888692, -5.09347436507, -0.00184841790464
3.08, 16.4279236948, 1.02553622439, -5.09350868131, 0.00162871482421
3.09, 16.3770153554, 1.02561024174, -5.09354347446, 0.0104685762253
3.1, 16.3261066399, 1.02572930362, -5.09358047347, 0.00986272576021
3.11, 16.2751975635, 1.02578482813, -5.09361709914, 0.000580774387101
3.12, 16.2242881557, 1.02577239773, -5.09364943107, -0.00199032303143
3.13, 16.1733784226, 1.02580120884, -5.09367974099, 0.00654601105714
3.14, 16.1224683513, 1.0259126786, -5.09371205499, 0.0119938217601
3.15, 16.0715579448, 1.02600949124, -5.09374596693, 0.00508387169546
3.16, 16.0206472273, 1.02601652912, -5.09377735617, -0.00286963731515
3.17, 15.9697362187, 1.0260076332, -5.09380466264, 0.00144422158955
3.18, 15.9188249102, 1.02608431785, -5.09383240143, 0.0109428020692
3.19, 15.8679132954, 1.0262056389, -5.09386260297, 0.00971326892055
3.2, 15.8170013877, 1.02625424515, -5.09389285557, -0.000450306822195
3.21, 15.7660892125, 1.02623224208, -5.09391887601, -0.00267871058615
3.22, 15.7151767729, 1.02625995936, -5.09394283727, 0.00687234856202
3.23, 15.6642640578, 1.02637592445, -5.09396879194, 0.0123161968426
3.24, 15.6133510703, 1.02647048727, -5.09399683896, 0.00437103324894
3.25, 15.5624378315, 1.02647760584, -5.09402261015, -0.00164896331385
3.26, 15.5115243539, 1.0264624797, -5.09404484145, -0.000114002753622
3.27, 15.4606351876, 1.02652183024, -5.08781785517, 0.00952146086072
3.28, 15.4098259106, 1.02664014977, -5.07964386676, 0.010382229058
3.29, 15.3590971846, 1.026700836, -5.07170685088, 0.000764635697328
3.3, 15.3084465174, 1.02669417081, -5.06402414037, -0.00226304112125
3.31, 15.2578713576, 1.02669882538, -5.05659259561, 0.00302838267494
3.32, 15.2073692173, 1.02678124658, -5.04940553858, 0.0103479187667
3.33, 15.1569377018, 1.02688351306, -5.04245582998, 0.00715258974124
3.34, 15.1065745141, 1.02691217121, -5.03573265609, -0.00147828722443
3.35, 15.0562774463, 1.02689497134, -5.02922436166, -0.0012025593779
3.36, 15.0060443584, 1.02693658398, -5.02292467925, 0.00761110121341
3.37, 14.955893267, 1.02704432859, -5.01120923459, 0.0102930690377
3.38, 14.9058804821, 1.02711388685, -4.99710432136, 0.00207954967136
3.39, 14.8560065987, 1.02710141842, -4.98342009673, -0.00355484939474
3.4, 14.8062672844, 1.02709972887, -4.97017163865, 0.00290195413675
3.41, 14.7566581895, 1.02718485381, -4.95735317217, 0.0107542305481
3.42, 14.7071751032, 1.02728755138, -4.944951264, 0.00675218905674
3.43, 14.6578139731, 1.02730687841, -4.93294833202, -0.00269384286951
3.44, 14.6085708989, 1.02727942788, -4.92132610371, -0.00186287501663
3.45, 14.5594421132, 1.02732047554, -4.91007205545, 0.00797030151405
3.46, 14.5104239875, 1.02743168657, -4.89917601103, 0.010384041159
3.47, 14.4615130315, 1.02749609292, -4.88862556125, 0.00110491801533
3.48, 14.4127430441, 1.02748270808, -4.86759297137, -0.00230333381047
3.49, 14.3642289754, 1.02747607398, -4.84129703044, 0.00148056989177
3.5, 14.3159738467, 1.02754364218, -4.81577940837, 0.00917180686475
3.51, 14.2679696301, 1.02764025054, -4.79107983708, 0.00707355096697
3.52, 14.2202082297, 1.02766925632, -4.76718318602, -0.0015783684431
3.53, 14.1726817919, 1.02764490353, -4.74405635203, -0.00244720723494
3.54, 14.1253827421, 1.02767057507, -4.72167132853, 0.00598772802285
3.55, 14.0783037818, 1.02776672478, -4.70000440309, 0.00964260256035
3.56, 14.0314378796, 1.02783488646, -4.67903124961, 0.00220159878303
3.57, 13.9847803039, 1.02782095903, -4.65757042514, -0.00412218124056
3.58, 13.938352541, 1.02780706947, -4.63394924122, 0.00125964649762
3.59, 13.8921568263, 1.02787609911, -4.61108171994, 0.00943734564226
3.6, 13.8461860485, 1.02797236247, -4.58893302696, 0.00665092937261
3.61, 13.8004331296, 1.02799254142, -4.56748412151, -0.00271151168819
3.62, 13.7548912194, 1.02795853296, -4.54670640796, -0.00309732900477
3.63, 13.7095537112, 1.02798306963, -4.52657534175, 0.00623936147694
3.64, 13.6644142419, 1.02808194732, -4.50707079358, 0.00972097496039
3.65, 13.6194666769, 1.028145574, -4.48817232613, 0.00131154552314
3.66, 13.574705101, 1.02812082837, -4.46985404207, -0.00515168532541
3.67, 13.5301265031, 1.02810151263, -4.45073061994, 0.00118142288378
3.68, 13.4857539939, 1.02817346994, -4.42958245673, 0.00983285234675
3.69, 13.4415894525, 1.02827005229, -4.40908374555, 0.00624442436234
3.7, 13.3976266683, 1.02828122421, -4.38921203554, -0.00386680218564
3.71, 13.3538594527, 1.02825165765, -4.36994880211, -0.00393240626709
3.72, 13.3102818066, 1.0282601612, -4.35127345505, 0.00439155947129
3.73, 13.2668879431, 1.02834757577, -4.3331674529, 0.00942942410541
3.74, 13.223672279, 1.02841835266, -4.31561361987, 0.00255977072982
3.75, 13.180629428, 1.02840229931, -4.29858844547, -0.0049782294113
3.76, 13.1377542121, 1.02837318193, -4.28206833222, -0.000579310396151
3.77, 13.0950416588, 1.02842749331, -4.26603454769, 0.00851285471961
3.78, 13.0525093628, 1.02852267075, -4.24635247395, 0.00704653825958
3.79, 13.0101688682, 1.02854592202, -4.22741987752, -0.0027937193613
3.8, 12.9680148515, 1.02850256421, -4.2090426994, -0.00468061256891
3.81, 12.9260417584, 1.02850939457, -4.19121263755, 0.0046488415695
3.82, 12.8842441853, 1.02860047515, -4.17391569766, 0.00966228668235
3.83, 12.8426168993, 1.02866824745, -4.15713765013, 0.00178805915031
3.84, 12.8011548355, 1.02865177492, -4.14085650103, -0.00381175359584
3.85, 12.7598531192, 1.02861627083, -4.12505195155, -0.00213804131187
3.86, 12.7187070617, 1.02865314213, -4.10970524408, 0.00706435303226
3.87, 12.6777135601, 1.02874484031, -4.09386128601, 0.00765186663288
3.88, 12.6368955268, 1.02877975736, -4.07544080342, -0.00160868040132
3.89, 12.5962585133, 1.02873888692, -4.05757950889, -0.00540354222133
3.9, 12.5557974299, 1.02872962931, -4.04023707005, 0.00269276934369
3.91, 12.5155070907, 1.02880767748, -4.0234083986, 0.00922886025605
3.92, 12.4753824317, 1.02888237828, -4.00708340757, 0.00313004597375
3.93, 12.4354185275, 1.02886632003, -3.99124357363, -0.0056676731404
3.94, 12.3956106235, 1.02883638199, -3.97586766426, -0.00272162790829
3.95, 12.355954148, 1.02885891798, -3.96093906831, 0.00526939932117
3.96, 12.3164447041, 1.02893802625, -3.94644386596, 0.0071503407357
3.97, 12.2770875509, 1.02897840604, -3.92971361151, -0.000422501969607
3.98, 12.2379060136, 1.0289473936, -3.91217781531, -0.00499758364261
3.99, 12.198897263, 1.02893062447, -3.8951412401, 0.00109409292692
4.0, 12.1600562574, 1.02899095722, -3.87860819791, 0.00777202221382
4.01, 12.1213779944, 1.02906234593, -3.86257448055, 0.00376970127234
4.02, 12.0828575692, 1.02905822203, -3.84702595543, -0.00446668858204
4.03, 12.0444902154, 1.02901669551, -3.83194422472, -0.00322086735968
4.04, 12.0062715682, 1.02903910415, -3.81726632016, 0.00555668130322
4.05, 11.9681976916, 1.02912011576, -3.80297517086, 0.00706801264783
4.06, 11.930264805, 1.02915522025, -3.78906474542, -0.00125531543838
4.07, 11.892469409, 1.02911573749, -3.77506788737, -0.0056890504784
4.08, 11.854832678, 1.02909641659, -3.75795645495, 0.00118495294444
4.09, 11.81736358, 1.02915934593, -3.74139037343, 0.00801056658566
4.1, 11.7800579025, 1.02922885239, -3.72526572787, 0.00315062424946
4.11, 11.7429112041, 1.02921577258, -3.7095874455, -0.00538476226217
4.12, 11.7059189313, 1.02916910699, -3.69436049188, -0.00330860981433
4.13, 11.6690767612, 1.02919364399, -3.67949828676, 0.0058360028426
4.14, 11.6323805159, 1.02927518919, -3.66516055481, 0.00687938876994
4.15, 11.5958261683, 1.02930478586, -3.65116678922, -0.00206628757779
4.16, 11.5594096456, 1.0292568415, -3.63752602189, -0.00641363335527
4.17, 11.5231142473, 1.02923481507, -3.6276193089, 0.00133246043297
4.18, 11.4869074556, 1.02930169942, -3.61902463472, 0.00839782397691
4.19, 11.4507854178, 1.02937072212, -3.61066203477, 0.00266239340636
4.2, 11.4147458335, 1.02934862562, -3.60252823557, -0.00647726906247
4.21, 11.3787865457, 1.02930808068, -3.5945963176, -0.00396102411924
4.22, 11.3429056302, 1.02931865772, -3.58684536355, 0.00420504412627
4.23, 11.3071013613, 1.02939009353, -3.57926082855, 0.00659846010971
4.24, 11.271372145, 1.029425569, -3.57183403451, -0.000991935604214
4.25, 11.2357164774, 1.02938626773, -3.56455215497, -0.00605598376967
4.26, 11.2001329503, 1.02935780081, -3.55740443277, -7.99356104601e-05
4.27, 11.164595565, 1.02940866588, -3.55493015357, 0.00703879149449
4.28, 11.1290851822, 1.02947479878, -3.55227033618, 0.00331097094059
4.29, 11.0936013782, 1.02946471276, -3.54961854561, -0.00526757937202
4.3, 11.0581441502, 1.02941280993, -3.54696187364, -0.00440804930379
4.31, 11.0227135237, 1.02942398002, -3.54430080377, 0.00457075929807
4.32, 10.9873094866, 1.02949861836, -3.54164646787, 0.00668655773661
4.33, 10.9519319268, 1.02952991808, -3.53901115323, -0.00180182675028
4.34, 10.9165806448, 1.0294813911, -3.53639634495, -0.00687739682681
4.35, 10.8812554233, 1.0294495914, -3.53380020562, 1.79852618529e-05
4.36, 10.845947004, 1.02950425904, -3.53394163569, 0.0074416514361
4.37, 10.810624028, 1.02957048227, -3.53567913554, 0.00290488944116
4.38, 10.7752841445, 1.02955249749, -3.53733087988, -0.00622063972704
4.39, 10.7399282899, 1.02949370745, -3.53888022742, -0.00474376313271
4.4, 10.7045574918, 1.02950632339, -3.54032351241, 0.0049938497311
4.41, 10.6691727554, 1.02958423015, -3.54167231704, 0.00674550427872
4.42, 10.6337749786, 1.02961097051, -3.54293989868, -0.00263769690785
4.43, 10.598364962, 1.02955339291, -3.54412795007, -0.00764305440101
4.44, 10.5629434847, 1.02951900364, -3.54523520976, 0.000188165949303
4.45, 10.5275113253, 1.02957792655, -3.54626553586, 0.0078804954654
4.46, 10.4920537124, 1.02964413549, -3.55082263247, 0.00242982815909
4.47, 10.456544382, 1.02961718134, -3.55600028342, -0.00727319079256
4.48, 10.420984203, 1.02956555806, -3.56099650621, -0.00527918794772
4.49, 10.3853750539, 1.0295643594, -3.56580071255, 0.00326010854255
4.5, 10.3497188183, 1.02963057408, -3.57042077586, 0.00634902611616
4.51, 10.3140172726, 1.02966374603, -3.57487282513, -0.00138313012211
4.52, 10.2782720699, 1.02961642847, -3.57916209575, -0.00720753465896
4.53, 10.2424848141, 1.02957501134, -3.58328934936, -0.00134452654932
4.54, 10.2066570939, 1.02961706213, -3.58725865493, 0.00650803402815
4.55, 10.1707904227, 1.02968076038, -3.59108612967, 0.00314099468288
4.56, 10.1348658317, 1.02966610906, -3.59891451306, -0.00607009844197
4.57, 10.0988620862, 1.02960240906, -3.60673603143, -0.00579089962988
4.58, 10.0627814248, 1.02960148889, -3.61430077596, 0.00363128381845
4.59, 10.0266264402, 1.02967125046, -3.62160967213, 0.00647994897533
4.6, 9.9903996249, 1.02970036127, -3.62867985145, -0.00221665192609
4.61, 9.95410332892, 1.02964314781, -3.63551773368, -0.00811588353349
4.62, 9.91773984502, 1.02959766822, -3.64212474952, -0.00128963730498
4.63, 9.88131144463, 1.029643609, -3.64850621999, 0.00696643338098
4.64, 9.84482030042, 1.02970795471, -3.65468209563, 0.00275615568107
4.65, 9.808268425, 1.02968476797, -3.66066332673, -0.00715089017535
4.66, 9.77164488905, 1.02961269021, -3.66972171767, -0.00625146314378
4.67, 9.73492254606, 1.0296127707, -3.6796025144, 0.00408867850917
4.68, 9.69810292953, 1.02968657781, -3.68918113462, 0.00661826490157
4.69, 9.66118907796, 1.02971116259, -3.69846372885, -0.00312926179897
4.7, 9.62418393068, 1.02965664668, -3.70745278154, -0.0078638436533
4.71, 9.58709038364, 1.02960065032, -3.71615380927, -0.00306816758023
4.72, 9.54991127941, 1.02963023192, -3.724570701, 0.00587895262196
4.73, 9.51264937001, 1.02969558557, -3.73272392734, 0.00375045933011
4.74, 9.47530722885, 1.02968484171, -3.74062889601, -0.0061714994044
4.75, 9.43788730795, 1.0296112391, -3.74828881359, -0.00741337514833
4.76, 9.40037563258, 1.02959328856, -3.75941005923, 0.00220891192184
4.77, 9.36274831943, 1.02965758993, -3.77087037546, 0.00666447511606
4.78, 9.32500812824, 1.02969233772, -3.7819951397, -0.00170020614157
4.79, 9.28715846147, 1.02964300876, -3.79277847589, -0.00683645162608
4.8, 9.24920271007, 1.02958064378, -3.80322488322, -0.00463828669946
4.81, 9.21114420357, 1.02959223004, -3.81333780977, 0.0043460502097
4.82, 9.17298618544, 1.02965332864, -3.82313710503, 0.00430073860172
4.83, 9.13473170901, 1.02965416916, -3.83264230705, -0.00495753305694
4.84, 9.0963836747, 1.02958343245, -3.84185924171, -0.00810971456118
4.85, 9.05794494442, 1.02954921519, -3.85078811208, 0.000192596175416
4.86, 9.01939795152, 1.02959957984, -3.86358141741, 0.00613447303156
4.87, 8.98072275342, 1.02964064339, -3.87624932407, -0.000377379972561
4.88, 8.94192278108, 1.02959167219, -3.88854725683, -0.00871655122203
4.89, 8.90300178099, 1.02952106096, -3.90046690055, -0.00495506957675
4.9, 8.86396351454, 1.02953422225, -3.91201001788, 0.00473597709068
4.91, 8.82481164116, 1.02959708858, -3.92319977895, 0.00412165713998
4.92, 8.78554960087, 1.02959066431, -3.93405777486, -0.00604162371413
4.93, 8.74618066658, 1.02952276307, -3.94458851328, -0.00771394286541
4.94, 8.70670808612, 1.02947960516, -3.95479657741, -0.00148550184931
4.95, 8.66713504023, 1.02951286598, -3.96468907683, 0.00482726833348
4.96, 8.62745170673, 1.02955195522, -3.97756654803, 0.000329487973191
4.97, 8.58763178617, 1.02951406908, -3.99118837427, -0.00771354674331
4.98, 8.54767767417, 1.02944348339, -4.00441248055, -0.00591592530103
4.99, 8.50759342009, 1.02943950984, -4.01722724945, 0.00280176054419
5.0, 8.46738304077, 1.02949062061, -4.02965028916, 0.0038459544058
5.01, 8.42705034465, 1.02949168268, -4.04170575382, -0.00476613526583
5.02, 8.38659894903, 1.02941893315, -4.05340273067, -0.00881424211874
5.03, 8.34603241161, 1.02937151516, -4.06474272917, -0.00147392103338
5.04, 8.30535425831, 1.02940716414, -4.07573420942, 0.0050540698574
5.05, 8.26456786061, 1.02944434093, -4.08640345181, -0.000286134495291
5.06, 8.2236559486, 1.02939658894, -4.10091386891, -0.00883349724612
5.07, 8.18259888287, 1.02931787801, -4.11525044531, -0.00633604330876
5.08, 8.14140064013, 1.02931455472, -4.1291554318, 0.00313360013646
5.09, 8.10006552, 1.02936751375, -4.14263968157, 0.0037198655853
5.1, 8.05859762371, 1.02936188112, -4.15572753462, -0.00581671506071
5.11, 8.01700085205, 1.02927832646, -4.16842807999, -0.00970954505718
5.12, 7.97527905374, 1.02922740823, -4.1807419022, -0.00137633282718
5.13, 7.93343604909, 1.0292661972, -4.19267841366, 0.00532713300708
5.14, 7.89147548201, 1.02930128835, -4.20426748793, -0.000967946176919
5.15, 7.84940075589, 1.02924291881, -4.21552333502, -0.0100163744307
5.16, 7.80720810509, 1.02917030492, -4.22884945373, -0.00698175275802
5.17, 7.76486860748, 1.02915165883, -4.24377683648, 0.00122574302597
5.18, 7.7223820846, 1.02919099567, -4.25826898797, 0.0031312718468
5.19, 7.67975283077, 1.02919012504, -4.27233891436, -0.00470412850405
5.2, 7.63698502786, 1.02911562034, -4.28599383978, -0.00938693337646
5.21, 7.59408279173, 1.02905633683, -4.29923630144, -0.00306410756425
5.22, 7.55105020402, 1.02907639165, -4.31207422525, 0.00375451416294
5.23, 7.50789118394, 1.02910690391, -4.32453596643, -0.000460992669371
5.24, 7.46460940718, 1.02905922886, -4.33663928026, -0.00892963944292
5.25, 7.42120841679, 1.02897365375, -4.34838820836, -0.0075663808737
5.26, 7.37767796914, 1.02895398843, -4.36317354038, 0.00140295872164
5.27, 7.33399299959, 1.02899441174, -4.37853835331, 0.00301498947802
5.28, 7.29015661239, 1.02898762141, -4.3934694683, -0.00565713985448
5.29, 7.24617317354, 1.02890256664, -4.40796373706, -0.0103439128045
5.3, 7.20204704045, 1.02883822494, -4.42201994726, -0.00316896161671
5.31, 7.15778255025, 1.02885986954, -4.43564626347, 0.00394953502676
5.32, 7.11338385915, 1.02888867666, -4.44887454866, -0.00102871897214
5.33, 7.06885485574, 1.02883141429, -4.46172324031, -0.0100623304889
5.34, 7.02419929427, 1.02873694693, -4.47419594502, -0.00811057902834
5.35, 6.97941939205, 1.02871681552, -4.48733086474, 0.00166474877114
5.36, 6.93448844294, 1.02875889786, -4.50348242993, 0.00290264741725
5.37, 6.8893988558, 1.02874543142, -4.51914458977, -0.00672931519824
5.38, 6.84415497016, 1.02864892335, -4.53435490294, -0.0113347093795
5.39, 6.79876133997, 1.02858010691, -4.54910550581, -0.00315576844816
5.4, 6.75322252343, 1.02860444115, -4.56340428485, 0.00421019425268
5.41, 6.70754287818, 1.02863118401, -4.57728694758, -0.00171087310901
5.42, 6.66172623236, 1.0285676795, -4.59100909821, -0.00655761954566
5.43, 6.61577724367, 1.02847213264, -4.60386125529, -0.00950106026091
5.44, 6.56969913449, 1.02843285354, -4.61655706461, -0.000227198702332
5.45, 6.52349601039, 1.02846582743, -4.62887471493, 0.00297921710664
5.46, 6.47717151476, 1.02846165854, -4.6408450345, -0.00549206426892
5.47, 6.43072905557, 1.02837031618, -4.65247825464, -0.0117222551081
5.48, 6.38417199565, 1.0282864536, -4.66377175545, -0.00527526432193
5.49, 6.33750373345, 1.02829307004, -4.67472547093, 0.00315383469419
5.5, 6.29072753626, 1.02832176262, -4.68536933828, -0.000644601183182
5.51, 6.24384641132, 1.02826479245, -4.69572230819, -0.0106208633557
5.52, 6.19686324375, 1.02817001254, -4.70578287519, -0.00976550217621
5.53, 6.14978096995, 1.02811738359, -4.71555011967, -0.00215723426626
5.54, 6.10260247987, 1.02813360397, -4.72503253651, 0.00191089559033
5.55, 6.05533050473, 1.02813005363, -4.73425653967, -0.00461921654917
5.56, 6.00796757106, 1.02804860462, -4.74323180555, -0.011074203111
5.57, 5.96051616473, 1.02796006015, -4.75195470757, -0.00668189915904
5.58, 5.91297883067, 1.02794761886, -4.76042098692, 0.00128409809995
5.59, 5.86535803902, 1.027967258, -4.76865312316, -0.000578685981422
5.6, 5.8176560446, 1.02791928234, -4.77666968251, -0.00942350097544
5.61, 5.76987497986, 1.0278149063, -4.78447100672, -0.0105917450273
5.62, 5.72201703612, 1.02775954752, -4.79204726878, -0.00205780107809
5.63, 5.67408443463, 1.02777741965, -4.79940648497, 0.00193517703247
5.64, 5.62607923154, 1.02776924562, -4.80657503255, -0.00549438923251
5.65, 5.57800328928, 1.02767679195, -4.81355942216, -0.0121639020101
5.66, 5.52985846667, 1.02758159685, -4.82035204624, -0.00691614192279
5.67, 5.48164672196, 1.02757057113, -4.82694526477, 0.00156444978524
5.68, 5.43336995015, 1.02758998984, -4.8333627249, -0.000987858689798
5.69, 5.38502982969, 1.02753307707, -4.8396213759, -0.0105870297608
5.7, 5.33662793766, 1.02741854006, -4.84571847155, -0.0113001962625
5.71, 5.28816595177, 1.02736153567, -4.8516398717, -0.00184137291555
5.72, 5.2396456034, 1.02738192713, -4.85739340333, 0.00200521604739
5.73, 5.19106845435, 1.02736902875, -4.86300627617, -0.00641479667405
5.74, 5.1424358763, 1.02726518545, -4.8684824411, -0.0132670951952
5.75, 5.09374927065, 1.02716375906, -4.87381074328, -0.00706809515794
5.76, 5.04501017366, 1.02715506305, -4.87898069912, 0.00192087709089
5.77, 4.99622006104, 1.02717446794, -4.88401822864, -0.00142537330677
5.78, 4.94738018272, 1.02710803755, -4.88893904594, -0.0118120057836
5.79, 4.89849171679, 1.0269974295, -4.89373525658, -0.0122357797768
5.8, 4.84955595334, 1.0269231051, -4.89839797226, -0.00381957812232
5.81, 4.80057424046, 1.02693107323, -4.90292606058, 0.00165867447635
5.82, 4.75154780863, 1.02692512741, -4.90734651896, -0.00516968024087
5.83, 4.70247769097, 1.02682966158, -4.91166593517, -0.0131602634091
5.84, 4.65336492562, 1.02671726796, -4.91587413673, -0.00897336779179
5.85, 4.6042107037, 1.02668955604, -4.91995601963, 0.000490617677029
5.86, 4.55501620642, 1.02670690091, -4.9239320042, -0.00064937733415
5.87, 4.50578240477, 1.026652316, -4.92782148021, -0.0107738270918
5.88, 4.45651016474, 1.02654110357, -4.93161760572, -0.0126804665303
5.89, 4.4072004749, 1.02645194302, -4.93531124566, -0.00582592162793
5.9, 4.35785439401, 1.0264439664, -4.93889557165, 0.000786623422526
5.91, 4.30847291049, 1.02644093344, -4.94239529121, -0.00410394284285
5.92, 4.25905681633, 1.02635583009, -4.94582025003, -0.0125976512717
5.93, 4.20960687781, 1.02623708837, -4.94916188759, -0.0105574524703
5.94, 4.16012401589, 1.02618978757, -4.95240281203, -0.00130332240419
5.95, 4.11060918813, 1.0262001028, -4.95555657572, -0.000329701437837
5.96, 4.06106316743, 1.02615623845, -4.95864543513, -0.00952040559102
5.97, 4.01148658888, 1.02603453105, -4.96166757253, -0.0136975811391
5.98, 3.96188019241, 1.0259409573, -4.96460574116, -0.00581571296038
5.99, 3.91224486251, 1.0259354602, -4.96745346691, 0.00102142791472
6.0, 3.86258138662, 1.02593027813, -4.97023849257, -0.00477060493638
6.01, 3.81289034156, 1.02583463096, -4.97296940838, -0.0137873676096
6.02, 3.76317230922, 1.02572154696, -4.97563266955, -0.0112514246227
6.03, 3.71342802671, 1.02565859605, -4.97821808059, -0.00322915569354
6.04, 3.66365825518, 1.02565533194, -4.98073112442, -0.000897678689192
6.05, 3.61386362074, 1.0256164158, -4.98319382686, -0.00839322448031
6.06, 3.56404460484, 1.0255037051, -4.98560699689, -0.0133922029521
6.07, 3.51420176155, 1.02540155559, -4.98795591497, -0.00751864896497
6.08, 3.46433579402, 1.02537737267, -4.99023047726, -0.000527279327828
6.09, 3.4144473516, 1.0253679702, -4.9924533961, -0.00422321618316
6.1, 3.36453689008, 1.02528327483, -4.99463629541, -0.0126885437974
6.11, 3.31460482679, 1.02515728966, -4.99677074101, -0.0118505176344
6.12, 3.26465174339, 1.02509332154, -4.99883729898, -0.00302269801289
6.13, 3.21467829175, 1.02509164124, -5.00084497765, -0.000965137787976
6.14, 3.16468495627, 1.02504701899, -5.00281741707, -0.00934751310939
6.15, 3.11467207119, 1.02492362669, -5.00475389396, -0.0143556293116
6.16, 3.06464006809, 1.02481663564, -5.00663696783, -0.00757302006874
6.17, 3.01458954844, 1.02479472875, -5.0084556712, -0.000259210733191
6.18, 2.96452104665, 1.02478411277, -5.01023615564, -0.00476653584403
6.19, 2.91443488478, 1.02468981322, -5.01198947308, -0.0138325171281
6.2, 2.86433135791, 1.02455498489, -5.01370533381, -0.0123646637736
6.21, 2.81421095546, 1.02449101313, -5.01536124539, -0.00271126858762
6.22, 2.76407423947, 1.02449156701, -5.0169687961, -0.00101246255353
6.23, 2.71392158062, 1.02444094039, -5.01855337588, -0.0103578366612
6.24, 2.66375318898, 1.02431681102, -5.02010954403, -0.0130406998894
6.25, 2.61356944082, 1.02420526644, -5.02162526412, -0.00898505536201
6.26, 2.56337079807, 1.02416555611, -5.023087017, -0.00190858779166
6.27, 2.51315771411, 1.02414829992, -5.02451541094, -0.00449758654035
6.28, 2.46293045218, 1.02406369672, -5.02592422286, -0.0126833816692
6.29, 2.41268922106, 1.02393259756, -5.02730588931, -0.0128869085067
6.3, 2.36243439352, 1.02385361217, -5.02864005662, -0.0046976516443
6.31, 2.31216643865, 1.02383883672, -5.02993146053, -0.00179997314868
6.32, 2.26188567572, 1.02379184006, -5.03120457138, -0.00924729335191
6.33, 2.21159226246, 1.02366771479, -5.03246039676, -0.0147995523161
6.34, 2.16128643969, 1.02354960429, -5.03368202659, -0.00915395599718
6.35, 2.11096863351, 1.02351138393, -5.03485515669, -0.00167099124732
6.36, 2.0606392306, 1.02349328147, -5.03600362584, -0.00496297028162
6.37, 2.01029840655, 1.02339977045, -5.0371410532, -0.0137895384542
6.38, 1.95994628981, 1.02325952526, -5.03825815836, -0.013482165177
6.39, 1.90958320157, 1.02317960535, -5.0393316312, -0.0044621456127
6.4, 1.85920956358, 1.02316697576, -5.04036843221, -0.00179740392116
6.41, 1.80882562332, 1.02311484083, -5.04139533884, -0.0101674122578
6.42, 1.75843145666, 1.02298001424, -5.0424120589, -0.0157901113334
6.43, 1.70802724686, 1.02285677804, -5.04339899462, -0.00922472058436
6.44, 1.65761338429, 1.02282101079, -5.04434074536, -0.00135796870338
6.45, 1.60719020397, 1.02280225761, -5.04526525104, -0.00545482856001
6.46, 1.5567578059, 1.02269933292, -5.04618587724, -0.0149454993974
6.47, 1.5063162522, 1.02254989076, -5.04709162334, -0.014038513989
6.48, 1.45586582923, 1.02246978825, -5.0479558421, -0.00414043487732
6.49, 1.40540692614, 1.02245981087, -5.04878830986, -0.0017874681105
6.5, 1.35493972945, 1.02240209906, -5.04961818411, -0.0111592543776
6.51, 1.30446424648, 1.02226918265, -5.05044013394, -0.0156143162764
6.52, 1.25398063915, 1.02213458482, -5.05124186702, -0.011098133187
6.53, 1.2034892095, 1.02208134336, -5.05200242989, -0.00256436593674
6.54, 1.15299027597, 1.02206244147, -5.05274475, -0.00456379478605
6.55, 1.10248392707, 1.02197110281, -5.05348756162, -0.0140356897034
6.56, 1.05197016533, 1.02181944566, -5.05422298261, -0.0152732961515
6.57, 1.00144919558, 1.02172042845, -5.05492479189, -0.00612104756481
6.58, 0.950921371734, 1.02169989529, -5.05559378454, -0.00184509743785
6.59, 0.90038688235, 1.02165143431, -5.05626142521, -0.00980525977642
6.6, 0.84984531266, 1.02151744549, -5.05732144153, -0.0122387557717
6.61, 0.799297921544, 1.02138399162, -5.05757838634, -0.0121891463132
6.62, 0.74874380184, 1.02131340301, -5.05819486717, -0.00442445117967
6.63, 0.698183618321, 1.02128391246, -5.05879253486, -0.00473006335259
6.64, 0.647617460141, 1.02120014814, -5.0593917874, -0.0128474917431
6.65, 0.597045307366, 1.02105527879, -5.05998794825, -0.0153610096859
6.66, 0.546467298279, 1.02094425302, -5.06055863275, -0.00801795032038
6.67, 0.495883732254, 1.02090614385, -5.0610987576, -0.00305739017595
6.68, 0.445294792734, 1.02085738007, -5.06163618548, -0.00894053532696
6.69, 0.39470045737, 1.02072989052, -5.06217734455, -0.0160716423244
6.7, 0.344100742663, 1.02058589017, -5.06270681731, -0.0125518244943
6.71, 0.293495890041, 1.0205157908, -5.06320220862, -0.00417909552037
6.72, 0.242886166902, 1.02048674608, -5.0636826773, -0.00500442132583
6.73, 0.192271618491, 1.02039547203, -5.06416956054, -0.0139020348933
6.74, 0.141652180045, 1.02024056889, -5.06465661753, -0.0161379387255
6.75, 0.0910279744055, 1.02012684815, -5.06511829631, -0.00789953121471
