timestamp, prius0 x posi, prius0 y posi, prius0 x vel, prius0 y vel.
0.0, 0.0, 0.0, 0.0, 0.0
0.00999999999999, 1.00003421121, -24.9975297865, -0.000802206737159, 0.198324218023
0.02, 1.00000332079, -24.9949844662, -0.00258425394662, 0.286664549713
0.03, 0.999990431439, -24.9915623261, 0.00171196656555, 0.374968714704
0.04, 1.00002470155, -24.9872646648, 0.00537259292713, 0.463205888064
0.05, 1.00006098761, -24.9820918372, 0.00263372351732, 0.551445731491
0.06, 1.00005338999, -24.9760438439, -0.00172895728508, 0.639693503104
0.07, 1.00003151046, -24.9691207033, -0.000169301620227, 0.727934524783
0.08, 1.00005177917, -24.9613224875, 0.00501868029512, 0.816168583134
0.09, 1.00010280695, -24.9526491973, 0.00536119958145, 0.904407587072
0.1, 1.00012309823, -24.9431007607, 0.000368757460635, 0.992654689181
0.11, 1.0001036328, -24.9326771529, -0.00145473325847, 1.08089959408
0.12, 1.0001044827, -24.9213784419, 0.00328175645943, 1.16913565174
0.13, 1.0001555963, -24.9092046713, 0.00704876264847, 1.25731585137
0.14, 1.00020635166, -24.8961577507, 0.0038582928691, 1.34430568218
0.15, 1.0002094713, -24.8822465447, -0.000699250883573, 1.43020449362
0.16, 1.0002001802, -24.8674817009, 0.00132049326367, 1.5150403978
0.17, 1.00023807809, -24.8518738196, 0.00691024612738, 1.59882427823
0.18, 1.00030703972, -24.8354332805, 0.0069715524214, 1.68158215333
0.19, 1.00034068487, -24.8181702548, 0.00151592143581, 1.76332924288
0.2, 1.0003328957, -24.8000948512, -0.000177449480914, 1.84406598752
0.21, 1.00034929281, -24.7812171595, 0.0050346020867, 1.92379772917
0.22, 1.00041839944, -24.7615471112, 0.00875939713595, 2.00254783834
0.23, 1.00048306859, -24.7410943996, 0.00494665793021, 2.08033800683
0.24, 1.00049496978, -24.7198685936, 0.000111754557067, 2.15717364396
0.25, 1.00049603246, -24.6978792584, 0.00260633819402, 2.23305305886
0.26, 1.00054967424, -24.6751368151, 0.00862344401881, 2.30791699562
0.27, 1.00063452326, -24.6516560511, 0.00834440304867, 2.38184570552
0.28, 1.00067856765, -24.6274469845, 0.00233224382936, 2.45496593884
0.29, 1.00067903942, -24.602518133, 0.000778478501624, 2.52720504856
0.3, 1.00070828545, -24.5768783326, 0.00656780015332, 2.59854489674
0.31, 1.00079351665, -24.5505363787, 0.0102930650449, 2.66900802928
0.32, 1.00087020772, -24.5235008501, 0.0058356213597, 2.73861460577
0.33, 1.00088886288, -24.4957802171, 0.000728008471461, 2.8073669706
0.34, 1.00089859193, -24.4673834131, 0.00374676215979, 2.87473882117
0.35, 1.00096654979, -24.4383248799, 0.0101759169114, 2.94005781203
0.36, 1.00106508794, -24.4086227664, 0.00943920926704, 3.00355927432
0.37, 1.00111637978, -24.3782948511, 0.00281733389967, 3.06529633776
0.38, 1.00112229595, -24.3473585495, 0.0015004986078, 3.12530332945
0.39, 1.00116277158, -24.3158309338, 0.00797534060736, 3.18362141601
0.4, 1.00126284358, -24.2837285597, 0.0116675468193, 3.2403110125
0.41, 1.00134940377, -24.2510674012, 0.00646392758575, 3.29542613771
0.42, 1.00137213745, -24.2178630056, 0.00109058859026, 3.34900214662
0.43, 1.00138851328, -24.1841306277, 0.00471484669095, 3.40106757246
0.44, 1.00146922867, -24.1498851356, 0.0115629082221, 3.45167053629
0.45, 1.00157954722, -24.1151408507, 0.0103107943246, 3.50086743607
0.46, 1.00163561101, -24.0799116183, 0.00304030253522, 3.54869799561
0.47, 1.00164442043, -24.0442109929, 0.00197847930579, 3.59518450037
0.48, 1.00169380843, -24.0080522701, 0.00915513032789, 3.64035825388
0.49, 1.00180629473, -23.971448307, 0.0127815142722, 3.68427120761
0.5, 1.0018999096, -23.9344114649, 0.00680185172514, 3.72696823079
0.51, 1.00192394102, -23.8969537765, 0.00119704017127, 3.7684734126
0.52, 1.00194477313, -23.8590870835, 0.00549894110608, 3.80880438189
0.53, 1.00203654145, -23.8208229318, 0.0127798291419, 3.84800118706
0.54, 1.00215659007, -23.7821724018, 0.0109492250503, 3.88611175365
0.55, 1.00221489086, -23.7431461912, 0.00301205074768, 3.92316606336
0.56, 1.00222444008, -23.703754806, 0.00228276227148, 3.9591763077
0.57, 1.00228140333, -23.6640085839, 0.0102237748539, 3.99416591716
0.58, 1.00240501155, -23.6239174932, 0.0137403355851, 4.02818022147
0.59, 1.00250369742, -23.5834910815, 0.00691707009494, 4.06125594055
0.6, 1.00252686019, -23.5427386556, 0.00111177949854, 4.09340803043
0.61, 1.00255071098, -23.5016694193, 0.00617853106573, 4.12464582469
0.62, 1.00265260085, -23.4602923478, 0.0138973946076, 4.15500376617
0.63, 1.0027809467, -23.4186160094, 0.0114079206809, 4.18452342334
0.64, 1.00283943327, -23.3766486626, 0.00277845688335, 4.21322696129
0.65, 1.00284803588, -23.3343984557, 0.00246077558971, 4.24111830726
0.66, 1.0029117021, -23.2918734386, 0.0112252164919, 4.26821511818
0.67, 1.00304552093, -23.2490813406, 0.0145766622039, 4.29455811203
0.68, 1.00314758118, -23.2060295264, 0.00683691834793, 4.3201776298
0.69, 1.00316801083, -23.1627251909, 0.000868471707233, 4.3450811562
0.7, 1.00319381954, -23.1191754966, 0.00679304484002, 4.36927149097
0.71, 1.00330527274, -23.0753874264, 0.0149491817539, 4.39277940416
0.72, 1.00344076696, -23.0313675966, 0.0117113694806, 4.41564173508
0.73, 1.00349763531, -22.9871223715, 0.00236588830694, 4.43787434961
0.74, 1.00350392231, -22.9426580716, 0.00254791967832, 4.45947435266
0.75, 1.00357379031, -22.897980973, 0.012195253521, 4.48045534289
0.76, 1.00371721766, -22.8530970635, 0.0153162058491, 4.50085498472
0.77, 1.00382117898, -22.8080120087, 0.00658225250414, 4.52069856971
0.78, 1.00383725598, -22.7627313617, 0.000495203472356, 4.53998734663
0.79, 1.0038642868, -22.7172607021, 0.0073764559745, 4.55871892642
0.8, 1.00398505831, -22.6716054631, 0.0159620609089, 4.57692190775
0.81, 1.00412676252, -22.6257707393, 0.0118764057302, 4.59462955414
0.82, 1.00418037988, -22.5797614198, 0.00179345972085, 4.61185250614
0.83, 1.00419789888, -22.5335824247, 0.00265513929228, 4.6285815633
0.84, 1.00425920877, -22.4872386004, 0.0108800730997, 4.64483182272
0.85, 1.00439425328, -22.4407346055, 0.0152149659956, 4.66063065378
0.86, 1.0045082548, -22.3940748169, 0.00828066712997, 4.67600144461
0.87, 1.00454012757, -22.3472635032, 0.00154231168318, 4.69094593207
0.88, 1.00456588328, -22.300304972, 0.00634564018978, 4.70545835838
0.89, 1.00467353251, -22.2532034522, 0.0148722837484, 4.71955868539
0.9, 1.00481532351, -22.2059628968, 0.0128694819609, 4.73327642765
0.91, 1.00488539858, -22.158587065, 0.00353056596081, 4.74662238531
0.92, 1.00489661772, -22.1110797248, 0.00242731793422, 4.75958809228
0.93, 1.00496127046, -22.0634446786, 0.0116012038955, 4.77217730647
0.94, 1.00510420079, -22.0156855356, 0.0158475679963, 4.78441927465
0.95, 1.00521932611, -21.9678056462, 0.0079466178646, 4.79633424824
0.96, 1.00524543454, -21.9198082913, 0.000970434278012, 4.80791966475
0.97, 1.00526995945, -21.8716968317, 0.00667388937641, 4.81916606297
0.98, 1.00538488704, -21.8234745698, 0.0157438707863, 4.8300926335
0.99, 1.00553215154, -21.775144543, 0.012998640862, 4.84072704786
1.0, 1.00559834714, -21.7267096249, 0.00285011811585, 4.85107660392
1.01, 1.00561885742, -21.6781727545, 0.00230128794116, 4.86112812165
1.02, 1.00567274634, -21.6295368664, 0.0101058570501, 4.87088791268
1.03, 1.00580625626, -21.5808047857, 0.0157017762047, 4.88037653956
1.04, 1.00593111051, -21.531979104, 0.00959747738607, 4.88961400537
1.05, 1.0059718612, -21.4830623612, 0.00184737316235, 4.89859186692
1.06, 1.00599293374, -21.4340572434, 0.00541812705029, 4.90729961707
1.07, 1.00609308959, -21.3849663438, 0.0145630112667, 4.91575900157
1.08, 1.00624034912, -21.3357919959, 0.0140331768907, 4.92398929933
1.09, 1.00632348006, -21.2865364319, 0.00464330075877, 4.93200554696
1.1, 1.0063380979, -21.2372019656, 0.00209037204562, 4.9397844292
1.11, 1.00639548805, -21.1877908916, 0.0108573557908, 4.94733441587
1.12, 1.00653780113, -21.1383054011, 0.0164758015704, 4.95467631277
1.13, 1.00666506762, -21.0887475039, 0.00936206316862, 4.96182202282
1.14, 1.00670048855, -21.0391191075, 0.00125972239417, 4.96877639133
1.15, 1.00671992436, -20.9894222604, 0.00572027890596, 4.97552148278
1.16, 1.00682745673, -20.9396590065, 0.015480573276, 4.98206811189
1.17, 1.00698102422, -20.8898311781, 0.014243063596, 4.98844198404
1.18, 1.00706057757, -20.83994044, 0.00390335586599, 4.99465111878
1.19, 1.0070826011, -20.7899885541, 0.00250010871889, 5.00067785456
1.2, 1.00713289741, -20.7399773217, 0.0095028862049, 5.00652641457
1.21, 1.0072634679, -20.689908482, 0.0158398521749, 5.01219970382
1.22, 1.00739593452, -20.6397835514, 0.0107434177392, 5.01774476376
1.23, 1.00744712386, -20.5896040252, 0.00256423834934, 5.02312247739
1.24, 1.00746880032, -20.5393714439, 0.00498001734531, 5.02835845387
1.25, 1.00756338902, -20.489087454, 0.0141560741853, 5.03342520844
1.26, 1.00771264015, -20.4387534832, 0.0147628566015, 5.03835904302
1.27, 1.00780618776, -20.3883707795, 0.00566353240446, 5.04317149748
1.28, 1.00782521898, -20.3379406804, 0.00194382114783, 5.04784348809
1.29, 1.00787605518, -20.2874646267, 0.0100058078228, 5.05236870035
1.3, 1.00801382339, -20.2369439715, 0.0165423565607, 5.05676863676
1.31, 1.00814868053, -20.1863798863, 0.0105373542951, 5.06105781758
1.32, 1.00819411253, -20.1357734646, 0.00187157150108, 5.06522471219
1.33, 1.00821228703, -20.0851259403, 0.00504605684775, 5.06928367249
1.34, 1.00831248026, -20.0344385858, 0.0149730976369, 5.07321008851
1.35, 1.00846831354, -19.9837124831, 0.0150873556018, 5.07703702225
1.36, 1.00855945564, -19.932948607, 0.00503051123303, 5.08075351153
1.37, 1.00858604679, -19.8821479954, 0.00230968140383, 5.08437475597
1.38, 1.00862875708, -19.8313117466, 0.00855691480324, 5.08789548817
1.39, 1.00875439806, -19.780440974, 0.0159363628426, 5.0912881512
1.4, 1.00889501533, -19.7295365493, 0.011944681083, 5.09462418793
1.41, 1.00895606569, -19.6785993255, 0.00308746341556, 5.09785175856
1.42, 1.0089748903, -19.6276302271, 0.00414359180281, 5.10098850073
1.43, 1.0090606577, -19.5766302697, 0.0135486493773, 5.10402662214
1.44, 1.00921199644, -19.5256003531, 0.0156345663006, 5.10698405107
1.45, 1.00931724548, -19.4745412005, 0.00675668769544, 5.10987386786
1.46, 1.00934007191, -19.423453542, 0.001628390557, 5.11268578429
1.47, 1.00938214033, -19.3723382663, 0.00897866594121, 5.11541437267
1.48, 1.00951509172, -19.3211962586, 0.0167104027334, 5.11805418478
1.49, 1.00965933331, -19.2700281872, 0.0118568687977, 5.12061603269
1.5, 1.00971492352, -19.2188346493, 0.00234768295183, 5.12314240441
1.51, 1.00974349022, -19.1676164291, 0.00414352537991, 5.12555971069
1.52, 1.00981962007, -19.11637426, 0.0121116689983, 5.12792950927
1.53, 1.00996088672, -19.0651089147, 0.0153409154975, 5.13020287607
1.54, 1.01007428102, -19.013820916, 0.00828973386021, 5.13245532003
1.55, 1.01011175962, -18.9625108419, 0.0026048679548, 5.13463198744
1.56, 1.01015185059, -18.9111794162, 0.00785600379385, 5.13673252486
1.57, 1.01027024697, -18.8598273689, 0.0154341291334, 5.13876281469
1.58, 1.01041230565, -18.8084552269, 0.0126270259236, 5.1407483498
1.59, 1.01048261154, -18.757063445, 0.00395266108184, 5.14268652634
1.6, 1.01050429574, -18.7056525723, 0.00385900499647, 5.14456545084
1.61, 1.01058278943, -18.6542233262, 0.0126861453348, 5.14637099142
1.62, 1.01072999443, -18.6027762118, 0.0157470333624, 5.14813253597
1.63, 1.01084240356, -18.5513116771, 0.00777270436415, 5.1498560091
1.64, 1.01087295302, -18.4998301555, 0.00195095537776, 5.15153050124
1.65, 1.01091119709, -18.4483321972, 0.00809561702824, 5.15314196588
1.66, 1.01103547709, -18.3968183842, 0.0161167128103, 5.15470335063
1.67, 1.01118076039, -18.3452891286, 0.0125315995688, 5.15623591247
1.68, 1.01124561241, -18.2937447502, 0.00315543063063, 5.15772340154
1.69, 1.01126123371, -18.2421857816, 0.00359822946896, 5.15915545045
1.7, 1.01134261263, -18.1906127001, 0.0133399690459, 5.16054823136
1.71, 1.01149607462, -18.1390258376, 0.0161398376006, 5.16191162834
1.72, 1.01160661982, -18.0874254973, 0.00713762960429, 5.163240785
1.73, 1.01164097452, -18.0358121703, 0.00288430367626, 5.16450753339
1.74, 1.0116736217, -17.9841865761, 0.00670786611656, 5.16569688666
1.75, 1.01178320287, -17.9325495038, 0.0150291384226, 5.16680936816
1.76, 1.01192901282, -17.880901613, 0.0135134070201, 5.16786387161
1.77, 1.01200796408, -17.8292434565, 0.00449991067326, 5.16886435673
1.78, 1.01202713166, -17.7775756539, 0.00296893706254, 5.16979684078
1.79, 1.01209405697, -17.7258989332, 0.0116255205936, 5.17065582607
1.8, 1.01223790722, -17.6742139445, 0.0160973610598, 5.17145754812
1.81, 1.01235888952, -17.6225212075, 0.00875775503755, 5.17220773154
1.82, 1.01239344384, -17.5708213908, 0.00169349306983, 5.17287611994
1.83, 1.01242165309, -17.519115531, 0.00672238315967, 5.17342376879
1.84, 1.01253512317, -17.4674049407, 0.0155566309908, 5.17383404293
1.85, 1.01268315176, -17.4156909898, 0.0133452826985, 5.17410777191
1.86, 1.01275553022, -17.3639750696, 0.00356894352333, 5.17424051415
1.87, 1.01276674104, -17.3122586662, 0.00247112998641, 5.1742199356
1.88, 1.01283397143, -17.2605432992, 0.012025500821, 5.17405252274
1.89, 1.01298200624, -17.2088302528, 0.0163241499725, 5.17377236226
1.9, 1.01309975937, -17.1571205043, 0.00798493985909, 5.17340467358
1.91, 1.01313242774, -17.1054149151, 0.00406108114892, 5.17291387638
1.92, 1.01315950937, -17.0537143575, 0.0055631374071, 5.17241172503
1.93, 1.01325685935, -17.0020196013, 0.0139983996588, 5.1718021883
1.94, 1.0133987287, -16.9503312144, 0.0136560278325, 5.17114625226
1.95, 1.01348184705, -16.8986495985, 0.0048855910452, 5.17045345197
1.96, 1.01349912818, -16.846975165, 0.00220915675919, 5.16971553981
1.97, 1.01355350591, -16.7953083942, 0.0101934750821, 5.16892929288
1.98, 1.01368702914, -16.7436496677, 0.0155739991607, 5.16811359707
1.99, 1.01380899161, -16.69199919, 0.00919749850877, 5.1672827582
2.0, 1.01384587293, -16.6403571296, 0.00151636241193, 5.16643277258
2.01, 1.01386527898, -16.5887237563, 0.0053614364454, 5.16555041899
2.02, 1.01396505787, -16.5370993638, 0.0144576328524, 5.16464333918
2.03, 1.01410935876, -16.4854840896, 0.0135569570435, 5.16372997713
2.04, 1.01418633029, -16.4338779687, 0.00394244719151, 5.16281395096
2.05, 1.01419468069, -16.3822810997, 0.00155818397613, 5.16188202878
2.06, 1.01424802527, -16.3306936886, 0.0105115263641, 5.16092800556
2.07, 1.01438609655, -16.2791158634, 0.0159278269182, 5.15996904659
2.08, 1.0145065031, -16.2275475993, 0.00858097405663, 5.15901657419
2.09, 1.01454213348, -16.1759888708, 0.00385826129575, 5.15803005323
2.1, 1.01455944863, -16.1244397618, 0.00408237992804, 5.15709685401
2.11, 1.01464245215, -16.0729003739, 0.0129016426932, 5.1561220856
2.12, 1.01478142435, -16.0213707131, 0.0139967001999, 5.15515351074
2.13, 1.01487020907, -15.969850683, 0.00532062114283, 5.15419596987
2.14, 1.01488440486, -15.9183402316, 0.00121596120024, 5.15323859725
2.15, 1.01492402278, -15.8668394182, 0.00861944632762, 5.15227202346
2.16, 1.01504778034, -15.8153482698, 0.0152645127561, 5.15130882036
2.17, 1.01517357788, -15.7638666784, 0.0099061530989, 5.15036062331
2.18, 1.01521381667, -15.7123945125, 0.00128340919873, 5.14942343842
2.19, 1.01522256011, -15.6609317455, 0.00377184532646, 5.14848260904
2.2, 1.01530743013, -15.6094784129, 0.0133696108377, 5.14754038788
2.21, 1.01544968422, -15.5580344355, 0.0140236137352, 5.14661240359
2.22, 1.01553328866, -15.5065996445, 0.00442098544857, 5.14570227154
2.23, 1.01553809898, -15.4551739259, 0.000459468778389, 5.14479799053
2.24, 1.01557561006, -15.4037572843, 0.00886316820545, 5.14388995337
2.25, 1.01570406445, -15.3523496876, 0.0157054856645, 5.14299131179
2.26, 1.01582948179, -15.3009509724, 0.00939707563988, 5.14211274258
2.27, 1.01586071944, -15.2495609631, 0.000256365675945, 5.14124927739
2.28, 1.01587633562, -15.1981796087, 0.00296132937158, 5.14038573974
2.29, 1.015946038, -15.14680687, 0.0116658071179, 5.13952617615
2.3, 1.01607875912, -15.0954426549, 0.0139410985873, 5.13868167389
2.31, 1.01617111044, -15.0440867802, 0.00577123142271, 5.13785694832
2.32, 1.016184985, -14.9927390964, 0.000635767112315, 5.13704306647
2.33, 1.01621293911, -14.9413995591, 0.00717043228521, 5.1362296263
2.34, 1.01632514905, -14.8900681188, 0.0145732252988, 5.13542559493
2.35, 1.0164509847, -14.8387446148, 0.0103540797263, 5.13464140972
2.36, 1.01649504712, -14.7874288606, 0.00134288369546, 5.13387453453
2.37, 1.01649706716, -14.7361207572, 0.00253768005289, 5.13311178214
2.38, 1.01656777111, -14.6848202773, 0.0120906692097, 5.13235235351
2.39, 1.0167040806, -14.6335273091, 0.014049445392, 5.13160945267
2.4, 1.01679208953, -14.5822416605, 0.004928771165, 5.13088699565
2.41, 1.01679640935, -14.5309631784, -0.000198112973877, 5.13017553906
2.42, 1.01682120271, -14.4796918169, 0.0073150734002, 5.12946470063
2.43, 1.01693778126, -14.4284275194, 0.0150453593213, 5.12876421078
2.44, 1.01706405276, -14.3771701191, 0.0099414657547, 5.12808384617
2.45, 1.01709957096, -14.3259199368, 0.000300304550613, 5.12724254396
2.46, 1.01710761138, -14.2746800678, 0.00160467426145, 5.12595977583
2.47, 1.01716220061, -14.2234562737, 0.0103439993883, 5.12412421049
2.48, 1.01728939583, -14.1722525834, 0.014062765624, 5.12195378906
2.49, 1.0173870477, -14.1210727661, 0.00632860966694, 5.11928715896
2.5, 1.01740002963, -14.0699214504, -0.000133642923829, 5.11633799257
2.51, 1.0174139095, -14.0188023093, 0.00549995806332, 5.11279637781
2.52, 1.01751385829, -13.9677216933, 0.0139490815617, 5.1086559606
2.53, 1.01764140824, -13.9166844516, 0.0109861892502, 5.1041983916
2.54, 1.01768990561, -13.8656928813, 0.00132238365882, 5.09952973952
2.55, 1.01768297236, -13.8147489215, 0.00100852459916, 5.0945339328
2.56, 1.01773730728, -13.763859372, 0.0107023364659, 5.08881854843
2.57, 1.01786828887, -13.713027876, 0.014239583113, 5.0829233895
2.58, 1.01796215177, -13.6622574584, 0.00549327176815, 5.07656874342
2.59, 1.01797661374, -13.611553087, 0.000520227178841, 5.06972611802
2.6, 1.01798206277, -13.56091836, 0.00382073099835, 5.06269328251
2.61, 1.01806481028, -13.5103543323, 0.0126371382454, 5.05551744313
2.62, 1.01819084361, -13.4598654877, 0.011778442686, 5.0476765224
2.63, 1.0182515626, -13.409456485, 0.00243355554835, 5.03962306047
2.64, 1.01824534024, -13.3591286226, 7.32290168547e-05, 5.03145671819
2.65, 1.01828238733, -13.3088831341, 0.008736161395, 5.02305871248
2.66, 1.01840165458, -13.2587243278, 0.0140113110759, 5.01415419084
2.67, 1.01850396743, -13.2086557957, 0.00688762030328, 5.00507718335
2.68, 1.0185160034, -13.1586780539, -0.000961440370583, 4.99598405338
2.69, 1.01851412367, -13.1087926795, 0.00357267703282, 4.98645104801
2.7, 1.01859897656, -13.0590053085, 0.0130583421145, 4.97655805766
2.71, 1.01872669302, -13.0093172227, 0.0115659643214, 4.96659874665
2.72, 1.0187798535, -12.9597291195, 0.00133928165566, 4.95656457481
2.73, 1.01877724883, -12.9102411275, 0.000109472659092, 4.94659699339
2.74, 1.01880334408, -12.8608518634, 0.00699089041651, 4.93685691595
2.75, 1.01890684194, -12.811559797, 0.0129682578124, 4.92711125016
2.76, 1.01900986652, -12.7623654486, 0.00778671287993, 4.91722439815
2.77, 1.01903296216, -12.7132706468, -0.00012370979979, 4.90729950019
2.78, 1.01902877886, -12.6642747923, 0.00240170352132, 4.89738743446
2.79, 1.01909615565, -12.6153779773, 0.0112607238587, 4.88752890103
2.8, 1.01921486344, -12.5665799722, 0.0116080761064, 4.87753956037
2.81, 1.01927732797, -12.5178825524, 0.00263385697149, 4.86749893963
2.82, 1.01926780213, -12.4692869334, -0.000815810695913, 4.85695781772
2.83, 1.01929066437, -12.4207995995, 0.00709403520694, 4.84588020456
2.84, 1.019397084, -12.3724282103, 0.0132158955813, 4.83375214922
2.85, 1.01949810765, -12.3241813838, 0.00715373064354, 4.8211327096
2.86, 1.01951151156, -12.2760617439, -0.00119158869418, 4.80846113227
2.87, 1.01950010911, -12.228079996, 0.00208571672441, 4.79360617173
2.88, 1.0195689569, -12.1802451036, 0.0116418788217, 4.77895001835
2.89, 1.01968953021, -12.132561434, 0.0114536805145, 4.76355895231
2.9, 1.01974510972, -12.0850333384, 0.00158689856335, 4.74736588987
2.91, 1.01973899439, -12.037671614, -0.000855475439817, 4.7305791216
2.92, 1.01974994176, -11.9904808641, 0.00525507068878, 4.71286863947
2.93, 1.01984021702, -11.9434731167, 0.0121826996352, 4.69417257622
2.94, 1.01994243086, -11.8966586402, 0.00810322557541, 4.67430533185
2.95, 1.01996688287, -11.8500438664, -0.000418800591028, 4.65432754142
2.96, 1.01995192004, -11.8036303221, 0.000752370186574, 4.63410095363
2.97, 1.02000204724, -11.757422441, 0.00977382092232, 4.61289063937
2.98, 1.02011366438, -11.7114307538, 0.0115360251474, 4.59115616068
2.99, 1.02017872466, -11.6656596823, 0.002846197717, 4.56866644671
3.0, 1.02016461027, -11.6201159276, -0.00195789645223, 4.5454220409
3.01, 1.02017046104, -11.5748127924, 0.00519577514399, 4.52099579524
3.02, 1.02026296904, -11.5297536687, 0.0124307315465, 4.49658122349
3.03, 1.02036351342, -11.4849424777, 0.00748821045087, 4.4710753274
3.04, 1.02037766059, -11.4403910714, -0.00162502241788, 4.44499360322
3.05, 1.02035359494, -11.3961003579, 0.000238922205912, 4.41893700432
3.06, 1.02040388632, -11.3520722527, 0.0100891699218, 4.39234017614
3.07, 1.02051745453, -11.3083131775, 0.0114297235053, 4.36510968722
3.08, 1.02057581514, -11.2648280882, 0.00176483657659, 4.33753057836
3.09, 1.02056376711, -11.2216213086, -0.00217454752728, 4.30964558306
3.1, 1.02055616084, -11.1786930792, 0.00324869123808, 4.28151644289
3.11, 1.02063222334, -11.1360521777, 0.0114234690784, 4.2525273661
3.12, 1.02073420917, -11.0937017596, 0.00843460012415, 4.22333332197
3.13, 1.02075867621, -11.0516436497, -0.000976194853168, 4.19411302709
3.14, 1.02072970627, -11.0098771531, -0.00120053738282, 4.16494539492
3.15, 1.02076085821, -10.9684018815, 0.00823034675615, 4.1359217956
3.16, 1.02086584699, -10.9272132016, 0.0115480443814, 4.10754319431
3.17, 1.02093358067, -10.8863080997, 0.00296828729637, 4.07935802918
3.18, 1.02092059365, -10.8456829508, -0.00013170243601, 4.05153730323
3.19, 1.02091060545, -10.8053336396, 0.00200338951195, 4.02422685365
3.2, 1.0209691358, -10.7652547129, 0.00968029616853, 3.99740240318
3.21, 1.0210622653, -10.7254411581, 0.00843314149218, 3.97103356301
3.22, 1.02109464427, -10.6858903931, 0.000118187581155, 3.94488914441
3.23, 1.02107067953, -10.6465980151, -0.00147819437343, 3.91922360136
3.24, 1.02108872195, -10.6075611185, 0.00632683065049, 3.893906214
3.25, 1.02117746369, -10.5687764611, 0.0105481994899, 3.86890106684
3.26, 1.02124672267, -10.5302401214, 0.00395144642499, 3.84414453414
3.27, 1.02123644779, -10.4919487085, -0.00269101873224, 3.81981184672
3.28, 1.02121859237, -10.4538975606, 0.0017733336665, 3.79600899901
3.29, 1.02127846104, -10.416083751, 0.00992916518099, 3.77248122521
3.3, 1.02137154318, -10.3785038122, 0.0080788596891, 3.74921047733
3.31, 1.02139615535, -10.341153621, -0.000901700742951, 3.72648120078
3.32, 1.02136314868, -10.3040301813, -0.00213330985583, 3.70393333795
3.33, 1.02137965316, -10.2671293268, 0.00653553661807, 3.6819712907
3.34, 1.02147113939, -10.2304461426, 0.0106844813168, 3.66035861269
3.35, 1.02153685044, -10.1939795115, 0.00318217885764, 3.6386026921
3.36, 1.02151680026, -10.1577293145, -0.00365289116803, 3.61712765377
3.37, 1.02149342637, -10.1216938935, 0.00163946548541, 3.59558064505
3.38, 1.02155577673, -10.0858735632, 0.0103199465985, 3.57403287369
3.39, 1.021649769, -10.0502680342, 0.00781046981195, 3.55267147029
3.4, 1.02166669302, -10.0148751174, -0.00193826959264, 3.53152633078
3.41, 1.02162452568, -9.97969303636, -0.00275398869915, 3.51048135264
3.42, 1.02164046216, -9.94472184429, 0.00687064482023, 3.48949252101
3.43, 1.02173580651, -9.90995994309, 0.0108853365428, 3.46848648314
3.44, 1.02179794922, -9.87540752047, 0.00234688999293, 3.4476263739
3.45, 1.02177531537, -9.84106333561, -0.00139872464608, 3.4267733979
3.46, 1.02175031598, -9.8069266809, 0.000455931256845, 3.40621441752
3.47, 1.02179650846, -9.77299534925, 0.00875583494518, 3.38576966598
3.48, 1.02188396326, -9.73926800469, 0.00804050635421, 3.36528011897
3.49, 1.02191041576, -9.70574394028, -0.000741085188753, 3.34518596465
3.5, 1.02187354657, -9.67241760148, -0.00301721027992, 3.32573175047
3.51, 1.02187691455, -9.63928236762, 0.00509530749479, 3.30702412616
3.52, 1.02195773726, -9.60632987401, 0.0101071035069, 3.2890931074
3.53, 1.02202327535, -9.5735535583, 0.00346284220209, 3.27182526359
3.54, 1.02200406946, -9.54094708959, -0.00394726837676, 3.25519453842
3.55, 1.02197120065, -9.50850286276, 0.000260905678049, 3.23939599187
3.56, 1.02201972849, -9.47621270926, 0.00920955459448, 3.22430185316
3.57, 1.02210913624, -9.44407008792, 0.00787218947443, 3.20990614813
3.58, 1.02212876359, -9.41206836967, -0.00174009617915, 3.19602785459
3.59, 1.0220826969, -9.38019913554, -0.00366559666523, 3.18337656013
3.6, 1.02208520292, -9.34845271497, 0.00543407946379, 3.1714157862
3.61, 1.02217049534, -9.31682289793, 0.0104182018404, 3.16002047778
3.62, 1.02223376836, -9.28530262591, 0.0027729638561, 3.14942664603
3.63, 1.02220478542, -9.25388677315, -0.00493320529596, 3.13925630269
3.64, 1.02216655404, -9.22256855322, 0.000180652989562, 3.12981262312
3.65, 1.0222186756, -9.19134251186, 0.00974421007554, 3.1209094045
3.66, 1.02229636572, -9.16020252819, 0.00795086289623, 3.11253058473
3.67, 1.02232503782, -9.12914413882, -0.000519023796132, 3.10452066049
3.68, 1.02228523044, -9.09816330995, -0.00384530428908, 3.09689960821
3.69, 1.0222756459, -9.06725409674, 0.00362239639846, 3.09018837267
3.7, 1.02234566834, -9.03641109612, 0.00952500281455, 3.08373964605
3.71, 1.02241144098, -9.00562886876, 0.0038414368935, 3.07788816908
3.72, 1.02239416384, -8.97490354292, -0.00412567958541, 3.07249626448
3.73, 1.02235277836, -8.94422995285, -0.001057636203, 3.06753895793
3.74, 1.0223874574, -8.91360388053, 0.00803331165275, 3.06292016253
3.75, 1.02247180405, -8.8830218798, 0.0079376685575, 3.05871555976
3.76, 1.02249499102, -8.85247904895, -0.00140901764893, 3.05500907635
3.77, 1.02244625679, -8.82197120046, -0.00454885003818, 3.05180105067
3.78, 1.02243526996, -8.7914939003, 0.00390353454131, 3.0489017691
3.79, 1.02250969445, -8.76104349309, 0.00989553068886, 3.04643055061
3.8, 1.02257414442, -8.73061622813, 0.00323874356359, 3.04417791356
3.81, 1.02254715596, -8.70021012631, -0.00515840145454, 3.04227533894
3.82, 1.02249957635, -8.66981950659, -0.00121229953308, 3.04105438208
3.83, 1.02253731776, -8.63943936301, 0.00855613335284, 3.04013074319
3.84, 1.02262404105, -8.60906675686, 0.00777223269782, 3.03957291009
3.85, 1.02263992964, -8.57869871127, -0.00248312120772, 3.03912436077
3.86, 1.02258142964, -8.54833270586, -0.0052126422924, 3.0391787253
3.87, 1.02256942306, -8.51796566976, 0.00426512824304, 3.03935350446
3.88, 1.02263811569, -8.48759580386, 0.0079215070875, 3.03978493063
3.89, 1.02270006193, -8.45722021351, 0.00390909547281, 3.04050203135
3.9, 1.02268334118, -8.42683660229, -0.00428257417322, 3.04129697606
3.91, 1.02263447183, -8.39644410958, -0.00226428903403, 3.04241723846
3.92, 1.02265511944, -8.3660385914, 0.00671319705943, 3.04386039069
3.93, 1.02273137791, -8.33561691245, 0.00762185456974, 3.04558231418
3.94, 1.02275502045, -8.30517710411, -0.00126901425657, 3.04753780315
3.95, 1.02270363801, -8.27471602873, -0.00526166492889, 3.04983111612
3.96, 1.02267990282, -8.24423039262, 0.00238941755382, 3.05245429462
3.97, 1.02274141416, -8.21371705237, 0.00899254811408, 3.0553791174
3.98, 1.02280290895, -8.18317289243, 0.00334941598082, 3.05854818697
3.99, 1.02277685273, -8.15259670231, -0.00533999003829, 3.06185140238
4.0, 1.02272060244, -8.12198523427, -0.00259751519441, 3.06560182042
4.01, 1.02274278683, -8.09133457296, 0.00713770325926, 3.06961526821
4.02, 1.02282163974, -8.06064218914, 0.00756220793201, 3.07405839404
4.03, 1.02283908893, -8.02990329875, -0.00227238454393, 3.07879172696
4.04, 1.02277738446, -7.99911614298, -0.00609482029827, 3.0837720406
4.05, 1.0227509079, -7.96827770174, 0.00257753738694, 3.08905832647
4.06, 1.02281643879, -7.93738384916, 0.00935320252381, 3.0948072453
4.07, 1.02287655676, -7.90643198215, 0.00273270971651, 3.10062876643
4.08, 1.0228404461, -7.87542143635, -0.0064611802454, 3.10654161358
4.09, 1.02279036833, -7.8443518521, -0.00347724308644, 3.11247967703
4.1, 1.0227965957, -7.81321895066, 0.00534833972919, 3.11912580205
4.11, 1.02286499753, -7.78201944602, 0.00738795986778, 3.12581895614
4.12, 1.02289031402, -7.75075217462, -0.0010022425654, 3.13274431519
4.13, 1.02283692614, -7.71941366024, -0.00598878113042, 3.14005338878
4.14, 1.02280014103, -7.68800060635, 0.000805445905719, 3.14766625683
4.15, 1.02284854484, -7.65651007918, 0.00812952395202, 3.15547006861
4.16, 1.02290816636, -7.62494164031, 0.00360242715533, 3.16336735639
4.17, 1.02288403097, -7.59328892709, -0.00545287819804, 3.17216171911
4.18, 1.02281957474, -7.56154858423, -0.00395746858489, 3.18092861768
4.19, 1.02282630286, -7.52971945861, 0.00572173270636, 3.18997158398
4.2, 1.02289750829, -7.49779828067, 0.00739660851638, 3.19932965361
4.21, 1.02291731596, -7.46578267162, -0.00196240244686, 3.20879184286
4.22, 1.02285338333, -7.43367203249, -0.00689897673897, 3.21841462656
4.23, 1.02281287971, -7.40146293082, 0.000906174027619, 3.22844744182
4.24, 1.02286510815, -7.36915282984, 0.0085339805741, 3.23855775323
4.25, 1.02292422469, -7.33674151316, 0.00308094069615, 3.24877475832
4.26, 1.0228904676, -7.30422722341, -0.00659279220996, 3.25912522121
4.27, 1.02281762079, -7.27160767814, -0.00438119508872, 3.26976964288
4.28, 1.02282562882, -7.23888146338, 0.0061782828879, 3.28044946641
4.29, 1.02288567983, -7.20604881372, 0.00699385368819, 3.29106636594
4.3, 1.02291183611, -7.17310965785, -0.00079442276161, 3.30189898048
4.31, 1.02285591991, -7.14005979011, -0.00677402235737, 3.31305387255
4.32, 1.02280537694, -7.10689852376, -0.000859427214724, 3.32426071812
4.33, 1.022839879, -7.07362307094, 0.00719442324065, 3.33586422897
4.34, 1.02289710155, -7.04023100987, 0.00382042634529, 3.34751505415
4.35, 1.02287472808, -7.00672307538, -0.00558020655161, 3.35905438685
4.36, 1.02280164889, -6.97309894564, -0.00538970810754, 3.37081636977
4.37, 1.02279200048, -6.93935575141, 0.00420770361932, 3.38286157237
4.38, 1.02285485588, -6.90549163171, 0.00718933542147, 3.39493357109
4.39, 1.02287689842, -6.87150688836, -0.00165434440605, 3.40698095372
4.4, 1.02281054245, -6.83740099751, -0.0077490212607, 3.41932399224
4.41, 1.02275524172, -6.80316949232, -0.000861186986032, 3.43202708066
4.42, 1.02279323461, -6.76881001128, 0.00763071559787, 3.44480825422
4.43, 1.02285077727, -6.73432288956, 0.00339203522093, 3.45760941256
4.44, 1.02281910584, -6.69970600588, -0.00675408768067, 3.47071758402
4.45, 1.02273663717, -6.66495884862, -0.00594440181052, 3.48365546604
4.46, 1.02272730537, -6.63007985651, 0.00461892692624, 3.49706626266
4.47, 1.02277920885, -6.59506801138, 0.00684927617903, 3.51025251935
4.48, 1.02280812119, -6.5599223835, -0.000468874498196, 3.52386650053
4.49, 1.0227492079, -6.52463987624, -0.00773687773382, 3.53750374496
4.5, 1.02268254243, -6.48921973741, -0.00274802310301, 3.55161826098
4.51, 1.02270226595, -6.45365619435, 0.00629985711103, 3.56602242862
4.52, 1.02275845374, -6.41794927818, 0.00419555387229, 3.58029609969
4.53, 1.02273824167, -6.38209896222, -0.00579621858489, 3.59477308388
4.54, 1.02265432497, -6.34610327357, -0.00710723972097, 3.60929908577
4.55, 1.02262606418, -6.30996232409, 0.00257048302656, 3.62391240706
4.56, 1.02268085022, -6.27367411782, 0.00710674865629, 3.63864412196
4.57, 1.02270624262, -6.2372385306, -0.00130361418844, 3.6534735016
4.58, 1.02263627129, -6.20065325737, -0.00884309018666, 3.66857440279
4.59, 1.02256324287, -6.16391650459, -0.00290002644374, 3.68370060147
4.6, 1.02258096386, -6.12702918705, 0.00197053794809, 3.69888371192
4.61, 1.02262990587, -6.08998629926, 0.00473944986283, 3.71456079136
4.62, 1.02262017688, -6.05278693495, -0.00478369001966, 3.73028216795
4.63, 1.02253655431, -6.01543012476, -0.00806070817691, 3.74599005937
4.64, 1.02249032438, -5.97791603282, 0.000481004462212, 3.76181569979
4.65, 1.02253143481, -5.94024373956, 0.00664530759399, 3.7776007913
4.66, 1.02256318351, -5.90241173154, -6.38573506218e-05, 3.79367655704
4.67, 1.02250203698, -5.86441924337, -0.00867225088858, 3.80980461652
4.68, 1.02241826435, -5.82626503325, -0.00483644556017, 3.82594635759
4.69, 1.02242075013, -5.78794921196, 0.00516992389625, 3.84219711347
4.7, 1.02246026683, -5.74947038284, 0.00481288455228, 3.85845852356
4.71, 1.02245944652, -5.71082917017, -0.00361781532126, 3.87476373781
4.72, 1.02238035087, -5.6720234408, -0.00849624386625, 3.8913403904
4.73, 1.02231906873, -5.63305213046, -0.00160455562904, 3.90783334997
4.74, 1.02234298817, -5.59391567246, 0.00563457955313, 3.92443525114
4.75, 1.02237674297, -5.55461283394, 0.000966872738141, 3.94102553723
4.76, 1.02232623737, -5.51514419756, -0.00805170003696, 3.95768188863
4.77, 1.02223641977, -5.47550856269, -0.00643941180153, 3.97443963173
4.78, 1.022218345, -5.43570447371, 0.00322725560263, 3.99128137511
4.79, 1.0222638358, -5.39573255568, 0.00476828999413, 4.0079993398
4.8, 1.02225684052, -5.3555943392, -0.00465019641717, 4.02455158057
4.81, 1.0221664085, -5.3152897748, -0.00949302904776, 4.04142241967
4.82, 1.02210041153, -5.27481508726, -0.00161823786028, 4.05841750239
4.83, 1.02212688013, -5.23417039332, 0.00590308157995, 4.07549247053
4.84, 1.02215880668, -5.19335499101, 0.000313388907985, 4.09256402342
4.85, 1.02209736022, -5.15236842728, -0.0093203454352, 4.10963070495
4.86, 1.02199800778, -5.11121122478, -0.0069668059344, 4.12671110368
4.87, 1.0219801578, -5.06988315689, 0.00356569619314, 4.14387975878
4.88, 1.02201294182, -5.02838379217, 0.00419201184069, 4.16089542679
4.89, 1.02201058369, -4.98671466221, -0.00364286181805, 4.1778398126
4.9, 1.0219268169, -4.94487596458, -0.00948543160509, 4.19489059628
4.91, 1.02184965967, -4.90286509218, -0.0035027309543, 4.21235383778
4.92, 1.02185701272, -4.86067810063, 0.0044058931922, 4.22994329228
4.93, 1.021885362, -4.81831491653, 0.000885142979089, 4.24776266457
4.94, 1.0218338034, -4.77577101714, -0.00844328423847, 4.26598757286
4.95, 1.0217329178, -4.7330443304, -0.0081081956123, 4.28423598556
4.96, 1.02169593182, -4.69013592207, 0.00143489444674, 4.30233740853
4.97, 1.0217299349, -4.64704639482, 0.00422207834902, 4.32053421096
4.98, 1.02172183102, -4.60377387677, -0.00466007617516, 4.33893422359
4.99, 1.02162618192, -4.56031708153, -0.0105940599398, 4.35731433163
5.0, 1.02154291648, -4.51667631608, -0.0036473044351, 4.3758101668
5.01, 1.02155214102, -4.47285080634, 0.00466601929615, 4.39422540389
5.02, 1.02157902871, -4.42883928381, 0.000282905846078, 4.41291781888
5.03, 1.02151662374, -4.38464310063, -0.00975634148621, 4.43113079295
5.04, 1.0214050601, -4.34026746127, -0.00879156453875, 4.44882988613
5.05, 1.02136693888, -4.29571737537, 0.00168147443068, 4.46603091284
5.06, 1.02138818253, -4.25099794673, 0.00370169688558, 4.48271278855
5.07, 1.02138539383, -4.2061143147, -0.00361066028407, 4.498885753
5.08, 1.02129600262, -4.16107144239, -0.0107003743732, 4.51458410859
5.09, 1.0212000836, -4.1158738088, -0.00567975526946, 4.52985251588
5.1, 1.02118949545, -4.07052566949, 0.00317337945696, 4.54469123104
5.11, 1.02121355048, -4.02503143978, 0.000949401133524, 4.55908017595
5.12, 1.02116145986, -3.97939559374, -0.0089056806509, 4.57303499169
5.13, 1.0210474054, -3.93362219951, -0.0100691273703, 4.58660712712
5.14, 1.02098914323, -3.88771492227, -0.000499917482298, 4.59981799937
5.15, 1.02101201415, -3.84167746501, 0.00383030646113, 4.6126461338
5.16, 1.02100453386, -3.79551376364, -0.00455581190374, 4.62508073504
5.17, 1.02090316987, -3.74922757758, -0.0118898938007, 4.63716235745
5.18, 1.02080008524, -3.70282217059, -0.00592236722313, 4.64893426343
5.19, 1.02078648578, -3.65630056049, -0.00125618151598, 4.66046289275
5.2, 1.02080222534, -3.60966635119, 0.00138714412768, 4.67149788564
5.21, 1.02075975152, -3.56292265391, -0.00796745627079, 4.68227823196
5.22, 1.0206454099, -3.51607266607, -0.0110783174526, 4.69277084658
5.23, 1.0205685636, -3.46911908126, -0.00266579976602, 4.70300162441
5.24, 1.02057688953, -3.42206459851, 0.00327462556985, 4.71294927972
5.25, 1.02057497483, -3.37491219776, -0.00338323284764, 4.72259364186
5.26, 1.02048194525, -3.32766479958, -0.0117632736542, 4.73196516823
5.27, 1.02036769752, -3.28032486306, -0.00790628424392, 4.74110928208
5.28, 1.02033833433, -3.23289462844, 0.00186944400338, 4.75002270406
5.29, 1.02034413773, -3.18537662014, 0.00140400127254, 4.75867242999
5.3, 1.02031008177, -3.13777341012, -0.00684549665604, 4.76706716169
5.31, 1.02019996196, -3.09008742487, -0.0115373159594, 4.77524067666
5.32, 1.02010787098, -3.04232067406, -0.00477536192448, 4.78322334229
5.33, 1.02009870968, -2.99447512263, 0.00222670669439, 4.79099724732
5.34, 1.02009843502, -2.94655302848, -0.00238730841974, 4.79853585898
5.35, 1.02001583937, -2.89855669527, -0.0111544386888, 4.80585888701
5.36, 1.01989553443, -2.85048801988, -0.0095071617281, 4.81301190428
5.37, 1.01984560352, -2.80234863231, -8.38808025581e-05, 4.81999829639
5.38, 1.019857086, -2.75414036926, 0.00133353587335, 4.82678426419
5.39, 1.01981676941, -2.70586533976, -0.00787308870811, 4.8333617475
5.4, 1.01969549312, -2.65752542042, -0.0125147337019, 4.83977422155
5.41, 1.01959881675, -2.60912205504, -0.0047854592976, 4.84605149856
5.42, 1.0195874424, -2.56065660255, -0.00224185300042, 4.85225142327
5.43, 1.01957725494, -2.5121311529, -0.00213868558258, 4.85809646979
5.44, 1.01950354191, -2.46354718466, -0.0101540616873, 4.86385786045
5.45, 1.01938504274, -2.41490629211, -0.0102327501619, 4.86948858624
5.46, 1.01931866923, -2.36620968607, -0.00214789680621, 4.8749976658
5.47, 1.01931486928, -2.31745872697, 0.000590736337762, 4.88035487317
5.48, 1.01927834619, -2.26865506083, -0.00680118578909, 4.88554587745
5.49, 1.01916620563, -2.21980019767, -0.0121660492568, 4.89060505791
5.5, 1.01906107986, -2.17089524701, -0.00652814764831, 4.89556443515
5.51, 1.01903464274, -2.1219412588, 0.000777633012934, 4.90040610902
5.52, 1.01902686657, -2.07293960543, -0.00258872354463, 4.90509761133
5.53, 1.01894439199, -2.02389178264, -0.0112448749585, 4.90965113475
5.54, 1.01881682435, -1.97479892102, -0.0108293940072, 4.91411163951
5.55, 1.01874937061, -1.92566186394, -0.00193695550029, 4.91848531551
5.56, 1.0187474084, -1.87648165747, 0.000561931479797, 4.9227356955
5.57, 1.01870550642, -1.82725967737, -0.00773850550745, 4.92684706862
5.58, 1.0185825261, -1.77799713696, -0.0131705964725, 4.93085848638
5.59, 1.01847203969, -1.72869481453, -0.00663186270361, 4.93480300959
5.6, 1.01844764097, -1.6793534577, 0.0010462803826, 4.93865698591
5.61, 1.01843880487, -1.62997419804, -0.0031151711392, 4.94238334919
5.62, 1.01834667355, -1.58055829674, -0.0124181922778, 4.94599710966
5.63, 1.01820969695, -1.53110660117, -0.0114130936538, 4.94954773807
5.64, 1.01814168703, -1.48161966556, -0.00165904405503, 4.9530383334
5.65, 1.01812872745, -1.43209834283, -0.000661279912081, 4.95642172465
5.66, 1.0180875372, -1.3825437287, -0.00687241436978, 4.95969920734
5.67, 1.01797385983, -1.33295681106, -0.0126229481682, 4.96289267561
5.68, 1.01785777901, -1.28333820901, -0.00810433840481, 4.96603673071
5.69, 1.01781435443, -1.23368845336, -0.000772129236365, 4.96911571836
5.7, 1.01779725384, -1.1840084016, -0.00297831198222, 4.97209380977
5.71, 1.01771427706, -1.13429909196, -0.0112630750477, 4.97497684657
5.72, 1.01758145164, -1.08456123765, -0.0118957433748, 4.97780883096
5.73, 1.01749819682, -1.03479524139, -0.00373329818495, 4.98059986315
5.74, 1.01748177288, -0.985001685579, -0.00040482969221, 4.98331327181
5.75, 1.0174366562, -0.935181515715, -0.00767841390904, 4.98592759074
5.76, 1.01731294359, -0.885335576804, -0.0136030006347, 4.98847732779
5.77, 1.01719113392, -0.835464280884, -0.00827524894438, 4.99099862685
5.78, 1.01714933504, -0.785567971476, -0.000500999150857, 4.9934708276
5.79, 1.0171318736, -0.735647376112, -0.00339126598523, 4.9958535233
5.8, 1.01704030864, -0.68570341193, -0.0123613260436, 4.99815514345
5.81, 1.01689809044, -0.6357366204, -0.0125343334033, 5.00042483579
5.82, 1.01681352669, -0.585747217173, -0.00351870100638, 5.00267062355
5.83, 1.01679932127, -0.535735647493, -0.000373983960404, 5.00484963939
5.84, 1.01674935789, -0.485702763508, -0.00858006874142, 5.0069392769
5.85, 1.01661480059, -0.435649283382, -0.0146338841155, 5.00897976746
5.86, 1.01648731416, -0.385575445689, -0.0084000377945, 5.01100940281
5.87, 1.01644769777, -0.335481443486, -0.00018669817319, 5.01300191906
5.88, 1.01642980461, -0.285367916018, -0.00385422892135, 5.0149122277
5.89, 1.01632891275, -0.235235696664, -0.0135323815522, 5.0167521251
5.9, 1.01617702468, -0.185085184028, -0.0131545683385, 5.01857650939
5.91, 1.01609174966, -0.134916435761, -0.00322798858353, 5.02039083571
5.92, 1.01606583131, -0.0847298442074, -0.00076420352748, 5.02214312085
