timestamp, prius0 x posi, prius0 y posi, prius0 x vel, prius0 y vel.
0.0, 0.0, 0.0, 0.0, 0.0
0.00999999999999, 0.999986233472, -24.9968321995, 0.000910257616154, 0.202747597168
0.02, 1.00000107822, -24.9943504051, 0.000427916948278, 0.272446998144
0.03, 0.99999950648, -24.9911770023, -0.00169730408015, 0.340992111811
0.04, 0.999984635655, -24.9873300494, -0.00195130354675, 0.408550445353
0.05, 0.999983080988, -24.9828166116, 0.000340063935442, 0.475388180983
0.06, 1.00000177876, -24.9776398474, 0.00150510422219, 0.541803284717
0.07, 1.00001460974, -24.9718045338, -0.000347721006865, 0.608031361834
0.08, 1.0000065096, -24.9653125337, -0.00194621585034, 0.674107392919
0.09, 0.999999769515, -24.9581658324, -0.000304472176706, 0.739946818823
0.1, 1.00001823621, -24.9503676803, 0.00226063957878, 0.805393421763
0.11, 1.00005489242, -24.9418456096, 0.00427409349274, 0.887929117646
0.12, 1.00012809833, -24.9324640667, 0.00763379301261, 0.975635869106
0.13, 1.00018360378, -24.9222090374, 0.00104915704286, 1.0638741274
0.14, 1.00016751484, -24.9110785217, 0.000697554983752, 1.1521891448
0.15, 1.00014453242, -24.8990727925, -0.0043407958827, 1.24030786644
0.16, 1.00013081063, -24.8861940036, 0.000875043188056, 1.32744039244
0.17, 1.00018449538, -24.872449805, 0.00685663943324, 1.41355895584
0.18, 1.00025140888, -24.8578499838, 0.00390962252921, 1.49859905815
0.19, 1.00025913488, -24.8424049815, -0.00258873223037, 1.58259891418
0.2, 1.00023934297, -24.8261252242, -0.0012232425261, 1.66555764654
0.21, 1.00027513482, -24.8090210926, 0.00619616352183, 1.74748752291
0.22, 1.00036006782, -24.7911027463, 0.00742631891897, 1.82841451111
0.23, 1.00040516001, -24.7723801166, 0.000210649539764, 1.90835355841
0.24, 1.00038562723, -24.7528630692, -0.00361587440095, 1.98730499504
0.25, 1.00038369856, -24.7325614742, 0.00236720723333, 2.06527335855
0.26, 1.00045333219, -24.7114850622, 0.0083310328774, 2.14228050496
0.27, 1.00053033203, -24.6896433268, 0.00444362126994, 2.21834751502
0.28, 1.00053941818, -24.6670473057, -0.00261938176116, 2.29341236083
0.29, 1.00052218175, -24.6437092797, -0.000599553788622, 2.36753821659
0.3, 1.00056835462, -24.619641095, 0.00745933502864, 2.44079528822
0.31, 1.00066432815, -24.5948517084, 0.00830301934737, 2.51320106445
0.32, 1.00071452629, -24.5693497058, 0.000562306530221, 2.58472868279
0.33, 1.00069983618, -24.543143818, -0.00282862230362, 2.65537327927
0.34, 1.00071034697, -24.5162428386, 0.00395307085204, 2.72513902432
0.35, 1.00079593542, -24.488655431, 0.0097526935904, 2.79404625024
0.36, 1.00088195265, -24.4603904627, 0.00489541201969, 2.86158945684
0.37, 1.00089277889, -24.4314624672, -0.00251345973452, 2.92700899208
0.38, 1.00087932653, -24.4018903181, 8.88606251705e-05, 2.99053083479
0.39, 1.00093591737, -24.3716925931, 0.00869759280566, 3.05221275732
0.4, 1.0010425162, -24.340887412, 0.00907456749467, 3.11210049725
0.41, 1.0010952804, -24.309492524, 0.000472250826961, 3.17022478951
0.42, 1.00107949846, -24.2775254835, -0.00274009962589, 3.22660000858
0.43, 1.00109629172, -24.245003699, 0.00503545618644, 3.28125158874
0.44, 1.00119482988, -24.2119441172, 0.0110187952782, 3.33422062591
0.45, 1.00128852789, -24.1783634882, 0.00518508063725, 3.38552500629
0.46, 1.00129774505, -24.1442783335, -0.00284842367727, 3.43519050898
0.47, 1.00128383621, -24.1097048701, 0.000446728288447, 3.48325323838
0.48, 1.00134872459, -24.0746588583, 0.00978880030557, 3.52976967752
0.49, 1.001464262, -24.0391554102, 0.00963702774845, 3.57480511388
0.5, 1.00151690956, -24.0032090377, 8.51624496871e-05, 3.61841241129
0.51, 1.00149693145, -23.9668337889, -0.00295960573629, 3.66063375988
0.52, 1.00151673184, -23.9300433121, 0.00577044819242, 3.70151325229
0.53, 1.00162419649, -23.8928507417, 0.0118387446547, 3.74110741793
0.54, 1.00172086964, -23.8552686569, 0.00500826528169, 3.77946572147
0.55, 1.0017245749, -23.8173092064, -0.00349333949327, 3.81662513165
0.56, 1.00170787633, -23.7789842155, 0.000609944388215, 3.85261774922
0.57, 1.00177902616, -23.7403051502, 0.0106483804082, 3.88748679346
0.58, 1.00190063031, -23.7012829942, 0.009864472299, 3.92127941581
0.59, 1.00194960838, -23.661928312, -0.000656996519685, 3.95403081215
0.6, 1.00193600228, -23.622251369, -0.00220077509707, 3.9857678782
0.61, 1.00195016762, -23.5822621453, 0.00441365768166, 4.01652405232
0.62, 1.00204348228, -23.5419702662, 0.0108239773861, 4.04633715303
0.63, 1.00214103794, -23.501384966, 0.00600728102628, 4.07524291006
0.64, 1.00215867416, -23.4605151622, -0.00220867623548, 4.10326877865
0.65, 1.00214454882, -23.4193695294, -0.0001071912382, 4.13043846229
0.66, 1.00220072949, -23.3779564918, 0.00892811731038, 4.15678195324
0.67, 1.00231263975, -23.3362841347, 0.0098054484307, 4.18233298773
0.68, 1.00237126107, -23.2943602362, 0.000841014048575, 4.20711744283
0.69, 1.00235458808, -23.252192341, -0.00312956715869, 4.23115664972
0.7, 1.00236630697, -23.2097878005, 0.00462226036127, 4.25447234338
0.71, 1.00246389746, -23.1671537083, 0.0112365315061, 4.27709386125
0.72, 1.00256108083, -23.1242968682, 0.00552857183677, 4.29904602163
0.73, 1.00257004783, -23.0812238592, -0.00320845643654, 4.3203486849
0.74, 1.00254907345, -23.0379410845, -0.000384891204032, 4.34101924778
0.75, 1.00260735021, -22.9944547659, 0.00941032901919, 4.36108018098
0.76, 1.00272239849, -22.9507708733, 0.00979761745739, 4.38055548046
0.77, 1.00277525687, -22.9068951617, -0.000122915099705, 4.3994628865
0.78, 1.00274862027, -22.8628332152, -0.00392872083021, 4.41781870458
0.79, 1.00275789918, -22.8185904773, 0.00483958082356, 4.43563907693
0.8, 1.00285975118, -22.7741721998, 0.0116171447033, 4.45294560816
0.81, 1.00295566965, -22.72958343, 0.00491653997038, 4.46975444292
0.82, 1.00295932671, -22.6848290523, 0.000437860680953, 4.48608577038
0.83, 1.00293896195, -22.6399138395, -0.00158420615704, 4.50193771571
0.84, 1.0029797607, -22.5948423886, 0.00765713261264, 4.51734213273
0.85, 1.00308653507, -22.5496191516, 0.00992739955502, 4.532310125
0.86, 1.00314922021, -22.5042484247, 0.00118642436187, 4.54685373553
0.87, 1.00312892951, -22.4587343725, -0.00416448682025, 4.56098648273
0.88, 1.00312475598, -22.4130810446, 0.0028670778678, 4.57472065277
0.89, 1.0032098572, -22.3672923604, 0.01061508755, 4.58807102989
0.9, 1.00330796968, -22.3213721005, 0.00600320638793, 4.60104794181
0.91, 1.00331870388, -22.2753239351, -0.00354260230013, 4.61366264168
0.92, 1.00328589242, -22.2291514187, -0.00213028461402, 4.62592703306
0.93, 1.00332668548, -22.1828580049, 0.00799463954504, 4.63785295907
0.94, 1.00343603339, -22.1364470264, 0.00991278977651, 4.64945069972
0.95, 1.00349277504, -22.089921725, 0.000161424627398, 4.66072745153
0.96, 1.00347438353, -22.0432852379, -0.0039669921676, 4.6716955456
0.97, 1.00345904408, -21.9965406049, 0.00101031877564, 4.68236455426
0.98, 1.00352664494, -21.9496907712, 0.00939387521784, 4.69274483856
0.99, 1.00362436759, -21.9027385932, 0.00687305425022, 4.70284215874
1.0, 1.00364660606, -21.8556868582, -0.00262386455859, 4.71266424639
1.01, 1.00361177136, -21.808538252, -0.0033397963565, 4.72222239044
1.02, 1.00363376249, -21.7612953747, 0.0060128618784, 4.73152559372
1.03, 1.00373235294, -21.7139607471, 0.00982772148307, 4.74058004288
1.04, 1.00379811427, -21.6665368407, 0.00150573937582, 4.7493888057
1.05, 1.00377389262, -21.6190260502, -0.00528178666542, 4.75796265541
1.06, 1.00375194016, -21.5714306734, 0.000839764593105, 4.76631109142
1.07, 1.0038217123, -21.5237529372, 0.00974061077523, 4.77444094963
1.08, 1.00391943496, -21.4759950235, 0.00644688800989, 4.78235296971
1.09, 1.00393231843, -21.4281590785, -0.00383064923521, 4.79005340913
1.1, 1.00390173371, -21.3802471454, -0.00358410129538, 4.79755416744
1.11, 1.00391072494, -21.3322612009, 0.00414319432528, 4.80486084728
1.12, 1.00399351971, -21.2842031658, 0.00887495743427, 4.81197752503
1.13, 1.00406094088, -21.2360749416, 0.0024581380817, 4.81890428457
1.14, 1.00404697215, -21.1878783785, -0.00462998827491, 4.82564999878
1.15, 1.00402031326, -21.1396152323, -0.000558794800027, 4.83222421308
1.16, 1.00407150724, -21.0912871983, 0.00795215755845, 4.83863173395
1.17, 1.00416116927, -21.0428959538, 0.0066101611205, 4.84487091975
1.18, 1.00418366501, -20.9944431675, -0.00260797152535, 4.85094514173
1.19, 1.0041434557, -20.9459304219, -0.00442848684382, 4.85686578202
1.2, 1.00414973964, -20.8973592187, 0.0042739855966, 4.86263961313
1.21, 1.00423491117, -20.8487310302, 0.00899608305908, 4.86826646867
1.22, 1.00429860237, -20.8000473455, 0.00164975609173, 4.87374343838
1.23, 1.0042738448, -20.7513096108, -0.00573189137789, 4.87908019352
1.24, 1.00424033413, -20.7025191698, -0.000802374424852, 4.88428666645
1.25, 1.00429328039, -20.6536773156, 0.00830335023126, 4.88936556166
1.26, 1.00438365706, -20.6047853556, 0.00629546319587, 4.89431129553
1.27, 1.0043977948, -20.555844612, -0.00375196205051, 4.89912668023
1.28, 1.00434726385, -20.5068563125, -0.00516762974995, 4.90382454917
1.29, 1.00435184675, -20.4578215996, 0.00451862310192, 4.90841103298
1.3, 1.00444026786, -20.4087416088, 0.00916497220196, 4.91288252029
1.31, 1.00450011918, -20.3596175258, 0.000791815347395, 4.91723348524
1.32, 1.00446881995, -20.3104505119, -0.0021395411733, 4.92145881787
1.33, 1.00443683826, -20.2612415382, -0.00185950978127, 4.92561814435
1.34, 1.00447299742, -20.2119916644, 0.00651396847891, 4.9296618876
1.35, 1.00455339527, -20.1627018877, 0.00617385543513, 4.9336011701
1.36, 1.00457522652, -20.1133732586, -0.00257438824651, 4.93743615305
1.37, 1.00453131359, -20.0640067495, -0.00526445355223, 4.94117914374
1.38, 1.00452406702, -20.0146032409, 0.00266453406368, 4.94483687576
1.39, 1.00459545913, -19.965163608, 0.00800750142885, 4.94840541396
1.4, 1.00465529554, -19.9156887879, 0.00166062781991, 4.95187747774
1.41, 1.00463028779, -19.8661797003, -0.00601701770359, 4.95526203626
1.42, 1.00458763105, -19.8166371501, -0.00220615152179, 4.95857067477
1.43, 1.00462475579, -19.7670618919, 0.00682487666034, 4.96180427887
1.44, 1.00470613407, -19.7174547316, 0.00593183255102, 4.96495291402
1.45, 1.00472040395, -19.6678165287, -0.00365838344522, 4.96801656455
1.46, 1.00466615172, -19.6181480498, -0.00605716362438, 4.97100965692
1.47, 1.00465642306, -19.5684499597, 0.00283546629188, 4.97393886184
1.48, 1.00473089776, -19.5187229346, 0.00821500051449, 4.97679729404
1.49, 1.00478774853, -19.4689677424, 0.000903434528872, 4.97957532468
1.5, 1.00475208037, -19.4191851324, -0.00713389244604, 4.98228393732
1.51, 1.00470239786, -19.369375719, -0.00245561225338, 4.98493608253
1.52, 1.00474158471, -19.3195400692, 0.00723655005211, 4.98753105399
1.53, 1.0048244254, -19.2696788305, 0.00568803602173, 4.99005531418
1.54, 1.00483071247, -19.2197927209, -0.00479814985871, 4.99250916719
1.55, 1.00478031113, -19.1698823346, -0.00640109199108, 4.99491032694
1.56, 1.00475679166, -19.1199481934, 0.000937759393498, 4.99726141844
1.57, 1.00481623249, -19.069990811, 0.00741248384419, 4.99955846355
1.58, 1.00487639891, -19.0200107999, 0.00199140019324, 5.00178944819
1.59, 1.00485134172, -18.9700087857, -0.00653422745353, 5.00396244455
1.6, 1.00479594868, -18.9199852593, -0.00395631148651, 5.006092134
1.61, 1.00481640836, -18.869940644, 0.00552037062277, 5.00817947277
1.62, 1.00489271058, -18.8198754394, 0.00603241641474, 5.01021064705
1.63, 1.00490982233, -18.7697902409, -0.00353504153352, 5.01218190037
1.64, 1.00484927123, -18.7196855548, -0.00736172593798, 5.01410997618
1.65, 1.00482208744, -18.6695617543, 0.00102910897738, 5.01600388219
1.66, 1.00488465752, -18.6194192263, 0.00769177447968, 5.01785478029
1.67, 1.00494286913, -18.5692584893, 0.00133025675, 5.01964809215
1.68, 1.00490739827, -18.519080073, -0.00769516285738, 5.02139419184
1.69, 1.00484401257, -18.4688843477, -0.00431667998569, 5.02310976879
1.7, 1.00486599641, -18.4186716137, 0.00594471303324, 5.02479451674
1.71, 1.00493017836, -18.3684422914, 0.0058336502392, 5.02643046387
1.72, 1.00495460694, -18.3181968571, -0.00238477561833, 5.02801757791
1.73, 1.00490041957, -18.2679357432, -0.00748469774969, 5.02956872686
1.74, 1.00486114344, -18.2176592367, -0.00085010630272, 5.03109521544
1.75, 1.00490653504, -18.1673676178, 0.00652796130792, 5.03258999349
1.76, 1.0049647846, -18.1170612987, 0.0022101981554, 5.03403688187
1.77, 1.0049404512, -18.0667407365, -0.00684421529293, 5.03544238256
1.78, 1.00487447945, -18.0164062378, -0.005554871536, 5.03682450178
1.79, 1.00487798312, -17.9660580155, 0.00403927739608, 5.03818542467
1.8, 1.00494680615, -17.9156963718, 0.00591242852449, 5.03950844116
1.81, 1.00496623853, -17.8653217447, -0.00330328811621, 5.04078571087
1.82, 1.00490173171, -17.8149344935, -0.00839537830103, 5.04203569984
1.83, 1.00485854312, -17.764534811, -0.000781870904727, 5.04327059785
1.84, 1.00490747999, -17.7141228942, 0.0069095349643, 5.04448079691
1.85, 1.00496519063, -17.6636991035, 0.00169466869762, 5.04564717372
1.86, 1.00493127569, -17.613263845, -0.00798965862825, 5.04677852806
1.87, 1.00485678606, -17.5628173459, -0.00600013470206, 5.04789541765
1.88, 1.00486131539, -17.5123597324, 0.0044672821267, 5.04899907611
1.89, 1.00491883243, -17.4618912666, 0.00584140171071, 5.05006840399
1.9, 1.00494672409, -17.4114122988, -0.00208075810149, 5.05109963988
1.91, 1.00488845411, -17.3609231569, -0.00859511058098, 5.05210638861
1.92, 1.00483223902, -17.3104239871, -0.00273570561439, 5.0531041149
1.93, 1.00486404991, -17.2599149085, 0.00582089817758, 5.05408590131
1.94, 1.00492297951, -17.2093962018, 0.00269538415223, 5.05503065306
1.95, 1.00490073661, -17.1588682354, -0.00715677177213, 5.05594222184
1.96, 1.00482280813, -17.1083312123, -0.00735202940351, 5.05684287948
1.97, 1.00480818054, -17.0577852005, 0.0025566036477, 5.05773750041
1.98, 1.00485915146, -17.0072303781, 0.00439123302426, 5.05860406523
1.99, 1.00488668328, -16.9566670588, -0.00125924613639, 5.05943902053
2.0, 1.00483877935, -16.9060955217, -0.0078087708182, 5.06025130339
2.01, 1.00478000127, -16.8555158888, -0.00391083862997, 5.061057604
2.02, 1.00479435823, -16.804928232, 0.00402418077379, 5.06185380907
2.03, 1.00484400402, -16.7543327632, 0.00268704372958, 5.06262025231
2.04, 1.00483044432, -16.7037298003, -0.00592057210484, 5.0633566133
2.05, 1.00475895572, -16.6531195285, -0.00752182849748, 5.06408350377
2.06, 1.00473170855, -16.6025019879, 0.000648611681306, 5.06480820397
2.07, 1.00477787106, -16.551877284, 0.00498204325703, 5.06551442752
2.08, 1.00480313397, -16.5012457, -0.00194113971495, 5.0661869931
2.09, 1.00474585582, -16.450607498, -0.00877032747161, 5.06684167767
2.1, 1.0046813441, -16.3999627442, -0.00407590995362, 5.06749647097
2.11, 1.00469788843, -16.3493114577, 0.00439904984951, 5.06814538389
2.12, 1.00474858831, -16.2986538282, 0.00242584313354, 5.06876536536
2.13, 1.00472754627, -16.2479901609, -0.00695619484469, 5.06935748346
2.14, 1.00464678591, -16.1973205999, -0.00817422622324, 5.0699455873
2.15, 1.00461831616, -16.1466451286, 0.000909309247716, 5.07053682541
2.16, 1.0046677681, -16.0959638179, 0.00515890050705, 5.07111132737
2.17, 1.0046896105, -16.0452769454, -0.00272664753813, 5.07165247151
2.18, 1.00462202186, -15.9945847517, -0.00979788189111, 5.07217962945
2.19, 1.00455169482, -15.9438872508, -0.00420458340027, 5.07271260065
2.2, 1.00457095529, -15.8931844154, 0.00481829616137, 5.07324310308
2.21, 1.00462266563, -15.8424764232, 0.00211527000195, 5.07374434757
2.22, 1.00459334911, -15.7917635761, -0.00807535272416, 5.07421932254
2.23, 1.00450291078, -15.7410459805, -0.00882064602797, 5.07469546624
2.24, 1.0044737488, -15.6903235667, 0.00124447509037, 5.07517959049
2.25, 1.00451303978, -15.6395964016, 0.0045549540921, 5.07564583889
2.26, 1.00454042675, -15.5888647108, -0.00155063672015, 5.0760850301
2.27, 1.00448177007, -15.5381287316, -0.00954230065457, 5.07650823824
2.28, 1.00440225129, -15.487388482, -0.00595483017372, 5.07693860905
2.29, 1.00440298239, -15.4366438941, 0.00334084105462, 5.07737226366
2.3, 1.00445158075, -15.3858950858, 0.00278115836836, 5.07778203652
2.31, 1.00443396336, -15.3351423424, -0.00695217668896, 5.07816429951
2.32, 1.00434457175, -15.2843857892, -0.00972760031975, 5.07854648667
2.33, 1.00429780633, -15.233625341, -0.000805105839005, 5.07894025166
2.34, 1.00433801563, -15.1828609853, 0.00497675346572, 5.07932478833
2.35, 1.00436356002, -15.1320929599, -0.00222014998635, 5.07967707876
2.36, 1.00429483731, -15.0813215042, -0.0106224573499, 5.08001604279
2.37, 1.00420858503, -15.0305487355, -0.0061724140634, 5.07984031175
2.38, 1.00421186321, -14.979779974, 0.00381450431022, 5.07927394402
2.39, 1.00424898969, -14.929018199, 0.00317845869281, 5.07843560372
2.4, 1.00424191174, -14.8782669537, -0.00578719768709, 5.07719854515
2.41, 1.00415550048, -14.8275306196, -0.010373521078, 5.07541028781
2.42, 1.00409278963, -14.7768142674, -0.00282155737467, 5.07327230341
2.43, 1.00411846188, -14.726120931, 0.00434770901733, 5.07083232432
2.44, 1.00414932796, -14.6754544626, -0.000971175574736, 5.06785276668
2.45, 1.00409127804, -14.6248193674, -0.0101467734737, 5.06459843754
2.46, 1.0039973109, -14.5742179416, -0.00787109911487, 5.06112546428
2.47, 1.00398125769, -14.5236535495, 0.00218310293675, 5.05715278581
2.48, 1.00401321046, -14.4731303876, 0.00313329977721, 5.05283085188
2.49, 1.00401490831, -14.4226551399, -0.00451103780869, 5.04772387122
2.5, 1.0039354979, -14.3722327244, -0.0104826097784, 5.0422099315
2.51, 1.00386051307, -14.3218710933, -0.00471807762395, 5.03554952736
2.52, 1.00386930324, -14.2715813812, 0.00326675831567, 5.02774386483
2.53, 1.00390148401, -14.2213748585, 5.93572689771e-05, 5.01910326366
2.54, 1.00385566695, -14.1712572231, -0.00923342283877, 5.0099432175
2.55, 1.00375905564, -14.1212364346, -0.00914804869349, 4.99961403982
2.56, 1.00372430632, -14.0713233385, 0.00030255738725, 4.98857306129
2.57, 1.00376178808, -14.021522615, 0.00336592297341, 4.97711290456
2.58, 1.00376011272, -13.971837529, -0.00528381730613, 4.96537938174
2.59, 1.00367104754, -13.9222812333, -0.0113859724333, 4.95175304743
2.6, 1.00359185481, -13.8728614629, -0.00467119205182, 4.93789023235
2.61, 1.00359668909, -13.8235843436, 0.00048524840437, 4.92296465305
2.62, 1.00362650562, -13.7744624482, 0.000890106253242, 4.90688135843
2.63, 1.00359257308, -13.7255066767, -0.00819527439104, 4.89003888421
2.64, 1.00349583779, -13.6767210249, -0.0101316410722, 4.87286589907
2.65, 1.00344413363, -13.6281101797, -0.00154484103106, 4.85486538093
2.66, 1.00347141138, -13.579682954, 0.00329127257712, 4.83631671473
2.67, 1.00347896577, -13.5314429708, -0.00387408594626, 4.81743324044
2.68, 1.00339893175, -13.4833957317, -0.0112659772443, 4.79764145859
2.69, 1.00330911868, -13.4355516995, -0.0064784547078, 4.77682672869
2.7, 1.00330493717, -13.3879183675, 0.00262743504729, 4.75565461519
2.71, 1.00332598579, -13.3404976015, 0.0013645645378, 4.7343175608
2.72, 1.00330342863, -13.2932928164, -0.00690932890996, 4.7120549395
2.73, 1.00321146601, -13.2463151459, -0.0105602885704, 4.68947163645
2.74, 1.00314584082, -13.1995653385, -0.0033910810712, 4.66629779914
2.75, 1.00315971418, -13.153046422, 0.00274181905904, 4.64307481424
2.76, 1.00317346385, -13.1067677884, -0.00250748128179, 4.61855093773
2.77, 1.00310584927, -13.0607365965, -0.0105731022978, 4.59341673904
2.78, 1.0030105699, -13.0149592142, -0.0079648501156, 4.56801426265
2.79, 1.00298862481, -12.9694344543, 0.00110738075778, 4.54282553922
2.8, 1.00301946728, -12.9241628014, 0.00150092403267, 4.51727318182
2.81, 1.00299306053, -12.8791477128, -0.00766228129505, 4.49148078914
2.82, 1.00289308941, -12.8343936337, -0.011189959959, 4.46518408822
2.83, 1.00282640383, -12.7899017776, -0.00305772788097, 4.43912126258
2.84, 1.00283410953, -12.7456687944, 0.00164757607997, 4.41341743776
2.85, 1.00285175941, -12.7016921172, -0.0012937692765, 4.38780112675
2.86, 1.0027965767, -12.6579706232, -0.00974791635328, 4.36234910649
2.87, 1.00269807846, -12.6145031305, -0.00921498122261, 4.3370417467
2.88, 1.00265950773, -12.5712861424, -0.000443567001813, 4.3122543277
2.89, 1.0026850866, -12.5283147774, 0.00195797138425, 4.28786807721
2.9, 1.00267106523, -12.4855848544, -0.00619105426164, 4.26400540538
2.91, 1.00257806709, -12.4430912221, -0.0114191787114, 4.24052707474
2.92, 1.00249850252, -12.4008318805, -0.00489837003899, 4.21714261698
2.93, 1.00250374448, -12.3588045395, 0.00260334600363, 4.19414491507
2.94, 1.00252373717, -12.3170055234, -0.00152217557961, 4.17145895808
2.95, 1.00246198906, -12.2754318196, -0.0106030229839, 4.14906530402
2.96, 1.00235734719, -12.2340814596, -0.00948745483591, 4.1267288808
2.97, 1.00232113941, -12.1929530278, 0.000112704296307, 4.1047102128
2.98, 1.00233812679, -12.1520439807, 0.00144254760703, 4.08287257074
2.99, 1.00233043733, -12.1113517072, -0.00489684097539, 4.06121734232
3.0, 1.00224843939, -12.0708763888, -0.0108701956859, 4.03958633739
3.01, 1.00216310595, -12.0306157724, -0.00631231045327, 4.01827844054
3.02, 1.00215236928, -11.9905674581, 0.00129342219485, 3.99709879201
3.03, 1.00217009647, -11.9507295091, -0.000815058216424, 3.9760938502
3.04, 1.002121114, -11.9111027221, -0.00929395200997, 3.95505737393
3.05, 1.002020512, -11.8716845573, -0.0100161377769, 3.93427276597
3.06, 1.00197011008, -11.8324732825, -0.00168018011884, 3.91361923208
3.07, 1.00198906312, -11.7934689527, 0.00189765083187, 3.89302077204
3.08, 1.00198031768, -11.7546692342, -0.00542856631814, 3.87260843678
3.09, 1.00189101118, -11.7160728972, -0.0115795544996, 3.85228719865
3.1, 1.00180236842, -11.6776801806, -0.00622043866968, 3.8319794321
3.11, 1.00179604878, -11.6394881016, 0.00186293666739, 3.81204385397
3.12, 1.00181647897, -11.6014947105, -0.000906982714923, 3.79225658534
3.13, 1.00176183812, -11.5636991464, -0.0101157937392, 3.77242094513
3.14, 1.00165434613, -11.5261017971, -0.0104197801716, 3.7527552023
3.15, 1.00160506067, -11.4887002215, -0.00117024792949, 3.7333016361
3.16, 1.00161575718, -11.4514936464, 0.00148025524878, 3.71367351547
3.17, 1.00161445344, -11.4144820555, -0.00405713622947, 3.69426194382
3.18, 1.00153629404, -11.3776637808, -0.0111011814296, 3.67502437941
3.19, 1.00144100557, -11.3410364948, -0.00772515339689, 3.65609332477
3.2, 1.00141830328, -11.3045990822, 0.000580737214633, 3.63705670193
3.21, 1.00143750926, -11.2683517342, -6.55161794948e-05, 3.61809078848
3.22, 1.00139665374, -11.2322916158, -0.00876779938729, 3.59966230734
3.23, 1.00129264017, -11.1964128531, -0.0110795772637, 3.58189294132
3.24, 1.00122814082, -11.1607080646, -0.00301715402131, 3.56477592022
3.25, 1.00124143431, -11.1251696929, 0.00206505226301, 3.54861799428
3.26, 1.00124019544, -11.0897892255, -0.00448787050376, 3.53331243413
3.27, 1.00115462395, -11.0545564703, -0.0119040356798, 3.51886741478
3.28, 1.00105508221, -11.019461577, -0.00775273398934, 3.50575252684
3.29, 1.00103635496, -10.9844940058, 0.00116353643872, 3.49341715303
3.3, 1.00104476485, -10.9496448789, -0.000158344613503, 3.48211509108
3.31, 1.00101263153, -10.9149054608, -0.00743015237692, 3.47130974861
3.32, 1.00091758976, -10.8802713404, -0.0109168866356, 3.4611732377
3.33, 1.00084393717, -10.8457326867, -0.00465888683422, 3.45215800586
3.34, 1.0008412878, -10.8112787345, 0.000952506621544, 3.44416469078
3.35, 1.00084047697, -10.7769017092, -0.00355413751254, 3.43674879637
3.36, 1.00076750761, -10.7425944047, -0.0108390307011, 3.43026114506
3.37, 1.00066782991, -10.7083481111, -0.00874736881457, 3.42446399486
3.38, 1.0006321733, -10.6741562643, -0.000684675997295, 3.41942436963
3.39, 1.0006446242, -10.6400104396, -0.000129746891899, 3.41511003006
3.4, 1.00060822629, -10.6059055318, -0.0081797503093, 3.41125257295
3.41, 1.00050513089, -10.5718370287, -0.0116195725882, 3.40783533951
3.42, 1.00042888343, -10.5377985878, -0.00452641732544, 3.40525990622
3.43, 1.00042978823, -10.5037830524, 0.00128164703423, 3.40317632546
3.44, 1.00042804612, -10.4697861817, -0.00408822280923, 3.40149520456
3.45, 1.00034606075, -10.4358033982, -0.0118810822001, 3.40042525181
3.46, 1.00023919078, -10.4018287868, -0.00908627903338, 3.39978425672
3.47, 1.00020505687, -10.3678576495, -0.000276535331398, 3.39975675817
3.48, 1.0002201979, -10.3338835021, -0.000208199620075, 3.40034881169
3.49, 1.00017713662, -10.2999020965, -0.00924490019056, 3.40117810398
3.5, 1.00006347523, -10.265911411, -0.0124329191119, 3.40239816844
3.51, 0.99998461207, -10.2319040837, -0.00436853254955, 3.40430742141
3.52, 0.999988752627, -10.1978768013, 0.001529483042, 3.40638604141
3.53, 0.999984750571, -10.1638270179, -0.00476426263593, 3.40884131101
3.54, 0.999892642559, -10.1297504322, -0.0129868580989, 3.41173778199
3.55, 0.999778307534, -10.0956439589, -0.00942003844806, 3.41480485741
3.56, 0.999745447038, -10.0615056138, 7.73304839865e-05, 3.41807959074
3.57, 0.999747586251, -10.0273336714, -0.000490938461678, 3.42161083104
3.58, 0.999711496204, -9.99312492763, -0.00808699432895, 3.42536756169
3.59, 0.999604529073, -9.95887685791, -0.0125295727778, 3.42951238906
3.6, 0.999513391567, -9.92458565066, -0.00631289607399, 3.43403007506
3.61, 0.999499327985, -9.89024747687, 0.000245772177735, 3.4388176029
3.62, 0.999494435706, -9.85586100802, -0.00394498034114, 3.44369171399
3.63, 0.999413291679, -9.8214241283, -0.01213352387, 3.44894222401
3.64, 0.999296256199, -9.78693266608, -0.0107009863688, 3.4546337363
3.65, 0.999244019457, -9.75238260274, -0.00195184149624, 3.46058616222
3.66, 0.999249560471, -9.71777128761, -0.000525561666274, 3.46694411085
3.67, 0.999207697617, -9.68309347104, -0.00905978113396, 3.4738510055
3.68, 0.999090028846, -9.64834548966, -0.01347984604, 3.48094852
3.69, 0.998994272331, -9.61352531988, -0.00635389556014, 3.48826037372
3.7, 0.998982307255, -9.57863129613, 0.000463187196492, 3.49571133078
3.71, 0.998975442545, -9.54366153034, -0.00457633736194, 3.50349584277
3.72, 0.998883967343, -9.50861239766, -0.0133336759808, 3.51150629219
3.73, 0.998757789067, -9.47348265602, -0.0112330520901, 3.51963754415
3.74, 0.998705251669, -9.43827111871, -0.00169560892441, 3.52796869009
3.75, 0.998698040692, -9.40297347776, -0.00149390391315, 3.53672332856
3.76, 0.998658349646, -9.36758854521, -0.00814299886045, 3.54545239442
3.77, 0.998548763873, -9.33211497651, -0.01317327782, 3.55454601094
3.78, 0.998444783879, -9.29654836128, -0.00804430614217, 3.5639529928
3.79, 0.998413100179, -9.26088744165, -0.00129739597915, 3.57341647495
3.8, 0.998399183293, -9.22513109, -0.00432608194683, 3.58300090143
3.81, 0.998316700663, -9.18927726013, -0.0123233004947, 3.59295974022
3.82, 0.998192020879, -9.15332324573, -0.0120280317254, 3.60302221672
3.83, 0.998121996807, -9.11726778988, -0.00387673826573, 3.61321963551
3.84, 0.998112557945, -9.08110861277, -0.0015090371044, 3.6237934199
3.85, 0.998066925142, -9.04484345838, -0.00912023426961, 3.63439928085
3.86, 0.997946261179, -9.00847202559, -0.0142126783976, 3.64505870725
3.87, 0.997836116432, -8.97199354773, -0.00827014557241, 3.65580637222
3.88, 0.997805014532, -8.9354061435, -0.00117754004825, 3.66689701426
3.89, 0.997788905602, -8.89870685652, -0.00493172810674, 3.67810174486
3.9, 0.997696220569, -8.86189544748, -0.0135490683474, 3.68932755376
3.91, 0.997561320544, -8.82497059751, -0.012727259986, 3.70087324071
3.92, 0.997489192696, -8.78792910613, -0.00377703678675, 3.7125770695
3.93, 0.997480258732, -8.75077023308, -0.00169161444708, 3.72432175411
3.94, 0.997427610032, -8.71349438983, -0.0102210555294, 3.73600514581
3.95, 0.997294663316, -8.67610035588, -0.0153450133057, 3.74801986394
3.96, 0.997178053381, -8.63858487108, -0.00847815079652, 3.76020920261
3.97, 0.997147811361, -8.60094764961, -0.00104804121385, 3.77238279056
3.98, 0.997128999516, -8.56318858344, -0.00563977153006, 3.7845581797
3.99, 0.997024868303, -8.5253070986, -0.0148898726959, 3.79696537495
4.0, 0.996879147734, -8.48730036898, -0.0134350954044, 3.80952829345
4.01, 0.996805225614, -8.44916792307, -0.00363453697249, 3.82211234497
4.02, 0.996782773458, -8.4109086821, -0.00270854887795, 3.83495114704
4.03, 0.996731788198, -8.37252042447, -0.00936817119065, 3.84784683369
4.04, 0.996605847104, -8.33400332409, -0.0151874818942, 3.86073178513
4.05, 0.996479218392, -8.29535765897, -0.0103518631054, 3.87366463093
4.06, 0.996427881352, -8.25658126568, -0.00289462981063, 3.88668950605
4.07, 0.99640166823, -8.21767462958, -0.00539967415755, 3.89985221708
4.08, 0.996306096984, -8.17863601651, -0.0139697265684, 3.91303851167
4.09, 0.996160363463, -8.13946531016, -0.0144138740664, 3.92626565071
4.1, 0.996067301065, -8.1001607594, -0.00594193172396, 3.93983869732
4.11, 0.996042050959, -8.06072011192, -0.0027388943008, 3.95343246695
4.12, 0.995984855119, -8.0211437073, -0.0104104593314, 3.96698194806
4.13, 0.995846565601, -7.9814319208, -0.0163863943056, 3.98051627897
4.14, 0.995712308374, -7.94158468008, -0.0106937008541, 3.99407246666
4.15, 0.995660874898, -7.90160090096, -0.00281022371231, 4.00788856799
4.16, 0.995632154959, -7.86147865359, -0.00604916141587, 4.02170872329
4.17, 0.995525554385, -7.82121858499, -0.0153089547691, 4.03546763527
4.18, 0.99536825188, -7.78081983176, -0.0152518360198, 4.04951396698
4.19, 0.995271974461, -7.74027969903, -0.00592084056083, 4.06366447987
4.2, 0.995246828295, -7.69959832041, -0.00293967926915, 4.07775830178
4.21, 0.995182309552, -7.65877635957, -0.0115660483446, 4.09178058435
4.22, 0.995030748886, -7.61781314295, -0.0176470694629, 4.10620610473
4.23, 0.9948886779, -7.57670425111, -0.0110253467367, 4.12066031888
4.24, 0.9948291753, -7.53545067209, -0.00608828308659, 4.13511545402
4.25, 0.994794008448, -7.49405064926, -0.00558478902656, 4.14988473629
4.26, 0.994695968752, -7.4525055502, -0.0146036391114, 4.16439028838
4.27, 0.994534861537, -7.41081296851, -0.0166531960423, 4.17927695467
4.28, 0.994417008052, -7.36897210007, -0.00826392603224, 4.19407372454
4.29, 0.994376941414, -7.32698192174, -0.00345447559837, 4.20916862937
4.3, 0.994317900989, -7.28484059024, -0.0104968680854, 4.22424231569
4.31, 0.994171916557, -7.24254873545, -0.0179132490612, 4.23927130147
4.32, 0.994014663798, -7.20010763695, -0.0133493958347, 4.25419278532
4.33, 0.993941044577, -7.15751467688, -0.00437901448325, 4.26953293496
4.34, 0.993891289188, -7.11476879043, -0.00619842265616, 4.28478232026
4.35, 0.993797182087, -7.07187113764, -0.0137064719488, 4.29990593232
4.36, 0.993640771854, -7.02882145412, -0.0169083358888, 4.31526110732
4.37, 0.993508887629, -6.98561750122, -0.0104224890125, 4.33068566423
4.38, 0.993447668078, -6.94225982116, -0.00508863474293, 4.34601295818
4.39, 0.993384146807, -6.8987481627, -0.0100088377903, 4.36153715509
4.4, 0.99324662013, -6.85508122398, -0.0172397522631, 4.37702835216
4.41, 0.9930851648, -6.81126032496, -0.0147875226556, 4.39233216423
4.42, 0.992989780004, -6.76728328073, -0.00672337886161, 4.40819481599
4.43, 0.992939866822, -6.7231473034, -0.00661463302452, 4.42421145383
4.44, 0.992836702884, -6.67885126274, -0.0149343392032, 4.44016558329
4.45, 0.992667850489, -6.63439606656, -0.0179895151437, 4.45605239345
4.46, 0.992529749383, -6.58978106367, -0.0106716285196, 4.47218541851
4.47, 0.992467697724, -6.54500388383, -0.00521887077193, 4.48838144837
4.48, 0.992398680554, -6.50006535857, -0.0109629442879, 4.50445106286
4.49, 0.992248427252, -6.45496779414, -0.0186075214831, 4.52018168198
4.5, 0.992076485877, -6.4097149186, -0.0154572740022, 4.53551336074
4.51, 0.991978721585, -6.36431082835, -0.00673836600003, 4.55042775023
4.52, 0.991926861031, -6.31876001513, -0.00712175513354, 4.56486834241
4.53, 0.991813601833, -6.27306726745, -0.016274787086, 4.57884036498
4.54, 0.991631523586, -6.22723684009, -0.0191003369536, 4.59242630489
4.55, 0.991487514777, -6.18127228374, -0.0108491030225, 4.60567064568
4.56, 0.991425302315, -6.13517721449, -0.00530434119253, 4.6185300583
4.57, 0.991350713776, -6.0889557815, -0.0119568291187, 4.6309605022
4.58, 0.991187328729, -6.04261202894, -0.0199889914188, 4.64301926438
4.59, 0.991005347291, -5.99614921306, -0.0160300765281, 4.65478363351
4.6, 0.990906408935, -5.94957023863, -0.00663266099662, 4.66624784188
4.61, 0.990838750731, -5.90287856672, -0.00767792793471, 4.67734155668
4.62, 0.99072985505, -5.85607774274, -0.0153568259645, 4.68808567531
4.63, 0.990552305864, -5.80917103786, -0.0193883129978, 4.69853651869
4.64, 0.990394103706, -5.76216106433, -0.012989827374, 4.70874263719
4.65, 0.9903114655, -5.71505040214, -0.00682247983707, 4.71867163882
4.66, 0.990233637395, -5.66784213961, -0.0113555890148, 4.72827315176
4.67, 0.990079354892, -5.6205394176, -0.0192884789989, 4.73758421405
4.68, 0.98989328747, -5.5731447197, -0.0174437621078, 4.74667804639
4.69, 0.989773365777, -5.52566011937, -0.00884512155543, 4.75556020064
4.7, 0.989707182434, -5.47808807319, -0.00791535948361, 4.76416809603
4.71, 0.989590683293, -5.43043146891, -0.0164757002768, 4.7724890805
4.72, 0.989401349165, -5.38269280436, -0.0204208002812, 4.78059663931
4.73, 0.989237645884, -5.33487389238, -0.013128314176, 4.78853774608
4.74, 0.989155830283, -5.28697658295, -0.00674891636041, 4.79626980787
4.75, 0.989074552093, -5.23900333014, -0.0121205471061, 4.80373534702
4.76, 0.988908938089, -5.19095664234, -0.020552975973, 4.81097653929
4.77, 0.988713252932, -5.14283831453, -0.0180179766571, 4.81807023319
4.78, 0.988592356452, -5.09464974986, -0.00867561155122, 4.82501559542
4.79, 0.988511877393, -5.04639290855, -0.00827350693835, 4.83173721067
4.8, 0.988401683022, -4.99806995289, -0.0153988597334, 4.83823928263
4.81, 0.988217657591, -4.949682913, -0.020696670078, 4.84456986238
4.82, 0.988039626667, -4.90123315326, -0.0152736404281, 4.85078366748
4.83, 0.987938061661, -4.8527219424, -0.00813354809694, 4.85685191332
4.84, 0.987855364362, -4.8041511131, -0.0113284611505, 4.86271132154
4.85, 0.987700176476, -4.7555227108, -0.0197880840935, 4.86838362189
4.86, 0.987500339819, -4.70683818617, -0.0194742873722, 4.87394414653
4.87, 0.987358380533, -4.65809850641, -0.0108424971532, 4.87940680235
4.88, 0.987280593773, -4.6093049953, -0.00833211090735, 4.88470539966
4.89, 0.987164565498, -4.56045953542, -0.0163773502694, 4.88980918005
4.9, 0.98696925266, -4.51156375105, -0.0217527801349, 4.8947856618
4.91, 0.986785188815, -4.46261854916, -0.0154553377996, 4.89969065518
4.92, 0.986684821825, -4.41362478767, -0.00794738821946, 4.90448687453
4.93, 0.986600367218, -4.3645839799, -0.0119113999561, 4.90910350352
4.94, 0.9864350221, -4.31549785572, -0.0210101404448, 4.91356782655
4.95, 0.986225187467, -4.26636747796, -0.0201273261999, 4.91796126903
4.96, 0.986081840616, -4.21719341863, -0.0106539826489, 4.92229357339
4.97, 0.985991429551, -4.16797676589, -0.00923039646092, 4.92648225182
4.98, 0.985878382452, -4.11871897575, -0.0153901846973, 4.93052285031
4.99, 0.985691180745, -4.06942140393, -0.0215072165776, 4.93445358334
5.0, 0.985497798954, -4.02008477296, -0.0172602316478, 4.93833495909
5.01, 0.985377254053, -3.9707096306, -0.0096754478148, 4.94214526682
5.02, 0.985286837431, -3.92129708813, -0.0115141067394, 4.94581487069
5.03, 0.98513150722, -3.87184858946, -0.0199605559968, 4.94935144469
5.04, 0.984922675469, -3.82236505793, -0.0210207019888, 4.95283018753
5.05, 0.98476106841, -3.77284687025, -0.0128579465251, 4.95627413491
5.06, 0.984669114719, -3.7232946957, -0.00910268858548, 4.95961915729
5.07, 0.984551695218, -3.67370983439, -0.0162400005848, 4.96282083794
5.08, 0.984353775421, -3.624093452, -0.0225749475417, 4.96593857529
5.09, 0.984153725079, -3.57444598995, -0.0175203128514, 4.96903545807
5.1, 0.98403413539, -3.52476774432, -0.00945063109616, 4.97208263435
5.11, 0.983943054881, -3.4750596636, -0.0119527577445, 4.97500235649
5.12, 0.983778689399, -3.42532304061, -0.0211242008806, 4.97780726668
5.13, 0.983559607957, -3.37555857003, -0.0217542353502, 4.98058015634
5.14, 0.98339584782, -3.32576637396, -0.0127109714506, 4.98334163031
5.15, 0.983291733622, -3.27594701914, -0.00988877099403, 4.98601134812
5.16, 0.983178638623, -3.22610150954, -0.0151349283953, 4.98857115791
5.17, 0.98298921486, -3.17623088547, -0.0223642168259, 4.99104977475
5.18, 0.982778999971, -3.12633553961, -0.0194197425328, 4.99351731993
5.19, 0.982638930951, -3.07641556905, -0.0111386362664, 4.99596249333
5.2, 0.982543010639, -3.02647162503, -0.0114111689353, 4.99830821181
5.21, 0.982389693562, -2.97650483448, -0.0200331972106, 5.00054559443
5.22, 0.982171152448, -2.92651587824, -0.0227490502372, 5.00275210568
5.23, 0.981988241622, -2.87650478763, -0.0149607850644, 5.00496429892
5.24, 0.981883039301, -2.82647179387, -0.00964522846886, 5.00712115665
5.25, 0.981766947111, -2.77641784676, -0.0158668243609, 5.00916147638
5.26, 0.981567092612, -2.72634390674, -0.023483503719, 5.0111360895
5.27, 0.981349173549, -2.67625017964, -0.0197910768737, 5.01311962533
5.28, 0.981209674322, -2.62613658795, -0.0108741490247, 5.01509477585
5.29, 0.981099798472, -2.5760037825, -0.0117797489693, 5.01697296412
5.3, 0.980952831503, -2.52585260106, -0.0189135805988, 5.01876737516
5.31, 0.980740784941, -2.47568370004, -0.0228536408066, 5.02052849999
5.32, 0.980545329116, -2.42549710231, -0.0169534949647, 5.02230170768
5.33, 0.980421125031, -2.37529287285, -0.0110218186132, 5.02404321293
5.34, 0.980303336515, -2.32507172475, -0.0151025227022, 5.02568825489
5.35, 0.980114277645, -2.27483453075, -0.0226174631886, 5.02726720883
5.36, 0.979893783666, -2.2245815315, -0.0210710248419, 5.02885297319
5.37, 0.979734493708, -2.17431258143, -0.0129763567919, 5.03044529346
5.38, 0.979627129312, -2.1240280238, -0.0118929897266, 5.03196813525
5.39, 0.979474083045, -2.07372875952, -0.0198665120857, 5.0333985865
5.4, 0.97925181607, -2.02341534962, -0.0237508819145, 5.03480938129
5.41, 0.97905186951, -1.97308766496, -0.0170174441636, 5.03624695892
5.42, 0.978929189873, -1.9227456671, -0.0108708424186, 5.03765901135
5.43, 0.978809036628, -1.8723900456, -0.0157347530585, 5.0389753983
5.44, 0.978610101725, -1.8220216294, -0.0237405707426, 5.04023423601
5.45, 0.978381108363, -1.77164053121, -0.0215644405593, 5.04151479505
5.46, 0.978221402346, -1.72124647361, -0.0127617866741, 5.04281212804
5.47, 0.978114924491, -1.67083975531, -0.0120816809728, 5.04404038456
5.48, 0.977954938906, -1.62042127161, -0.0209170882952, 5.0451788717
5.49, 0.977721743492, -1.56999150255, -0.024681959312, 5.04631013465
5.5, 0.977517484265, -1.5195501787, -0.0170312677568, 5.04748151732
5.51, 0.977384818843, -1.46909724423, -0.0123547382093, 5.04861965693
5.52, 0.977265553943, -1.41863325627, -0.0147577812593, 5.04969180015
5.53, 0.977076977854, -1.36815897071, -0.0231315328882, 5.05069641313
5.54, 0.976841828079, -1.31767458709, -0.0231829583327, 5.05171804416
5.55, 0.9766612836, -1.26717976708, -0.0147417124831, 5.05277147862
5.56, 0.976545940152, -1.21667459975, -0.0119084815524, 5.05377773781
5.57, 0.976396188713, -1.16615987089, -0.0196354124325, 5.0546942705
5.58, 0.976167535855, -1.11563614312, -0.0252200554144, 5.05559239051
5.59, 0.975946477788, -1.06510318934, -0.019305661665, 5.05653489521
5.6, 0.975807601013, -1.0145607295, -0.0117035945078, 5.05747819543
5.61, 0.975674336967, -0.964009352108, -0.0146577593853, 5.05833808785
5.62, 0.97549461983, -0.913449602238, -0.0220013893077, 5.05914653742
5.63, 0.975263327985, -0.862881775384, -0.0236957206139, 5.05996204201
5.64, 0.975067216139, -0.812305574213, -0.0168461402897, 5.06081251912
5.65, 0.974934863478, -0.761720949118, -0.0128779946661, 5.06163619512
5.66, 0.974787441886, -0.711128514756, -0.0185937692608, 5.06238094979
5.67, 0.974569135796, -0.660528844011, -0.0246563733276, 5.06309784435
5.68, 0.974341430884, -0.60992181008, -0.020952643156, 5.06385271112
5.69, 0.974181994007, -0.559307085924, -0.0136091152644, 5.06462212351
5.7, 0.974054409386, -0.508684980825, -0.0149768685714, 5.06532607946
5.71, 0.973867154341, -0.458056226033, -0.0230165500525, 5.06596645074
5.72, 0.973626419889, -0.407421026765, -0.0244195024811, 5.06662373469
5.73, 0.973427586593, -0.356778983132, -0.0167848043464, 5.06732469658
5.74, 0.973296600273, -0.306130010547, -0.0128577233714, 5.06799802951
5.75, 0.973144986014, -0.255474754905, -0.0193958852486, 5.06858930517
5.76, 0.972916370792, -0.204813772916, -0.0257012947029, 5.06915895878
5.77, 0.972681900197, -0.154146841158, -0.0212454983865, 5.06977729146
5.78, 0.972523086743, -0.103473557465, -0.0134054543271, 5.0704138651
5.79, 0.972394977967, -0.052794247623, -0.0153735644198, 5.07098015301
