timestamp, prius0 x posi, prius0 y posi, prius0 x vel, prius0 y vel.
0.0, 0.0, 0.0, 0.0, 0.0
0.00999999999999, 1.00004616235, -24.9963657743, 4.67222016008e-05, 0.242499550971
0.02, 1.00001180143, -24.9933814984, -0.00384949150834, 0.330865123521
0.03, 0.999984402006, -24.9895211587, 0.000579391754556, 0.419125080922
0.04, 1.00001947186, -24.984785584, 0.00649630259953, 0.507353680674
0.05, 1.00007270361, -24.9791749126, 0.00432132428475, 0.595594775607
0.06, 1.00007136629, -24.9726890645, -0.002178473935, 0.683845484471
0.07, 1.00003545003, -24.9653280409, -0.00193489514903, 0.772088234328
0.08, 1.00004556857, -24.9570919462, 0.00497180879498, 0.860320074042
0.09, 1.00010838007, -24.9479808056, 0.00723394238242, 0.948556501889
0.1, 1.0001439564, -24.9379945261, 0.00115038816949, 1.03680454637
0.11, 1.00011878895, -24.9271330492, -0.00297276265689, 1.12505286903
0.12, 1.00010349026, -24.9153964499, 0.00211720967475, 1.21329017259
0.13, 1.00015654805, -24.9027851004, 0.00838342104383, 1.30098803429
0.14, 1.00022630352, -24.8893044559, 0.0056824451555, 1.387411023
0.15, 1.00023559662, -24.8749648365, -0.00127661365783, 1.47278459978
0.16, 1.00021048763, -24.8597768242, -0.000602581595732, 1.55709822443
0.17, 1.00023799163, -24.8437509934, 0.00696828342522, 1.64036140664
0.18, 1.00032073011, -24.8268976848, 0.00906558698552, 1.72260453107
0.19, 1.00037073536, -24.809226982, 0.00227281033917, 1.80384735718
0.2, 1.00035552065, -24.7907488934, -0.00194413623335, 1.88408887015
0.21, 1.00035384762, -24.7714734584, 0.00377979455025, 1.96332744132
0.22, 1.00042560285, -24.7514105911, 0.0102614579602, 2.04158692455
0.23, 1.00051082539, -24.7305699255, 0.00685776504285, 2.11889490672
0.24, 1.00052822767, -24.7089609296, -0.000646185799706, 2.19525903661
0.25, 1.00051141809, -24.6865931247, 0.000521391802433, 2.27067012908
0.26, 1.00055460267, -24.6634795276, 0.00881148952614, 2.34500472792
0.27, 1.00065528992, -24.6396333519, 0.0106454684472, 2.41853178558
0.28, 1.00071639913, -24.6150631088, 0.0030194025164, 2.49121809782
0.29, 1.00070746115, -24.5897774179, -0.00123884616942, 2.56301681035
0.3, 1.00071704149, -24.563785141, 0.00527490249547, 2.63391536724
0.31, 1.00080614743, -24.5370950852, 0.012010695929, 2.70393916422
0.32, 1.00090515889, -24.5097157696, 0.00783000822215, 2.77311420269
0.33, 1.00092839809, -24.4816555752, -0.000245653203737, 2.84139103878
0.34, 1.00091796661, -24.4529253656, 0.00148730458362, 2.90766071702
0.35, 1.00097536212, -24.4235425152, 0.0104911287161, 2.97205594404
0.36, 1.00109176152, -24.3935251221, 0.0119400972153, 3.03466028884
0.37, 1.00116075696, -24.3628907108, 0.0034300350074, 3.0955300256
0.38, 1.00115532241, -24.3316564249, -0.000753997263633, 3.15469658616
0.39, 1.00117474044, -24.2998391251, 0.00666774343554, 3.21219226868
0.4, 1.00128006177, -24.2674551904, 0.0136061252822, 3.26807854446
0.41, 1.00139062769, -24.2345203689, 0.00852536138673, 3.32241535865
0.42, 1.00141686958, -24.2010499454, -0.000111493646582, 3.37524058035
0.43, 1.00141067316, -24.1670589433, 0.00227645134681, 3.42657461855
0.44, 1.0014808856, -24.1325620714, 0.0120364884359, 3.47646062072
0.45, 1.00161135206, -24.0975734763, 0.0130257001025, 3.52496075959
0.46, 1.00168560498, -24.0621067716, 0.00354186501782, 3.5721193652
0.47, 1.00168067069, -24.0261752768, -0.000552922185652, 3.61795549667
0.48, 1.00170749054, -23.9897921248, 0.00784793500204, 3.66249128079
0.49, 1.00182696723, -23.9529700446, 0.014985367059, 3.70578065949
0.5, 1.00194653859, -23.9157212138, 0.00893503880613, 3.74787505097
0.51, 1.00197279279, -23.8780574429, -0.000266799895737, 3.7888000593
0.52, 1.00196846105, -23.8399903928, 0.00288196406447, 3.8285648912
0.53, 1.00204999637, -23.8015315021, 0.0134447043018, 3.86720501967
0.54, 1.00219276206, -23.7626917211, 0.0138945977335, 3.90477498689
0.55, 1.00226968569, -23.7234815554, 0.00338164202541, 3.94130957035
0.56, 1.00227727623, -23.6839113362, 0.000275603372088, 3.97681575651
0.57, 1.00230046169, -23.6439912386, 0.00682697018317, 4.01131468414
0.58, 1.00241245958, -23.6037311575, 0.014866258679, 4.04484410259
0.59, 1.00254281923, -23.5631405354, 0.0108550116446, 4.07744915793
0.6, 1.00258943296, -23.5222284926, 0.00138342196826, 4.10915195939
0.61, 1.00258970114, -23.481004045, 0.00232877360163, 4.13995578392
0.62, 1.00266040168, -23.4394760862, 0.0123845551266, 4.16988328772
0.63, 1.0028028623, -23.3976531315, 0.014883726589, 4.19898057655
0.64, 1.00289847439, -23.3555433036, 0.00554590118813, 4.22727898827
0.65, 1.00290575226, -23.3131545602, -9.18633192616e-05, 4.2547845672
0.66, 1.00293157845, -23.2704948281, 0.00757996626364, 4.28150168525
0.67, 1.00305438878, -23.2275718075, 0.015995623411, 4.30746751594
0.68, 1.00319170096, -23.1843927867, 0.0110673840102, 4.33272152667
0.69, 1.00323565727, -23.1409647973, 0.000894572881941, 4.35727874953
0.7, 1.00324775664, -23.0972948591, 0.00193278551331, 4.38113534834
0.71, 1.00330775874, -23.0533898503, 0.0111874171846, 4.40431159766
0.72, 1.0034469459, -23.0092564065, 0.0155021398932, 4.42684305222
0.73, 1.00355836597, -22.9649008072, 0.00755236939168, 4.4487588089
0.74, 1.00358005318, -22.9203291813, 0.000511648519161, 4.47006381
0.75, 1.00360010752, -22.8755476662, 0.00626659060766, 4.49075563064
0.76, 1.00371152045, -22.830562265, 0.0154441355889, 4.51086156092
0.77, 1.0038558914, -22.7853786319, 0.012707314861, 4.53041767028
0.78, 1.0039186824, -22.740002179, 0.00247731909284, 4.54943850042
0.79, 1.00393536222, -22.6944383192, 0.00191907027096, 4.56791694176
0.8, 1.003985779, -22.6486923953, 0.00980950734138, 4.58586610435
0.81, 1.00411681004, -22.6027695712, 0.0154897603683, 4.60331385001
0.82, 1.00423940405, -22.556674703, 0.00935176183803, 4.6202873925
0.83, 1.00427715934, -22.5104125015, 0.00151761162997, 4.63679184815
0.84, 1.00429506571, -22.4639877035, 0.00514058577707, 4.65282089216
0.85, 1.00439302786, -22.4174049848, 0.0143901715433, 4.66839260262
0.86, 1.00453855089, -22.3706687373, 0.0138398379989, 4.68353925612
0.87, 1.00461881093, -22.3237831234, 0.00425752945821, 4.6982754754
0.88, 1.00462876049, -22.2767522866, 0.00159804347305, 4.71259447281
0.89, 1.00468173063, -22.229580414, 0.0104945574125, 4.72649731813
0.9, 1.00482118141, -22.1822715127, 0.0162418808214, 4.74001370805
0.91, 1.00494625597, -22.1348293044, 0.00913149541305, 4.75316763335
0.92, 1.00497853768, -22.0872574063, 0.000900130832112, 4.76595971109
0.93, 1.00499430599, -22.0395595065, 0.00537457202817, 4.77837930677
0.94, 1.00509932246, -21.9917392577, 0.0153141621458, 4.79044335792
0.95, 1.00525154643, -21.9438000407, 0.0141201573421, 4.80218235524
0.96, 1.00532894802, -21.8957450369, 0.00361215121417, 4.81360728559
0.97, 1.00534716239, -21.8475774673, 0.00208422610626, 4.82470538888
0.98, 1.0053934754, -21.7993005719, 0.00916923809717, 4.83548204379
0.99, 1.00552147487, -21.7509174739, 0.0156450754626, 4.84595708797
1.0, 1.00565188746, -21.7024310555, 0.0104968282261, 4.85615305541
1.01, 1.00569973096, -21.6538440921, 0.00216462003299, 4.86607184886
1.02, 1.00571720403, -21.6051594248, 0.00458773053902, 4.87570209166
1.03, 1.00580863845, -21.556379905, 0.013916526093, 4.88505351258
1.04, 1.00595608735, -21.5075081782, 0.0146032211252, 4.89414512888
1.05, 1.00604720565, -21.4585467655, 0.00532788819343, 4.90299618517
1.06, 1.00606204613, -21.4094981727, 0.00149369238997, 4.91159307136
1.07, 1.00610880902, -21.3603649151, 0.00968574000448, 4.91993899178
1.08, 1.00624450529, -21.3111494251, 0.016426315671, 4.92804804627
1.09, 1.00637880861, -21.2618539906, 0.0104727806866, 4.93593533876
1.1, 1.00642278279, -21.2124807299, 0.0016435294045, 4.94360967311
1.11, 1.00643816609, -21.163031831, 0.00477363931297, 4.95107042811
1.12, 1.00653630926, -21.1135095748, 0.014825042865, 4.95829816583
1.13, 1.00669110475, -21.0639159975, 0.015014261854, 4.96533989228
1.14, 1.00678074173, -21.0142529606, 0.0048005306611, 4.97219416258
1.15, 1.0068042716, -20.9645223822, 0.00194483216989, 4.97885154535
1.16, 1.00684358824, -20.9147262443, 0.00826897999181, 4.98530475612
1.17, 1.00696741018, -20.8648664589, 0.0158473818604, 4.99158960625
1.18, 1.00710733116, -20.8149447635, 0.0118790699263, 4.99770143183
1.19, 1.00716674311, -20.7649627694, 0.0028640659568, 5.00365232134
1.2, 1.00718287096, -20.7149221816, 0.00387380645392, 5.00941672061
1.21, 1.00726669578, -20.6648247529, 0.013432060576, 5.01502543716
1.22, 1.00741770881, -20.6146721193, 0.0156378910212, 5.0204653181
1.23, 1.00752245874, -20.5644656825, 0.00663848314147, 5.0257867143
1.24, 1.00754303427, -20.5142069102, 0.00133992916427, 5.03094596251
1.25, 1.00758236664, -20.4638973727, 0.00874404940591, 5.03594546691
1.26, 1.00771390718, -20.4135385775, 0.0166431606782, 5.04080463865
1.27, 1.00785763358, -20.3631318187, 0.0117929392106, 5.04554064822
1.28, 1.00791160269, -20.3126783252, 0.00210448918729, 5.05015465466
1.29, 1.00793672085, -20.262179452, 0.00322184947028, 5.05462475627
1.3, 1.00800732866, -20.2116365529, 0.0119848493398, 5.05895068858
1.31, 1.00815232129, -20.1610508954, 0.015980011753, 5.0631812429
1.32, 1.00827003161, -20.1104235951, 0.0083773397851, 5.0672931781
1.33, 1.00830260586, -20.0597557075, 0.00173698503914, 5.07128806583
1.34, 1.00833418541, -20.0090484281, 0.00723961232868, 5.07516588495
1.35, 1.00845230022, -19.9583029712, 0.0158856803393, 5.07893944355
1.36, 1.00860069828, -19.9075203982, 0.0131903419813, 5.08260577783
1.37, 1.00867121923, -19.8567016093, 0.00348132011492, 5.086170578
1.38, 1.00868454211, -19.8058475956, 0.00293798326517, 5.08964973779
1.39, 1.00875801077, -19.7549594914, 0.012660848299, 5.09300829484
1.4, 1.00891022393, -19.7040383033, 0.0165216100206, 5.09627471488
1.41, 1.00902781641, -19.6530848237, 0.00790192739754, 5.09946478403
1.42, 1.00906161903, -19.6020998734, 0.00442241669306, 5.10251457921
1.43, 1.00909512053, -19.551084427, 0.00636827511954, 5.10555742606
1.44, 1.00919979909, -19.5000394462, 0.0145724067667, 5.10846768859
1.45, 1.00934445309, -19.4489657236, 0.0137361524044, 5.11130818267
1.46, 1.00942842564, -19.3978639193, 0.00510694866618, 5.11408345172
1.47, 1.00945131329, -19.3467348161, 0.0030482347308, 5.1167848654
1.48, 1.00951555879, -19.2955792832, 0.0111732162284, 5.11937257403
1.49, 1.00965619984, -19.2443980944, 0.0160302622494, 5.12191746171
1.5, 1.00978050903, -19.1931919113, 0.00937927265206, 5.12437640943
1.51, 1.00982141539, -19.1419612986, 0.0021827113801, 5.12679976606
1.52, 1.00985064844, -19.0907070422, 0.00651101985986, 5.12912517598
1.53, 1.00996098429, -19.0394299074, 0.0153186878798, 5.13136637781
1.54, 1.01011058245, -18.9881304907, 0.0138708601979, 5.13356707663
1.55, 1.01019085801, -18.936809303, 0.00442329491342, 5.13572093247
1.56, 1.01020775708, -18.8854669244, 0.00271462955906, 5.13780593076
1.57, 1.01027405713, -18.834104084, 0.0117846972814, 5.1398172211
1.58, 1.01042176559, -18.7827214102, 0.0165986980493, 5.14176109912
1.59, 1.01054663703, -18.7313193491, 0.00897154612431, 5.14369182004
1.6, 1.01058081081, -18.6798983823, 0.00150312722852, 5.14557205007
1.61, 1.01060755858, -18.6284590977, 0.00672379116525, 5.14737175083
1.62, 1.0107243212, -18.5770021723, 0.0161380113515, 5.14909294635
1.63, 1.01087899371, -18.5255280154, 0.0139626398593, 5.15081073132
1.64, 1.01095469605, -18.4740370287, 0.00364676858412, 5.15246064149
1.65, 1.01097952871, -18.4225296692, 0.00245324054257, 5.15408475012
1.66, 1.01103393907, -18.3710065158, 0.0101990119914, 5.15563650849
1.67, 1.01117148659, -18.3194680791, 0.0163845243479, 5.15714354453
1.68, 1.01130544998, -18.267914753, 0.010543357708, 5.158616019
1.69, 1.01135304658, -18.2163468158, 0.00222608221661, 5.16006126129
1.7, 1.01137490595, -18.1647647741, 0.00535161944641, 5.16142831182
1.71, 1.01147602395, -18.113169139, 0.0148935012087, 5.162762792
1.72, 1.01162997309, -18.0615603005, 0.0148990031893, 5.16408366001
1.73, 1.01172076887, -18.0099385063, 0.00514615561563, 5.16536835587
1.74, 1.01173618545, -17.9583041636, 0.00183958619806, 5.16659821623
1.75, 1.01179030519, -17.9066576983, 0.010647228238, 5.16778589918
1.76, 1.0119343618, -17.8549995995, 0.0169679123039, 5.16893021737
1.77, 1.01206889447, -17.8033300637, 0.0101065249124, 5.17007162051
1.78, 1.01211657175, -17.7516492503, 0.00467692040831, 5.17114488657
1.79, 1.01213727855, -17.6999574858, 0.00414785867275, 5.17225857013
1.8, 1.01222269121, -17.6482553299, 0.013480286715, 5.17326895525
1.81, 1.01237310473, -17.5965432238, 0.0155238847757, 5.17424900371
1.82, 1.01247723497, -17.5448214593, 0.00664479136264, 5.17519879491
1.83, 1.01249912315, -17.4930904456, 0.00154115501851, 5.17609837546
1.84, 1.01254026675, -17.4413507997, 0.00885327296231, 5.17692952508
1.85, 1.01267171175, -17.3896031525, 0.0165334785147, 5.17770419458
1.86, 1.01281404874, -17.3378479765, 0.0116655151315, 5.17843739882
1.87, 1.01286806679, -17.2860857067, 0.00220808511922, 5.17912440267
1.88, 1.0128811798, -17.2343169255, 0.00396776715236, 5.17974462189
1.89, 1.01297056893, -17.1825423258, 0.0142181292956, 5.18029495388
1.9, 1.013127424, -17.1307625755, 0.0158762982754, 5.18077921506
1.91, 1.01322912236, -17.0789783782, 0.005953344005, 5.18118812393
1.92, 1.0132647493, -17.0271906553, 0.00495030329249, 5.18145397809
1.93, 1.01329825515, -16.9754004989, 0.00593166947935, 5.18168613433
1.94, 1.01339506028, -16.9236090211, 0.0136582292734, 5.1817696388
1.95, 1.01353342314, -16.8718172562, 0.0134524312696, 5.18175273364
1.96, 1.01361849438, -16.820026237, 0.0054015226779, 5.18162958466
1.97, 1.01364226541, -16.7682371185, 0.00280829996092, 5.18138437063
1.98, 1.01369891977, -16.7164511617, 0.0100687674591, 5.18101291296
1.99, 1.01382845026, -16.6646695161, 0.0150947022092, 5.18053706708
2.0, 1.01394833183, -16.6128931004, 0.00931030491683, 5.17997815665
2.01, 1.01398991863, -16.5611227121, 0.00216603565554, 5.17934159878
2.02, 1.01401416454, -16.509359151, 0.00557086680786, 5.17862413727
2.03, 1.01411172754, -16.4576031554, 0.0139520685167, 5.17784054439
2.04, 1.0142511342, -16.4058552475, 0.0132453994512, 5.17701464682
2.05, 1.01432936063, -16.3541157924, 0.00441092990662, 5.1761554477
2.06, 1.01434365899, -16.3023851639, 0.00208276131899, 5.17525525177
2.07, 1.01439816615, -16.2506637948, 0.0102496483061, 5.17431193633
2.08, 1.01453091156, -16.198952015, 0.015334804881, 5.17334404916
2.09, 1.01464860565, -16.1472499866, 0.00867194202023, 5.17236477997
2.1, 1.01468095216, -16.0955578417, 0.00119365806674, 5.17137010782
2.11, 1.01469928468, -16.0438758065, 0.00539884279748, 5.17034787724
2.12, 1.01479942722, -15.9922041229, 0.0144097801028, 5.16930613104
2.13, 1.01494104866, -15.9405428826, 0.0131129117868, 5.16826210554
2.14, 1.01501285103, -15.8888920858, 0.00345267403351, 5.16721871287
2.15, 1.01501830087, -15.8372517955, 0.00145705037175, 5.16616326442
2.16, 1.01507206477, -15.7856221735, 0.0105910047837, 5.1650905016
2.17, 1.01520938227, -15.7340033021, 0.0156731496327, 5.16401689812
2.18, 1.01532527725, -15.6823951236, 0.00803254290177, 5.16295265488
2.19, 1.01535634634, -15.6307975843, 0.00355295777215, 5.16185937024
2.2, 1.01537294686, -15.5792107343, 0.00416292134692, 5.16081889815
2.21, 1.01545662336, -15.5276346354, 0.0128681536252, 5.15974309111
2.22, 1.01559285309, -15.4760692574, 0.0135349225433, 5.15867650453
2.23, 1.0156763685, -15.4245144798, 0.00483543067353, 5.15762311044
2.24, 1.01568796682, -15.3729702271, 0.00116316537046, 5.1565724598
2.25, 1.0157285162, -15.3214365263, 0.00874272988666, 5.15551628329
2.26, 1.01585172441, -15.2699133686, 0.0150107240334, 5.15446672628
2.27, 1.01597292869, -15.2184006212, 0.00935163605782, 5.15343415932
2.28, 1.01600877126, -15.1668981348, 0.00101668510357, 5.15241439436
2.29, 1.01601736621, -15.1154058597, 0.00391515267288, 5.15139373909
2.3, 1.01610338253, -15.0639237994, 0.0133643392164, 5.15037500425
2.31, 1.01624295153, -15.0124518476, 0.0135557395835, 5.14937264944
2.32, 1.01632131857, -14.9609898195, 0.00395537370648, 5.14838952962
2.33, 1.01632399761, -14.9095375856, 0.000471577055928, 5.14741406729
2.34, 1.01636309627, -14.8580951256, 0.00904231695212, 5.1464377587
2.35, 1.01649129403, -14.8066623791, 0.015459523719, 5.14547332543
2.36, 1.01661210816, -14.7552391656, 0.00884490184241, 5.14453027808
2.37, 1.01663921965, -14.7038252978, 4.00096796906e-05, 5.14360349503
2.38, 1.01665536866, -14.6524207075, 0.00317766567118, 5.14267872038
2.39, 1.01672676499, -14.6010253321, 0.0116936119506, 5.14176049117
2.4, 1.01685689154, -14.5496390573, 0.0134701084665, 5.14085903778
2.41, 1.01694408459, -14.4982616887, 0.00533169527629, 5.13997824797
2.42, 1.01695637451, -14.4468930668, 0.000721175262691, 5.13910942579
2.43, 1.0169866369, -14.3955331295, 0.00740945762704, 5.13824327971
2.44, 1.01709889646, -14.3441818046, 0.0143348103744, 5.13738861709
2.45, 1.01722011998, -14.2928389175, 0.00980552581543, 5.1365547685
2.46, 1.01726036497, -14.2415042743, 0.00118245124338, 5.13573889788
2.47, 1.01726365867, -14.1901777652, 0.00283183653477, 5.13492859686
2.48, 1.01733661597, -14.1388593433, 0.0121498886656, 5.13412381101
2.49, 1.01747038818, -14.0875488796, 0.0135719525505, 5.13333682514
2.5, 1.01755330985, -14.036246174, 0.00451714608215, 5.13257083561
2.51, 1.01755663058, -13.9849510675, -3.48983791074e-05, 5.13181658028
2.52, 1.01758447536, -13.9336635005, 0.00761363396107, 5.13106475684
2.53, 1.01770137201, -13.8823833979, 0.0148088338022, 5.13032494346
2.54, 1.0178229754, -13.8311105826, 0.00939385256053, 5.12960592082
2.55, 1.01785499433, -13.7798448649, 0.000200082434716, 5.12890434451
2.56, 1.01785150642, -13.7285861429, 0.00255847027649, 5.12820736214
2.57, 1.01792695641, -13.677334375, 0.0127012826828, 5.12751567628
2.58, 1.01806488573, -13.6260894325, 0.0136770147406, 5.12684165548
2.59, 1.01814307276, -13.5748511217, 0.00363235605236, 5.12618783891
2.6, 1.01815087007, -13.5236193029, -1.19205833658e-05, 5.125543689
2.61, 1.01816732521, -13.4723939053, 0.00585695247633, 5.12490399534
2.62, 1.01826962932, -13.4211748651, 0.0140006644491, 5.12427349984
2.63, 1.0183949738, -13.369962031, 0.0105996333914, 5.12366143353
2.64, 1.01843994121, -13.3187552263, 0.0011057209029, 5.12306647955
2.65, 1.0184337125, -13.2675543418, 0.00130190551388, 5.12247751305
2.66, 1.01849163634, -13.2163593386, 0.0110073000472, 5.12189203811
2.67, 1.01862296255, -13.1651701153, 0.0140376442077, 5.12132115192
2.68, 1.01871324572, -13.1139865009, 0.00512193831884, 5.12076867189
2.69, 1.01872237333, -13.0628083556, 0.00229545065039, 5.12020630948
2.7, 1.01873823056, -13.0116356184, 0.00475967453788, 5.11968859126
2.71, 1.01882454055, -12.9604682263, 0.0124042834553, 5.11915815658
2.72, 1.01894290212, -12.9093060567, 0.010815108471, 5.11864298011
2.73, 1.01899812731, -12.8581489572, 0.00243213707618, 5.11814303029
2.74, 1.01899876004, -12.8069968222, 0.00115764935768, 5.11765001351
2.75, 1.01904478043, -12.7558496085, 0.00922516896896, 5.11716010655
2.76, 1.01916129562, -12.7047072352, 0.0132024977034, 5.11668165656
2.77, 1.0192548843, -12.6535705629, 0.00627076919638, 5.11596394952
2.78, 1.01926836777, -12.6024442839, -0.000170955026326, 5.11460053615
2.79, 1.01927763823, -12.5513334613, 0.00465938936046, 5.11290480562
2.8, 1.01936666759, -12.5002412755, 0.012820908015, 5.11089403416
2.81, 1.01948646291, -12.4491714916, 0.0105960934107, 5.1083662202
2.82, 1.01953486359, -12.3981293676, 0.00148268933761, 5.10545496139
2.83, 1.01952725319, -12.3471174811, 0.000612548130341, 5.102310288
2.84, 1.01957299221, -12.2961372769, 0.00956045958771, 5.09917587888
2.85, 1.01969336057, -12.245191455, 0.0134251407067, 5.09542979677
2.86, 1.01978406807, -12.1942837893, 0.00555039340762, 5.09151328339
2.87, 1.01978810478, -12.1434167417, -0.00110021787513, 5.08716273211
2.88, 1.01979254024, -12.0925987398, 0.00461854088926, 5.08164307365
2.89, 1.01988496335, -12.0418414486, 0.0132891326207, 5.07521177032
2.9, 1.02000615933, -11.9911544804, 0.0103203402206, 5.06742944646
2.91, 1.02004681092, -11.9405509719, 0.000429118072589, 5.05814518684
2.92, 1.02003027038, -11.8900562447, 3.5053444956e-05, 5.04630423285
2.93, 1.02007593596, -11.8396878858, 0.00994168447091, 5.03272028923
2.94, 1.02020026981, -11.7894613534, 0.0135963884119, 5.01814395364
2.95, 1.02028696801, -11.7393934923, 0.00467762040045, 5.00078646127
2.96, 1.0202918948, -11.6895056885, -0.000526790570076, 4.98242956648
2.97, 1.02028729593, -11.6398051828, 0.00288431634066, 4.96338101664
2.98, 1.02036217992, -11.5902980944, 0.0119441500254, 4.94337142345
2.99, 1.02048142841, -11.5410032943, 0.0110393545109, 4.9211336282
3.0, 1.02053329356, -11.4919341938, 0.00141224802842, 4.89838685903
3.01, 1.02052986131, -11.443096591, -0.000249385046082, 4.87492193885
3.02, 1.02054799277, -11.3945011415, 0.00587687147628, 4.84991932367
3.03, 1.02064015658, -11.3461613578, 0.011967848706, 4.82365393911
3.04, 1.02073771863, -11.2980926602, 0.00760159279211, 4.79580817448
3.05, 1.02076075774, -11.2503111781, -0.000190497304391, 4.76595593079
3.06, 1.0207517288, -11.202840141, 0.00149018663657, 4.73418850838
3.07, 1.02080684091, -11.155687672, 0.00991890042226, 4.70230864548
3.08, 1.02091541685, -11.1088568099, 0.0109546826424, 4.66970776188
3.09, 1.02097571776, -11.0623549143, 0.00261599778747, 4.6362791451
3.1, 1.02096419719, -11.0161906339, -0.00135924185805, 4.60278787296
3.11, 1.02097664875, -10.9703610506, 0.00570135153319, 4.56915625888
3.12, 1.02106952391, -10.9248673932, 0.0120604457442, 4.53558889829
3.13, 1.02116423069, -10.8797081513, 0.00690220285677, 4.5023498694
3.14, 1.02117652802, -10.8348784399, -0.00141471549655, 4.46964756755
3.15, 1.02115823947, -10.7903733072, 0.000952823682845, 4.43738230398
3.16, 1.02121291139, -10.7461875589, 0.0101539522084, 4.40578819807
3.17, 1.02132243956, -10.7023137732, 0.0107516603279, 4.37494590799
3.18, 1.0213753355, -10.6587451429, 0.00150212733232, 4.34476128454
3.19, 1.02135238353, -10.6154777985, -0.00231104593152, 4.31459017021
3.2, 1.0213607089, -10.5725105335, 0.00573835937721, 4.2848150403
3.21, 1.02145604647, -10.5298387748, 0.0122701676926, 4.25550778692
3.22, 1.02154813529, -10.4874584178, 0.00618995828782, 4.22645084857
3.23, 1.02154969416, -10.4453680023, -0.0025982468103, 4.19752901813
3.24, 1.02153634505, -10.4035651808, -3.74543781346e-06, 4.1689858491
3.25, 1.02157447144, -10.3620444313, 0.00831023497171, 4.14107536762
3.26, 1.02167282793, -10.3208036864, 0.0104813078194, 4.11305255
3.27, 1.02173219349, -10.2798399872, 0.00261463273548, 4.08558054609
3.28, 1.02171624752, -10.2391491647, -0.00229356691229, 4.05841972014
3.29, 1.02171375265, -10.1987272908, 0.00394744931051, 4.03167893835
3.3, 1.02179190219, -10.1585732758, 0.0110118268448, 4.00503572849
3.31, 1.02188254337, -10.118683254, 0.00693134305742, 3.9788523457
3.32, 1.02189496763, -10.0790542842, -0.00166504445094, 3.95272168589
3.33, 1.02186710385, -10.0396856908, -0.000554840973174, 3.9267630575
3.34, 1.02190478185, -10.0005760665, 0.00856436043627, 3.90105228599
3.35, 1.02200496002, -9.96172184202, 0.010416059664, 3.8755631665
3.36, 1.02205878149, -9.92312056221, 0.00169754513168, 3.85034944182
3.37, 1.02203254075, -9.88477016834, -0.00321430674001, 3.82551792706
3.38, 1.02202586613, -9.84666719548, 0.0039628732671, 3.80094330301
3.39, 1.02210679053, -9.80880918248, 0.0113303804142, 3.77646229521
3.4, 1.02219673815, -9.7711951053, 0.00644672717412, 3.75216003568
3.41, 1.02219974969, -9.73382114, -0.00279112163339, 3.72832594539
3.42, 1.02216351512, -9.69668517688, -0.000989146315285, 3.70446077783
3.43, 1.02220215723, -9.6597860497, 0.00898870180418, 3.68098947179
3.44, 1.0223054265, -9.62312190645, 0.0104320462557, 3.65754505093
3.45, 1.02235362059, -9.58669196982, 0.000718235885111, 3.63421446902
3.46, 1.02232842776, -9.55049406496, -0.00249420211828, 3.61100903649
3.47, 1.02231492702, -9.51452694811, 0.00249294500493, 3.58801992581
3.48, 1.02237960378, -9.47879040739, 0.0100154219339, 3.56499255921
3.49, 1.02246656703, -9.44328274889, 0.00703092538446, 3.54224150935
3.5, 1.02248020462, -9.40800232256, -0.00174233677142, 3.51956078314
3.51, 1.02244575739, -9.37294806611, -0.00172073004712, 3.49697831778
3.52, 1.02246906181, -9.33811805353, 0.00715895792125, 3.47465153868
3.53, 1.02256041217, -9.30351272986, 0.0100707413726, 3.45216058158
3.54, 1.02261521146, -9.26913127645, 0.00195308564693, 3.42980506558
3.55, 1.02258773522, -9.23497119977, -0.00382430844586, 3.40777927562
3.56, 1.02256882683, -9.20103118707, 0.00242097000819, 3.38580785675
3.57, 1.02263662715, -9.16731135246, 0.0104266927836, 3.36377458556
3.58, 1.02272423881, -9.13381012028, 0.00663914338656, 3.34221713801
3.59, 1.02272923976, -9.10052031671, -0.00284090636845, 3.3214145499
3.6, 1.02268600681, -9.06743355425, -0.00221754322286, 3.30154948111
3.61, 1.02270985319, -9.03454084955, 0.00757440174344, 3.28262879288
3.62, 1.02280484245, -9.00183229636, 0.0101689442488, 3.26469156036
3.63, 1.02285510367, -8.9692987802, 0.00106260763425, 3.24799982923
3.64, 1.0228173397, -8.93692080326, -0.0047533549296, 3.23314900052
3.65, 1.02279470378, -8.90468585667, 0.00256607035934, 3.21936883233
3.66, 1.02286196825, -8.87258445838, 0.00624103215902, 3.20655532184
3.67, 1.02294170411, -8.84060301565, 0.00707424794095, 3.19536229156
3.68, 1.0229572167, -8.80872517102, -0.00171866605874, 3.18588069251
3.69, 1.02291679009, -8.77693698041, -0.00282661131333, 3.17753862016
3.7, 1.02292575898, -8.74521762351, 0.00573372174706, 3.1719015517
3.71, 1.023007972, -8.71354669812, 0.00971508206132, 3.16793762345
3.72, 1.02306454865, -8.68190389536, 0.00236705095424, 3.16605421334
3.73, 1.02303733456, -8.65027231983, -0.00427369148099, 3.16547957266
3.74, 1.02300745165, -8.61864172263, 0.000962284406783, 3.16617610349
3.75, 1.02306169464, -8.58699613665, 0.00946415287491, 3.16813412668
3.76, 1.02314684973, -8.55532589293, 0.00694294577966, 3.17101857908
3.77, 1.02315615429, -8.52361839535, -0.00257726403616, 3.17564299242
3.78, 1.02310803148, -8.49185618364, -0.00330159516479, 3.18190227547
3.79, 1.02311729249, -8.46002620371, 0.00613563092859, 3.18909049511
3.8, 1.02320392905, -8.42811775714, 0.0100290330854, 3.19804778642
3.81, 1.02325847555, -8.39611185333, 0.00172904736841, 3.20813980297
3.82, 1.02322236658, -8.36400022559, -0.00517314801876, 3.2191065041
3.83, 1.02318749248, -8.33177321738, 0.000891469893366, 3.23132434716
3.84, 1.02324513156, -8.2994173896, 0.00997855332837, 3.24486635366
3.85, 1.02333254463, -8.26692153442, 0.00680499682999, 3.25941772664
3.86, 1.02333504043, -8.23427434323, -0.0035746122671, 3.27486593634
3.87, 1.02327809776, -8.20146469073, -0.00389225511971, 3.29221357724
3.88, 1.02328721507, -8.16847423361, 0.00655162465921, 3.31092243388
3.89, 1.02336545196, -8.13529098099, 0.00914181202092, 3.33048510258
3.9, 1.0234236504, -8.10190963096, 0.00283131334004, 3.35048094056
3.91, 1.02339806611, -8.06832597641, -0.00456428258092, 3.37126520766
3.92, 1.02335822533, -8.03453022745, -0.000463683430444, 3.39267777297
3.93, 1.02339887719, -8.00051692759, 0.00843767946796, 3.41465599137
3.94, 1.02348095621, -7.96627978734, 0.00723291477751, 3.4376418565
3.95, 1.02349458596, -7.93180978571, -0.00230454275706, 3.46108201906
3.96, 1.02344218555, -7.89710086119, -0.0043474386207, 3.48558174224
3.97, 1.02343703072, -7.86214508425, 0.0046637026815, 3.51052331023
3.98, 1.02351475638, -7.82693173176, 0.00974696230664, 3.53678673901
3.99, 1.02357183727, -7.79145564165, 0.00222508572308, 3.56313236439
4.0, 1.0235369706, -7.75571359098, -0.00553727273102, 3.58987513794
4.01, 1.02349158863, -7.71970246216, -0.000551228206653, 3.61726639652
4.02, 1.02353593304, -7.68341284123, 0.00901529213504, 3.64529214891
4.03, 1.02362084191, -7.64684221666, 0.00710446566671, 3.67346718106
4.04, 1.02362749944, -7.60998531529, -0.00333301067708, 3.70265209063
4.05, 1.02356582251, -7.57283410206, -0.0049727165425, 3.7321734875
4.06, 1.02356031273, -7.53538594407, 0.00506727600633, 3.76232597789
4.07, 1.02363234645, -7.49763123221, 0.00773997834032, 3.79313850244
4.08, 1.0236872168, -7.45956886518, 0.00296780068401, 3.82392544107
4.09, 1.02366345485, -7.42119527121, -0.00455430790336, 3.85555533938
4.1, 1.02361798126, -7.38250469935, -0.00149497710488, 3.88720108846
4.11, 1.0236457642, -7.34349161426, 0.00717710145737, 3.92008768668
4.12, 1.0237200012, -7.30414951681, 0.00693636335282, 3.9527585368
4.13, 1.02373477239, -7.2644852855, -0.00203087331393, 3.98449534474
4.14, 1.02368154219, -7.22450872139, -0.00487540663157, 4.01526319267
4.15, 1.02366539755, -7.18422932633, 0.00324851955431, 4.04509542977
4.16, 1.02373054751, -7.14365631453, 0.00883926235362, 4.07401615313
4.17, 1.02378477676, -7.10279869962, 0.00237858535655, 4.10204733317
4.18, 1.02375182011, -7.06166520782, -0.00555989308147, 4.12922539079
4.19, 1.02369986982, -7.0202641615, -0.00173368238645, 4.15558836194
4.2, 1.0237297467, -6.97860356534, 0.00759894343253, 4.18116056871
4.21, 1.02380598282, -6.93669124588, 0.00677508717852, 4.20595686717
4.22, 1.02381380448, -6.89453486416, -0.00307823980183, 4.23000141715
4.23, 1.02375053101, -6.85214174333, -0.00564610502552, 4.25333218886
4.24, 1.02373227529, -6.80951885755, 0.00346240813952, 4.2759768031
4.25, 1.02380101749, -6.76667298441, 0.00909136397033, 4.29794811164
4.26, 1.02385256397, -6.72361081427, 0.00162903559215, 4.31925787582
4.27, 1.02380888396, -6.68033882374, -0.00669590794571, 4.33993721039
4.28, 1.02374979389, -6.63686313198, -0.0019896964102, 4.36001887702
4.29, 1.02378185696, -6.59318961362, 0.00802893557642, 4.37951806848
4.3, 1.0238452475, -6.54932408503, 0.00679083418746, 4.39843912415
4.31, 1.02386156279, -6.50527222381, -0.00193491145746, 4.41680176661
4.32, 1.02380313304, -6.46103948331, -0.00601507391484, 4.43463519816
4.33, 1.02377068202, -6.41663101073, 0.00145142966151, 4.45196352768
4.34, 1.02382260635, -6.37205180112, 0.00807667439005, 4.46879390829
4.35, 1.0238759004, -6.32730682973, 0.00262690000223, 4.48512983476
4.36, 1.02384295088, -6.28240095017, -0.00602984045482, 4.50099399212
4.37, 1.02377871831, -6.23733871484, -0.00348532379544, 4.51641605544
4.38, 1.02379111978, -6.19212445846, 0.00613838578379, 4.53140801653
4.39, 1.02386057965, -6.14676248487, 0.00671452194533, 4.54596822581
4.4, 1.02387046427, -6.10125709691, -0.00297143747207, 4.56010576449
4.41, 1.02380126908, -6.05561237393, -0.00691304236033, 4.57385054905
4.42, 1.0237653101, -6.00983211432, 0.00155048319711, 4.58722285706
4.43, 1.02382044785, -5.96392002386, 0.00835996867278, 4.60022233029
4.44, 1.02387172826, -5.91787986677, 0.00194625360526, 4.61284574117
4.45, 1.02382806554, -5.87171532458, -0.00722991799251, 4.62511417131
4.46, 1.0237554397, -5.82542978357, -0.00388621078988, 4.63705618865
4.47, 1.02376905211, -5.77902644614, 0.0065354707354, 4.64867832239
4.48, 1.02382621733, -5.73250857289, 0.00681957312716, 4.6599715318
4.49, 1.02384514824, -5.68587940596, -0.00182317323997, 4.6709442126
4.5, 1.02378002584, -5.63914206161, -0.00740872925006, 4.68161942745
4.51, 1.02372866049, -5.59229938193, -0.00054225775441, 4.69201823712
4.52, 1.02376700662, -5.54535411767, 0.00741632936987, 4.70213857374
4.53, 1.0238209635, -5.49830911428, 0.00302472147455, 4.71197127654
4.54, 1.02378803805, -5.45116720961, -0.00663293924831, 4.72153059418
4.55, 1.02370907934, -5.40393097956, -0.00550733818956, 4.73084504481
4.56, 1.02370240737, -5.35660280462, 0.00465543900928, 4.73992205216
4.57, 1.02376635454, -5.30918511297, 0.00686228203271, 4.74874929236
4.58, 1.0237797373, -5.26168044869, -0.00282539363048, 4.75732505861
4.59, 1.0237032635, -5.21409120079, -0.00842579685371, 4.76567651692
4.6, 1.02364718997, -5.1664194802, -0.000525758941135, 4.77382373181
4.61, 1.02367848531, -5.11866735495, 0.00549167549009, 4.78175579213
4.62, 1.02373183529, -5.07083701206, 0.00390667568655, 4.7894702973
4.63, 1.0237094683, -5.02293065291, -0.00590000899743, 4.79696931834
4.64, 1.02362641847, -4.97495027236, -0.006901309724, 4.80428231965
4.65, 1.0236002406, -4.92689764793, 0.00270082291609, 4.81141920897
4.66, 1.02365449763, -4.87877459796, 0.00689964386244, 4.81836584507
4.67, 1.02367728623, -4.83058310258, -0.00154251735168, 4.82511387032
4.68, 1.02360672966, -4.78232505117, -0.00874183256921, 4.83168661112
4.69, 1.02353596573, -4.73400204975, -0.00265254121892, 4.83810733782
4.7, 1.02355485443, -4.68561557531, 0.00195887489335, 4.84441526684
4.71, 1.02360178102, -4.63716747798, 0.00444085635963, 4.85045585695
4.72, 1.0235899281, -4.58865932459, -0.00486927749366, 4.85637410531
4.73, 1.02350760689, -4.54009274508, -0.00779916875166, 4.86214839676
4.74, 1.02346396869, -4.49146907875, 0.000644818677344, 4.86779204672
4.75, 1.02350462579, -4.44278968335, 0.00642585895412, 4.87329105918
4.76, 1.0235336813, -4.39405610463, -0.000302928230521, 4.87863173734
4.77, 1.02347219734, -4.34526986332, -0.00853070611003, 4.88383230286
4.78, 1.02339121474, -4.29643220433, -0.00453596796768, 4.88891870688
4.79, 1.02339524602, -4.24754425414, 0.00514452417001, 4.89388744859
4.8, 1.02344717269, -4.19860730204, 0.00426099382595, 4.89871723058
4.81, 1.02342790789, -4.14962277916, -0.00597002807979, 4.90340891831
4.82, 1.02333499884, -4.10059191221, -0.00860892277585, 4.90799273973
4.83, 1.02328903764, -4.05151567921, 0.000857830177081, 4.91248112602
4.84, 1.02332009493, -4.00239513185, 0.00548688618484, 4.91685278846
4.85, 1.02335286825, -3.95323148413, 0.000797014696853, 4.92110110363
4.86, 1.02330094902, -3.90402597052, -0.00812998013117, 4.92523426553
4.87, 1.02321200929, -3.85477957755, -0.00623601193424, 4.92928084017
4.88, 1.02319652089, -3.80549313252, 0.00345458211121, 4.933241362
4.89, 1.023242966, -3.75616760824, 0.00472738441702, 4.93709305126
4.9, 1.02323481481, -3.70680416896, -0.00478397134143, 4.94082999229
4.91, 1.02314437858, -3.65740382778, -0.00936703723426, 4.94448053322
4.92, 1.02308108768, -3.60796732228, -0.00129324086476, 4.94806225044
4.93, 1.02309983482, -3.55849541759, 0.00375973865086, 4.95155382151
4.94, 1.02313196123, -3.50898908165, 0.00165977664065, 4.9549487644
4.95, 1.02309089312, -3.45944932396, -0.00732048879521, 4.95824626799
4.96, 1.02299894345, -3.4098769503, -0.00751544453358, 4.96147645538
4.97, 1.02296465206, -3.36027256891, 0.0015222535118, 4.96464480226
4.98, 1.02300111473, -3.31063690077, 0.00471131813834, 4.96772896872
4.99, 1.02300208063, -3.26097089041, -0.00348999546764, 4.9707170056
5.0, 1.0229182503, -3.21127539485, -0.00957679269153, 4.97363335274
5.01, 1.02284125442, -3.16155098407, -0.00334986014202, 4.97650021676
5.02, 1.02285234177, -3.11179818934, 0.00490297759759, 4.9793042639
5.03, 1.02288554321, -3.06201778526, 0.00126332428194, 4.9820206602
5.04, 1.02283573175, -3.01221065407, -0.00843892369407, 4.98465736905
5.05, 1.02273458436, -2.96237741306, -0.00809153164417, 4.98724681131
5.06, 1.02270001022, -2.91251847382, 0.00185514622602, 4.98979279612
5.07, 1.02272639201, -2.86263442397, 0.00359930200588, 4.99226557346
5.08, 1.02272903879, -2.81272602548, -0.00255239584356, 4.99466346509
5.09, 1.02265478693, -2.76279398879, -0.00903167038001, 4.99700039313
5.1, 1.0225721374, -2.71283877172, -0.00481410294193, 4.99930047452
5.11, 1.02256469164, -2.66286075435, 0.00316796549744, 5.00155503575
5.12, 1.02259061594, -2.61286052908, 0.00149518415051, 5.00373940206
5.13, 1.02255052373, -2.56283883314, -0.0072642143857, 5.0058554555
5.14, 1.02245342333, -2.51279619233, -0.00859369896649, 5.00793307314
5.15, 1.02240368623, -2.46273290792, -0.000176799856344, 5.00998083541
5.16, 1.02242740392, -2.41264938393, 0.00395658090841, 5.01197497588
5.17, 1.0224269881, -2.36254628264, -0.00329898702973, 5.01389877374
5.18, 1.02234283546, -2.31242422013, -0.0100293243724, 5.01577464198
5.19, 1.02225426522, -2.26228351122, -0.00498742588699, 5.01762839347
5.2, 1.02224887938, -2.21212440273, 0.00351996540495, 5.01944800415
5.21, 1.02227541408, -2.16194739689, 0.001174767722, 5.02120500539
5.22, 1.02222724226, -2.11175315261, -0.00835124326036, 5.02290285629
5.23, 1.02212054768, -2.06154207896, -0.00926117632963, 5.02457557462
5.24, 1.02206952714, -2.01131434411, 7.78167690377e-05, 5.02623073413
5.25, 1.02209628462, -1.96107025311, 0.00409128931693, 5.02783990741
5.26, 1.02209187673, -1.91081040669, -0.00414611978276, 5.02938496134
5.27, 1.02199693001, -1.86053533733, -0.0110875297382, 5.03089258986
5.28, 1.02190242361, -1.81024523768, -0.00511767393328, 5.03239073404
5.29, 1.02189496742, -1.75994017873, -0.000785537362728, 5.03392935017
5.3, 1.02191404717, -1.70962082934, 0.00169382568776, 5.03527984935
5.31, 1.02187641105, -1.65928749428, -0.00730430246569, 5.03664624396
5.32, 1.02177067344, -1.60894063377, -0.0101349384994, 5.03799075275
5.33, 1.02170233978, -1.55858034965, -0.00197131465497, 5.03932768344
5.34, 1.02171549868, -1.50820682339, 0.00361804451147, 5.04063171472
5.35, 1.02171745746, -1.45782054505, -0.00288462409372, 5.04187925867
5.36, 1.02163191563, -1.4074220137, -0.0108363966879, 5.04309059958
5.37, 1.02152754045, -1.35701139477, -0.00697340004036, 5.04429795056
5.38, 1.02150535127, -1.30658873251, 0.00238514974377, 5.04549199477
5.39, 1.02152947105, -1.25615434214, 0.00153263069949, 5.04663889076
5.4, 1.02148479213, -1.20570876736, -0.0083555201624, 5.04773591449
5.41, 1.02136894275, -1.15525231473, -0.0109049745082, 5.04882049378
5.42, 1.0212984828, -1.10478498714, -0.00175312441978, 5.04990668341
5.43, 1.02130492662, -1.05430692144, 0.00159265290296, 5.05095857718
5.44, 1.02130439778, -1.00381854471, -0.00218950355164, 5.05197020453
5.45, 1.02122902499, -0.953320276882, -0.00999060456488, 5.05294569515
5.46, 1.02112301081, -0.902812277355, -0.0080721346681, 5.05391884042
5.47, 1.02108320083, -0.852294541398, 0.00048263818739, 5.05488674919
5.48, 1.02109642129, -0.80176728261, 0.00135241395569, 5.05581793537
5.49, 1.02105946675, -0.751230965624, -0.00713333635603, 5.05670368694
5.5, 1.0209508415, -0.700685889245, -0.0109549675752, 5.05757632126
5.51, 1.0208684836, -0.65013204295, -0.00366399992056, 5.05845482637
5.52, 1.02086741812, -0.599569464443, 0.00263698392319, 5.05931468178
5.53, 1.02086638793, -0.54899851998, -0.00274128408445, 5.06012796148
5.54, 1.02078182352, -0.498419634373, -0.0110411436676, 5.06091139224
5.55, 1.02066828158, -0.447832894952, -0.00844451431619, 5.06170074856
5.56, 1.02062942782, -0.397238223595, 0.000837316213357, 5.06249046112
5.57, 1.02064467395, -0.346635804534, 0.00125078860257, 5.06324443424
5.58, 1.02060138542, -0.29602609666, -0.00813519264643, 5.06395460764
5.59, 1.02048244833, -0.245409353213, -0.0118028996748, 5.0646584908
5.6, 1.02039691164, -0.194785486572, -0.00354511363931, 5.0653755393
5.61, 1.02038879224, -0.14415450952, 0.000641862282906, 5.06607015738
5.62, 1.02038608796, -0.0935167437924, -0.00194787176093, 5.06673331918
