timestamp, prius1 x posi, prius1 y posi, prius1 x vel, prius1 y vel.
0.0, 0.0, 0.0, 0.0, 0.0
0.00999999999999, -1.00001650175, 24.9973527199, 0.00295082330563, -0.206587340596
0.02, -0.999976852628, 24.9947247651, 0.00220630374274, -0.294942714385
0.03, -0.999978649915, 24.9912201211, -0.00350234558072, -0.383247302927
0.04, -1.00001972608, 24.9868399263, -0.00466069689553, -0.471488676853
0.05, -1.000031828, 24.981584598, 0.000782030396842, -0.559719924293
0.06, -0.999994081744, 24.9754542123, 0.00380538383942, -0.647957341721
0.07, -0.99996901863, 24.9684486996, -0.000727440889243, -0.736203040489
0.08, -0.999999068223, 24.9605680047, -0.00534884063713, -0.824449090949
0.09, -1.00003480802, 24.9518121762, -0.00228293075808, -0.912687150359
0.1, -1.00001627031, 24.9421812891, 0.00346458300199, -1.00092196094
0.11, -0.999973562159, 24.9316753183, 0.00228673588555, -1.0891635829
0.12, -0.999978025555, 24.9202941843, -0.00397733585185, -1.17741137247
0.13, -1.00002308146, 24.9080378762, -0.00489285597226, -1.26556586461
0.14, -1.00003381502, 24.8949089387, 0.0011761914466, -1.35241046267
0.15, -0.99999155842, 24.8809168388, 0.00416946217259, -1.43819893106
0.16, -0.999966314828, 24.8660721141, -0.00100130308206, -1.52294161605
0.17, -1.00000084898, 24.8503852152, -0.00580405223073, -1.60664054263
0.18, -1.00003824723, 24.8338665711, -0.00215001157093, -1.6892998567
0.19, -1.00001566315, 24.8165265043, 0.00397904111838, -1.77093770003
0.2, -0.99996986675, 24.7983751033, 0.00233246557345, -1.85157730911
0.21, -0.999977392209, 24.7794222788, -0.00447887436245, -1.93122934277
0.22, -1.00002662325, 24.759677899, -0.0050990586212, -2.00989496953
0.23, -1.00003559705, 24.7391518035, 0.00163466936326, -2.08758349253
0.24, -0.999988428059, 24.7178536504, 0.00454638325875, -2.16431827397
0.25, -0.999963320735, 24.6957928717, -0.00133287860056, -2.24011652072
0.26, -1.00000292178, 24.672980091, -0.00629148295485, -2.31489215925
0.27, -1.0000418282, 24.6494301647, -0.0019535407999, -2.38874408094
0.28, -1.00001437679, 24.6251528487, 0.0045739248464, -2.46176819218
0.29, -0.999965165082, 24.6001566666, 0.00236278613557, -2.53392142043
0.3, -0.999976304367, 24.5744502746, -0.00505145645914, -2.60519287462
0.31, -1.00003008107, 24.5480424188, -0.00530242757888, -2.67558110077
0.32, -1.00003678567, 24.5209418437, 0.00216532946254, -2.74509409187
0.33, -0.999984130148, 24.4931571088, 0.00494563492792, -2.81375476154
0.34, -0.999959444578, 24.4646972035, -0.00173518519462, -2.88093913932
0.35, -1.00000480765, 24.4355770922, -0.00683198359607, -2.9460985631
0.36, -1.00004528697, 24.4058150502, -0.00173235982049, -3.00942671658
0.37, -1.00001269112, 24.3754290009, 0.00518225059286, -3.07098295319
0.38, -0.999960376659, 24.3444362837, 0.00232865492509, -3.13082842158
0.39, -0.99997593137, 24.3128537278, -0.00569472314425, -3.18900729247
0.4, -1.00003455474, 24.2806978086, -0.00549161317662, -3.24555251688
0.41, -1.00003857121, 24.247984654, 0.00275157202091, -3.30050649785
0.42, -0.999980224054, 24.214729867, 0.00533509610285, -3.35392789269
0.43, -0.999956486314, 24.1809485026, -0.00219659267396, -3.4058649803
0.44, -1.00000805844, 24.146655229, -0.00738092518656, -3.45634873302
0.45, -1.00004982778, 24.1118644432, -0.00144953944637, -3.50540920911
0.46, -1.00001152157, 24.0765901492, 0.00583390730014, -3.55309510477
0.47, -0.999956139587, 24.0408458158, 0.00225863865126, -3.59945746042
0.48, -0.99997665404, 24.0046444874, -0.00638678651134, -3.64452913516
0.49, -1.00004025547, 23.9679989583, -0.00565666408757, -3.68833200615
0.5, -1.00004107559, 23.9309217709, 0.00339649157989, -3.73090027306
0.51, -0.999976749477, 23.893425016, 0.00571767307268, -3.77228388208
0.52, -0.999954430223, 23.8555203229, -0.00273041816861, -3.81252061339
0.53, -1.0000127612, 23.8172190413, -0.00795744458217, -3.85163059324
0.54, -1.00005556047, 23.7785323547, -0.00110722744104, -3.88963430171
0.55, -1.00001091064, 23.739471135, 0.00652842019477, -3.9265731904
0.56, -0.999952539732, 23.7000457924, 0.00213575783517, -3.96249018858
0.57, -0.9999787272, 23.6602664028, -0.00714837501399, -3.99740862613
0.58, -1.00004751731, 23.6201428889, -0.00579972902491, -4.03134101277
0.59, -1.00004454192, 23.5796850049, 0.00411014535433, -4.06431447334
0.6, -0.999973881788, 23.5389021146, 0.00609155674973, -4.09637276828
0.61, -0.999953539876, 23.4978031921, -0.00334773927336, -4.12754561047
0.62, -1.00001925316, 23.4563970171, -0.00856365617382, -4.15784442192
0.63, -1.00006279802, 23.4146922879, -0.000700453332428, -4.18728223704
0.64, -1.00001114776, 23.3726974498, 0.00726455376732, -4.2158954485
0.65, -0.999949931462, 23.3304205406, 0.00195079858579, -4.24372073164
0.66, -0.999982586526, 23.2878693348, -0.00798399158711, -4.27077367523
0.67, -1.00004221557, 23.2450515506, -0.0061764987556, -4.29705927871
0.68, -1.00005154047, 23.2019747347, 0.00256357947603, -4.3226017275
0.69, -0.999990090725, 23.1586461674, 0.00600559880709, -4.3474341843
0.7, -0.999960076167, 23.1150727919, -0.00177270242967, -4.37158284274
0.71, -1.00001303781, 23.0712613854, -0.00793189570941, -4.39505620895
0.72, -1.00006214137, 23.0272186831, -0.00208823526468, -4.41786109181
0.73, -1.00002546589, 22.9829512556, 0.00614678306937, -4.4400245967
0.74, -0.999963806578, 22.9384653379, 0.00297647489792, -4.46157870508
0.75, -0.999981256746, 22.8937669309, -0.00651115405097, -4.482537029
0.76, -1.00005100467, 22.8488619815, -0.00648475888163, -4.50290119158
0.77, -1.00005786761, 22.8037563924, 0.00318292560285, -4.52268504657
0.78, -0.99999020786, 22.7584558037, 0.00642326069089, -4.54192107634
0.79, -0.999961529975, 22.7129655604, -0.00234347484029, -4.56063055156
0.8, -1.00002207971, 22.667290896, -0.00862241109737, -4.57881627728
0.81, -1.00007312013, 22.621437058, -0.00180494604296, -4.59648028446
0.82, -1.00003004403, 22.5754091626, 0.00688477981726, -4.61364723542
0.83, -0.999964884009, 22.5292120167, 0.00288062643638, -4.63034571112
0.84, -0.999988288005, 22.4828502363, -0.00735290790451, -4.64658430004
0.85, -1.00004981041, 22.4363284532, -0.00698423707321, -4.66235960236
0.86, -1.00006986429, 22.3896512305, 0.0015943777834, -4.67768476651
0.87, -1.00001106185, 22.3428229681, 0.00641865286066, -4.69258415524
0.88, -0.999971934048, 22.2958477983, -0.000726554712612, -4.70707803981
0.89, -1.00002007162, 22.2487297463, -0.00808689870657, -4.72116846833
0.9, -1.0000778149, 22.2014728709, -0.00329525408384, -4.73485330345
0.91, -1.00004998836, 22.1540811665, 0.0058038357657, -4.74815003562
0.92, -0.999983546723, 22.1065583688, 0.00399601383154, -4.76108478888
0.93, -0.999991418277, 22.0589080292, -0.00591411326566, -4.77366624036
0.94, -1.000063892, 22.0111336994, -0.0074249155049, -4.78588942855
0.95, -1.00008255981, 21.9632389698, 0.00215345433149, -4.79775896214
0.96, -1.00001726385, 21.9152272546, 0.00692369051382, -4.80930041757
0.97, -0.999978527105, 21.8671017226, -0.0012338478651, -4.82053108027
0.98, -1.00002407546, 21.8188654812, -0.0065716291503, -4.83144658926
0.99, -1.00008525426, 21.7705216832, -0.00459184499588, -4.84205040963
1.0, -1.00007256479, 21.7220734366, 0.00457661873637, -4.85234959568
1.01, -1.00000718598, 21.6735236568, 0.00487445400786, -4.86236802745
1.02, -1.00000038621, 21.6248750783, -0.00440675672419, -4.87211554897
1.03, -1.00006730764, 21.5761304255, -0.00785956798561, -4.88158694931
1.04, -1.00009955306, 21.5272924878, 0.000428550809909, -4.89078176822
1.05, -1.00004489321, 21.4783639428, 0.00675662583745, -4.89972013952
1.06, -0.999996128815, 21.4293472481, 0.000459462075879, -4.90841918686
1.07, -1.00003785084, 21.3802447738, -0.00811871779962, -4.91687915718
1.08, -1.0001041183, 21.3310589614, -0.00458917827354, -4.92509150851
1.09, -1.0000864367, 21.2817922697, 0.00533720468707, -4.93306646792
1.1, -1.00001538612, 21.2324469406, 0.00509735628616, -4.94082780007
1.11, -1.0000119895, 21.1830250556, -0.00512462051816, -4.94838187741
1.12, -1.0000715808, 21.1335287363, -0.0079160552438, -4.95571894573
1.13, -1.00011497581, 21.0839601422, -0.00119255102499, -4.96284151564
1.14, -1.00007189852, 21.0343213798, 0.00636316061157, -4.96976268318
1.15, -1.00001530846, 20.984614349, 0.00200390353475, -4.97650185813
1.16, -1.00004247585, 20.9348408569, -0.00718945417482, -4.98305759077
1.17, -1.0001117808, 20.8850027804, -0.00584765342925, -4.9894211504
1.18, -1.00010997042, 20.8351020493, 0.00396713123281, -4.99559738409
1.19, -1.00004116331, 20.7851404285, 0.00592410690916, -5.00160694487
1.2, -1.00002226535, 20.7351195083, -0.00343293066314, -5.00746028234
1.21, -1.00007826494, 20.6850408996, -0.00630741804071, -5.01314500368
1.22, -1.00012283012, 20.6349062978, -0.00225326192233, -5.01866406301
1.23, -1.00009385652, 20.584717346, 0.00509981039897, -5.02402363639
1.24, -1.00003992842, 20.5344755239, 0.00267323569775, -5.02924350159
1.25, -1.00005353596, 20.4841822156, -0.00566757981161, -5.03432192764
1.26, -1.00011553675, 20.4338388585, -0.00601729151223, -5.03925439572
1.27, -1.000125124, 20.3834469613, 0.00235769301378, -5.0440381387
1.28, -1.00006767533, 20.3330079077, 0.00554749227553, -5.04869269455
1.29, -1.00004101713, 20.2825229279, -0.00191573036415, -5.05322658927
1.3, -1.00009318173, 20.2319932394, -0.00770286498613, -5.05763398556
1.31, -1.00014067382, 20.1814201651, -0.00205142433408, -5.06190715586
1.32, -1.00010631544, 20.1308050111, 0.00574408450078, -5.0660569026
1.33, -1.00004908053, 20.0801489062, 0.0026245808991, -5.07010111332
1.34, -1.00006760236, 20.0294528937, -0.00638882273973, -5.07403868103
1.35, -1.000135061, 19.9787180939, -0.0062476670465, -5.07785877723
1.36, -1.00014183627, 19.9279457079, 0.00298445085603, -5.08156275309
1.37, -1.00007814776, 19.8771368129, 0.00597055559162, -5.08516775546
1.38, -1.00005246765, 19.826292328, -0.00242950528386, -5.08868261619
1.39, -1.00011146948, 19.7754131834, -0.0083183625295, -5.0920978091
1.4, -1.00016039054, 19.7245004316, -0.00174642399541, -5.09540677761
1.41, -1.00011962835, 19.6735551087, 0.00646804407823, -5.09861997566
1.42, -1.00005885177, 19.6225780701, 0.00254924539558, -5.10175230457
1.43, -1.00008280702, 19.5715700883, -0.00716426882506, -5.1048072327
1.44, -1.0001558024, 19.520532044, -0.0064423485686, -5.10776449583
1.45, -1.00015900248, 19.469464903, 0.00369759581765, -5.11063220565
1.46, -1.00008857941, 19.4183695031, 0.00639641912892, -5.11342341026
1.47, -1.00006446497, 19.3672465169, -0.0030336490557, -5.11614896971
1.48, -1.00011792762, 19.3160966651, -0.00779505262311, -5.11879646867
1.49, -1.00017466234, 19.2649207666, -0.00325028711512, -5.12136005939
1.5, -1.0001473924, 19.2137196492, 0.00568157804282, -5.12384495359
1.51, -1.00008249039, 19.1624939818, 0.00386723424456, -5.12627273646
1.52, -1.00009085927, 19.1112443412, -0.00587733305422, -5.12864084585
1.53, -1.0001624646, 19.0599713844, -0.00732088739004, -5.13093540783
1.54, -1.00018083786, 19.0086758825, 0.00211038676209, -5.13315418468
1.55, -1.00011682597, 18.957358512, 0.0067640447428, -5.1353149435
1.56, -1.00007929602, 18.9060197827, -0.00128135268049, -5.13742698766
1.57, -1.00012447343, 18.8546602179, -0.00647686035135, -5.13947876352
1.58, -1.00018463561, 18.8032804574, -0.00451773781038, -5.14146693037
1.59, -1.00017218244, 18.7518811654, 0.00448418940252, -5.14339026655
1.6, -1.00010815645, 18.7004628784, 0.00475745282633, -5.14526865932
1.61, -1.00010167288, 18.649026022, -0.0043469896417, -5.14710354883
1.62, -1.00016738603, 18.5975710786, -0.00771552490131, -5.14888449015
1.63, -1.00019891718, 18.5460986584, 0.000422293121264, -5.15060302189
1.64, -1.00014535032, 18.4946093165, 0.00659690659107, -5.15227354452
1.65, -1.00009791156, 18.4431034438, 0.000390954753246, -5.15390942495
1.66, -1.00013935583, 18.3915814079, -0.00801890428474, -5.15550442066
1.67, -1.00020465061, 18.3400437077, -0.0045242738531, -5.15704199554
1.68, -1.0001873903, 18.2884908991, 0.00522011815746, -5.15853043223
1.69, -1.00011783458, 18.2369233883, 0.00497270882833, -5.15998699267
1.7, -1.0001146776, 18.1853414766, -0.00504759321535, -5.16140974713
1.71, -1.0001741347, 18.1337455409, -0.00699636798232, -5.16278951418
1.72, -1.00021126808, 18.0821360636, -0.000903718554455, -5.16411971882
1.73, -1.00017110145, 18.0305134872, 0.00567355980245, -5.1654140287
1.74, -1.00012175072, 17.9788781235, 0.00147824246885, -5.16667950837
1.75, -1.00014852631, 17.9272302322, -0.00667386621617, -5.16791575709
1.76, -1.00021051681, 17.8755701876, -0.00515473422443, -5.16911000659
1.77, -1.00020689316, 17.8238984417, 0.00365934673016, -5.17026043459
1.78, -1.00014520212, 17.7722153248, 0.00509470023058, -5.17138650549
1.79, -1.00013077778, 17.7205210538, -0.00341237216393, -5.17249165981
1.8, -1.0001915576, 17.6688158948, -0.00775285018292, -5.17356127334
1.81, -1.00022961185, 17.6171002444, -0.000551301898382, -5.1745893304
1.82, -1.00018334247, 17.5653744733, 0.00630311286618, -5.17559028177
1.83, -1.00013174494, 17.5136387953, 0.00128275110894, -5.17657426452
1.84, -1.0001643338, 17.4618933881, -0.00741238014884, -5.17753443449
1.85, -1.00023080911, 17.4101385542, -0.00522271997896, -5.17845701027
1.86, -1.000222923, 17.3583746771, 0.00437041906779, -5.17934539722
1.87, -1.00015531366, 17.3066020088, 0.00539413166217, -5.1802173741
1.88, -1.00014332452, 17.2548206824, -0.0040434755961, -5.18107669583
1.89, -1.00021102738, 17.2030308956, -0.00827938447947, -5.18190736664
1.9, -1.00024899481, 17.1512329889, -8.78980791967e-05, -5.18270375583
1.91, -1.00019567877, 17.0994272672, 0.00699088433734, -5.18347685954
1.92, -1.00014184149, 17.0476138685, 0.00103856424316, -5.18424002687
1.93, -1.00017622718, 16.9957928741, -0.00350759816591, -5.18501758449
1.94, -1.00023925375, 16.943964643, -0.00613903823555, -5.18570175534
1.95, -1.00024575071, 16.8921293667, 0.00294974762875, -5.18638944008
1.96, -1.00018277502, 16.8402873024, 0.00590150710693, -5.18706321151
1.97, -1.00015722591, 16.7884385384, -0.00237908355197, -5.1877274999
1.98, -1.0002152746, 16.7365831982, -0.00820394344958, -5.18837344748
1.99, -1.00026350999, 16.6847215498, -0.0017280861829, -5.18898966999
2.0, -1.00022327716, 16.632853865, 0.00638032188223, -5.18958453026
2.01, -1.00016316699, 16.5809802545, 0.00252864906583, -5.19017504078
2.02, -1.00018659285, 16.5291007763, -0.00705903478782, -5.19075633651
2.03, -1.00025857141, 16.4772156036, -0.0063705832245, -5.19131336543
2.04, -1.00026185594, 16.4253250223, 0.00362580116162, -5.19184351592
2.05, -1.00019244023, 16.3734292034, 0.00630635835203, -5.192364972
2.06, -1.00016849842, 16.3215281822, -0.00297995296247, -5.19288176937
2.07, -1.00022376715, 16.2696220487, -0.00658198673198, -5.19338044624
2.08, -1.00027345399, 16.2177110235, -0.00280871207997, -5.19386030937
2.09, -1.00024709488, 16.1657953281, 0.00517196526597, -5.19432183008
2.1, -1.00018897725, 16.1138750614, 0.00326207232643, -5.19477660494
2.11, -1.00019857926, 16.0619502493, -0.0055472351693, -5.19522608846
2.12, -1.00026356994, 16.0100210059, -0.00657636701751, -5.19565959189
2.13, -1.00027833089, 15.9580875649, 0.00204003129622, -5.19607089167
2.14, -1.00021971412, 15.9061500847, 0.00600117037967, -5.19647169495
2.15, -1.00018755667, 15.8542085838, -0.0014516188513, -5.19687205044
2.16, -1.00023922163, 15.8022630998, -0.0080200435629, -5.197265528
2.17, -1.00029230918, 15.7503138135, -0.00264138978211, -5.19763470405
2.18, -1.0002604988, 15.698363406, 0.00584531295619, -5.19624085677
2.19, -1.00019899376, 15.6464681923, 0.00320696495321, -5.18825781771
2.2, -1.00021340192, 15.594650468, -0.00623237435103, -5.18056663391
2.21, -1.00028343601, 15.5429086447, -0.00676319817558, -5.17306990914
2.22, -1.00029529655, 15.4912407665, 0.00265073163743, -5.16577451914
2.23, -1.00023089353, 15.4396447952, 0.00637727673513, -5.15868590715
2.24, -1.00019990416, 15.3881186099, -0.00194896016013, -5.15180902805
2.25, -1.00025797848, 15.3366601801, -0.00857705959105, -5.14512695916
2.26, -1.0003121095, 15.2853147113, -0.00231543025706, -5.12995513689
2.27, -1.00027405982, 15.2341145613, 0.00655536349018, -5.11555000303
2.28, -1.00020885955, 15.1830564803, 0.00318312005935, -5.1015377153
2.29, -1.00022847382, 15.1321364484, -0.00701231721319, -5.0879266026
2.3, -1.00029048097, 15.0813506197, -0.00726853149794, -5.07468541686
2.31, -1.00031520975, 15.0306953138, 0.00112746404015, -5.06180781653
2.32, -1.00025876505, 14.9801669417, 0.00646632797095, -5.04929219428
2.33, -1.00021675459, 14.9297618666, -0.000308072773416, -5.03713789083
2.34, -1.0002625126, 14.8794794995, -0.00806295905653, -5.02334504524
2.35, -1.00032331773, 14.8293738761, -0.00377019546563, -5.00354456342
2.36, -1.000299793, 14.7794625958, 0.00556894456116, -4.98433181884
2.37, -1.0002325093, 14.7297407361, 0.00435541693666, -4.96565120037
2.38, -1.00023644388, 14.6802029265, -0.00558680422009, -4.9475027622
2.39, -1.00029501321, 14.6308440043, -0.00729432397964, -4.9298564735
2.4, -1.00033016, 14.5816590422, -0.000419813677554, -4.91269532627
2.41, -1.00028520079, 14.5326432441, 0.00602741467818, -4.89601399649
2.42, -1.00023625526, 14.4837918125, 0.00114164480476, -4.87980860344
2.43, -1.00026786928, 14.4351000592, -0.00710829966264, -4.86406138296
2.44, -1.00033109109, 14.3865929291, -0.00499788165675, -4.83923393529
2.45, -1.00032352728, 14.3383866198, 0.00419131660354, -4.80800979874
2.46, -1.00025806553, 14.2904883499, 0.00527294705706, -4.77760170676
2.47, -1.00024577868, 14.242889786, -0.00385593807722, -4.7480437617
2.48, -1.00031136111, 14.1955825031, -0.00808168034141, -4.71931460916
2.49, -1.00034906733, 14.1485584325, -0.000184318111057, -4.69137780414
2.5, -1.00029779129, 14.1018097426, 0.00679612395765, -4.66421949836
2.51, -1.00024476093, 14.0553286939, 0.00112111356734, -4.63782735395
2.52, -1.00027720585, 14.0091077227, -0.0033404855435, -4.61220267543
2.53, -1.00033856252, 13.9631397517, -0.0060314107235, -4.58721975859
2.54, -1.00034556195, 13.9174177394, 0.0028194554855, -4.56295381324
2.55, -1.0002840844, 13.8719348927, 0.00581925885623, -4.53937023562
2.56, -1.00025812122, 13.8267214429, -0.00221267097785, -4.5057025707
2.57, -1.00031411614, 13.7818881681, -0.00799092765318, -4.46713755102
2.58, -1.00036175653, 13.737435419, -0.00176337234158, -4.42957661167
2.59, -1.00032312741, 13.6933529633, 0.00622190113566, -4.39305276025
2.6, -1.0002638757, 13.6496304029, 0.00258724876744, -4.35756522738
2.61, -1.0002855918, 13.6062575501, -0.00679767667867, -4.32307935908
2.62, -1.00034181313, 13.5632246437, -0.0058447440508, -4.28954727972
2.63, -1.00035736897, 13.5205222555, 0.00138979657241, -4.25694734978
2.64, -1.00030782872, 13.4781411774, 0.00521458059782, -4.22526165525
2.65, -1.00027696797, 13.4360991828, -0.000926576890097, -4.18537374854
2.66, -1.00031890428, 13.3945089383, -0.00690698014525, -4.13910373008
2.67, -1.00036653704, 13.3533750834, -0.00267209457016, -4.09405151286
2.68, -1.00034195499, 13.3126853816, 0.00484809857909, -4.05024232356
2.69, -1.00028716252, 13.2724273921, 0.00308470083291, -4.00767219358
2.7, -1.000295795, 13.2325889034, -0.00519056629273, -3.96630376571
2.71, -1.00035667638, 13.1931581453, -0.00618938822156, -3.92608862984
2.72, -1.00037057472, 13.1541238078, 0.00190368223994, -3.88698841243
2.73, -1.00031531205, 13.1154748524, 0.00566006471649, -3.84898292544
2.74, -1.00028455071, 13.0772004445, -0.00131778041003, -3.81204668546
2.75, -1.00033258015, 13.0392921673, -0.00751340363676, -3.77405435217
2.76, -1.00038221206, 13.0018460591, -0.00247758852505, -3.72227201998
2.77, -1.00035209323, 12.9649062678, 0.00553204586511, -3.67221410986
2.78, -1.00029338428, 12.928460052, 0.00311981912839, -3.62352886699
2.79, -1.00030629779, 12.8924936121, -0.005864724197, -3.57621401952
2.8, -1.00037254862, 12.8569934941, -0.00643439085182, -3.5302212739
2.81, -1.00038380096, 12.8219467218, 0.00252524259817, -3.4855094699
2.82, -1.00032204332, 12.7873406205, 0.00613793978516, -3.44205299876
2.83, -1.00029164528, 12.7531627592, -0.00177078867328, -3.39982436999
2.84, -1.00034625826, 12.7194010889, -0.00813342197838, -3.35877664423
2.85, -1.00039763323, 12.686044044, -0.00221147003379, -3.31886484747
2.86, -1.00036123613, 12.6530986743, 0.0062623098178, -3.27264180919
2.87, -1.00029839702, 12.6206762701, 0.00312013109346, -3.21854009183
2.88, -1.00031608847, 12.5887870832, -0.00659234056787, -3.16590679569
2.89, -1.00037459194, 12.5574167995, -0.00689702879613, -3.11472015812
2.9, -1.00039800909, 12.5265510195, 0.00108169471078, -3.0649608649
2.91, -1.00034379317, 12.4961756556, 0.00622429730272, -3.01659883359
2.92, -1.00030278503, 12.4662768852, -0.000195568377035, -2.96960170127
2.93, -1.00034553162, 12.4368412865, -0.00763119669929, -2.92392168784
2.94, -1.00040322317, 12.4078559627, -0.00359858414699, -2.87950754172
2.95, -1.00038061759, 12.3793857796, 0.00533527609727, -2.82064243099
2.96, -1.00031565519, 12.3515039308, 0.0042564122619, -2.76249110577
2.97, -1.0003182942, 12.3241955184, -0.00522664800073, -2.70592170424
2.98, -1.00037351481, 12.2974446969, -0.00693236902082, -2.65092347725
2.99, -1.00040690911, 12.271235967, -0.000392717141709, -2.59745585606
3.0, -1.00036346717, 12.2455542391, 0.00583237686649, -2.5454826775
3.01, -1.00031556451, 12.2203847128, 0.00121313104569, -2.49497313437
3.02, -1.0003446589, 12.1957129659, -0.00671616491244, -2.44588183063
3.03, -1.00040441675, 12.1715250863, -0.00468670970277, -2.39815705868
3.04, -1.00039612487, 12.1478076234, 0.00406625379634, -2.35176245742
3.05, -1.00033358185, 12.1245902431, 0.0049635864603, -2.29842186291
3.06, -1.00032210765, 12.1018984578, -0.00366319223287, -2.24651991758
3.07, -1.00038322827, 12.0797183695, -0.00749464592919, -2.19604351446
3.08, -1.0004168376, 12.0580358382, 9.59189027394e-06, -2.14696687229
3.09, -1.00036712685, 12.0368370169, 0.00644544711007, -2.09926439663
3.1, -1.00031724794, 12.0161082975, 0.000985408134636, -2.05290729123
3.11, -1.00035224004, 11.9958364342, -0.00743935684094, -2.00785123375
3.12, -1.00041609545, 11.97600868, -0.00470680681283, -1.96404622219
3.13, -1.00040316612, 11.9566127211, 0.00479439189808, -1.92145986315
3.14, -1.00033482292, 11.9376294215, 0.00523177634761, -1.88245977232
3.15, -1.00032601222, 11.9190150653, -0.00431451373837, -1.8465277651
3.16, -1.00038108078, 11.9007547841, -0.00684086547425, -1.8116136067
3.17, -1.00042041767, 11.8828386343, -0.00130433878913, -1.77767148412
3.18, -1.0003834433, 11.8652570589, 0.00560109360007, -1.74467516078
3.19, -1.00033102926, 11.8480006593, 0.00209187580447, -1.71260999009
3.2, -1.00035153643, 11.8310602571, -0.00615671277833, -1.68144610679
3.21, -1.00041253264, 11.8144270377, -0.0053689174641, -1.65114513832
3.22, -1.00041295835, 11.7980925296, 0.00329169107983, -1.62168186538
3.23, -1.00035166654, 11.7820484045, 0.00541721122953, -1.59304709308
3.24, -1.00033129041, 11.7662864539, -0.00269839390395, -1.56522192534
3.25, -1.00038768769, 11.7507824128, -0.00761432556125, -1.54185644004
3.26, -1.0004283507, 11.7355026429, -0.00100291394936, -1.51980573794
3.27, -1.00038542476, 11.7204401367, 0.00623622775655, -1.49838473406
3.28, -1.00033025922, 11.7055887042, 0.0019518486498, -1.47757417386
3.29, -1.00035618476, 11.6909423432, -0.00689026421413, -1.45735029117
3.3, -1.00042200332, 11.6764953406, -0.00550182938855, -1.43768322248
3.31, -1.00041865397, 11.662242238, 0.00397194014497, -1.41855751016
3.32, -1.00035123422, 11.6481776182, 0.00576667540112, -1.39997380752
3.33, -1.00033266893, 11.6342960966, -0.00328902580171, -1.38192077486
3.34, -1.00039593778, 11.6205924917, -0.00818222134071, -1.36437130402
3.35, -1.00043706785, 11.6070589556, -0.000599450069213, -1.34880149545
3.36, -1.00038729062, 11.5936592434, 0.00694183476017, -1.33653003728
3.37, -1.00032931974, 11.5803805619, 0.00177261939524, -1.32461698583
3.38, -1.00036125125, 11.5672192114, -0.00767718551171, -1.31304862948
3.39, -1.00041787352, 11.5541719369, -0.00584262385024, -1.30179334521
3.4, -1.00042616025, 11.5412356339, 0.00248327735417, -1.29084508637
3.41, -1.00036755975, 11.528407231, 0.00568075371661, -1.2802073148
3.42, -1.00033949935, 11.5156836194, -0.00175266732442, -1.26987705246
3.43, -1.00039010552, 11.5030618034, -0.00754219362966, -1.25983578101
3.44, -1.00043624955, 11.4905384607, -0.00192075428161, -1.2506113029
3.45, -1.00040076866, 11.4780830873, 0.00586268884503, -1.2455328304
3.46, -1.00034227438, 11.4656788014, 0.00277072471366, -1.24053200729
3.47, -1.00035924607, 11.4533236946, -0.00622584646611, -1.23568684658
3.48, -1.00042523591, 11.4410163672, -0.00611108055804, -1.23096962465
3.49, -1.00043088677, 11.4287556013, 0.00309056990632, -1.22637392468
3.5, -1.00036617782, 11.4165401217, 0.00608673344982, -1.2219117596
3.51, -1.00033919972, 11.4043685606, -0.00227937162138, -1.21758503323
3.52, -1.00039672438, 11.3922396238, -0.00817179618402, -1.21337908088
3.53, -1.00044436097, 11.380152203, -0.00162593535315, -1.20927850347
3.54, -1.0004025085, 11.3681052333, 0.00658385136049, -1.20528984883
3.55, -1.00034046636, 11.3560862697, 0.00269787081168, -1.20446058141
3.56, -1.00036286551, 11.3440642888, -0.00700345542512, -1.20497785515
3.57, -1.00043439521, 11.3320371294, -0.00631034542219, -1.20548969925
3.58, -1.00043645697, 11.320004984, 0.0038035408073, -1.20597879717
3.59, -1.0003649276, 11.3079680074, 0.00652198253525, -1.20646018458
3.6, -1.00033934347, 11.2959262258, -0.00287147039601, -1.20693899482
3.61, -1.00039119422, 11.2838797217, -0.00763772522793, -1.2074015093
3.62, -1.00044655234, 11.2718286926, -0.00312612683781, -1.20784271501
3.63, -1.00041815447, 11.259773366, 0.00579547752782, -1.20826607785
3.64, -1.00035199651, 11.2477138281, 0.00400680861081, -1.20868716973
3.65, -1.00035882739, 11.2356485405, -0.00571544331958, -1.21014338154
3.66, -1.00042893492, 11.2235475377, -0.00718385279168, -1.21490026625
3.67, -1.00044612142, 11.2114001725, 0.00221837111467, -1.21949177742
3.68, -1.00038095332, 11.1992075043, 0.00688924475916, -1.22396623602
3.69, -1.00034193717, 11.1869706784, -0.00111913487613, -1.22832701399
3.7, -1.00038545148, 11.1746908593, -0.00631598706975, -1.2325639802
3.71, -1.00044424608, 11.162369307, -0.00440020315983, -1.23667595379
3.72, -1.0004307242, 11.1500072863, 0.00458793498265, -1.24066534209
3.73, -1.00036542664, 11.1376059222, 0.00489965424954, -1.24455039013
3.74, -1.00035723013, 11.1251541786, -0.00415345050675, -1.25148095575
3.75, -1.00042116023, 11.1126237583, -0.00757526196596, -1.25942356278
3.76, -1.00045182082, 11.1000150157, 0.000469321722406, -1.26714923253
3.77, -1.00039760318, 11.0873301344, 0.00669111749393, -1.27466173334
3.78, -1.0003485141, 11.0745711604, 0.000599786596241, -1.2819743971
3.79, -1.0003877729, 11.0617400751, -0.00782158008854, -1.28908607865
3.8, -1.00045173541, 11.0488389402, -0.00445136605227, -1.29598831548
3.81, -1.00043400856, 11.035869835, 0.0052622588747, -1.30268999743
3.82, -1.00036348194, 11.0228346454, 0.00511734146958, -1.30921306564
3.83, -1.00035841509, 11.0097349663, -0.00484207008658, -1.31570078424
3.84, -1.00041591652, 10.9965471274, -0.00684532500956, -1.32637898285
3.85, -1.00045240266, 10.9832560117, -0.000909025729194, -1.33659729903
3.86, -1.00041219512, 10.96986414, 0.00571213199184, -1.34653899591
3.87, -1.00036135518, 10.95637424, 0.00170692774112, -1.35621220862
3.88, -1.00038542452, 10.9427889634, -0.00642334143968, -1.36561941019
3.89, -1.00044581133, 10.9291109996, -0.00509169072215, -1.37475507105
3.9, -1.00044221335, 10.9153430503, 0.00363176392577, -1.38362721185
3.91, -1.00038000114, 10.9014876407, 0.00522533915935, -1.3922572993
3.92, -1.00036325906, 10.8875471173, -0.00313734640437, -1.4006554185
3.93, -1.00042169905, 10.8735238113, -0.00759483280542, -1.40881682468
3.94, -1.00045924543, 10.8594038007, -0.000575347177119, -1.42042204315
3.95, -1.00041312513, 10.845163351, 0.00632897484775, -1.43237513898
3.96, -1.00036002732, 10.8308049402, 0.00151486324963, -1.44401971853
3.97, -1.00038989748, 10.8163317138, -0.00716618886978, -1.45534452106
3.98, -1.00045494849, 10.8017469089, -0.00518612959673, -1.4663427479
3.99, -1.00044732769, 10.7870537682, 0.00432557203519, -1.47702461512
4.0, -1.00037926826, 10.7722553245, 0.00552937070088, -1.48741493704
4.01, -1.00036487527, 10.7573544133, -0.00376534943404, -1.49752475672
4.02, -1.00043026041, 10.7423538521, -0.00813739201254, -1.50734902828
4.03, -1.00046791386, 10.7272565303, -0.000136855731331, -1.51688605276
4.04, -1.00041487375, 10.7120652345, 0.0070176018126, -1.52615615973
4.05, -1.00035943184, 10.6967661885, 0.00129023933878, -1.53886227393
4.06, -1.00039567788, 10.6813357842, -0.00795885567998, -1.55189117028
4.07, -1.00045103336, 10.6657769236, -0.00549511022828, -1.56456026746
4.08, -1.00045516379, 10.6500932246, 0.00279703673071, -1.57686958301
4.09, -1.00039646651, 10.6342882016, 0.00539748021083, -1.58883865234
4.1, -1.00037278028, 10.6183651591, -0.00221223656568, -1.60048227979
4.11, -1.0004251151, 10.60232734, -0.00744429071686, -1.6117996859
4.12, -1.00046756502, 10.5861780314, -0.00146476186815, -1.62278961502
4.13, -1.00042928107, 10.5699204379, 0.0058793584024, -1.6334697999
4.14, -1.00037378801, 10.5535504973, 0.00227057675786, -1.6462470051
4.15, -1.00039488624, 10.5370392016, -0.00645690843973, -1.66063929852
4.16, -1.00045945129, 10.5203860011, -0.00572130061805, -1.67463853391
4.17, -1.00046066047, 10.5035948638, 0.00341338710173, -1.68824069274
4.18, -1.00039615591, 10.4866696569, 0.00575302054737, -1.70146735438
4.19, -1.00037406369, 10.4696140323, -0.00277314375844, -1.71433384087
4.2, -1.00043333938, 10.4524315817, -0.00804575007014, -1.7268390212
4.21, -1.00047691183, 10.4351259421, -0.00113171011138, -1.73898230859
4.22, -1.00043224099, 10.4177006497, 0.00657120263049, -1.75078405508
4.23, -1.00037373548, 10.4001576929, 0.0021434988357, -1.76318214207
4.24, -1.00040031028, 10.382470715, -0.00720196978632, -1.77872325463
4.25, -1.00047007982, 10.3646312063, -0.00589773681037, -1.7937860477
4.26, -1.00046790085, 10.3466432519, 0.00408100367538, -1.80842597434
4.27, -1.00039711714, 10.3285109928, 0.0061468548301, -1.82266282017
4.28, -1.00037646598, 10.3102383567, -0.00333532920572, -1.83651169077
4.29, -1.00043234073, 10.291829224, -0.00634672048631, -1.84996872825
4.3, -1.00047715531, 10.2732874956, -0.00223393346717, -1.86304228317
4.31, -1.00044688371, 10.2546169574, 0.00530343813234, -1.87574592687
4.32, -1.0003906332, 10.2358211737, 0.0028787537313, -1.88810317767
4.33, -1.00040313905, 10.2169005892, -0.00565012602696, -1.90162182796
4.34, -1.00046551464, 10.1978271254, -0.0060686799605, -1.9176193108
4.35, -1.00047475013, 10.1785961904, 0.00247201664304, -1.93316314255
4.36, -1.00041523339, 10.1592120111, 0.00578224416044, -1.94828260223
4.37, -1.00038670559, 10.1396787647, -0.00181136347618, -1.96298864825
4.38, -1.00043880496, 10.1200005588, -0.00776286471052, -1.97728291767
4.39, -1.00048661305, 10.1001815237, -0.00202865338127, -1.99116601018
4.4, -1.00045080933, 10.0802256939, 0.00596575627679, -2.00465751816
4.41, -1.00039112357, 10.0601368479, 0.002831486953, -2.01778158958
4.42, -1.00040864312, 10.039918602, -0.00639223653976, -2.03054521845
4.43, -1.00047663213, 10.0195745795, -0.0063080418664, -2.04294429558
4.44, -1.00048300225, 9.99909870922, 0.00311622312032, -2.05780701225
4.45, -1.0004170964, 9.9784636533, 0.00621590342856, -2.07379165712
4.46, -1.00038959091, 9.95767088811, -0.00234488270041, -2.08935780401
4.47, -1.00044876757, 9.93672466903, -0.00840669107067, -2.10449064661
4.48, -1.00049811375, 9.91562936962, -0.00172231277874, -2.11918687515
4.49, -1.00045578224, 9.89438926374, 0.00670674640336, -2.13346881559
4.5, -1.00039247121, 9.87300834541, 0.00275491846152, -2.14736221451
4.51, -1.00041555946, 9.8514904427, -0.00718943963678, -2.1608736462
4.52, -1.0004747159, 9.82983941468, -0.00608135817267, -2.17399772408
4.53, -1.00048962162, 9.80804627021, 0.00165562576483, -2.19000019147
4.54, -1.00043586533, 9.78608581301, 0.00559859013778, -2.20665970909
4.55, -1.00040323008, 9.76396100134, -0.00102189825075, -2.22287956357
4.56, -1.00044794321, 9.7416762941, -0.00730046253021, -2.23864851853
4.57, -1.00049738205, 9.71923622306, -0.00267601244079, -2.253965103
4.58, -1.00046965555, 9.69664523525, 0.00527237079919, -2.2688485311
4.59, -1.00041107744, 9.67390752046, 0.00324998860237, -2.28332428978
4.6, -1.00042080628, 9.6510270843, -0.00555151792321, -2.29740206424
4.61, -1.00048512887, 9.62800791248, -0.00646329605101, -2.31107983064
4.62, -1.00049831816, 9.60485399557, 0.00219393899379, -2.32436486098
4.63, -1.00043858411, 9.58156859207, 0.00604982994405, -2.33782904388
4.64, -1.00040636231, 9.55812744476, -0.0014748575952, -2.35481827527
4.65, -1.00045781635, 9.53451990504, -0.00795971147014, -2.37125867456
4.66, -1.00050952435, 9.51075032157, -0.00247341042393, -2.38723696494
4.67, -1.00047602901, 9.48682330229, 0.00597965284765, -2.4027639012
4.68, -1.00041346899, 9.46274321299, 0.00325491085801, -2.41786550635
4.69, -1.00042797693, 9.43851423303, -0.00629644994315, -2.43255147936
4.7, -1.00049818528, 9.41414052865, -0.00673999363342, -2.44681911699
4.71, -1.00050867924, 9.38962627198, 0.00284015856215, -2.46067668305
4.72, -1.00044219839, 9.36497542973, 0.00653386619571, -2.47415133129
4.73, -1.00041058456, 9.34021022924, -0.00198514707245, -2.48188258312
4.74, -1.00046923729, 9.31539299724, -0.00862933961979, -2.4864766903
4.75, -1.00052286422, 9.29053073853, -0.00218318115455, -2.49089719519
4.76, -1.00048279913, 9.26562497055, 0.00675953390379, -2.49518757586
4.77, -1.00041616356, 9.24067684469, 0.00322810277207, -2.49937216453
4.78, -1.00043609406, 9.21568742111, -0.00710055713694, -2.50344746488
4.79, -1.00049811011, 9.19065787262, -0.00723550529715, -2.50740006325
4.8, -1.00052160842, 9.16558940718, 0.00129346057139, -2.51123312183
4.81, -1.00046342553, 9.14048317089, 0.00659630853081, -2.51496135328
4.82, -1.00042084035, 9.11534307721, -0.000329759237829, -2.51661548416
4.83, -1.00046695176, 9.09022739782, -0.00809377139727, -2.51184385253
4.84, -1.00052723307, 9.06515794198, -0.00365288168998, -2.50723367804
4.85, -1.0005019815, 9.0401340668, 0.00574732741643, -2.50273136829
4.86, -1.0004334113, 9.01515451165, 0.00440643242563, -2.49836611286
4.87, -1.00043747226, 8.99021791607, -0.00564538328642, -2.49413165046
4.88, -1.00049594158, 8.96532306503, -0.00724680111113, -2.49001278764
4.89, -1.00052990449, 8.94046887602, -0.000271595660907, -2.48599570087
4.9, -1.00048345171, 8.91565427374, 0.0061352603332, -2.48209570308
4.91, -1.00043401178, 8.89087808659, 0.00113055576538, -2.47831286526
4.92, -1.0004657681, 8.86613914383, -0.00711839615599, -2.47464031034
4.93, -1.00052839021, 8.84146252745, -0.00486142883382, -2.46465121711
4.94, -1.0005187831, 8.81690101198, 0.00437980585573, -2.4530422358
4.95, -1.00045252048, 8.79245411986, 0.00522673939899, -2.44173159265
4.96, -1.00044117281, 8.76811866029, -0.00396231345987, -2.43074430223
4.97, -1.00050644336, 8.74389147743, -0.00793966478337, -2.42006018175
4.98, -1.00054159216, 8.71976963117, 9.18314869629e-05, -2.40966867909
4.99, -1.00048841556, 8.69575025413, 0.00685645052374, -2.39956500633
5.0, -1.00043607043, 8.67183040362, 0.000964427208204, -2.38975536302
5.01, -1.0004740747, 8.64800719238, -0.00793366634838, -2.38022405777
5.02, -1.00052774608, 8.62427796924, -0.00518303780612, -2.37094873697
5.03, -1.00052959318, 8.60068720319, 0.0028995488678, -2.353267919
5.04, -1.00047251442, 8.57726645145, 0.00508173789148, -2.33643064498
5.05, -1.00045228881, 8.55401173866, -0.00244969718105, -2.32005337875
5.06, -1.00050472997, 8.53091843556, -0.00723328103156, -2.30413108786
5.07, -1.00054425781, 8.50798209884, -0.00117250494417, -2.28864546013
5.08, -1.00050538783, 8.48519841225, 0.00574065342409, -2.27359194534
5.09, -1.00045319329, 8.4625630502, 0.00190293109481, -2.25897127203
5.1, -1.00047644631, 8.44007177044, -0.0064523645899, -2.24476071192
5.11, -1.00053882747, 8.41772055782, -0.0053613926723, -2.23094143529
5.12, -1.00053753985, 8.39550560569, 0.00351658950877, -2.21750031882
5.13, -1.000474856, 8.37343224761, 0.00540766344741, -2.20072905022
5.14, -1.00045631592, 8.35155785041, -0.0030004363733, -2.17984571809
5.15, -1.00051530246, 8.32988928942, -0.0077747521947, -2.15951863968
5.16, -1.00055552795, 8.30842118803, -0.000810379634504, -2.13973977235
5.17, -1.00051036099, 8.28714804688, 0.00640544892433, -2.12051423933
5.18, -1.0004554492, 8.26606433368, 0.00175592126499, -2.10183814923
5.19, -1.00048427965, 8.24516465126, -0.00718460111324, -2.08368928169
5.2, -1.00055134762, 8.22444387612, -0.00545588297312, -2.06603925484
5.21, -1.00054596741, 8.20389711682, 0.00423438884171, -2.04887525332
5.22, -1.00047707926, 8.18351949546, 0.00575794218448, -2.03220036895
5.23, -1.00046057431, 8.16330614862, -0.00361068953492, -2.01600467763
5.24, -1.00051359139, 8.14325241747, -0.00716576484257, -2.00026071342
5.25, -1.00056049998, 8.12340090121, -0.00221703351079, -1.97629150188
5.26, -1.00052854568, 8.10378142006, 0.00558532980922, -1.95333476545
5.27, -1.00047038953, 8.08438829493, 0.00297502397822, -1.93100970048
5.28, -1.00048412155, 8.0652151509, -0.00588056027118, -1.90931614029
5.29, -1.00054895468, 8.04625582874, -0.00621306915213, -1.88822354706
5.3, -1.00055784395, 8.02750446279, 0.00268968354055, -1.86771007865
5.31, -1.00049575354, 8.00895528161, 0.00603711997192, -1.84777295695
5.32, -1.00046672526, 7.99060255576, -0.00190890553255, -1.82840146606
5.33, -1.00052163213, 7.97248150327, -0.00807332525476, -1.80152219601
5.34, -1.00057093548, 7.95462745508, -0.00193602450103, -1.77511381076
5.35, -1.00053218208, 7.93703390403, 0.00639428595353, -1.74941372459
5.36, -1.0004698128, 7.9196936221, 0.00292853790165, -1.72443924363
5.37, -1.00048940342, 7.90259944149, -0.00674793899725, -1.70016892945
5.38, -1.00054666688, 7.88574451913, -0.00605498522714, -1.67656681403
5.39, -1.00056361396, 7.86912226723, 0.00136559958204, -1.65361570255
5.4, -1.00051216591, 7.85272623423, 0.00554093573697, -1.63130751525
5.41, -1.0004779434, 7.83655002551, -0.000674082284217, -1.60963200702
5.42, -1.00051944377, 7.8205874274, -0.00704860352849, -1.58856400864
5.43, -1.00056872962, 7.80486930333, -0.00280464336933, -1.56043772044
5.44, -1.00054360605, 7.78943439565, 0.00502390489403, -1.53242152998
5.45, -1.00048618407, 7.77427574868, 0.00334488741481, -1.50517273066
5.46, -1.00049331399, 7.7593856138, -0.00516802018492, -1.47869345496
5.47, -1.00055501641, 7.7447564497, -0.00632897258494, -1.45295278396
5.48, -1.00056944864, 7.7303810346, 0.00194261639118, -1.42792434879
5.49, -1.00051229273, 7.71625229997, 0.00592196999744, -1.40359951113
5.5, -1.00047911561, 7.70236325712, -0.00116147303796, -1.37996524679
5.51, -1.00052700487, 7.68870712861, -0.00761826757699, -1.35699323005
5.52, -1.00057786335, 7.67527746422, -0.00257338244675, -1.33465285993
5.53, -1.00054708487, 7.66211504663, 0.00570661972368, -1.30427287415
5.54, -1.00048564721, 7.6492477752, 0.00337922266527, -1.27509626632
5.55, -1.00049707726, 7.63666816118, -0.00585884338058, -1.2467221849
5.56, -1.00056438738, 7.6243682222, -0.00659899727536, -1.21913373644
5.57, -1.00057630276, 7.61234024666, 0.00256458601175, -1.19230824606
5.58, -1.00051248922, 7.60057665901, 0.00641995415629, -1.16623802493
5.59, -1.00047952246, 7.58906996479, -0.00161614848974, -1.14090716057
5.6, -1.00053417626, 7.57781290435, -0.00826933725362, -1.11628570692
5.61, -1.00058699086, 7.56679857187, -0.00231554627424, -1.092340796
5.62, -1.00054984904, 7.55602028093, 0.00646906512181, -1.06906203489
5.63, -1.00048413281, 7.54547513545, 0.00338336104052, -1.04432877468
5.64, -1.00050044736, 7.53520789761, -0.00662339230483, -1.0151192992
5.65, -1.00055974097, 7.52522808878, -0.00708847058487, -0.986734383023
5.66, -1.00058436395, 7.51552815321, 0.00105349197656, -0.959123793429
5.67, -1.00052853638, 7.50610034457, 0.00649418591038, -0.932289055601
5.68, -1.00048464573, 7.49693695268, 1.35877983943e-05, -0.906217569037
5.69, -1.00052693115, 7.4880304838, -0.00774456554716, -0.880878945711
5.7, -1.00058624669, 7.47937379648, -0.00375659604247, -0.8562388231
5.71, -1.00056352544, 7.47096001309, 0.00548410726899, -0.832281921732
5.72, -1.00049572305, 7.46278231368, 0.00455160406019, -0.809004218922
5.73, -1.00049634746, 7.45483398273, -0.00519712713716, -0.786386386055
5.74, -1.00055323111, 7.44710859442, -0.00638032131394, -0.764394442205
5.75, -1.00058304174, 7.43959999998, -0.000230029443806, -0.743009698982
5.76, -1.0005404715, 7.43230219648, 0.00554355379267, -0.722222291696
5.77, -1.00049529897, 7.4252092307, 0.00102051072226, -0.702025276974
5.78, -1.00052339016, 7.41831529358, -0.00641645819344, -0.682396671985
5.79, -1.00057900019, 7.41161485075, -0.00432035654613, -0.663308310606
5.8, -1.00056930381, 7.40510259647, 0.00395483129501, -0.644746466327
5.81, -1.00050951292, 7.39877326882, 0.00461809837261, -0.626709971524
5.82, -1.00049940666, 7.39262165909, -0.00360262910912, -0.609186150162
5.83, -1.00055719835, 7.38664276317, -0.00706061333881, -0.592149124008
5.84, -1.0005873206, 7.38083184567, 0.000150357190927, -0.575577488151
5.85, -1.0005388808, 7.37518427787, 0.00610758162788, -0.559469305453
5.86, -1.00049208489, 7.36969542382, 0.000777131506399, -0.543821562583
5.87, -1.00052595137, 7.36436075934, -0.00710950972362, -0.528614910978
5.88, -1.00058541335, 7.35917601127, -0.0043321896768, -0.513823831438
5.89, -1.00057130587, 7.35413709962, 0.00463643812418, -0.499439113219
5.9, -1.00050621208, 7.34923993847, 0.00484685207435, -0.485464166345
5.91, -1.00049888494, 7.34448045978, -0.00423208098114, -0.471888941541
5.92, -1.00056306288, 7.33985477912, -0.00751389968938, -0.458689449681
5.93, -1.0005925258, 7.33535925939, 0.000633206251518, -0.4458473187
5.94, -1.00053734523, 7.33099032783, 0.00672958158489, -0.43336528792
5.95, -1.00048892073, 7.32674436387, 0.000493522902397, -0.421243423851
5.96, -1.00052907719, 7.3226178365, -0.00784133838539, -0.409464012768
5.97, -1.00059228463, 7.31860745202, -0.00428948152769, -0.398003276544
5.98, -1.00057298361, 7.31471008187, 0.00539641920465, -0.386855875948
5.99, -1.0005022611, 7.31092254839, 0.0050626016268, -0.376029042467
6.0, -1.00049827225, 7.30724166491, -0.00493379075521, -0.365514468288
6.01, -1.00055626018, 7.30366442971, -0.00679557677334, -0.355287884847
6.02, -1.00059108779, 7.30018802927, -0.000658486603928, -0.34533908443
6.03, -1.00054895511, 7.29680971059, 0.00583093649156, -0.335667286563
6.04, -1.00049860593, 7.29352667162, 0.00156328156658, -0.326275686094
6.05, -1.00052429167, 7.29033615666, -0.0065176443583, -0.317151467499
6.06, -1.000584154, 7.28723560047, -0.0048983997932, -0.308274110467
6.07, -1.00057813585, 7.28422259591, 0.00387213680586, -0.299637114066
6.08, -1.00051504351, 7.28129469883, 0.00518870669998, -0.291248114579
6.09, -1.00049986478, 7.27844942837, -0.00331540155764, -0.283103139571
6.1, -1.00055910565, 7.27568442719, -0.00753657597728, -0.275183635436
6.11, -1.0005946889, 7.27299754214, -0.000292971186878, -0.267474204706
6.12, -1.00054642246, 7.27038666423, 0.00645139570154, -0.259979946586
6.13, -1.00049392482, 7.26784959827, 0.0013553793126, -0.252705994626
6.14, -1.00052550033, 7.26538418322, -0.00725615240719, -0.245640130381
6.15, -1.00058981637, 7.26298844536, -0.00496192924735, -0.238762412471
6.16, -1.00057950567, 7.26066055399, 0.00458176002631, -0.232068924428
6.17, -1.00051057092, 7.25839860929, 0.00547872940543, -0.225570213301
6.18, -1.00049790349, 7.25620065625, -0.00395385407714, -0.219263200865
6.19, -1.00056402639, 7.25406485986, -0.00805680675994, -0.213129454695
6.2, -1.00059942847, 7.25198958604, 0.000174996290693, -0.20715482414
6.21, -1.00054411613, 7.24997321902, 0.00713473579981, -0.201347580196
6.22, -1.00048943786, 7.24801403057, 0.00110611988133, -0.195714496778
6.23, -1.00052279625, 7.24611028852, -0.00337018754011, -0.190274244462
6.24, -1.00058354679, 7.24426058781, -0.0058563787736, -0.18491535467
6.25, -1.00058739385, 7.24246340603, 0.00317667500818, -0.179728777277
6.26, -1.00052306252, 7.24071733308, 0.00597598946644, -0.174692505679
6.27, -1.00049698183, 7.2390208394, -0.0023044661409, -0.169807467477
6.28, -1.00055346239, 7.23737247536, -0.00797198839647, -0.165058412747
6.29, -1.00059894416, 7.23577097767, -0.00144696453848, -0.160430352745
6.3, -1.00055660635, 7.23421512823, 0.00652145283934, -0.155929328424
6.31, -1.00049582478, 7.23270359217, 0.00257102486891, -0.151564893743
6.32, -1.00051839038, 7.23123502346, -0.0069049545986, -0.147328827767
6.33, -1.0005879638, 7.22980823303, -0.0060730161376, -0.143202686496
6.34, -1.00058849148, 7.2284221769, 0.00385735944428, -0.139182017039
6.35, -1.00051775476, 7.22707573322, 0.00637189758527, -0.135280146592
6.36, -1.00049333021, 7.22576768345, -0.00290529087863, -0.131498450666
6.37, -1.00054697487, 7.22449690067, -0.00634037396505, -0.127818778136
6.38, -1.0005937284, 7.22326242071, -0.00250702419538, -0.124234964362
6.39, -1.00056514247, 7.22206330916, 0.00531608751202, -0.120746565233
6.4, -1.00050642699, 7.22089854273, 0.00328680626124, -0.117364505267
6.41, -1.0005152915, 7.21976706161, -0.00539824223592, -0.114084018656
6.42, -1.00057782934, 7.21866792754, -0.00626902034564, -0.110889215854
6.43, -1.00058970728, 7.21760034346, 0.00227876099245, -0.107773808003
6.44, -1.00052979729, 7.2165634628, 0.00605251914409, -0.104749357659
6.45, -1.00049730537, 7.21555633518, -0.00138796643157, -0.101819834588
