timestamp, prius1 x posi, prius1 y posi, prius1 x vel, prius1 y vel.
0.0, 0.0, 0.0, 0.0, 0.0
0.00999999999999, -24.995629547, -1.00001291486, 0.266611533703, -0.00672350974983
0.02, -24.9924061352, -1.00006215788, 0.354948907398, -0.000496749666816
0.03, -24.9883069692, -1.00002308882, 0.44319999584, 0.00767667045675
0.04, -24.9833325914, -0.999964340985, 0.531433641133, 0.00371337794833
0.05, -24.9774830997, -0.999990827567, 0.619671014435, -0.00603000633426
0.06, -24.9707584885, -1.00006684636, 0.70791341933, -0.00537738432336
0.07, -24.9631587514, -1.00007412798, 0.796158006869, 0.00460979520278
0.08, -24.9546838975, -1.00000961443, 0.884399500586, 0.00712096013296
0.09, -24.9453339298, -0.999992672222, 0.972638541609, -0.00237665743243
0.1, -24.9351088399, -1.0000664929, 1.06087936467, -0.00828263825645
0.11, -24.9240086232, -1.00012374797, 1.14912384094, -0.000714923440017
0.12, -24.9120332816, -1.00008389157, 1.23736952859, 0.00778265204475
0.13, -24.8991837454, -1.00002900957, 1.32467420317, 0.00283696765518
0.14, -24.885467677, -1.00006918138, 1.41079321259, -0.00762310029482
0.15, -24.8708956916, -1.00014270177, 1.49585986827, -0.00618788446285
0.16, -24.8554783301, -1.00016823244, 1.5798803985, 0.00230232673246
0.17, -24.839226017, -1.00012167705, 1.66286371889, 0.0061215783953
0.18, -24.8221490384, -1.00010284087, 1.74482240569, -0.00143471155987
0.19, -24.8042575433, -1.0001684581, 1.82577274825, -0.0080318511696
0.2, -24.7855615601, -1.0002358606, 1.90572930439, -0.00271065563816
0.21, -24.7660710014, -1.00021911907, 1.98470091092, 0.00569539583554
0.22, -24.7457956612, -1.00017331142, 2.06269633855, 0.00298980711636
0.23, -24.7247451999, -1.00020449666, 2.13973016325, -0.00658557340885
0.24, -24.7029291587, -1.00029235072, 2.2158178552, -0.00717431786207
0.25, -24.6803572698, -1.00032187589, 2.29093653126, 0.00229055242623
0.26, -24.6570437815, -1.00027495415, 2.36503735572, 0.00598159026099
0.27, -24.6330001843, -1.00026273788, 2.43833187011, -0.00253248277327
0.28, -24.6082349717, -1.00034126047, 2.51075979551, -0.00927367685441
0.29, -24.5827568599, -1.00041613512, 2.58230355521, -0.00298869223965
0.3, -24.5565746048, -1.00039832892, 2.65296643779, 0.00591333621343
0.31, -24.5296968946, -1.00035393938, 2.7227560325, 0.00240325987375
0.32, -24.5021322895, -1.00039598406, 2.79168515491, -0.0079401189441
0.33, -24.4738893543, -1.00049529883, 2.85950598107, -0.00796610343008
0.34, -24.4449806898, -1.00052680746, 2.92526276943, 0.00248258636493
0.35, -24.4154242501, -1.0004778869, 2.98917780815, 0.00595328917317
0.36, -24.3852380147, -1.00047170989, 3.05130458094, -0.00360888374389
0.37, -24.3544395099, -1.00055014669, 3.11169702648, -0.00870742780544
0.38, -24.32304581, -1.00063509825, 3.17040457478, -0.00489146412459
0.39, -24.2910735321, -1.00063682522, 3.22747164305, 0.00437658233774
0.4, -24.2585388457, -1.00059544633, 3.28293912743, 0.00310096424425
0.41, -24.2254574684, -1.00062563948, 3.33685290781, -0.00685542211509
0.42, -24.1918446869, -1.00072479559, 3.38926088651, -0.00900859319549
0.43, -24.1577153653, -1.00077506913, 3.44020577974, 0.000339569766287
0.44, -24.1230839579, -1.00073924384, 3.48972377166, 0.00562471180042
0.45, -24.0879645106, -1.00072481655, 3.53785360245, -0.00219074991208
0.46, -24.0523706682, -1.00080602762, 3.58463770237, -0.0102760710164
0.47, -24.0163156984, -1.00089840074, 3.63011673144, -0.00511889236158
0.48, -23.9798125022, -1.00089766194, 3.67432422068, 0.00481816924821
0.49, -23.9428736245, -1.00085467339, 3.71729153973, 0.00284741937309
0.5, -23.9055112486, -1.00089286661, 3.75905538611, -0.00799219503154
0.51, -23.8677372174, -1.0009876465, 3.79965344606, -0.00889038328355
0.52, -23.8295630478, -1.00104847745, 3.83911809212, -0.00141279251865
0.53, -23.7909999376, -1.00102864384, 3.87747753845, 0.00455632543462
0.54, -23.7520587715, -1.00101325029, 3.91476081229, -0.00122791425301
0.55, -23.7127501223, -1.00108229692, 3.95100083646, -0.00931768183394
0.56, -23.6730842704, -1.00117592933, 3.98622984035, -0.00622181759593
0.57, -23.633071212, -1.00119230821, 4.02047422801, 0.00303014725497
0.58, -23.5927206689, -1.00115801343, 4.05375740363, 0.00294352261153
0.59, -23.5520420835, -1.00118579053, 4.08610726109, -0.00655556789381
0.6, -23.511044633, -1.00128664938, 4.11755354836, -0.00972600287223
0.61, -23.4697372418, -1.00134935239, 4.14812264634, -0.00115631020717
0.62, -23.4281285896, -1.00132505926, 4.17783469787, 0.00493668368673
0.63, -23.3862271124, -1.00131063667, 4.2067118464, -0.00178529213882
0.64, -23.3440410031, -1.0013885854, 4.23478054417, -0.0102938802413
0.65, -23.3015782292, -1.00148805718, 4.26206669178, -0.00636569356264
0.66, -23.2588465381, -1.00150096733, 4.28858996986, 0.00361483259186
0.67, -23.2158534652, -1.00146301592, 4.31436734974, 0.00293933317127
0.68, -23.1726063271, -1.0014964117, 4.33942100671, -0.00748440785944
0.69, -23.1291122352, -1.00159182424, 4.36377514516, -0.00954722674847
0.7, -23.0853781055, -1.00166446831, 4.38744978959, -0.00281683091862
0.71, -23.0414106621, -1.00165463956, 4.41046090334, 0.00407298286201
0.72, -22.9972164422, -1.00163708745, 4.4328246178, -0.000617523196789
0.73, -22.9528017927, -1.00170149908, 4.45456148802, -0.00925408681742
0.74, -22.9081728848, -1.00180185268, 4.47569245998, -0.00743689606161
0.75, -22.8633357183, -1.00183111132, 4.49623346046, 0.00195971389135
0.76, -22.8182961288, -1.00180000795, 4.51619676783, 0.00324659609263
0.77, -22.7730597825, -1.00182124345, 4.53559898338, -0.0059201097623
0.78, -22.7276321844, -1.00192196217, 4.5544594511, -0.0103562905382
0.79, -22.6820186871, -1.00199643165, 4.57279525379, -0.00253833180811
0.8, -22.6362244957, -1.00198122643, 4.59061719004, 0.00461116747653
0.81, -22.5902546695, -1.00196269042, 4.60793726265, -0.000973825375243
0.82, -22.5441141183, -1.00203463469, 4.62477229552, -0.0101573232279
0.83, -22.4978076166, -1.00214076206, 4.6411395767, -0.00760044431073
0.84, -22.4513398052, -1.00216637645, 4.65705090217, 0.00261950058713
0.85, -22.4047151992, -1.00213011918, 4.6725144962, 0.00343961305669
0.86, -22.3579381799, -1.00215518348, 4.68754357747, -0.00671163279958
0.87, -22.3110130043, -1.00225209379, 4.70215444512, -0.00931906907085
0.88, -22.2639438121, -1.00233072127, 4.71635961191, -0.00381344827298
0.89, -22.2167346275, -1.00233008242, 4.73016795383, 0.00343103877065
0.9, -22.1693893631, -1.00231270163, 4.74358784801, -0.00016994473054
0.91, -22.1219118157, -1.00237115734, 4.75663214585, -0.00878900473029
0.92, -22.0743056772, -1.00247255854, 4.76931480451, -0.00806286614029
0.93, -22.026574536, -1.00251135878, 4.78164555636, 0.000957255080391
0.94, -21.9787218833, -1.00248541091, 4.7936301095, 0.00324311653228
0.95, -21.9307511088, -1.00250155329, 4.80527797256, -0.0051938112924
0.96, -21.8826655047, -1.00259807393, 4.81660190458, -0.0103878224054
0.97, -21.834468273, -1.00267898811, 4.82761325664, -0.00356097162321
0.98, -21.7861625271, -1.00267280246, 4.83831736933, 0.00403827356142
0.99, -21.7377512953, -1.00265320668, 4.84871999473, -0.000374750128597
1.0, -21.6892375149, -1.00271796025, 4.85883175488, -0.00961089052461
1.01, -21.6406240438, -1.00282499876, 4.86866445667, -0.00825487954244
1.02, -21.5919136596, -1.00286041406, 4.87822522574, 0.00162067101412
1.03, -21.5431090664, -1.00282860522, 4.88751710117, 0.00356101378065
1.04, -21.4942128886, -1.00284715783, 4.89654755807, -0.00585458208406
1.05, -21.4452276764, -1.00295133234, 4.90532749063, -0.0110207221504
1.06, -21.3961559102, -1.0030331684, 4.91386626314, -0.00317954849426
1.07, -21.3470000733, -1.00302032908, 4.9221534108, 0.00473013228292
1.08, -21.2977625745, -1.00299822137, 4.93020623882, -0.000595278300871
1.09, -21.2484457138, -1.00306957665, 4.93802815038, -0.0104625545294
1.1, -21.1990517261, -1.00316869349, 4.94563840719, -0.00903407935874
1.11, -21.1495827323, -1.00321928048, 4.95303783789, -8.53642829878e-05
1.12, -21.1000408683, -1.00319636416, 4.96022373021, 0.0035962777239
1.13, -21.0504281453, -1.00320457921, 4.96720608571, -0.00432636373401
1.14, -21.0007465573, -1.00329798315, 4.97400066227, -0.0106949129606
1.15, -20.950998034, -1.00338822813, 4.98060167538, -0.00477720661397
1.16, -20.9011844568, -1.00339043177, 4.98702140672, 0.0037452863435
1.17, -20.851307641, -1.00336592109, 4.99325156344, 0.000587770306458
1.18, -20.8013693605, -1.00342212301, 4.99931026558, -0.00916424521264
1.19, -20.7513713302, -1.00353302553, 5.00520286614, -0.00928267773045
1.2, -20.7013152189, -1.00358045089, 5.0109418611, 0.000586632469571
1.21, -20.6512026727, -1.00355100634, 5.01649923308, 0.00401634168283
1.22, -20.6010352481, -1.0035605687, 5.02191626844, -0.00490942945242
1.23, -20.5508144888, -1.00366182202, 5.02717632243, -0.0114210767517
1.24, -20.5005418915, -1.00375435027, 5.03229206008, -0.00454009555317
1.25, -20.4502189017, -1.00375514154, 5.03726155298, -0.000259314356611
1.26, -20.3998469247, -1.00373551878, 5.04208514822, 0.00133713526079
1.27, -20.3494273385, -1.00377873472, 5.04678598201, -0.00783162475862
1.28, -20.2989614748, -1.00388530683, 5.05134192158, -0.00976875345657
1.29, -20.2484505983, -1.00394604422, 5.05578240341, -0.00106632548487
1.3, -20.1978959865, -1.00392672962, 5.06010674321, 0.00385635668321
1.31, -20.1472988705, -1.00392710829, 5.06429665723, -0.0033707791316
1.32, -20.0966604223, -1.00401582713, 5.06837194392, -0.0108248170486
1.33, -20.0459818142, -1.00411442618, 5.07233222262, -0.0059956805562
1.34, -19.9952641717, -1.00412627666, 5.07618576574, 0.00325188023502
1.35, -19.944508593, -1.00409873467, 5.07992532592, 0.00144814673263
1.36, -19.8937161279, -1.00414613075, 5.08356302553, -0.00856177903771
1.37, -19.8428877836, -1.0042589249, 5.08710131145, -0.0101038341331
1.38, -19.7920245788, -1.00431730336, 5.09054345814, -0.00040689292997
1.39, -19.741127524, -1.00429062173, 5.09386945927, 0.00443079662584
1.4, -19.6901975106, -1.00429076169, 5.09712955538, -0.0038272244966
1.41, -19.6392354774, -1.00437868456, 5.10028676504, -0.00821926365682
1.42, -19.5882423159, -1.00447626681, 5.10334743598, -0.00693809709424
1.43, -19.5372188584, -1.00450179259, 5.1063482843, 0.00196151055905
1.44, -19.486166023, -1.00447768653, 5.10923347234, 0.00202075368344
1.45, -19.4350845677, -1.00451197671, 5.11206741626, -0.00703096667517
1.46, -19.3839753365, -1.00461676453, 5.11480401442, -0.0101780788656
1.47, -19.3328391009, -1.00468602771, 5.11745917063, -0.00203418716041
1.48, -19.2816765964, -1.00467153161, 5.12006373367, 0.00392695529942
1.49, -19.2304885805, -1.00466509759, 5.12257771273, -0.00238874989156
1.5, -19.1792757385, -1.00474678044, 5.12501146988, -0.0105857607092
1.51, -19.12803877, -1.00485005748, 5.12737743051, -0.00692602619445
1.52, -19.0767783537, -1.00487079607, 5.12970544911, 0.00266668338456
1.53, -19.0254951584, -1.00484159656, 5.13196776593, 0.00218662896988
1.54, -18.9741898214, -1.00487961681, 5.13414957718, -0.00775322627094
1.55, -18.9228629492, -1.00499124996, 5.13627044595, -0.0106200187243
1.56, -18.8715151526, -1.00505922285, 5.13832055843, -0.00145454627794
1.57, -18.8201470185, -1.00503742279, 5.14032723822, 0.00455910804941
1.58, -18.7687591295, -1.00502986006, 5.14227398715, -0.00275774229124
1.59, -18.7173520328, -1.00511866407, 5.14416629503, -0.0113719004616
1.6, -18.6659262578, -1.005212099, 5.14602152965, -0.00742179779421
1.61, -18.6144823626, -1.00524513772, 5.14781089607, 0.0012007578641
1.62, -18.5630209032, -1.0052239625, 5.14954248096, 0.00220793371556
1.63, -18.5115423547, -1.00525222624, 5.15122574179, -0.00626768314622
1.64, -18.4600472173, -1.00535282758, 5.1528431399, -0.0101925080896
1.65, -18.4085359802, -1.0054277454, 5.15444586145, -0.00290395094166
1.66, -18.3570090915, -1.00542047871, 5.15599230564, 0.00352565981021
1.67, -18.3054669955, -1.00541191515, 5.15747366647, -0.00175546037924
1.68, -18.2539101115, -1.00548692488, 5.15891414754, -0.0101322796154
1.69, -18.2023388406, -1.0055918102, 5.16036558658, -0.00761163628357
1.7, -18.1507536628, -1.00562171583, 5.16173706028, 0.00177395638119
1.71, -18.099154937, -1.00559615387, 5.16306846419, 0.00233856330573
1.72, -18.0475430902, -1.00562846636, 5.16436367857, -0.00707134738908
1.73, -17.9959184239, -1.00573715805, 5.16563039026, -0.0107886342628
1.74, -17.9442814483, -1.00581263445, 5.16683176263, -0.00252486779617
1.75, -17.8926325662, -1.00579949954, 5.16801341963, 0.00407982882156
1.76, -17.8409722018, -1.00579040359, 5.16913415881, -0.00215615818102
1.77, -17.7893007303, -1.00587280791, 5.17022574421, -0.0109601870951
1.78, -17.7376185052, -1.00598232004, 5.17128374517, -0.00763274882969
1.79, -17.6859259387, -1.00600771596, 5.17229793069, 0.00249264003664
1.8, -17.6342235273, -1.00599125523, 5.17325666857, 0.00210409112179
1.81, -17.5825118229, -1.00601494381, 5.17415606411, -0.00558545641092
1.82, -17.5307914185, -1.00611126889, 5.17499568477, -0.010173644685
1.83, -17.4790629325, -1.00619143066, 5.17577593954, -0.00375832834266
1.84, -17.4273269941, -1.00619114593, 5.17649322734, 0.0031883153845
1.85, -17.3755842323, -1.00617916429, 5.17714409495, -0.00091076039311
1.86, -17.3238353456, -1.00624416799, 5.17771716394, -0.00925496614598
1.87, -17.2720811929, -1.00634598238, 5.17820090852, -0.0077964480821
1.88, -17.2203227532, -1.00638083087, 5.1785850695, 0.00128883846743
1.89, -17.1685610759, -1.00635492205, 5.178861116, 0.00291499496263
1.9, -17.1167972249, -1.00637638491, 5.1790287441, -0.00576803536528
1.91, -17.0650322892, -1.00647565709, 5.17908449539, -0.0103592891979
1.92, -17.0132674475, -1.0065531045, 5.1790229644, -0.00309120464431
1.93, -16.9615039202, -1.00654413604, 5.17883907621, 0.00402408217294
1.94, -16.9097429114, -1.00652854279, 5.1785345403, -0.00102794009477
1.95, -16.8579855501, -1.00659924299, 5.17812075647, -0.0100274896283
1.96, -16.8062328568, -1.0067064512, 5.17761381536, -0.00799376432945
1.97, -16.7544857219, -1.0067386906, 5.17702551942, 0.00180787016887
1.98, -16.7027449168, -1.00670914824, 5.17636313688, 0.00295857029912
1.99, -16.6510110966, -1.00673599611, 5.17563762895, -0.00672850580591
2.0, -16.5992848156, -1.00684582859, 5.17486218139, -0.0112740025114
2.01, -16.5475665448, -1.0069272345, 5.17404628682, -0.00304280336536
2.02, -16.4958566917, -1.00691551857, 5.173191657, 0.00426873574824
2.03, -16.4441556084, -1.00690247914, 5.17230131544, -0.00178232726975
2.04, -16.3924635842, -1.00698514606, 5.1713836485, -0.0113932049523
2.05, -16.3407808664, -1.00708922766, 5.17044561569, -0.00919620635868
2.06, -16.2891076715, -1.00714052228, 5.16948893341, -0.000277407164546
2.07, -16.2374441937, -1.00712430438, 5.16851240031, 0.00248838113332
2.08, -16.1857905905, -1.0071466414, 5.16751948946, -0.00583971390533
2.09, -16.1341469789, -1.00725248032, 5.16651687466, -0.0116347268554
2.1, -16.082513459, -1.00734888973, 5.16550753455, -0.00527594684279
2.11, -16.0308901282, -1.00735865457, 5.16448906488, 0.00262165248539
2.12, -15.9792770688, -1.00735046743, 5.16346095417, -0.00137587682843
2.13, -15.9276743186, -1.00742627269, 5.16242964143, -0.0109413124949
2.14, -15.8760818942, -1.00755055093, 5.16139919503, -0.0102888840303
2.15, -15.8244998194, -1.00760737111, 5.16036799302, -0.000488673558413
2.16, -15.7729281265, -1.00759381625, 5.15933244877, 0.00196789442808
2.17, -15.7213668105, -1.00762710532, 5.15829686391, -0.00737883994289
2.18, -15.6698158249, -1.00773792601, 5.15726723062, -0.0115767428701
2.19, -15.618275136, -1.00784862558, 5.15624315183, -0.0075527748484
2.2, -15.5667447199, -1.00788219907, 5.15522141879, 0.000593349186121
2.21, -15.5152245565, -1.00788320909, 5.15420061741, -0.00137270321347
2.22, -15.4637145754, -1.00795439686, 5.15318750448, -0.0105480325492
2.23, -15.4122146818, -1.00808465198, 5.15218521617, -0.011865886385
2.24, -15.360724808, -1.00816545599, 5.15119023498, -0.00316694444897
2.25, -15.3092449158, -1.00817148112, 5.15019829167, 0.00090064212507
2.26, -15.257774933, -1.00820480397, 5.14921341826, -0.0068125741941
2.27, -15.2063147314, -1.00832575521, 5.14824288568, -0.0137773342107
2.28, -15.1548641957, -1.00845068484, 5.14728406238, -0.00849637997203
2.29, -15.1034232622, -1.00848981065, 5.14633129369, 0.000179991369699
2.3, -15.0519918717, -1.00849810544, 5.14538365312, -0.00250586373695
2.31, -15.0005698918, -1.00858567153, 5.14445084468, -0.0124708585889
2.32, -14.9491571691, -1.00871929797, 5.14353311035, -0.0132556987326
2.33, -14.8977535998, -1.00882354486, 5.1426262877, -0.00593287215923
2.34, -14.8463591153, -1.00885175782, 5.14172528982, -0.000524311015871
2.35, -14.7949736249, -1.00888816045, 5.14083366197, -0.00644114625293
2.36, -14.7435969634, -1.0090073048, 5.13996043763, -0.0141885444567
2.37, -14.6922289729, -1.00914849006, 5.13910198765, -0.0110261523466
2.38, -14.6408695676, -1.00921516779, 5.13825118064, -0.00228934311367
2.39, -14.5895186859, -1.00923661235, 5.13740625895, -0.00281094907083
2.4, -14.5381761842, -1.00932112654, 5.13657787448, -0.0121277923506
2.41, -14.4868604661, -1.00947546093, 5.13035749876, -0.0149816489061
2.42, -14.4356306065, -1.00959138979, 5.12134779317, -0.00668304733057
2.43, -14.3844896764, -1.00962542836, 5.11257570014, -0.00118802650201
2.44, -14.333435109, -1.00967314855, 5.10407087166, -0.0080218577817
2.45, -14.2824641542, -1.00981118526, 5.09584243989, -0.016147501274
2.46, -14.2315741573, -1.00995454531, 5.08787159035, -0.0127377150119
2.47, -14.180762635, -1.01004585109, 5.08014472021, -0.00499721546305
2.48, -14.1300272163, -1.01008729669, 5.07265051088, -0.00396373428397
2.49, -14.0793655416, -1.01017330078, 5.06539101024, -0.0117536825458
2.5, -14.0287752676, -1.01032762305, 5.05836259096, -0.0156809607119
2.51, -13.9782598466, -1.01046199574, 5.04867799581, -0.00930273352287
2.52, -13.9278777019, -1.01052226278, 5.03375685207, -0.00336695504733
2.53, -13.8776421196, -1.01058004893, 5.01929462106, -0.00809168317626
2.54, -13.8275488003, -1.01071468483, 5.00528958766, -0.015946008446
2.55, -13.7775932072, -1.01087997079, 4.99173275318, -0.0140099925653
2.56, -13.727771027, -1.010979405, 4.97859757471, -0.00555408219514
2.57, -13.6780781465, -1.01102751228, 4.96586690689, -0.00489339560867
2.58, -13.6285104906, -1.01112759081, 4.95354087714, -0.0135053831493
2.59, -13.5790640468, -1.01129977343, 4.94160964155, -0.0173127724803
2.6, -13.5297350317, -1.0114455612, 4.93004506496, -0.0100445947597
2.61, -13.4805301479, -1.01151123933, 4.91489024662, -0.00395418581789
2.62, -13.4315073877, -1.011579237, 4.89577182465, -0.00950983333802
2.63, -13.3826726785, -1.01173086122, 4.87723931985, -0.0177093349336
2.64, -13.33402029, -1.01191047261, 4.85928693228, -0.0150794327476
2.65, -13.2855445632, -1.01201661114, 4.84189186054, -0.00603563959225
2.66, -13.2372400563, -1.01207135365, 4.82503317339, -0.00585736472081
2.67, -13.1891013717, -1.01218555297, 4.80871052361, -0.0152076577507
2.68, -13.1411232106, -1.01236058673, 4.79290603587, -0.0179819021506
2.69, -13.0933005871, -1.0125252502, 4.77758938362, -0.0126445398849
2.7, -13.0456287846, -1.01261509732, 4.76273329602, -0.00577872595052
2.71, -12.9981032576, -1.01268914962, 4.74832693505, -0.00923869128157
2.72, -12.9507473101, -1.01283644666, 4.72773297401, -0.0176078951551
2.73, -12.9036091181, -1.01302668704, 4.70606621349, -0.0171321289045
2.74, -12.8566843495, -1.0131587693, 4.68503593568, -0.00862332400732
2.75, -12.8099666004, -1.01322932925, 4.66464832753, -0.0064317466677
2.76, -12.7634494172, -1.01334030973, 4.64490449347, -0.0145589040087
2.77, -12.7171264065, -1.01352961797, 4.62579062988, -0.0197311243896
2.78, -12.670991495, -1.01370614625, 4.60726458062, -0.0133936997385
2.79, -12.6250390053, -1.01380047514, 4.58929521556, -0.00616987155166
2.8, -12.5792634355, -1.01388207287, 4.57187116752, -0.0104023283702
2.81, -12.5337063873, -1.01404504019, 4.54631466562, -0.0193638349642
2.82, -12.4883966244, -1.01423615322, 4.52188786878, -0.0181938894711
2.83, -12.4433273617, -1.01438854388, 4.4981983339, -0.0111372614179
2.84, -12.3984912543, -1.01447994008, 4.47523979222, -0.00780624241731
2.85, -12.3538810166, -1.01459351603, 4.45300607779, -0.0140931043182
2.86, -12.3094894274, -1.01477868328, 4.43148551293, -0.0197953300855
2.87, -12.2653095765, -1.01496731316, 4.41063510938, -0.0155060703876
2.88, -12.2213349878, -1.0150860124, 4.39041821372, -0.00842576240237
2.89, -12.1775594309, -1.0151794756, 4.37081798791, -0.010607286642
2.9, -12.1339766946, -1.01533763654, 4.35183616686, -0.0187495901575
2.91, -12.0906277805, -1.01554518538, 4.32477725626, -0.0194503172613
2.92, -12.0475410045, -1.01570523847, 4.2988841026, -0.0115708942489
2.93, -12.0047091901, -1.01580054187, 4.27377355213, -0.0083453546079
2.94, -11.9621243386, -1.01592394487, 4.24947007526, -0.0154512391982
2.95, -11.9197783728, -1.01612446204, 4.22596875128, -0.0212987669042
2.96, -11.8776635122, -1.01632402849, 4.20322291179, -0.0161997836453
2.97, -11.8357724055, -1.0164463119, 4.18120052348, -0.00867343921892
2.98, -11.7940978634, -1.01654515897, 4.15989583601, -0.0115096934851
2.99, -11.7526334627, -1.01671653034, 4.13918268887, -0.0203172077888
3.0, -11.7113729026, -1.01693802986, 4.1190841222, -0.0205674972936
3.01, -11.6703278294, -1.01710429775, 4.09435459476, -0.0118422089952
3.02, -11.6295521152, -1.01720226714, 4.06717409742, -0.00876180351689
3.03, -11.5890444652, -1.01733397757, 4.04067560976, -0.0166365311951
3.04, -11.5487972121, -1.01753624736, 4.01506082198, -0.0209899527865
3.05, -11.5088030978, -1.01774803996, 3.99010867074, -0.0182776226568
3.06, -11.469055086, -1.01789180497, 3.96577513661, -0.0103862119945
3.07, -11.42954635, -1.01799513198, 3.94217762946, -0.010913857107
3.08, -11.390270239, -1.01815554318, 3.91924845717, -0.0192612078459
3.09, -11.3512255593, -1.01837708301, 3.89413023378, -0.0215819088312
3.1, -11.3124659761, -1.01856138542, 3.86430442498, -0.0138890639313
3.11, -11.2740009168, -1.01867115119, 3.83516706211, -0.00895512941371
3.12, -11.2358224502, -1.01879367936, 3.80697177971, -0.0151243912559
3.13, -11.1979224279, -1.01899601854, 3.77943001907, -0.02215876562
3.14, -11.1602927205, -1.01921227717, 3.75280570996, -0.0182818185498
3.15, -11.1229260014, -1.01935133541, 3.7269239045, -0.00968864680829
3.16, -11.0858151124, -1.01944967604, 3.70167047773, -0.0107410895658
3.17, -11.0489527262, -1.01961253209, 3.67717330354, -0.0197751312491
3.18, -11.012331609, -1.01983812712, 3.65332388463, -0.0217177288257
3.19, -10.9759760649, -1.0200183409, 3.62323978678, -0.0130565148731
3.2, -10.9399295499, -1.02011821966, 3.59265646201, -0.00805243835615
3.21, -10.9041850565, -1.02023615334, 3.56280571328, -0.0150678316013
3.22, -10.8687338012, -1.02043282637, 3.53341838435, -0.0191560415635
3.23, -10.8335675826, -1.02064326833, 3.50576653878, -0.0186901651268
3.24, -10.7986783815, -1.02078998854, 3.47849488219, -0.0103445233992
3.25, -10.7640586514, -1.02088469559, 3.45192702585, -0.00940586396393
3.26, -10.7297007087, -1.02102649978, 3.42614815611, -0.0174369894127
3.27, -10.6955970029, -1.02123586885, 3.40105680658, -0.0209647806432
3.28, -10.6617405754, -1.02141819214, 3.37659305802, -0.0137740060852
3.29, -10.6281245915, -1.02152104267, 3.3528760243, -0.00761390643709
3.3, -10.5947832094, -1.02162283207, 3.32182742481, -0.0126726568866
3.31, -10.561750201, -1.02180297101, 3.29133452492, -0.020363439372
3.32, -10.5290175547, -1.02200778829, 3.26167666958, -0.0175678664897
3.33, -10.4965770374, -1.02213900841, 3.23285797297, -0.00855837123745
3.34, -10.4644207046, -1.02221790612, 3.20482901998, -0.0081341328726
3.35, -10.432540466, -1.0223516407, 3.17761478075, -0.0169104578689
3.36, -10.4009284603, -1.0225547183, 3.15116881678, -0.020051690165
3.37, -10.3695769965, -1.0227229497, 3.12547131662, -0.0119580072754
3.38, -10.3384791006, -1.02280631429, 3.10045516111, -0.00573477262613
3.39, -10.3076277298, -1.0228941684, 3.07613976433, -0.0116905582598
3.4, -10.2770469024, -1.02306753633, 3.04557353633, -0.0197600453033
3.41, -10.2467795143, -1.0232628314, 3.01446920407, -0.0162019724656
3.42, -10.2168183696, -1.0233756552, 2.98424778264, -0.00647694235738
3.43, -10.1871552809, -1.02343531136, 2.95485253756, -0.00652977174827
3.44, -10.157781567, -1.02355859722, 2.92638362618, -0.0162306693012
3.45, -10.1286886509, -1.02374126722, 2.89871297547, -0.0183935633621
3.46, -10.0998683329, -1.02390383114, 2.87180080073, -0.0119979593646
3.47, -10.0713127277, -1.02398525688, 2.84570670907, -0.00497835326026
3.48, -10.0430142388, -1.02405405596, 2.82036718173, -0.00896658575447
3.49, -10.0149651072, -1.02419883727, 2.79583165453, -0.0172111144623
3.5, -9.98716930935, -1.02437949193, 2.76783170046, -0.015645207313
3.51, -9.95968095792, -1.02449191721, 2.73641131836, -0.00637005790879
3.52, -9.93250209436, -1.02454042408, 2.70586162472, -0.00430513338582
3.53, -9.90562395631, -1.02463040441, 2.67622202497, -0.0122755416073
3.54, -9.87903737287, -1.02479050442, 2.64748677158, -0.0160751310266
3.55, -9.8527338085, -1.02492045114, 2.61955644257, -0.00797491311066
3.56, -9.82670574942, -1.02496624795, 2.59234787084, -0.00247501979052
3.57, -9.8009462506, -1.02499259279, 2.56580995694, -0.00401605108431
3.58, -9.77544871494, -1.02508959413, 2.53993029524, -0.0131513519284
3.59, -9.75020678793, -1.02524400603, 2.51467214797, -0.0142811406572
3.6, -9.72523896193, -1.02534899971, 2.48378832289, -0.00573675947462
3.61, -9.70059457442, -1.02538225628, 2.45154215542, -0.0019518781476
3.62, -9.67626863707, -1.02544286027, 2.42009282547, -0.009321204596
3.63, -9.65225279201, -1.02558374544, 2.38949406496, -0.0152928874326
3.64, -9.62853861771, -1.02571908478, 2.35972620971, -0.00922462744426
3.65, -9.60511787219, -1.02576444182, 2.33078301873, -0.000431031284383
3.66, -9.58198220431, -1.02577889905, 2.3026862444, -0.00310145754511
3.67, -9.55912290033, -1.0258698151, 2.2754764906, -0.012577851618
3.68, -9.53653126134, -1.02601532798, 2.24910412144, -0.0129184313364
3.69, -9.5142192452, -1.02610034418, 2.21794769948, -0.00330701745874
3.7, -9.49223708879, -1.02610865445, 2.18494536012, 0.000367767800398
3.71, -9.47058025462, -1.02615163, 2.15285746558, -0.00811848539125
3.72, -9.4492395462, -1.02627296581, 2.12167876796, -0.0131009915737
3.73, -9.4282060197, -1.02640328807, 2.09138930555, -0.0097398670389
3.74, -9.40747114666, -1.02645501966, 2.06193022719, -0.000706530881488
3.75, -9.38702673302, -1.02646063981, 2.03329203864, -0.0012623860682
3.76, -9.3668645533, -1.02652892151, 2.00546622514, -0.0104090850906
3.77, -9.34697652062, -1.02666296028, 1.97842537265, -0.0126970983195
3.78, -9.32735598792, -1.02675301636, 1.95109903604, -0.00393548127283
3.79, -9.30804875504, -1.02675914005, 1.91709761667, 0.00156274280027
3.8, -9.28907449281, -1.02678001705, 1.88420814373, -0.00538685833435
3.81, -9.27042433471, -1.02688232822, 1.85185897128, -0.00997935369372
3.82, -9.25208908229, -1.02700276956, 1.82120408419, -0.00976326545828
3.83, -9.23405970668, -1.02705860186, 1.79104981184, -0.00102193057824
3.84, -9.21632743187, -1.02705759659, 1.76176666743, 0.00032209610302
3.85, -9.19888348409, -1.02710304123, 1.73335642343, -0.00793678560637
3.86, -9.18171923018, -1.0272199857, 1.70579204199, -0.0118649088375
3.87, -9.16482655428, -1.02731130505, 1.67900944293, -0.00452749064683
3.88, -9.14819792353, -1.02731861935, 1.65296230314, 0.00219850448995
3.89, -9.13182535749, -1.02732146041, 1.62835980989, -0.00281894050826
3.9, -9.11566459072, -1.02740671029, 1.60963442595, -0.0112177566468
3.91, -9.09968992256, -1.02752313392, 1.59130927098, -0.00884580308105
3.92, -9.08389606852, -1.02756529195, 1.57345817508, 0.000587561710371
3.93, -9.0682784757, -1.02755007208, 1.55605405819, 0.00140124737122
3.94, -9.05283254306, -1.02759064671, 1.53911308365, -0.00787295080649
3.95, -9.03755363648, -1.027707882, 1.52262926417, -0.0117548290065
3.96, -9.02243740212, -1.02779319801, 1.50656403828, -0.00350561591789
3.97, -9.00747978808, -1.02778841308, 1.49090028754, 0.00337091123831
3.98, -8.99267671642, -1.02778445378, 1.47564779143, -0.00259572243783
3.99, -8.97802391524, -1.02787134603, 1.46082709425, -0.011487399232
4.0, -8.96350784907, -1.02797358345, 1.44958755336, -0.00889662202694
4.01, -8.94908216616, -1.02802323956, 1.44126531704, -0.000342701534733
4.02, -8.93473855398, -1.02801003163, 1.43317927295, 0.00205630540388
4.03, -8.92047459009, -1.02803486347, 1.42533078827, -0.00584427316737
4.04, -8.90628784971, -1.02813650477, 1.41772251903, -0.010938645681
4.05, -8.89217607685, -1.02822512441, 1.41032786232, -0.00458623610239
4.06, -8.87813725096, -1.02823074276, 1.40313322428, 0.0027970952928
4.07, -8.86416933011, -1.02822120048, 1.39614707928, -0.00114899425339
4.08, -8.85027005238, -1.02829065864, 1.3893935827, -0.00994621471071
4.09, -8.83643661884, -1.02840175195, 1.38340383259, -0.00885289939545
4.1, -8.82263099024, -1.02844566233, 1.38299282137, 0.000564913405617
4.11, -8.80883127683, -1.02842451572, 1.38245872525, 0.00256450702278
4.12, -8.79503667303, -1.02844993555, 1.38196299565, -0.0063118582386
4.13, -8.78124678088, -1.02855711218, 1.38150387402, -0.0113378113413
4.14, -8.76746142935, -1.02864439432, 1.38105033217, -0.00399081031314
4.15, -8.75368066776, -1.02864164897, 1.38058920738, 0.00361775508229
4.16, -8.7399044736, -1.02862887634, 1.38014759953, -0.00132609671821
4.17, -8.72613256736, -1.02870453871, 1.37973503657, -0.0107390931084
4.18, -8.71236468599, -1.02880592973, 1.37932773424, -0.00881934216271
4.19, -8.69860078977, -1.02885946494, 1.37893761025, -0.000906793148066
4.2, -8.68482149916, -1.02884914974, 1.38315753517, 0.00215989364774
4.21, -8.67099010438, -1.02886776541, 1.38845511988, -0.00491163249837
4.22, -8.65710625605, -1.02896154369, 1.39364539824, -0.0104631821704
4.23, -8.64317127591, -1.02905154788, 1.39868523196, -0.00515864192027
4.24, -8.62918674264, -1.02906400793, 1.40356268919, 0.00225986111958
4.25, -8.61515415481, -1.02905446516, 1.4083044734, -0.000678997986493
4.26, -8.60107475859, -1.02911688375, 1.41292896637, -0.00926593500498
4.27, -8.58694970544, -1.02922637744, 1.41743364969, -0.00920897485613
4.28, -8.57278032732, -1.02927873574, 1.42179182838, -0.000465869072653
4.29, -8.55856596054, -1.02926415267, 1.42741425018, 0.00239244324969
4.3, -8.54426773459, -1.02928553322, 1.43733754952, -0.00559064086905
4.31, -8.52987213129, -1.02938770121, 1.44698498096, -0.0112382886259
4.32, -8.5153814315, -1.02948099524, 1.45636294645, -0.00506558765079
4.33, -8.50079842793, -1.02948940656, 1.46545961442, 0.0027406298367
4.34, -8.48612583576, -1.02947869651, 1.47429402935, -0.00097740647981
4.35, -8.47136603908, -1.02954854687, 1.48290283013, -0.0102276602775
4.36, -8.45652130925, -1.0296656376, 1.49127686353, -0.00963163119888
4.37, -8.44159408976, -1.02971706234, 1.49940923204, -3.11659560239e-05
4.38, -8.42658688787, -1.02969864407, 1.50729013114, 0.00254217727047
4.39, -8.41150192054, -1.02972401002, 1.51496768104, -0.00641267742573
4.4, -8.39630829563, -1.02983593834, 1.5285040155, -0.0121186194361
4.41, -8.38098423333, -1.02993302752, 1.54141587999, -0.00498119846323
4.42, -8.36553294671, -1.02993749504, 1.55396144117, 0.00319431611721
4.43, -8.34995807922, -1.02992646499, 1.56614939097, -0.00140217246046
4.44, -8.33426294219, -1.03000531303, 1.57801920772, -0.01134353872
4.45, -8.31845075233, -1.03011642243, 1.58956086183, -0.0100154818817
4.46, -8.3025248602, -1.03018144569, 1.60077040588, -0.00186287943698
4.47, -8.28648860589, -1.03017698914, 1.6116509843, 0.00184835976978
4.48, -8.27034510362, -1.03019831899, 1.62223155412, -0.00529766030376
4.49, -8.25409718456, -1.0303000165, 1.63253321073, -0.0115860992583
4.5, -8.23771918538, -1.03040296436, 1.64817805483, -0.00645815088328
4.51, -8.2211857336, -1.03042561097, 1.66355232668, 0.00153533357973
4.52, -8.20450070403, -1.03042091418, 1.67850841893, -0.00107294561912
4.53, -8.18766818629, -1.03048943488, 1.69305896776, -0.0101504916216
4.54, -8.17069217497, -1.03061144554, 1.70721125537, -0.0106650099778
4.55, -8.15357674933, -1.03067768442, 1.72095298475, -0.00165381394864
4.56, -8.13632602464, -1.03067139846, 1.73429055769, 0.00182777169298
4.57, -8.11894384194, -1.03069821835, 1.74725693779, -0.00625163156036
4.58, -8.10143374073, -1.03081078221, 1.75987711998, -0.0125852673622
4.59, -8.0837992761, -1.03091916295, 1.772135177, -0.00655646045949
4.6, -8.06604018472, -1.03093931457, 1.78602889306, 0.00188088550886
4.61, -8.04811804946, -1.03093466236, 1.80333901129, -0.00149989320692
4.62, -8.03002539899, -1.03101233018, 1.82018505266, -0.011313337883
4.63, -8.01176661904, -1.0311440317, 1.83657028042, -0.0112877394897
4.64, -7.99334646376, -1.03121099341, 1.85247442392, -0.00135695363771
4.65, -7.97476972416, -1.03120190215, 1.86790905969, 0.00188014735489
4.66, -7.95604085341, -1.03123395934, 1.88291452656, -0.00723426647982
4.67, -7.93716395898, -1.03134614482, 1.89751445169, -0.012011611523
4.68, -7.91814319082, -1.03146404965, 1.91170145663, -0.0083636550512
4.69, -7.89898270862, -1.03150295561, 1.92547263984, 0.000409516361408
4.7, -7.87968659695, -1.03150134257, 1.93884618291, -0.000842010100269
4.71, -7.8602585759, -1.03156785144, 1.95186286989, -0.0102859919851
4.72, -7.84069820214, -1.03169953786, 1.96653127384, -0.0122964078129
4.73, -7.82096709673, -1.03178472211, 1.9845965675, -0.00343552424045
4.74, -7.80105827372, -1.03178866638, 2.00214108072, 0.00151611485158
4.75, -7.78097651734, -1.03181356487, 2.01919928412, -0.00594920113876
4.76, -7.76072652665, -1.03192934806, 2.03579496528, -0.0136066278079
4.77, -7.74031299038, -1.03205544197, 2.05191634187, -0.00868901021166
4.78, -7.71974071566, -1.03209327141, 2.06756060232, 0.00070093219743
4.79, -7.69901439531, -1.03209165097, 2.08274700956, -0.00123867288099
4.8, -7.67813936442, -1.03216751093, 2.09647764625, -0.011535352839
4.81, -7.6571727447, -1.03229628446, 2.10241175164, -0.0122984088215
4.82, -7.63614559634, -1.0323930117, 2.10831884648, -0.00526911295541
4.83, -7.61506036345, -1.03241372484, 2.11404383497, 0.000365938660993
4.84, -7.59391862702, -1.03243842294, 2.11962758592, -0.00505778989944
4.85, -7.57272162591, -1.032542528, 2.12509611247, -0.0126726190458
4.86, -7.55147059022, -1.03266985234, 2.13043329849, -0.00976746944082
4.87, -7.5301669433, -1.03272446975, 2.13562447935, -0.00105245100026
4.88, -7.50881214455, -1.03273124844, 2.14067472707, -0.00111680375785
4.89, -7.48740741815, -1.03279635182, 2.14561203952, -0.0100545101773
4.9, -7.46595685514, -1.03293022533, 2.1484426834, -0.0130183401335
4.91, -7.44451938394, -1.03302819495, 2.14476722094, -0.00497724262997
4.92, -7.42311732128, -1.03304405714, 2.14123272851, 0.000810879990585
4.93, -7.40175016366, -1.03306846611, 2.13778540528, -0.00546059752653
4.94, -7.38041682821, -1.03317974062, 2.13446451031, -0.0134566760942
4.95, -7.35911621785, -1.03331128794, 2.13121907098, -0.00976853997427
4.96, -7.33784753615, -1.0333611575, 2.12806264537, -0.000337291351186
4.97, -7.31661006282, -1.03336263736, 2.12499892139, -0.000915007983636
4.98, -7.29540284025, -1.03343095247, 2.12202633822, -0.0107096268348
4.99, -7.27422481308, -1.03357108344, 2.11913670445, -0.01343554454
5.0, -7.25307513708, -1.03366739327, 2.11633283015, -0.00436219250748
5.01, -7.23197761148, -1.03367542089, 2.10741050743, 0.00151987981419
5.02, -7.21098655346, -1.03369812434, 2.09661662466, -0.00574709321247
5.03, -7.19010185176, -1.03380750418, 2.08574151881, -0.0108531740087
5.04, -7.16932063305, -1.03393784731, 2.07590123463, -0.0106859494989
5.05, -7.14864005603, -1.0340003191, 2.06596699538, -0.00144848036899
5.06, -7.12805746478, -1.03400270741, 2.05632169309, -6.46423106219e-05
5.07, -7.10757006928, -1.03405526223, 2.04693997671, -0.00896901821354
5.08, -7.08717496404, -1.03418564081, 2.03784687407, -0.0133542853623
5.09, -7.06686951722, -1.03429086011, 2.02900155842, -0.00572735658623
5.1, -7.04665438353, -1.03430783637, 2.0183979202, 0.0013672831902
5.11, -7.0265845237, -1.03432016728, 2.00167551239, -0.00394514878625
5.12, -7.00667808383, -1.03442018144, 1.98554409596, -0.0129234980009
5.13, -6.98693092771, -1.0345406718, 1.96982797962, -0.0110462096505
5.14, -6.9673386472, -1.0346132298, 1.95455310164, -0.0025937126077
5.15, -6.94789701026, -1.03461898692, 1.93969299217, 0.00052268629973
5.16, -6.92860182579, -1.03465593875, 1.92525519931, -0.00693656072317
5.17, -6.90944881635, -1.0347707894, 1.91123812166, -0.0125618143968
5.18, -6.89043397264, -1.03487931156, 1.89760856914, -0.00677781620971
5.19, -6.87155354108, -1.03490546461, 1.88433439905, 0.000990014173815
5.2, -6.85280382315, -1.0349094051, 1.87146132255, -0.00220141175963
5.21, -6.83415406118, -1.03498924002, 1.86441128676, -0.0111574963706
5.22, -6.81557060327, -1.03511678751, 1.85795406325, -0.0108565750444
5.23, -6.79705114323, -1.03518253483, 1.85161142395, -0.00157895866075
5.24, -6.77859396795, -1.03517849605, 1.84548012746, 0.00126603275599
5.25, -6.76019734779, -1.03521358421, 1.83951209496, -0.00717970453341
5.26, -6.74185937404, -1.0353326754, 1.83373913347, -0.0129100527301
5.27, -6.72357833809, -1.03543994575, 1.82810341787, -0.00620253402303
5.28, -6.70535282326, -1.03545731204, 1.82263312772, 0.00193936551334
5.29, -6.68718143354, -1.03545598947, 1.81729789045, -0.00211484330334
5.3, -6.66905311142, -1.03553977392, 1.81531408481, -0.0117709837796
5.31, -6.65092381031, -1.03565687659, 1.81601072145, -0.0108113719703
5.32, -6.6327875721, -1.03573181805, 1.81670574484, -0.00296247976651
5.33, -6.61464454813, -1.03573702033, 1.81738573814, 0.00107045184172
5.34, -6.59649498903, -1.03576334032, 1.81801756321, -0.00563185436987
5.35, -6.57833893106, -1.03586814829, 1.8186610961, -0.0120110985913
5.36, -6.56017650213, -1.03597811105, 1.81928507921, -0.00734896599755
5.37, -6.54200800529, -1.03600967531, 1.81989486418, 0.000745700691049
5.38, -6.52383380227, -1.03600968529, 1.82043872474, -0.00128785150958
5.39, -6.50565390988, -1.03607897173, 1.82100782398, -0.0102240383727
5.4, -6.48746437786, -1.03620379532, 1.82358694341, -0.0111715414709
5.41, -6.46922347987, -1.03627688893, 1.82987617791, -0.00239788725863
5.42, -6.45092091554, -1.03627589593, 1.83596052239, 0.00154402504104
5.43, -6.43255812662, -1.03630273479, 1.84190432785, -0.00610559546714
5.44, -6.41413663311, -1.0364148323, 1.84771502224, -0.0127290827487
5.45, -6.39565800078, -1.03652769255, 1.85334622335, -0.00721095940098
5.46, -6.37712400298, -1.03655413602, 1.85879900486, 0.00139368807096
5.47, -6.35853633698, -1.03655074139, 1.8640760022, -0.00135439824445
5.48, -6.33989635863, -1.03662568036, 1.86925596679, -0.0110772835377
5.49, -6.32120541656, -1.03675773837, 1.87426797159, -0.0115893277109
5.5, -6.30246792053, -1.03682946736, 1.87716142032, -0.00186387092869
5.51, -6.28374277357, -1.03682258068, 1.87356147081, 0.0019552488902
5.52, -6.26505205837, -1.03685068109, 1.8701494829, -0.00669693211259
5.53, -6.24639520381, -1.03695883094, 1.86681271661, -0.0118346685926
5.54, -6.22777122998, -1.03707739527, 1.86355480148, -0.00858186532099
5.55, -6.20917927924, -1.03711745323, 1.86039229536, 0.000488867629217
5.56, -6.19061865112, -1.03711141288, 1.85728517643, -0.000142519531703
5.57, -6.17208835521, -1.03717021665, 1.85431435955, -0.00958815132681
5.58, -6.15358737095, -1.03729777136, 1.85143034633, -0.0121316301512
5.59, -6.13511490908, -1.037382339, 1.84859608127, -0.00334464229334
5.6, -6.11667030568, -1.03738217234, 1.84585661058, 0.00222184687973
5.61, -6.09829156215, -1.0373969788, 1.83533284822, -0.00482533485658
