timestamp, prius1 x posi, prius1 y posi, prius1 x vel, prius1 y vel.
0.0, 0.0, 0.0, 0.0, 0.0
0.00999999999999, 24.9956779219, 1.00002137829, -0.132822595902, -0.00255228266847
0.02, 24.9942388456, 0.999996319692, -0.152326219827, 0.000174542110481
0.03, 24.9926044078, 1.00002418193, -0.171707419542, 0.00597346961643
0.04, 24.9907739442, 1.00007734695, -0.190947671818, 0.00491352553166
0.05, 24.9887488468, 1.00008264178, -0.209926701305, -0.00153718579586
0.06, 24.9865331691, 1.00005873537, -0.228504335773, -0.00187279012532
0.07, 24.9841331327, 1.00004550642, -0.246554986065, 0.00157479042824
0.08, 24.9815561094, 1.00007937012, -0.264012448019, 0.00586828811464
0.09, 24.9788093403, 1.00012473811, -0.280875552362, 0.00402427709852
0.1, 24.9758989561, 1.000129257, -0.297210042984, -0.000665974152796
0.11, 24.9728293704, 1.00014720796, -0.313405493941, 0.00343838922444
0.12, 24.9696032636, 1.00018953366, -0.329019107952, 0.00527230476852
0.13, 24.9662222931, 1.00022695277, -0.344383467588, 0.00056482766663
0.14, 24.9626879701, 1.00020549424, -0.359514118561, -0.00444918471617
0.15, 24.959002264, 1.00017714582, -0.374393623173, -0.0012023063573
0.16, 24.9551679106, 1.00020753701, -0.388986387496, 0.00512170488879
0.17, 24.9511885674, 1.00026601117, -0.403234788862, 0.00409963704301
0.18, 24.9466604913, 1.00029118933, -0.487200810572, 0.00156984245804
0.19, 24.9412642833, 1.00033232977, -0.574087619481, 0.00479066582201
0.2, 24.9349933275, 1.00037688684, -0.662344576548, 0.00151203111181
0.21, 24.9278463204, 1.00036186387, -0.750658459407, -0.00472969736712
0.22, 24.9198238397, 1.00032645021, -0.838899007392, -0.00230992048699
0.23, 24.9109261534, 1.00035538192, -0.927142098694, 0.00566466908823
0.24, 24.9011532515, 1.00043322344, -1.01539868456, 0.0065608391987
0.25, 24.890505165, 1.00046999206, -1.10364897725, -0.000339075110536
0.26, 24.8789820128, 1.00045223588, -1.19188598619, -0.00271978904474
0.27, 24.8665842798, 1.00046473211, -1.27955739149, 0.00400990267467
0.28, 24.8533167849, 1.00054601144, -1.36633613613, 0.00885451454294
0.29, 24.8391878892, 1.00062114037, -1.45196105005, 0.00378710646738
0.3, 24.8242080788, 1.00062540269, -1.5365248437, -0.00281195806505
0.31, 24.8083878874, 1.00061202621, -1.62004298681, 0.000120029931696
0.32, 24.7917375984, 1.00066531645, -1.7025438937, 0.0079572864146
0.33, 24.7742673553, 1.00076131678, -1.78403571323, 0.00796206575023
0.34, 24.7559873009, 1.00080817928, -1.86451759893, 0.00051466704232
0.35, 24.7369075275, 1.00080090544, -1.9439984733, -0.00135577047528
0.36, 24.7170378959, 1.00083195103, -2.02250418046, 0.00624270187865
0.37, 24.6963880284, 1.000937079, -2.10005462547, 0.0112497835236
0.38, 24.6749674985, 1.00103281277, -2.17664669488, 0.00557494349738
0.39, 24.6527865086, 1.00105275122, -2.25223940766, -0.00125331348656
0.4, 24.6298572388, 1.00105759653, -2.32689642403, 0.00223625424573
0.41, 24.6061907087, 1.00113476772, -2.4006151387, 0.0104727869884
0.42, 24.5817980264, 1.00125425816, -2.47350491554, 0.0100358218445
0.43, 24.5566878679, 1.00131708986, -2.54551549491, 0.00172447884469
0.44, 24.530869028, 1.00132011131, -2.616629772, -0.000339103066358
0.45, 24.5043502304, 1.00136429637, -2.68687395436, 0.0078451488649
0.46, 24.4771399839, 1.0014876451, -2.75626629742, 0.013145377524
0.47, 24.4492467741, 1.0015999028, -2.82479763628, 0.00699483498392
0.48, 24.4206803525, 1.0016313544, -2.8916109869, -0.000153832886901
0.49, 24.3914567974, 1.00164956317, -2.95646068041, 0.00393597614649
0.5, 24.3615941975, 1.00174779195, -3.01951157667, 0.01281982626
0.51, 24.3311102212, 1.00188883615, -3.08080633997, 0.011885333098
0.52, 24.3000222369, 1.00196490851, -3.14037902035, 0.00271566017193
0.53, 24.268347226, 1.00197743302, -3.19827542149, 0.000781800378979
0.54, 24.2361015716, 1.00203679168, -3.25455927961, 0.009692171013
0.55, 24.2033010908, 1.00217901743, -3.30928218667, 0.0149116955064
0.56, 24.1699612657, 1.00230393539, -3.36247132991, 0.00784712553542
0.57, 24.1360972975, 1.0023410188, -3.41416074969, 0.000381655863049
0.58, 24.1017239226, 1.00236853294, -3.46439987374, 0.00531335500164
0.59, 24.0668552864, 1.00248468055, -3.51324920252, 0.0148047210596
0.6, 24.0315051352, 1.00264271774, -3.56073764304, 0.0132047485289
0.61, 23.9956869966, 1.00272650396, -3.60688770201, 0.00316436698792
0.62, 23.9594140953, 1.00274426744, -3.65173488675, 0.00157995288378
0.63, 23.9226991314, 1.00281704001, -3.6953352487, 0.0114380170466
0.64, 23.8855543299, 1.0029773258, -3.73773070411, 0.0165487046487
0.65, 23.847991687, 1.00311274567, -3.77893601165, 0.00839725124783
0.66, 23.81002302, 1.00315219307, -3.81897567071, 0.000589609758474
0.67, 23.771659762, 1.00318620001, -3.85789116675, 0.00643698965609
0.68, 23.7329128342, 1.00331779956, -3.89573536436, 0.0165179214053
0.69, 23.6937928739, 1.00347541113, -3.9325235853, 0.0147301973087
0.7, 23.6543103644, 1.0035813457, -3.96827629804, 0.00553463679293
0.71, 23.6144755658, 1.00361435694, -4.00301721178, 0.0021687527405
0.72, 23.574298341, 1.00368301275, -4.03679017988, 0.0105559361718
0.73, 23.5337881409, 1.00383943163, -4.06963331492, 0.0169523010058
0.74, 23.4929542306, 1.00399050414, -4.10155603067, 0.0107040354909
0.75, 23.4518057726, 1.00405158649, -4.13257395768, 0.00218941632208
0.76, 23.410351659, 1.00408897187, -4.16271758968, 0.00581866029585
0.77, 23.3686003528, 1.0042112916, -4.19203240434, 0.0158333013432
0.78, 23.326560051, 1.0043876689, -4.22053481952, 0.015646637875
0.79, 23.2842388789, 1.00449685263, -4.24823103145, 0.00547664208195
0.8, 23.2416448311, 1.00452929905, -4.27513992448, 0.00233938055456
0.81, 23.198785542, 1.00460531759, -4.30130110444, 0.0117461085573
0.82, 23.1556682911, 1.00476302148, -4.32674387889, 0.0165205416781
0.83, 23.1123002721, 1.0049248673, -4.3514753587, 0.0126318824125
0.84, 23.0686885704, 1.00500578072, -4.37550436965, 0.00377121029368
0.85, 23.0248401074, 1.00504720427, -4.39885288367, 0.00525839996392
0.86, 22.9807614485, 1.00515921744, -4.42155949513, 0.0148844798909
0.87, 22.936458913, 1.00533631126, -4.44364075708, 0.0167222733532
0.88, 22.8919387775, 1.00546433383, -4.46509747877, 0.0076149494136
0.89, 22.8472072578, 1.00551028076, -4.48594178792, 0.00274588530818
0.9, 22.802270297, 1.00557931395, -4.50620422394, 0.0104680181463
0.91, 22.7571335177, 1.00574057769, -4.52591559319, 0.0181085083462
0.92, 22.7118024426, 1.00591022394, -4.54507575364, 0.012902819551
0.93, 22.666282603, 1.00598937691, -4.56368854739, 0.00341126789661
0.94, 22.620579388, 1.00603009081, -4.58177200484, 0.00559051559831
0.95, 22.5746978568, 1.00615070184, -4.59936260696, 0.0160550156859
0.96, 22.5286428744, 1.00632398574, -4.61646861756, 0.0166394948953
0.97, 22.4824193238, 1.00646273238, -4.63309174972, 0.00937183411117
0.98, 22.4360320154, 1.00652493307, -4.64923917091, 0.00385736190107
0.99, 22.3894855747, 1.00659371569, -4.66493380086, 0.00958456243449
1.0, 22.3427843528, 1.00674352967, -4.68020304894, 0.0171978269174
1.01, 22.2959326041, 1.00691464373, -4.69504763663, 0.01400197958
1.02, 22.2489346081, 1.007010912, -4.70946760012, 0.00520627943205
1.03, 22.2017945602, 1.00706071675, -4.72347546481, 0.00555309845588
1.04, 22.1545163916, 1.00717161144, -4.73710077372, 0.0146789683256
1.05, 22.1071038477, 1.00735100142, -4.75035567813, 0.0174607025979
1.06, 22.0595606858, 1.00749170953, -4.76323448008, 0.00914098038865
1.07, 22.0118906776, 1.00754994299, -4.77574156018, 0.00353167160339
1.08, 21.9640974123, 1.00762013843, -4.78789827058, 0.0101633922697
1.09, 21.9161842249, 1.0077788259, -4.79972995746, 0.0181506048708
1.1, 21.8681543938, 1.00795559939, -4.81123257512, 0.0141367707637
1.11, 21.8200112608, 1.00804860551, -4.82240324305, 0.00465927117617
1.12, 21.7717581047, 1.00809520121, -4.8332523321, 0.0055915870017
1.13, 21.7233979509, 1.0082118102, -4.84380844763, 0.0155928588696
1.14, 21.6749336771, 1.00839972343, -4.85407873192, 0.0180543547848
1.15, 21.6263682073, 1.00854058981, -4.86405575045, 0.00871831083797
1.16, 21.5777044968, 1.00859320882, -4.87374206559, 0.00308532159989
1.17, 21.5289453247, 1.00866436292, -4.88315729773, 0.0107560517271
1.18, 21.4800932319, 1.00882423825, -4.89207717832, 0.0157891126344
1.19, 21.4311507858, 1.00900297369, -4.90123683241, 0.0154009290119
1.2, 21.3821205498, 1.00911248151, -4.90989224012, 0.00618238350036
1.21, 21.3330050923, 1.00916411913, -4.91829433354, 0.00513174967155
1.22, 21.2838067809, 1.00926889241, -4.92646913758, 0.0142244518568
1.23, 21.2345278046, 1.00945104841, -4.93442742697, 0.0184005068954
1.24, 21.1851704063, 1.00960544256, -4.94215912691, 0.0105697666884
1.25, 21.1357368961, 1.00967179249, -4.94966195946, 0.00368699126566
1.26, 21.086229463, 1.00973700541, -4.95695277031, 0.00938197900337
1.27, 21.0366500719, 1.00989184756, -4.96405354033, 0.0183451686386
1.28, 20.9870006467, 1.01007849518, -4.97096125682, 0.0156121595398
1.29, 20.9372832117, 1.01018487469, -4.97766503684, 0.00557949156013
1.3, 20.8874997903, 1.01023208407, -4.98417076721, 0.00501944573545
1.31, 20.8376521954, 1.01034148371, -4.99050336993, 0.0150849547127
1.32, 20.7877420945, 1.01051853844, -4.99666934415, 0.0182972435465
1.33, 20.7377712335, 1.01068356126, -5.00266105846, 0.0122648958738
1.34, 20.6877414003, 1.0107641475, -5.00847153961, 0.00447541218343
1.35, 20.6376543187, 1.01082540588, -5.01411905947, 0.00814395259657
1.36, 20.5875115115, 1.01096664853, -5.01961946833, 0.0173438021811
1.37, 20.5373144378, 1.01115490725, -5.0249697127, 0.0167519311394
1.38, 20.4870646544, 1.01127779044, -5.03016689781, 0.00719163733451
1.39, 20.4367637608, 1.01133091715, -5.03520417966, 0.00459920957712
1.4, 20.386413182, 1.01142737313, -5.04010803442, 0.0134891791779
1.41, 20.3360141804, 1.0116098418, -5.04488659511, 0.0191632811184
1.42, 20.2855680707, 1.01177741482, -5.04953132513, 0.0120389240619
1.43, 20.2350762868, 1.01185248586, -5.05403272487, 0.00386110120557
1.44, 20.1845401879, 1.01191169891, -5.05840250273, 0.00839307584669
1.45, 20.1339609178, 1.01206006468, -5.06266410277, 0.0182726200784
1.46, 20.083339586, 1.01224049416, -5.06680967424, 0.016944864768
1.47, 20.0326774155, 1.0123748215, -5.07083530521, 0.00879728503171
1.48, 19.9819756496, 1.01243955967, -5.07473789499, 0.00504340074553
1.49, 19.9312354122, 1.01252955363, -5.07853377745, 0.0121387376892
1.5, 19.8804576698, 1.01269929613, -5.08223940195, 0.0183777980037
1.51, 19.8296434221, 1.01287040779, -5.08583818482, 0.0132768409706
1.52, 19.7787937774, 1.0129608297, -5.08932616062, 0.00519685056791
1.53, 19.7279098153, 1.01302276825, -5.09270812654, 0.00770119938971
1.54, 19.6769924285, 1.01315753676, -5.09600898662, 0.0167932210581
1.55, 19.6260424435, 1.01334620893, -5.09922665224, 0.0173470898821
1.56, 19.5750608044, 1.01347904929, -5.10234209685, 0.00828081384253
1.57, 19.5240485081, 1.01353832673, -5.10536662962, 0.00467368625424
1.58, 19.4730064292, 1.01362979074, -5.10830219851, 0.0127110968474
1.59, 19.4219352783, 1.01380726497, -5.11117704802, 0.0191116314464
1.6, 19.3708358218, 1.01398107298, -5.11396524558, 0.0130958148523
1.61, 19.3197089476, 1.01406599667, -5.1166675949, 0.00453067401544
1.62, 19.2685555209, 1.01412471173, -5.11928533939, 0.00779056707987
1.63, 19.2173762017, 1.01426521542, -5.1218434261, 0.0176150628676
1.64, 19.1661716005, 1.01446018188, -5.12433448115, 0.0176339296148
1.65, 19.1149424584, 1.01459028658, -5.12675285906, 0.00763305474545
1.66, 19.0636895958, 1.01464309314, -5.12909202361, 0.00424831090109
1.67, 19.0124136821, 1.01473603978, -5.13136795499, 0.0133179543642
1.68, 18.9611152257, 1.01490951704, -5.13359308329, 0.0181795593675
1.69, 18.9097948329, 1.01508895094, -5.13575693444, 0.0144913239585
1.7, 18.8584531819, 1.01518841546, -5.13785023624, 0.00558614367476
1.71, 18.8070909708, 1.01524624308, -5.13987661558, 0.0067634845467
1.72, 18.7557087238, 1.01537214189, -5.14185668811, 0.0162512592602
1.73, 18.7043068857, 1.01556365893, -5.14378870361, 0.0182812898658
1.74, 18.6528860113, 1.01570810408, -5.14566104251, 0.00930148995551
1.75, 18.6014467542, 1.0157698669, -5.14747478801, 0.00421692610037
1.76, 18.5499896646, 1.01585186661, -5.14923515916, 0.0116682392034
1.77, 18.4985151221, 1.01602506613, -5.15096173256, 0.0193695799101
1.78, 18.4470235448, 1.01620858181, -5.15263614585, 0.0143993555148
1.79, 18.3955154913, 1.01630269257, -5.15426143087, 0.00486439621508
1.8, 18.3439915347, 1.01635620013, -5.15582885345, 0.00673659083351
1.81, 18.2924520573, 1.01648722043, -5.15735997089, 0.0170829654026
1.82, 18.2408973631, 1.01667191012, -5.15886426761, 0.0178863413506
1.83, 18.1893279246, 1.01682370892, -5.16031250311, 0.010696865866
1.84, 18.1377442397, 1.01689806661, -5.16171927158, 0.00496690191098
1.85, 18.0861467566, 1.0169765572, -5.16307639063, 0.0104904177877
1.86, 18.0345357611, 1.0171356996, -5.16441778348, 0.0182145432422
1.87, 17.9829115624, 1.01731816757, -5.16571506035, 0.0152239195043
1.88, 17.9312745873, 1.01742642189, -5.16697633339, 0.00634475162443
1.89, 17.8796253085, 1.01748597917, -5.16818639345, 0.00641475044091
1.9, 17.8279640211, 1.01760484718, -5.1693737781, 0.0154954538569
1.91, 17.7762909501, 1.01779346249, -5.17054094453, 0.0184998297298
1.92, 17.7246064231, 1.01794526107, -5.17166560054, 0.0102674356469
1.93, 17.6729108723, 1.01801353635, -5.17274994303, 0.00441916190734
1.94, 17.6212046516, 1.01809117162, -5.17380537692, 0.0108461926575
1.95, 17.5694879551, 1.01825715033, -5.17484314762, 0.0189762386934
1.96, 17.5177609947, 1.01844351367, -5.17585014286, 0.0151883743153
1.97, 17.4660241352, 1.01854677292, -5.17682255237, 0.00561437061198
1.98, 17.4142777658, 1.01860122857, -5.17776360925, 0.00625650317557
1.99, 17.3625221086, 1.01872397135, -5.17868387992, 0.0162306482333
2.0, 17.3107572945, 1.01891957374, -5.17958960491, 0.0189547062379
2.01, 17.2589835819, 1.01907022262, -5.18046355028, 0.00970940073023
2.02, 17.207201349, 1.01913143532, -5.18129889247, 0.00380980909858
2.03, 17.1554108803, 1.019208273, -5.18210956922, 0.0112473047106
2.04, 17.1036122759, 1.01937357554, -5.18266967067, 0.0164486715198
2.05, 17.0518057158, 1.0195600906, -5.18370065601, 0.0162554375815
2.06, 16.9999914664, 1.01967772436, -5.18445538118, 0.00691255346122
2.07, 16.9481698622, 1.01973495039, -5.18517866111, 0.00557255137873
2.08, 16.896341089, 1.01984372967, -5.18588880728, 0.0146610990124
2.09, 16.8445052224, 1.02003170537, -5.18659202078, 0.0191171434676
2.1, 16.7926624354, 1.02019405802, -5.18727206213, 0.0113767567422
2.11, 16.7408130344, 1.02026715127, -5.18792348406, 0.00422539828258
2.12, 16.6889572783, 1.02033632452, -5.18855046532, 0.00971930531394
2.13, 16.637095237, 1.02049522479, -5.18917756295, 0.0188593004098
2.14, 16.5852269924, 1.02068851422, -5.18978928095, 0.0163660206025
2.15, 16.5333527827, 1.02080195373, -5.19037430454, 0.00619101606968
2.16, 16.4814728999, 1.02085338505, -5.19093184792, 0.00530765532397
2.17, 16.4295874748, 1.02096524178, -5.1914791534, 0.0153758908958
2.18, 16.3776965308, 1.02114680982, -5.19202242616, 0.018887768878
2.19, 16.3258002133, 1.02131839639, -5.19255401278, 0.0129183168755
2.2, 16.2738987595, 1.02140399318, -5.19305992206, 0.00483256652546
2.21, 16.2219923986, 1.02146753138, -5.19354326645, 0.00832763980988
2.22, 16.1700811902, 1.02161157043, -5.19402376587, 0.0177576607821
2.23, 16.1181651607, 1.02180547097, -5.19449765087, 0.0174016755616
2.24, 16.066244482, 1.02193424852, -5.19495520964, 0.00767222262144
2.25, 16.0143194091, 1.02199023291, -5.1953886953, 0.0047506212908
2.26, 15.9623900697, 1.0220880665, -5.19580926391, 0.0136917461183
2.27, 15.9104564531, 1.02227428235, -5.19623297988, 0.0196864839679
2.28, 15.8585186375, 1.02244776005, -5.19664905717, 0.0126142993683
2.29, 15.8066079845, 1.02252678767, -5.1900144821, 0.00408470963829
2.3, 15.7547743817, 1.02258674601, -5.18227150134, 0.00842126103601
2.31, 15.7030171427, 1.02273632273, -5.17473224962, 0.0185339502508
2.32, 15.6513341478, 1.02290817654, -5.16740943158, 0.0173226506266
2.33, 15.5997233606, 1.02305943035, -5.16028884956, 0.0110929652513
2.34, 15.5481828282, 1.02314024663, -5.15335542221, 0.00562258117737
2.35, 15.4967106274, 1.02322084148, -5.14661978341, 0.0102549557213
2.36, 15.4453047628, 1.02337340259, -5.14008126552, 0.0173968316607
2.37, 15.3939633046, 1.02355061564, -5.13372745648, 0.0151041392156
2.38, 15.3426845031, 1.02366280227, -5.1275472009, 0.00703790037083
2.39, 15.291497836, 1.02372763503, -5.11450865009, 0.00660852421333
2.4, 15.2404512574, 1.02384240016, -5.10055472146, 0.0146617373995
2.41, 15.1895423149, 1.02402188211, -5.08696836296, 0.017764988882
2.42, 15.1387672429, 1.02417180427, -5.07376467834, 0.010557398717
2.43, 15.0881224115, 1.02424521252, -5.06091613912, 0.00489801391062
2.44, 15.0376042154, 1.02432236879, -5.04842752492, 0.0102904782177
2.45, 14.9872090144, 1.02447831085, -5.03630180486, 0.0178213594971
2.46, 14.9369332944, 1.02465657878, -5.02452024797, 0.0148387381316
2.47, 14.8867737774, 1.02476168616, -5.01305487523, 0.00610025630474
2.48, 14.8367273101, 1.02481889115, -5.00190560134, 0.00615999071534
2.49, 14.7868529599, 1.0249339207, -4.9770288688, 0.0150010434347
2.5, 14.7372469212, 1.02511658827, -4.95028529582, 0.0178750954608
2.51, 14.6879048171, 1.02526229343, -4.92423158729, 0.00973200623498
2.52, 14.6388195946, 1.02532546766, -4.89889283119, 0.00393538764924
2.53, 14.5899841201, 1.02539743387, -4.8742644471, 0.0101968664986
2.54, 14.5413912745, 1.02555535115, -4.8503423794, 0.018087334024
2.55, 14.493034166, 1.02573243006, -4.82709360616, 0.0142939688043
2.56, 14.4449062427, 1.02582736193, -4.80448940099, 0.00485932778342
2.57, 14.3970011594, 1.02587420696, -4.78251321043, 0.00547448379811
2.58, 14.3493146785, 1.02598772178, -4.75907994227, 0.0151985724747
2.59, 14.3019467101, 1.02617164523, -4.72147536209, 0.0177327064546
2.6, 14.2549453029, 1.02631004191, -4.68519439897, 0.00854468768254
2.61, 14.2083018272, 1.02636961711, -4.64987677531, 0.00487129575127
2.62, 14.1620064877, 1.02643399194, -4.61553596637, 0.008562866945
2.63, 14.1160495762, 1.02657261905, -4.58215919608, 0.0163253618434
2.64, 14.0704216396, 1.0267413048, -4.54971055865, 0.0143115772175
2.65, 14.0251135984, 1.02684223736, -4.51815627078, 0.00556791993159
2.66, 13.9801166316, 1.02688832175, -4.48747627712, 0.00454538590283
2.67, 13.935421979, 1.02698368331, -4.45766791827, 0.0129845935058
2.68, 13.8910209834, 1.0271503731, -4.42871345816, 0.0167540418278
2.69, 13.8469321729, 1.02728962628, -4.39147560977, 0.00927942949411
2.7, 13.8032691231, 1.02734534821, -4.34776373146, 0.00276156108472
2.71, 13.7600371884, 1.02739926032, -4.30520936729, 0.00801955930071
2.72, 13.717224653, 1.02753594582, -4.26384686027, 0.0162591159078
2.73, 13.6748197325, 1.02770074397, -4.2236470343, 0.0135298765406
2.74, 13.632811072, 1.02778897039, -4.18456430794, 0.00402745100621
2.75, 13.5911876934, 1.02782106823, -4.14656563343, 0.00344905471695
2.76, 13.5499387869, 1.02791072449, -4.109636999, 0.0127827217165
2.77, 13.5090537572, 1.02807552779, -4.07375361817, 0.016375640728
2.78, 13.4685224105, 1.02820556162, -4.03887052742, 0.00793019935418
2.79, 13.4283972104, 1.02824564273, -3.99090818993, 0.00123072634483
2.8, 13.3887679257, 1.02828911057, -3.94171993616, 0.00744154788077
2.81, 13.3496236619, 1.02841613297, -3.89363764011, 0.0130275113473
2.82, 13.310950996, 1.02855924182, -3.84735819156, 0.0136548794118
2.83, 13.2727367804, 1.02866588065, -3.80214223375, 0.00644194457378
2.84, 13.2349683259, 1.0287068942, -3.75817429974, 0.0024663091776
2.85, 13.1976332689, 1.02876430543, -3.71542795314, 0.00835396656395
2.86, 13.1607194832, 1.02889264994, -3.67388046742, 0.0142340540275
2.87, 13.1242152121, 1.02902667598, -3.6334888978, 0.0100679092935
2.88, 13.0881091254, 1.02908873376, -3.59421478298, 0.00250134898217
2.89, 13.052467513, 1.02911901508, -3.54034865267, 0.00401749474648
2.9, 13.0173648983, 1.02921011799, -3.48706363092, 0.0120694746757
2.91, 12.9827876628, 1.02935225235, -3.4352368297, 0.0130416251184
2.92, 12.9487212252, 1.02944755522, -3.38485997126, 0.00495917015287
2.93, 12.9151513862, 1.02947300021, -3.3358821656, 0.00103897055995
2.94, 12.8820642577, 1.0295206241, -3.28827879013, 0.00775810680478
2.95, 12.8494462286, 1.02964504317, -3.24201812441, 0.0138280608284
2.96, 12.8172841255, 1.02977091908, -3.19705186053, 0.00884583110447
2.97, 12.7855652772, 1.02981710647, -3.15333435143, 0.00078219529027
2.98, 12.7542977854, 1.02983327322, -3.102990526, 0.00302293264744
2.99, 12.7235916404, 1.02991919211, -3.045305319, 0.0117588095018
3.0, 12.6934540511, 1.03005545558, -2.98918927709, 0.0120569092623
3.01, 12.6638696458, 1.03013552985, -2.93462527522, 0.00312787554421
3.02, 12.6348230716, 1.03014384703, -2.8815831938, -0.000367011538291
3.03, 12.6062992694, 1.03018309818, -2.83002841629, 0.00733131475384
3.04, 12.5782835167, 1.03030378939, -2.77992522398, 0.013277699371
3.05, 12.5507616051, 1.03041845958, -2.73121597625, 0.00724788018794
3.06, 12.523719886, 1.03044609917, -2.6838515223, -0.0010595671484
3.07, 12.4971450862, 1.03044851768, -2.63779863497, 0.00209622534256
3.08, 12.4710241332, 1.03052918593, -2.59304090466, 0.0114248999187
3.09, 12.4454216086, 1.03065995691, -2.5338530061, 0.011148339685
3.1, 12.4204106775, 1.03072567313, -2.47536983124, 0.0013317147902
3.11, 12.3959765537, 1.03072839219, -2.4184662454, -0.000823914503824
3.12, 12.3721032364, 1.03075121571, -2.36315893613, 0.00499344828638
3.13, 12.3487748976, 1.03084842215, -2.30942054614, 0.0113153867893
3.14, 12.3259761615, 1.03095357505, -2.25719120199, 0.00710605257238
3.15, 12.3036922637, 1.03098310382, -2.20641262306, -0.000996762142893
3.16, 12.2819088875, 1.03097682225, -2.15704883657, 0.000352677917149
3.17, 12.2606119805, 1.0310334353, -2.10907696227, 0.00885280996753
3.18, 12.2397878314, 1.03114576278, -2.06245336719, 0.0101515592613
3.19, 12.2194510005, 1.03121072992, -2.01051625001, 0.00170713659475
3.2, 12.1996410981, 1.0312008029, -1.95832699173, -0.00266974253477
3.21, 12.1803457512, 1.03121179738, -1.90757102577, 0.00425238349248
3.22, 12.1615505532, 1.03130411182, -1.85824986519, 0.0108404347728
3.23, 12.1432414252, 1.0314005296, -1.81031344056, 0.00581647760153
3.24, 12.1254048176, 1.03141343344, -1.76371068853, -0.00280606230165
3.25, 12.1080275823, 1.03139204698, -1.71840564277, -0.000774743090715
3.26, 12.0910967972, 1.03144236803, -1.67437983547, 0.00850807689887
3.27, 12.0745998686, 1.03155008086, -1.63159282312, 0.00940198385374
3.28, 12.0585247015, 1.03160229004, -1.58999307742, 5.71973886134e-05
3.29, 12.0428467058, 1.03157554272, -1.55330281911, -0.00417164285211
3.3, 12.0275134205, 1.03157714333, -1.5196820566, 0.00376815247798
3.31, 12.0125112789, 1.03165952407, -1.48679595034, 0.00738869315685
3.32, 11.9978309087, 1.03174596047, -1.45530156157, 0.00584481335164
3.33, 11.9834633834, 1.03176377167, -1.42444294678, -0.0023632788876
3.34, 11.9694000804, 1.03173790495, -1.39443706519, -0.00211547662485
3.35, 11.955632475, 1.03176768297, -1.36527725524, 0.00622479942113
3.36, 11.9421522048, 1.03185972218, -1.33694135594, 0.00868484710139
3.37, 11.9289512429, 1.03191498056, -1.30939205962, 0.000902994274929
3.38, 11.9160155039, 1.03189328497, -1.28519822021, -0.00433610863779
3.39, 11.9032946512, 1.03188215214, -1.26489223729, 0.0017353599479
3.4, 11.8907738293, 1.03195210974, -1.2451868767, 0.00903124155718
3.41, 11.878447161, 1.03203790201, -1.22604095853, 0.00523571623115
3.42, 11.8663092626, 1.03204558517, -1.20742099159, -0.00357467112073
3.43, 11.8543549459, 1.03200999199, -1.18931477836, -0.00274601158971
3.44, 11.8425790118, 1.03203866947, -1.17172713611, 0.00643604775339
3.45, 11.8309763346, 1.03213248233, -1.1546435038, 0.00862896804736
3.46, 11.8195420613, 1.03218207563, -1.13803218393, -6.25869409167e-05
3.47, 11.8082715999, 1.03214966062, -1.12187396342, -0.00530388564404
3.48, 11.7971604032, 1.03213395247, -1.10616776872, 0.00172565627256
3.49, 11.7861975138, 1.03220688095, -1.09351216494, 0.00938064628259
3.5, 11.7753357573, 1.03229220382, -1.08442249862, 0.00475488791239
3.51, 11.7645636533, 1.03229085346, -1.07559454987, -0.00467055104158
3.52, 11.7538785974, 1.0322471953, -1.06701045837, -0.00316542749685
3.53, 11.7432780779, 1.0322772358, -1.05867731995, 0.00690210030494
3.54, 11.7327596162, 1.03236118866, -1.05058475573, 0.00796500629598
3.55, 11.7223209403, 1.03241566099, -1.04271473129, 0.00108941246374
3.56, 11.7119599086, 1.03239344252, -1.03505467099, -0.00480330471641
3.57, 11.7016744025, 1.0323718173, -1.02760659374, 0.000307513121361
3.58, 11.6914404468, 1.03242857722, -1.02529113948, 0.00802676496417
3.59, 11.681221164, 1.03251113761, -1.02394269451, 0.00541781486023
3.6, 11.6710151073, 1.03252243343, -1.02264236491, -0.00334168013205
3.61, 11.6608219379, 1.03248335948, -1.02137038534, -0.00363694288218
3.62, 11.6506412618, 1.03249989459, -1.02014110349, 0.00518445033909
3.63, 11.6404726181, 1.03258656063, -1.01895699739, 0.00846999050771
3.64, 11.6303156628, 1.03264021286, -1.01780169276, 0.00058380805875
3.65, 11.6201701836, 1.03261118238, -1.01666700349, -0.00543632711057
3.66, 11.6100359092, 1.03258784499, -1.01556229681, 0.000571026193446
3.67, 11.5999124208, 1.03265068131, -1.01450355698, 0.00872624802821
3.68, 11.5897863944, 1.03273685073, -1.01723693825, 0.00537606744104
3.69, 11.5796165706, 1.03274310853, -1.02192818762, -0.00408192180008
3.7, 11.5694004581, 1.03269869746, -1.02650243309, -0.00383297177408
3.71, 11.5591391898, 1.03271879405, -1.03096101127, 0.00589750495225
3.72, 11.5488338966, 1.03281254317, -1.03530510796, 0.008955362881
3.73, 11.5384858133, 1.03286559231, -1.03952150748, 8.59046562733e-05
3.74, 11.5280962641, 1.03282998577, -1.04360835601, -0.00601038956248
3.75, 11.5176664561, 1.03280608962, -1.04757993348, 0.000991387864565
3.76, 11.5071973976, 1.03287667842, -1.05145556133, 0.00958121513927
3.77, 11.4966901178, 1.03295379638, -1.05522340179, 0.00595281675333
3.78, 11.4861393645, 1.03297332401, -1.06147396226, -0.00251676428716
3.79, 11.4755034938, 1.03293761683, -1.07075253739, -0.0037997191394
3.8, 11.4647761316, 1.03294832647, -1.07979592203, 0.00444958288431
3.81, 11.4539595193, 1.03303152667, -1.08860354873, 0.00859147991787
3.82, 11.4430561172, 1.03309234961, -1.09715975156, 0.00162554130042
3.83, 11.4320684627, 1.03307212927, -1.10546630861, -0.00491459917309
3.84, 11.4209989756, 1.03304773711, -1.11353662229, 2.38871041429e-05
3.85, 11.409849851, 1.0331049235, -1.12139573312, 0.00838846766724
3.86, 11.3986232303, 1.03319430497, -1.1290385017, 0.00622554258298
3.87, 11.3873206099, 1.03321173415, -1.13718765155, -0.00300812642966
3.88, 11.3759071081, 1.03317242409, -1.1502871863, -0.00387259032179
3.89, 11.3643658894, 1.03318773394, -1.16292955338, 0.00528466018666
3.9, 11.3526999012, 1.03327982241, -1.17524182102, 0.00931367083166
3.91, 11.3409125795, 1.03334270047, -1.18720557385, 0.00139242235741
3.92, 11.3290074393, 1.03331792584, -1.19882178204, -0.00535065603273
3.93, 11.3169878385, 1.03329379409, -1.21011046181, 0.000505516563746
3.94, 11.3048568738, 1.0333597065, -1.22109853606, 0.00939308183076
3.95, 11.2926175705, 1.03345585438, -1.23178275152, 0.00648456917059
3.96, 11.2802730282, 1.03347086002, -1.24215795246, -0.00352673218412
3.97, 11.2678263125, 1.03342806486, -1.25223269471, -0.00389237796631
3.98, 11.2552795157, 1.03344886574, -1.26276383194, 0.00622721576134
3.99, 11.2425981865, 1.03353654964, -1.27819910097, 0.00928100540246
4.0, 11.2297661761, 1.03361080682, -1.29310230476, 0.00316593508273
4.01, 11.2167872843, 1.03360121134, -1.30758950821, -0.00445930041127
4.02, 11.2036656596, 1.03357428838, -1.32166563455, -0.000614872234316
4.03, 11.1904052146, 1.03362780891, -1.33536057009, 0.00851581528656
4.04, 11.177009735, 1.03372684694, -1.34867888609, 0.00775886145868
4.05, 11.163483041, 1.03375989502, -1.36161613082, -0.0017514476616
4.06, 11.1498289271, 1.03372482498, -1.37418042552, -0.00413009104252
4.07, 11.136050948, 1.03373458678, -1.38639903805, 0.00481560361772
4.08, 11.1221254014, 1.03382954104, -1.4037739862, 0.0103275828073
4.09, 11.1080257515, 1.03390821171, -1.42098890079, 0.00313228351857
4.1, 11.0937564114, 1.03389519406, -1.43772717997, -0.00485312547903
4.11, 11.0793221495, 1.03386851707, -1.45399202301, -0.000138003318806
4.12, 11.0647274871, 1.03393135744, -1.46981554663, 0.00964991550485
4.13, 11.0499768227, 1.03402444484, -1.48519950209, 0.00815321229429
4.14, 11.0350745744, 1.03407125656, -1.50014720105, 0.000109411157804
4.15, 11.0200250854, 1.03405051433, -1.51466599391, -0.00341046524525
4.16, 11.004832494, 1.03405639591, -1.52878056943, 0.00370554288037
4.17, 10.9895006991, 1.03414088997, -1.54251288754, 0.00976321751311
4.18, 10.9740206049, 1.03422551161, -1.55962067611, 0.00463793482541
4.19, 10.9583550493, 1.03423076321, -1.57828356708, -0.0032120836572
4.2, 10.9425054786, 1.03420978898, -1.59644121019, -0.000553210931921
4.21, 10.9264768566, 1.0342616367, -1.61410509399, 0.00841370515351
4.22, 10.9102740841, 1.03436560489, -1.63128083274, 0.00881680270681
4.23, 10.8939020695, 1.03441368694, -1.64796837186, -0.000119426364813
4.24, 10.8773656713, 1.03439047488, -1.66417787834, -0.00347606315567
4.25, 10.8606695002, 1.03440082855, -1.67993698583, 0.00456881135868
4.26, 10.8438179088, 1.03449587175, -1.69526891871, 0.0107705530771
4.27, 10.82681447, 1.03458597254, -1.71089955678, 0.00473873935344
4.28, 10.8096264117, 1.03458875763, -1.73126990629, -0.00356009336686
4.29, 10.7922390793, 1.03456780455, -1.75096531906, -0.000133997488318
4.3, 10.7746574686, 1.03462860235, -1.7701343583, 0.00955217614148
4.31, 10.7568868725, 1.03474203022, -1.7887732062, 0.00942018870341
4.32, 10.7389326259, 1.03479066642, -1.80688099845, -0.00043019489486
4.33, 10.720800006, 1.0347645142, -1.82446977536, -0.00354478016323
4.34, 10.7024940125, 1.03477985965, -1.84157046841, 0.00551675059765
4.35, 10.6840193704, 1.03488617939, -1.85820709078, 0.0118203422945
4.36, 10.6653807592, 1.0349816371, -1.87437533961, 0.00478964099794
4.37, 10.6465828848, 1.03498134493, -1.8900786924, -0.00395765920335
4.38, 10.6276302973, 1.03496042658, -1.90533600019, 0.000331749670356
4.39, 10.6084943541, 1.03503084238, -1.92623723587, 0.010759913564
4.4, 10.5891553224, 1.03514014666, -1.94631842128, 0.0105863908206
4.41, 10.5696183113, 1.0352069954, -1.96584584136, 0.00147787851818
4.42, 10.5498889419, 1.03519088476, -1.98481336772, -0.00351695184356
4.43, 10.529972643, 1.03519700802, -2.00324902617, 0.00418537521901
4.44, 10.5098745398, 1.03529610392, -2.02118315328, 0.0119588146749
4.45, 10.4895996662, 1.03540480043, -2.03861449964, 0.00682805514204
4.46, 10.4691530757, 1.03542274572, -2.05554549982, -0.00276579760742
4.47, 10.4485396943, 1.03540100526, -2.071992789, -0.000689825521836
4.48, 10.4277370921, 1.03545912929, -2.09347581124, 0.00986193803389
4.49, 10.4067198293, 1.03557090646, -2.1146928164, 0.0113261820887
4.5, 10.3854933752, 1.03565443977, -2.1353270013, 0.00352846523943
4.51, 10.3640636541, 1.03565272514, -2.1553696504, -0.0029209067407
4.52, 10.3424364402, 1.03565352445, -2.17484522338, 0.00298404058344
4.53, 10.3206171892, 1.03574304644, -2.19378766201, 0.0116365495095
4.54, 10.2986112201, 1.03586089435, -2.21220033471, 0.00864138789261
4.55, 10.2764238571, 1.03589870332, -2.23008493559, -0.00112043598416
4.56, 10.2540603216, 1.03588140525, -2.24745627378, -0.00127684890287
4.57, 10.231525528, 1.0359278358, -2.26434876901, 0.00868998652004
4.58, 10.2088241575, 1.03605272784, -2.28077925147, 0.0122949222582
4.59, 10.185954491, 1.03613989637, -2.29933896367, 0.00343148429739
4.6, 10.1628784251, 1.03613512441, -2.32057602357, -0.0031698226421
4.61, 10.13959308, 1.03613851181, -2.34123164741, 0.00372483513973
4.62, 10.1161040322, 1.03623922523, -2.36132639546, 0.0128559751703
4.63, 10.0924169477, 1.03635145885, -2.38085181398, 0.00959520190148
4.64, 10.0685374993, 1.03640618187, -2.39981721867, 0.00078773729994
4.65, 10.0444712429, 1.03640066445, -2.41823538812, -0.000965268676066
4.66, 10.0202234596, 1.03644039894, -2.43613761302, 0.00751650649717
4.67, 9.99579917221, 1.03655771485, -2.45354548213, 0.0122534441853
4.68, 9.97122775641, 1.03665589006, -2.46425704529, 0.00527923512565
4.69, 9.94656914494, 1.03666911524, -2.47255687201, -0.00184922308328
4.7, 9.92182892166, 1.03667366484, -2.48059773392, 0.00290503212481
4.71, 9.89700929265, 1.0367622609, -2.48843988412, 0.0118083074313
4.72, 9.87211221612, 1.03688848353, -2.49608887021, 0.0100195252074
4.73, 9.84713969018, 1.03694207487, -2.50353837939, 0.000360952649943
4.74, 9.822093724, 1.0369331039, -2.51076723179, -0.00104006064927
4.75, 9.79697633413, 1.03697734517, -2.51782908236, 0.00835997436949
4.76, 9.77178936625, 1.03710365822, -2.5246978043, 0.0129962293621
4.77, 9.74653475913, 1.03720375743, -2.53136744503, 0.00501345313043
4.78, 9.72121452068, 1.03721159678, -2.537832778, -0.00238882459023
4.79, 9.69584396694, 1.03721528186, -2.5395726254, 0.00327544167953
4.8, 9.67048551079, 1.03731168185, -2.53752669783, 0.0127379829167
4.81, 9.64514733047, 1.03743007016, -2.53550605294, 0.0107378543092
4.82, 9.61982911644, 1.03749752279, -2.53353365905, 0.0019105891777
4.83, 9.59453043984, 1.03749608638, -2.53160546428, -0.00117701444869
4.84, 9.56925073552, 1.0375293116, -2.52973936242, 0.006794301363
4.85, 9.54398938427, 1.03764455145, -2.52793442654, 0.0126351350061
4.86, 9.51874577239, 1.03775220674, -2.52618363609, 0.00649148125492
4.87, 9.49351953989, 1.03777368858, -2.5244438802, -0.00154897524286
4.88, 9.4683102009, 1.0377737833, -2.5228005342, 0.00200732114422
4.89, 9.44314833013, 1.03785438443, -2.51417404511, 0.0113735375377
4.9, 9.41808307862, 1.03798381028, -2.50450627652, 0.0109122509795
4.91, 9.39311332595, 1.03804737105, -2.49507675398, 0.00116501597269
4.92, 9.36823660259, 1.03803858836, -2.48587616007, -0.00168663013883
4.93, 9.34345027949, 1.03807209614, -2.47698620932, 0.00725059991037
4.94, 9.31875173448, 1.0381933214, -2.46833481205, 0.0131370609599
4.95, 9.29413846042, 1.03830070453, -2.45992398528, 0.00598399032863
4.96, 9.26960817446, 1.03831362357, -2.45171374576, -0.00247897977097
4.97, 9.24515859136, 1.03830842788, -2.44377751867, 0.00193700720704
4.98, 9.22078740495, 1.03839307645, -2.43602935904, 0.0120105081066
4.99, 9.19649223336, 1.03851282252, -2.42853304704, 0.0114736612209
5.0, 9.17231800168, 1.03858833811, -2.41258156956, 0.00244464759961
5.01, 9.14829683668, 1.03858364067, -2.39743073721, -0.00221859041548
5.02, 9.1244254025, 1.03860241722, -2.38263871821, 0.00536935599109
5.03, 9.10069941708, 1.03870249911, -2.36805312042, 0.00936194747182
5.04, 9.07711474938, 1.03881277209, -2.35438533317, 0.00847155741819
5.05, 9.05366750149, 1.03885695037, -2.34080932365, 0.000125221102774
5.06, 9.03035382288, 1.03885260003, -2.32765858649, -0.000242186199028
5.07, 9.00717000846, 1.03890043604, -2.31485442702, 0.00810467670732
5.08, 8.98411232867, 1.03901502141, -2.30239461192, 0.0112640571347
5.09, 8.96116423738, 1.03909859603, -2.29406916021, 0.00379184795111
5.1, 8.93828140985, 1.03910334194, -2.28802455497, -0.00199499016871
5.11, 8.91545826327, 1.03911278322, -2.28213118002, 0.00365157221901
5.12, 8.89269284834, 1.039203972, -2.27644249463, 0.0114273817241
5.13, 8.86998354127, 1.03931780198, -2.27090638676, 0.00828670279108
5.14, 8.84732881691, 1.03935572561, -2.26551977919, -0.000732538564002
5.15, 8.82472731233, 1.03934472406, -2.26026904771, -0.00058865779549
5.16, 8.80217745226, 1.03939436573, -2.25518014261, 0.00862776363271
5.17, 8.77967771113, 1.03951419118, -2.25024009641, 0.0115798452601
5.18, 8.75722662645, 1.0395957143, -2.24543960408, 0.00316191591677
5.19, 8.73480591685, 1.03959259053, -2.24509442583, -0.00270567391149
5.2, 8.71237579385, 1.0395998393, -2.24623067002, 0.00388912947455
5.21, 8.68993425516, 1.03969686227, -2.24738997354, 0.0120896473167
5.22, 8.66748143554, 1.03981366947, -2.248503863, 0.00815324978891
5.23, 8.64501774605, 1.03984571165, -2.24955068869, -0.00154708506016
5.24, 8.62254357833, 1.0398289735, -2.25060094644, -0.000793689086263
5.25, 8.60005922815, 1.03988221708, -2.25160865014, 0.00934681007873
5.26, 8.57756484599, 1.03999495983, -2.25258176578, 0.0112262168571
5.27, 8.55506070093, 1.04008458157, -2.25354208305, 0.00462427991508
5.28, 8.53254714317, 1.04009417187, -2.2544839461, -0.00200491120244
5.29, 8.51002063051, 1.04009708424, -2.2573542674, 0.00262310951205
5.3, 8.48743930062, 1.04017964623, -2.26399892656, 0.0109527817217
5.31, 8.46479266203, 1.04029623011, -2.27047926264, 0.00909283306411
5.32, 8.44208233692, 1.04034340425, -2.276758792, -9.86647537793e-06
5.33, 8.41931021158, 1.04033276908, -2.28283385294, -0.00115129004616
5.34, 8.39647797798, 1.04037366882, -2.28878147937, 0.00776895106931
5.35, 8.37358723937, 1.04049121511, -2.29453706966, 0.011974038272
5.36, 8.35063956678, 1.04058235546, -2.3001641909, 0.00433122935114
5.37, 8.32763674198, 1.04058670799, -2.30560045372, -0.00252285382692
5.38, 8.30458036186, 1.04058886399, -2.31088238917, 0.0029859395684
5.39, 8.28147183595, 1.04067898506, -2.31602794331, 0.0118467940063
5.4, 8.25830314964, 1.04080133615, -2.32420212219, 0.00926422951828
5.41, 8.2350332773, 1.04084516317, -2.33479321458, -0.000624440838048
5.42, 8.21165920425, 1.04083000116, -2.34506361165, -0.00128744728258
5.43, 8.18818362057, 1.04087530563, -2.35507894306, 0.00860313412263
5.44, 8.16460925251, 1.04100164244, -2.36482286625, 0.0126626935505
5.45, 8.14093884742, 1.04109408975, -2.37430798516, 0.00399591426629
5.46, 8.11717525255, 1.04109292243, -2.38349522131, -0.00303491740479
5.47, 8.09332112277, 1.0410950467, -2.3924244491, 0.0034753349994
5.48, 8.06937684733, 1.04119415593, -2.40248505389, 0.0128773858978
5.49, 8.04530470145, 1.04130945784, -2.41674565991, 0.0100546462149
5.5, 8.02109265093, 1.04136828793, -2.43057196213, 0.00106190254681
5.51, 7.99674434105, 1.04136262404, -2.44402790519, -0.00119752322028
5.52, 7.97226357416, 1.04139935002, -2.45707668468, 0.00727316303278
5.53, 7.94765392602, 1.04151679812, -2.46980529332, 0.0124981865585
5.54, 7.92291898385, 1.04161888972, -2.48215967437, 0.00569610712882
5.55, 7.89806237249, 1.04163408203, -2.49415592346, -0.00188750872044
5.56, 7.87308756683, 1.04163610194, -2.50579554701, 0.00255516260708
5.57, 7.84799777379, 1.04172279948, -2.51715676042, 0.0118284241195
5.58, 7.82279614963, 1.04185213856, -2.52818578162, 0.0105035193469
5.59, 7.79750879058, 1.04191017679, -2.53290416896, 0.000676224554789
5.6, 7.77219480738, 1.04190120344, -2.53517072332, -0.00130225958875
5.61, 7.746858617, 1.04194154644, -2.53734220453, 0.00800823060453
5.62, 7.72150086047, 1.0420672284, -2.53948074968, 0.0132240786239
5.63, 7.69612213773, 1.04217184498, -2.54154612467, 0.00552477591423
5.64, 7.67072314274, 1.04218235335, -2.5435406906, -0.00241286587126
5.65, 7.64530449865, 1.04218261427, -2.54548093028, 0.00277947841023
5.66, 7.61986663196, 1.04227548722, -2.54738057437, 0.0126243892238
5.67, 7.59441001622, 1.04239664218, -2.54923057978, 0.0112653967764
5.68, 7.56893521552, 1.04246931761, -2.55101226064, 0.0022688268635
5.69, 7.54344283772, 1.04246751222, -2.55274309671, -0.00152680329733
5.7, 7.51793989183, 1.04249619688, -2.55136663117, 0.00642137706651
5.71, 7.49248705191, 1.042611608, -2.54478222186, 0.0129811393629
5.72, 7.46709882247, 1.0427243573, -2.53838631092, 0.00698949855607
5.73, 7.44177385571, 1.04274760637, -2.53214115164, -0.00169205046028
5.74, 7.41651047944, 1.04274354187, -2.52605900085, 0.00149906188811
5.75, 7.3913068673, 1.04282128461, -2.52017071936, 0.0113780447699
5.76, 7.36616124248, 1.04293989295, -2.51444954479, 0.0113815005242
5.77, 7.34107202454, 1.04302216674, -2.50889570347, 0.00361437437288
5.78, 7.31603773025, 1.04302901225, -2.50347701251, -0.00137665823126
