timestamp, prius0 x posi, prius0 y posi, prius0 x vel, prius0 y vel.
0.0, 0.0, 0.0, 0.0, 0.0
0.00999999999999, -24.9949947196, -1.00007388868, 0.273831882954, -0.0103511493281
0.02, -24.9917021038, -1.00010332504, 0.362178667561, 0.00144233813643
0.03, -24.9875311215, -1.00005383204, 0.450443037279, 0.00620082635228
0.04, -24.9824848938, -0.999998991477, 0.538683282365, 0.00213276842852
0.05, -24.9765635844, -0.999999570816, 0.626905881563, 0.00202587751238
0.06, -24.9697671825, -0.999981293162, 0.715144316222, 0.00198379462666
0.07, -24.9620956789, -0.99999043664, 0.803386842379, -0.00213232307344
0.08, -24.9535490525, -1.00003186548, 0.891633381515, -0.00369981517085
0.09, -24.9441272875, -1.0000601423, 0.979881848447, -0.000376079006284
0.1, -24.9338303819, -1.00005292429, 1.0681279315, 0.00229065359588
0.11, -24.9226583376, -1.00004625554, 1.15637104094, 6.65026013471e-06
0.12, -24.9106112453, -1.00007303079, 1.24442338345, -0.00310344811051
0.13, -24.8976912323, -1.00010658142, 1.33166579668, -0.00143563416772
0.14, -24.8839056519, -1.00010619771, 1.41769875048, 0.00234388601142
0.15, -24.8692650297, -1.00008786501, 1.5026756916, 0.0018491782711
0.16, -24.8537798962, -1.00009900239, 1.58660676773, -0.00232857829818
0.17, -24.8374606537, -1.00014053526, 1.66950675721, -0.00351802245881
0.18, -24.8203175682, -1.00016541096, 1.75138862962, 1.81219823834e-06
0.19, -24.8023607801, -1.000156964, 1.8322619636, 0.00209623328923
0.2, -24.7836003077, -1.00015689436, 1.91213751913, -0.000994464739912
0.21, -24.7640460451, -1.00019512765, 1.99102854777, -0.00425532373637
0.22, -24.7437077692, -1.00023805467, 2.0689480506, -0.00218351167891
0.23, -24.722595142, -1.00024296709, 2.14590704636, 0.00191966782078
0.24, -24.7007177067, -1.00022950379, 2.22191625159, 0.00125306298073
0.25, -24.6780853622, -1.0002482387, 2.29694084032, -0.00315735349196
0.26, -24.6547126312, -1.00029718137, 2.37097809454, -0.00409425731666
0.27, -24.6306104649, -1.00032516704, 2.44420678141, -9.20515176491e-05
0.28, -24.6057873866, -1.00031675781, 2.51656395179, 0.00208161004416
0.29, -24.5802521267, -1.00031886611, 2.58803368454, -0.00142242788574
0.3, -24.5540134264, -1.00036324759, 2.65862399021, -0.00497595600941
0.31, -24.5270799533, -1.00041249208, 2.72834685148, -0.00271442147451
0.32, -24.4994602671, -1.00042103925, 2.79721080245, 0.0016185611363
0.33, -24.4711631047, -1.00041119103, 2.86485969923, 0.00076821773231
0.34, -24.4422016794, -1.00043650686, 2.93046140781, -0.00393904890381
0.35, -24.4125939424, -1.00049303435, 2.99422940922, -0.00475123057068
0.36, -24.3823578406, -1.00052497963, 3.05621732942, -0.000286319898444
0.37, -24.3515108733, -1.00051733963, 3.11647270315, 0.00199209756934
0.38, -24.3200700793, -1.00052198952, 3.1750425343, -0.00185852720169
0.39, -24.2880520386, -1.00057183799, 3.23197478041, -0.00555461737415
0.4, -24.2554728812, -1.00062515575, 3.28731560082, -0.00295245549113
0.41, -24.2223482982, -1.00063421648, 3.34110764851, 0.00163753588446
0.42, -24.1886935535, -1.00062531099, 3.39339257968, 0.000485102169887
0.43, -24.1545234849, -1.00065586551, 3.44421300674, -0.00462017392038
0.44, -24.1198525178, -1.00071843881, 3.49361195358, -0.00521005084111
0.45, -24.0846946744, -1.00075195853, 3.5416294936, -0.000240749865259
0.46, -24.0490635858, -1.00074337882, 3.58830176642, 0.00200152295667
0.47, -24.0129725051, -1.00075056273, 3.63366514614, -0.00234758410267
0.48, -23.9764343188, -1.00080639108, 3.67775759982, -0.00614406572411
0.49, -23.9394615564, -1.00086300899, 3.72061622494, -0.00303922462924
0.5, -23.9020663981, -1.00087070002, 3.76227375316, 0.00184474969979
0.51, -23.8642606889, -1.00086140647, 3.80276106315, 0.000292369662709
0.52, -23.8260559489, -1.00089655627, 3.84211084165, -0.00523817706334
0.53, -23.787463383, -1.00096433183, 3.88035679162, -0.00555696957484
0.54, -23.7484938851, -1.00099809496, 3.91752973469, -5.19659232207e-05
0.55, -23.7091580492, -1.00098735635, 3.95365652465, 0.00210729099541
0.56, -23.6694661811, -1.0009964871, 3.98876469192, -0.00280019076733
0.57, -23.6294283078, -1.00105793861, 4.02288387563, -0.00668358336727
0.58, -23.5890541813, -1.00111706556, 4.05604323456, -0.00302179702572
0.59, -23.5483532838, -1.00112230114, 4.08826740404, 0.00215527608614
0.6, -23.5073348403, -1.00111190598, 4.11957942023, 0.000146820305565
0.61, -23.4660078277, -1.00115135114, 4.15000459424, -0.00582439072947
0.62, -23.4243809805, -1.00122376113, 4.17956982156, -0.00581773320373
0.63, -23.3824627898, -1.00125667143, 4.2082991305, 0.000257402492083
0.64, -23.340261513, -1.0012427833, 4.23621256314, 0.00228694949482
0.65, -23.2977851843, -1.00125348225, 4.26333131515, -0.00323466924598
0.66, -23.2550416238, -1.00132033456, 4.28967856651, -0.00718296876005
0.67, -23.2120384313, -1.00138124761, 4.31527935765, -0.00290676676675
0.68, -23.1687830339, -1.00138302867, 4.34014282123, 0.00255588417767
0.69, -23.1252827638, -1.00137100893, 4.36427576341, 2.27315033383e-05
0.7, -23.0815448632, -1.00141475183, 4.38768866206, -0.00641334614072
0.71, -23.0375764769, -1.00149158027, 4.41039492178, -0.00602897243394
0.72, -22.993384643, -1.001522911, 4.43240504702, 0.000648062107109
0.73, -22.9489763072, -1.00150531395, 4.45372441527, 0.00249222135698
0.74, -22.9043583472, -1.00151773947, 4.47435939606, -0.0037100675127
0.75, -22.85953752, -1.00159039553, 4.49431984599, -0.00770699531501
0.76, -22.8145206936, -1.00165301616, 4.51358556846, -0.00276066753235
0.77, -22.7693149242, -1.00165108138, 4.53214282262, 0.00296414258585
0.78, -22.7239272778, -1.00163782679, 4.54999711784, -0.00017674839663
0.79, -22.6783646527, -1.00168681864, 4.56717276978, -0.0070959354914
0.8, -22.6326336668, -1.00176868452, 4.58370423637, -0.00626971722552
0.81, -22.5867406048, -1.00179850905, 4.59962433481, 0.00103617303184
0.82, -22.5406914288, -1.00177756015, 4.61496080034, 0.00262603510216
0.83, -22.4944918038, -1.001792838, 4.62974153748, -0.00431828839887
0.84, -22.4481471239, -1.00187248245, 4.64399556395, -0.00832308980499
0.85, -22.4016625296, -1.0019373362, 4.65774987048, -0.00264037913974
0.86, -22.3550429254, -1.00193197057, 4.67102376867, 0.00332710333611
0.87, -22.3082930104, -1.00191837143, 4.68383450959, -0.000499156285024
0.88, -22.2614172946, -1.00197400456, 4.69620195696, -0.00791331451253
0.89, -22.2144201077, -1.00206190229, 4.7081474274, -0.00657431572649
0.9, -22.1673056011, -1.00209060264, 4.71968743512, 0.00139387328011
0.91, -22.1200777648, -1.0020669108, 4.73083390561, 0.00266556785637
0.92, -22.0727404379, -1.00208637472, 4.74160125389, -0.00507844299759
0.93, -22.0252973149, -1.00217438326, 4.75200702859, -0.00904834329681
0.94, -21.9777519453, -1.00224213345, 4.76206749071, -0.0025566229705
0.95, -21.9301077411, -1.00223374381, 4.77179258263, 0.00363033168654
0.96, -21.8823679891, -1.00222088383, 4.781192224, -0.000966334834947
0.97, -21.8345358529, -1.00228475453, 4.79028036622, -0.00888231834178
0.98, -21.7866143781, -1.00237978052, 4.79907233119, -0.00694817630303
0.99, -21.7386064925, -1.00240777887, 4.80757838802, 0.00171559850688
1.0, -21.6905150191, -1.00238206402, 4.81580500481, 0.00259456239972
1.01, -21.6423426757, -1.00240723392, 4.8237624733, -0.00600904827148
1.02, -21.5940920792, -1.0025051034, 4.8314641911, -0.00988957826971
1.03, -21.5457657494, -1.00257643101, 4.83892143609, -0.00250983636911
1.04, -21.4973661162, -1.002565453, 4.84613929991, 0.00386695173179
1.05, -21.4488955235, -1.00255452128, 4.85312413905, -0.00159107794068
1.06, -21.400356224, -1.00262832673, 4.85988709412, -0.0100096403765
1.07, -21.3517503896, -1.00273158381, 4.86643957104, -0.0073882519954
1.08, -21.303080116, -1.00275926482, 4.87278745158, 0.00200323145563
1.09, -21.254347431, -1.00273227513, 4.87893370413, 0.00240604159039
1.1, -21.2055542823, -1.00276475261, 4.8848866382, -0.00711751948107
1.11, -21.1567025427, -1.00287400054, 4.89065701575, -0.0108442139882
1.12, -21.1077940227, -1.00294952075, 4.89625219918, -0.00249241832565
1.13, -21.0588304788, -1.0029363467, 4.90167377373, 0.00403701207117
1.14, -21.0098136056, -1.0029285752, 4.90692617583, -0.00237999960009
1.15, -20.9607450219, -1.00301405257, 4.91201929467, -0.0112955948916
1.16, -20.9116262931, -1.00311291984, 4.91696085345, -0.00846623067407
1.17, -20.8624589395, -1.00315871389, 4.92175414091, -1.96876374641e-05
1.18, -20.8132444379, -1.00314456485, 4.92640047706, 0.00198894718098
1.19, -20.7639842036, -1.00317148495, 4.93090607366, -0.00607380589053
1.2, -20.7146795893, -1.0032746397, 4.93527957816, -0.010967870782
1.21, -20.6653319096, -1.00336291552, 4.93952584363, -0.00452912363854
1.22, -20.6159424519, -1.00336966007, 4.94364509818, 0.00252167930756
1.23, -20.5665124608, -1.00336524935, 4.947639892, -0.00179212976731
1.24, -20.5170431135, -1.0034414087, 4.95151875257, -0.0105511337528
1.25, -20.4675355459, -1.00355742689, 4.95528767925, -0.00924944693624
1.26, -20.4179908759, -1.00360602092, 4.95894751636, 3.20548220052e-06
1.27, -20.3684102016, -1.00359246669, 4.96249762736, 0.00166960176159
1.28, -20.3187945616, -1.00362791603, 4.96594448115, -0.00732539061068
1.29, -20.2691449376, -1.0037445841, 4.96929586437, -0.0121943225464
1.3, -20.2194622955, -1.00384005727, 4.97255364982, -0.00480615928145
1.31, -20.1697475999, -1.00384688785, 4.97571593014, 0.00252945790702
1.32, -20.1200017799, -1.00384671472, 4.97878498817, -0.00266922588997
1.33, -20.0702256938, -1.00393588914, 4.981770082, -0.0120285980643
1.34, -20.0204201712, -1.00406379073, 4.98467486083, -0.0100434484154
1.35, -19.97058605, -1.00411507098, 4.98749754258, 4.09601024395e-05
1.36, -19.9207241651, -1.00410239169, 4.99023640711, 0.0012750023498
1.37, -19.8708352855, -1.00414762213, 4.99289921008, -0.00872639544822
1.38, -19.8209201245, -1.00426510777, 4.99549248592, -0.0127186737624
1.39, -19.7709794033, -1.00437756827, 4.99801613322, -0.00712781788511
1.4, -19.7210138496, -1.0044045313, 5.00046741143, 0.00117731907581
1.41, -19.6710241759, -1.00440595236, 5.00284718236, -0.00199643204591
1.42, -19.6210110189, -1.00448764203, 5.00516509274, -0.0116874257831
1.43, -19.5709749819, -1.00462413251, 5.00742430934, -0.0118990549792
1.44, -19.5209166949, -1.00469891223, 5.0096214185, -0.00224427458163
1.45, -19.4708368063, -1.00469858603, 5.01175353525, 0.00106958640218
1.46, -19.4207359041, -1.00473739655, 5.0138277289, -0.00781531688355
1.47, -19.370614505, -1.0048556405, 5.0158515923, -0.0126951205635
1.48, -19.3204731468, -1.00498202939, 5.01782353424, -0.00935545388231
1.49, -19.2703123851, -1.00503182604, 5.01973971052, -0.000703400386369
1.5, -19.2201327806, -1.00504044831, 5.02159978494, -0.0017673270426
1.51, -19.1699348145, -1.00511543951, 5.0234136423, -0.0111182467812
1.52, -19.119718923, -1.00525661838, 5.02518508146, -0.0133761193393
1.53, -19.0694855793, -1.00535425487, 5.02690900346, -0.00477905780926
1.54, -19.0192352974, -1.00537145219, 5.02858155, 0.000254953528944
1.55, -18.9689685407, -1.00540760378, 5.03020873686, -0.00698884672177
1.56, -18.918685685, -1.00553391253, 5.0318006971, -0.0147356998175
1.57, -18.868387115, -1.00567313535, 5.03335359262, -0.0101563101904
1.58, -18.8180732803, -1.00572655854, 5.03486133041, -0.000874720689987
1.59, -18.7677446347, -1.00573959817, 5.03632384433, -0.0025960491071
1.6, -18.7174015311, -1.00582822321, 5.037753881, -0.0128072604988
1.61, -18.6670442801, -1.00597090675, 5.03915242644, -0.0146105867928
1.62, -18.6166732482, -1.00609029006, 5.04051467074, -0.00734228016271
1.63, -18.5662888444, -1.00612701796, 5.04183538082, -0.00085844003023
1.64, -18.515891448, -1.00616303126, 5.04311928506, -0.0063110760656
1.65, -18.4654813338, -1.00628504557, 5.04437867124, -0.0149476825717
1.66, -18.4150587715, -1.00643880004, 5.04560971127, -0.0125122055902
1.67, -18.3646241136, -1.00651751549, 5.04680444598, -0.00306522471614
1.68, -18.314177742, -1.00654044182, 5.04796138798, -0.00255638439276
1.69, -18.2637199354, -1.00662292055, 5.04909362124, -0.0122009365861
1.7, -18.2132508989, -1.00677236014, 5.05020463413, -0.014517068375
1.71, -18.162770919, -1.00690519123, 5.05128731318, -0.00955625904071
1.72, -18.1122803202, -1.00696607474, 5.05233615786, -0.00300565183952
1.73, -18.0617794183, -1.00701288245, 5.05335481819, -0.00645921899193
1.74, -18.0112684213, -1.0071307717, 5.05435587072, -0.0145038146134
1.75, -17.9607475164, -1.00728909956, 5.05533679655, -0.013914490182
1.76, -17.910216976, -1.00739065537, 5.05628845724, -0.00571048237085
1.77, -17.8596771206, -1.0074338322, 5.05720865104, -0.00374548876828
1.78, -17.8091281794, -1.00751717344, 5.05810915564, -0.0116459423581
1.79, -17.7585702918, -1.0076756283, 5.05899711523, -0.0165201587741
1.8, -17.7080036524, -1.0078205481, 5.05986202012, -0.0103202776912
1.81, -17.6574285557, -1.00788633615, 5.06069701959, -0.0034509528618
1.82, -17.6068452689, -1.00794121253, 5.06150732702, -0.00766234608438
1.83, -17.5562539252, -1.00807509679, 5.06230842968, -0.0162821452501
1.84, -17.5056546427, -1.00824886014, 5.06309497623, -0.0151166934033
1.85, -17.4550476544, -1.0083575903, 5.06385539937, -0.00613140396574
1.86, -17.404433251, -1.00840574685, 5.0645877543, -0.00449460327974
1.87, -17.3538116042, -1.00850178372, 5.06530740046, -0.0133051103516
1.88, -17.3031827814, -1.00867782836, 5.06602144017, -0.0181583972163
1.89, -17.2525469302, -1.00883417874, 5.06671543625, -0.0110290182264
1.9, -17.2019043241, -1.00890438627, 5.06738171051, -0.00387263519625
1.91, -17.1512551958, -1.00896765659, 5.06802769204, -0.00894240634507
1.92, -17.1005996119, -1.00911849206, 5.06867216724, -0.0181499495167
1.93, -17.0499376463, -1.00929450899, 5.06930388057, -0.0168953192187
1.94, -16.9992694886, -1.00942813983, 5.06991527392, -0.008785075066
1.95, -16.948595392, -1.00949459477, 5.07050140685, -0.00539539271827
1.96, -16.8979155168, -1.00958979713, 5.07107611965, -0.0127554286005
1.97, -16.847229889, -1.00976546728, 5.07165081401, -0.0189186996432
1.98, -16.7965385934, -1.00994126815, 5.07221086884, -0.013728842587
1.99, -16.7458418613, -1.0100372947, 5.07274632791, -0.00590421328563
2.0, -16.695139993, -1.01010845385, 5.07323176301, -0.00878276039697
2.01, -16.6444336186, -1.01025473695, 5.0736590625, -0.0179434899366
2.02, -16.5937230943, -1.01045398316, 5.07406106608, -0.018335017745
2.03, -16.5430089675, -1.01059673907, 5.07437864901, -0.00934240214754
2.04, -16.4922920163, -1.01066862102, 5.07464884578, -0.00612782871607
2.05, -16.4415726582, -1.0107763433, 5.07486421176, -0.0144308021081
2.06, -16.3908512103, -1.01096261981, 5.07476359879, -0.0174081328528
2.07, -16.3401279503, -1.01114834681, 5.07523972836, -0.0158010589461
2.08, -16.2894030554, -1.01127014094, 5.07537183284, -0.00846648262382
2.09, -16.2386774931, -1.01135755992, 5.07540199193, -0.00946715393012
2.1, -16.1879517192, -1.01150247435, 5.07541488966, -0.0175149878051
2.11, -16.1372259133, -1.01170421573, 5.07540771661, -0.0194520868433
2.12, -16.0865003724, -1.01186885878, 5.07536520523, -0.0121310802217
2.13, -16.0357756182, -1.01196533069, 5.07525481298, -0.0079105176119
2.14, -15.9850522042, -1.01207887754, 5.07510482345, -0.0141809853589
2.15, -15.9343305245, -1.01226997693, 5.074915503, -0.020825138983
2.16, -15.8836108828, -1.01247216795, 5.07469799115, -0.0169143965175
2.17, -15.8328936616, -1.01260131397, 5.07444038428, -0.00903798884509
2.18, -15.7821792473, -1.01269675229, 5.07413776422, -0.0105996423926
2.19, -15.7314680615, -1.01285752943, 5.07380709021, -0.0193768525104
2.2, -15.6807601891, -1.01307704372, 5.0734719248, -0.0209858748616
2.21, -15.6300558861, -1.01325207338, 5.07309919133, -0.0128065650776
2.22, -15.5793555181, -1.01335447445, 5.07269482668, -0.00863029508511
2.23, -15.5286593265, -1.01347996718, 5.07227203588, -0.0157902688415
2.24, -15.4779674033, -1.01368959563, 5.07183157248, -0.0226902373754
2.25, -15.4272800807, -1.01390641698, 5.07135971407, -0.0179615816602
2.26, -15.3765976752, -1.01404218406, 5.07085628786, -0.00954865629447
2.27, -15.325920628, -1.01414553784, 5.07029599322, -0.0117677104136
2.28, -15.2752492057, -1.01432286409, 5.06973705629, -0.0213151826762
2.29, -15.2245833783, -1.01454663549, 5.06917298782, -0.0217300037483
2.3, -15.1739233704, -1.01474103626, 5.06858034901, -0.0154593255426
2.31, -15.1232693802, -1.01486892245, 5.06798468981, -0.0106732021823
2.32, -15.0726218156, -1.01500334086, 5.06731076385, -0.0158045155166
2.33, -15.0219816665, -1.01521033716, 5.0664092602, -0.0226553022411
2.34, -14.971352116, -1.0154376303, 5.06513051426, -0.0199879518053
2.35, -14.9207388588, -1.01560016668, 5.06328438002, -0.0123314544161
2.36, -14.8701456753, -1.01572248696, 5.06113069569, -0.0127046238104
2.37, -14.8195743996, -1.01589954662, 5.05896447285, -0.0208628367637
2.38, -14.7690272745, -1.01613843434, 5.05632967834, -0.0234756451462
2.39, -14.7185065902, -1.01634467637, 5.05360234498, -0.0162629480991
2.4, -14.6680148071, -1.01647908058, 5.05051652547, -0.0113854980233
2.41, -14.6175563293, -1.0166247696, 5.04698781494, -0.0173233785693
2.42, -14.5671335946, -1.01684975394, 5.04341363977, -0.0245186377228
2.43, -14.5167471885, -1.01709225809, 5.03976785424, -0.0211274780679
2.44, -14.4663981449, -1.01726204769, 5.0358627139, -0.0128580476892
2.45, -14.4160898442, -1.01739162362, 5.03161452474, -0.0137509641355
2.46, -14.3658254058, -1.01758394302, 5.02715516777, -0.0226978941843
2.47, -14.3156060832, -1.01784067514, 5.02258815452, -0.0250336592111
2.48, -14.2654342282, -1.01805735439, 5.01756858591, -0.0169159426524
2.49, -14.2153148302, -1.01819701292, 5.01223980863, -0.0120093331903
2.5, -14.165248955, -1.01835365656, 5.00686342419, -0.0188486186036
2.51, -14.1152375906, -1.01859670392, 5.00128746162, -0.0263685159694
2.52, -14.0652830614, -1.01885379828, 4.99555365364, -0.0221650060522
2.53, -14.015387034, -1.01902972831, 4.98954853962, -0.0132897164173
2.54, -13.9655517339, -1.01916611433, 4.98352517614, -0.0147927348745
2.55, -13.9157798374, -1.01937377222, 4.97692862049, -0.0245335743865
2.56, -13.8660735066, -1.01963366225, 4.97025151699, -0.0264465540872
2.57, -13.8164349598, -1.01987417245, 4.96343734665, -0.0197111977995
2.58, -13.7668655644, -1.02003566423, 4.9563928393, -0.0133392476329
2.59, -13.7173674508, -1.0201939251, 4.94924460097, -0.0183145439404
2.6, -13.6679406308, -1.02043390651, 4.9421249889, -0.0267016110956
2.61, -13.618584618, -1.02070697984, 4.93505009741, -0.0246917203409
2.62, -13.5693031958, -1.02091008091, 4.92729227219, -0.0156682914904
2.63, -13.5200991458, -1.02105797139, 4.9195533497, -0.0148922917651
2.64, -13.4709724833, -1.02126066368, 4.91181241401, -0.0240360136047
2.65, -13.4219238506, -1.0215264645, 4.90388466433, -0.027347652969
2.66, -13.3729554631, -1.02178768499, 4.89582968842, -0.0224318486289
2.67, -13.3240679928, -1.02197363087, 4.88771528667, -0.015138906423
2.68, -13.2752623163, -1.02213768683, 4.87942831346, -0.0180238017089
2.69, -13.2265405628, -1.02237342054, 4.87095080048, -0.0266468030898
2.7, -13.1779039511, -1.02265790118, 4.86244983969, -0.0268464111412
2.71, -13.1293523508, -1.02288793836, 4.85395798565, -0.0183327408636
2.72, -13.080885775, -1.0230520426, 4.84539988092, -0.0154706518961
2.73, -13.0325051662, -1.02325151476, 4.83682968449, -0.0233986879278
2.74, -12.9842099205, -1.02352435208, 4.82769624514, -0.0259089950612
2.75, -12.9359999416, -1.02379522723, 4.81982054613, -0.0244738554564
2.76, -12.8878741418, -1.02400680191, 4.81143969482, -0.017698613614
2.77, -12.8398316155, -1.02418707616, 4.80320723583, -0.0186955736743
2.78, -12.791870205, -1.02442110111, 4.79520450983, -0.0261680220667
2.79, -12.7439878489, -1.02470751049, 4.78739822113, -0.0279101339989
2.8, -12.6961825785, -1.02495911035, 4.77978097566, -0.0211080890531
2.81, -12.6484526467, -1.02514783844, 4.77233670657, -0.017262522069
2.82, -12.6007962267, -1.02535311167, 4.76508370705, -0.0231316922172
2.83, -12.5532112511, -1.02563038237, 4.75803111293, -0.0292619293692
2.84, -12.5056960425, -1.02591744295, 4.7511325091, -0.0255895590229
2.85, -12.4582491145, -1.02613673627, 4.74437818075, -0.018325034535
2.86, -12.4108691124, -1.02632550267, 4.7377509198, -0.0198569431631
2.87, -12.363554537, -1.02657538738, 4.73129937234, -0.0280101259516
2.88, -12.3163035506, -1.0268794306, 4.72502385897, -0.0294471527647
2.89, -12.2691146837, -1.02714184564, 4.7188743517, -0.0218570155201
2.9, -12.2219867502, -1.02733738291, 4.71284634497, -0.0180676276237
2.91, -12.1749184603, -1.02755516955, 4.70694515348, -0.0247699765203
2.92, -12.127908423, -1.02785108257, 4.70119948103, -0.0311363789071
2.93, -12.0809551511, -1.02815316232, 4.69558423486, -0.0267071736332
2.94, -12.0340576082, -1.028380119, 4.69006140988, -0.0189566558584
2.95, -11.9872147862, -1.02857787883, 4.68465133465, -0.0211101045463
2.96, -11.9404253724, -1.0288448283, 4.67937279456, -0.0299788915983
2.97, -11.8936881103, -1.02916742647, 4.67422093462, -0.0310377301137
2.98, -11.847001881, -1.02944078513, 4.6691732983, -0.0225998390741
2.99, -11.8003659416, -1.02964328497, 4.66417463072, -0.0189217576123
3.0, -11.7537794451, -1.02987456142, 4.65928111298, -0.0265367515722
3.01, -11.7072412217, -1.03018235252, 4.65376860424, -0.0297970570469
3.02, -11.6607502257, -1.03049638977, 4.6498420116, -0.028997684971
3.03, -11.614305711, -1.03075114065, 4.64521486038, -0.0216963615362
3.04, -11.5679072066, -1.03096657918, 4.64065916573, -0.0219148854554
3.05, -11.5215537061, -1.0312334471, 4.63621893467, -0.0297005143485
3.06, -11.4752440303, -1.03156046875, 4.6318902648, -0.0323790315867
3.07, -11.4289772867, -1.03185804785, 4.62762998944, -0.0256130027755
3.08, -11.3827529613, -1.03208701413, 4.62342031774, -0.0208593654519
3.09, -11.3365704129, -1.03232546565, 4.61927758863, -0.0264210945421
3.1, -11.2904287937, -1.03263971369, 4.61524086291, -0.0334046161713
3.11, -11.244327108, -1.0329725597, 4.61128459694, -0.0303674577928
3.12, -11.1982649066, -1.03323705156, 4.60734448775, -0.0224774320328
3.13, -11.152242005, -1.03346213608, 4.60344795911, -0.0231797572518
3.14, -11.1062575749, -1.03374622078, 4.59965502809, -0.0317189071767
3.15, -11.0603105504, -1.03409307645, 4.59596045932, -0.0341581537119
3.16, -11.0144003447, -1.03440363913, 4.59228408318, -0.026540901338
3.17, -10.9685269258, -1.03464059693, 4.58862641148, -0.0217431737284
3.18, -10.9226897618, -1.03489233239, 4.58504426856, -0.0281582764021
3.19, -10.8768879548, -1.03522675477, 4.58154666484, -0.0354758825195
3.2, -10.831120931, -1.03556317422, 4.57809065756, -0.0322612044725
3.21, -10.7853882762, -1.03585474012, 4.57467580353, -0.0254627556433
3.22, -10.7396897264, -1.03610259174, 4.57127734337, -0.0245802161871
3.23, -10.6940248593, -1.03639014652, 4.56795688563, -0.0315002807977
3.24, -10.6483928405, -1.0367384955, 4.56470510047, -0.0350169140356
3.25, -10.6027931135, -1.03706966911, 4.5614946474, -0.0294273598578
3.26, -10.5572255275, -1.03733580184, 4.55828206268, -0.0242233117323
3.27, -10.5116899806, -1.0376002021, 4.55510878498, -0.0284423800385
3.28, -10.4661857029, -1.03793304587, 4.55202847184, -0.0354391155133
3.29, -10.4207118784, -1.03829350927, 4.54900898708, -0.0337809572261
3.3, -10.3752684341, -1.03859622813, 4.54596389155, -0.0263516632954
3.31, -10.3298553986, -1.03885399309, 4.54294332081, -0.0258083816041
3.32, -10.2844722222, -1.03915813604, 4.53999929912, -0.0334657494117
3.33, -10.2391181018, -1.0395264871, 4.53711921509, -0.0368787454365
3.34, -10.1937928174, -1.03987195, 4.53424037374, -0.0304969466996
3.35, -10.1484963657, -1.0401469185, 4.53136711812, -0.0251272424852
3.36, -10.1032284908, -1.0404241059, 4.52853974203, -0.030095915453
3.37, -10.0579884949, -1.04077660556, 4.52578282276, -0.0375109322475
3.38, -10.0127759208, -1.04115499114, 4.52305763929, -0.0352293114081
3.39, -9.9675905433, -1.04146803425, 4.52035600322, -0.0271610367021
3.4, -9.92243235744, -1.04173531892, 4.51763672469, -0.0270382333548
3.41, -9.87730097979, -1.04205644989, 4.51499791058, -0.0354875155146
3.42, -9.83219568123, -1.0424451336, 4.51240910025, -0.0387406848765
3.43, -9.78711634559, -1.04280444337, 4.50980130678, -0.0314962902716
3.44, -9.74206329989, -1.04308765114, 4.50717523386, -0.0259975446548
3.45, -9.69703639402, -1.04337778818, 4.50458969187, -0.0318017793461
3.46, -9.65203487176, -1.04375054503, 4.50209666952, -0.0396303459766
3.47, -9.60705812717, -1.04413329586, 4.49962993736, -0.0372146043682
3.48, -9.56210603283, -1.04447403352, 4.49716909011, -0.0301713576445
3.49, -9.51717869178, -1.04476387653, 4.49468955025, -0.0283922958842
3.5, -9.47227601159, -1.045088139, 4.49225523813, -0.0352626913946
3.51, -9.42739731724, -1.04547874501, 4.48989050439, -0.0396766496515
3.52, -9.38254217293, -1.04585946146, 4.48754064362, -0.0344449878403
3.53, -9.33771070664, -1.04617196044, 4.48515963362, -0.0284474411362
3.54, -9.29290311944, -1.04647424536, 4.48279037178, -0.0320364575702
3.55, -9.24811883171, -1.04684535799, 4.48050134727, -0.0396294884073
3.56, -9.20335712524, -1.04725287577, 4.47827492658, -0.0388161976399
3.57, -9.15861805168, -1.04760523186, 4.47597645061, -0.0310654207941
3.58, -9.11390203453, -1.04790455538, 4.47367864329, -0.0295515231515
3.59, -9.06920870476, -1.04824489447, 4.47144922115, -0.0372102716885
3.6, -9.02453741325, -1.04865586533, 4.46925963186, -0.0416111237095
3.61, -8.97988810565, -1.049051581, 4.46705724925, -0.0355629985088
3.62, -8.93526086109, -1.0493728227, 4.46486836469, -0.0292964158907
3.63, -8.89065504681, -1.0496871556, 4.46280396158, -0.0336232833887
3.64, -8.84606851624, -1.05007777597, 4.46104027467, -0.0417364597873
3.65, -8.80149823171, -1.05050394728, 4.45952249339, -0.0403484421001
3.66, -8.75694189795, -1.0508670868, 4.4582605208, -0.0318764112468
3.67, -8.712396275, -1.05117548449, 4.4574807225, -0.0307170930495
3.68, -8.66785444518, -1.05153248894, 4.45753611586, -0.0392468962051
3.69, -8.6233082449, -1.05195268429, 4.45823786833, -0.0419499554576
3.7, -8.57875133326, -1.05236721215, 4.45980784026, -0.0383672468359
3.71, -8.53417452202, -1.05271851613, 4.46209738987, -0.0320104623866
3.72, -8.48957034773, -1.05304878399, 4.46540743569, -0.0342498358129
3.73, -8.44492676334, -1.05344027486, 4.46997563983, -0.0418428500882
3.74, -8.40023257179, -1.05387760614, 4.47535294545, -0.0424960291237
3.75, -8.35548185095, -1.05427159527, 4.48129555458, -0.0353339557798
3.76, -8.3106668528, -1.05460794038, 4.48838683587, -0.0326316500854
3.77, -8.26577328382, -1.05497288286, 4.49699381296, -0.0394142961638
3.78, -8.22078577558, -1.05541025646, 4.5071357841, -0.0448656750663
3.79, -8.1756933928, -1.05584708524, 4.51759109478, -0.0402113796129
3.8, -8.13049160488, -1.05621409755, 4.52912758832, -0.0335069380789
3.81, -8.08516974957, -1.05656253714, 4.54180361804, -0.0364460362712
3.82, -8.03971434306, -1.0569803925, 4.55584610466, -0.0447180580821
3.83, -7.9941133582, -1.05744519675, 4.57069431291, -0.044983774957
3.84, -7.94836282266, -1.05785975677, 4.5856244144, -0.0371066349588
3.85, -7.90246495995, -1.05821421949, 4.60013051639, -0.0346486319882
3.86, -7.85642436103, -1.05860428031, 4.61420166201, -0.0423132618282
3.87, -7.81024505448, -1.05907222211, 4.62788230338, -0.0478597121612
3.88, -7.76393127297, -1.0595346613, 4.6411055706, -0.042368268731
3.89, -7.71748776743, -1.05992019852, 4.65385575554, -0.0352820551282
3.9, -7.67091903018, -1.06028962045, 4.66618887994, -0.0389159217452
3.91, -7.62422864, -1.06073612696, 4.67820068732, -0.0477677342552
3.92, -7.57741992664, -1.06122915714, 4.68985629153, -0.0474628623328
3.93, -7.53049679553, -1.06166325026, 4.70109746603, -0.0387185204805
3.94, -7.48346340634, -1.06203385626, 4.71194354306, -0.0364602819951
3.95, -7.43632317195, -1.06244684455, 4.72248993134, -0.044982203822
3.96, -7.38907878425, -1.06293046303, 4.73276219726, -0.0488514738436
3.97, -7.34173337899, -1.06341804092, 4.74271103266, -0.0457600875031
3.98, -7.2942903521, -1.06383845873, 4.7523040876, -0.0383864081004
3.99, -7.24675313233, -1.06422686805, 4.76158063786, -0.0398051551029
4.0, -7.19912434396, -1.06467682624, 4.77063111764, -0.0481392477554
4.01, -7.15140623656, -1.06518359165, 4.77944327782, -0.0498464788016
4.02, -7.10360156524, -1.06565006944, 4.78794850821, -0.0422478730643
4.03, -7.05571349268, -1.06604821701, 4.79615048516, -0.0382556799758
4.04, -7.00774464527, -1.06646746212, 4.80412604438, -0.0449647340221
4.05, -6.95969688937, -1.06696652733, 4.81193273013, -0.0515958762611
4.06, -6.91157226425, -1.06747402241, 4.81949616297, -0.0472981031195
4.07, -6.8633734743, -1.0679058805, 4.82678064404, -0.0393638229074
4.08, -6.8151031796, -1.06830643914, 4.83382635796, -0.0413557406814
4.09, -6.76676317345, -1.0687763014, 4.84073084225, -0.0503840906029
4.1, -6.71835491841, -1.06930421883, 4.84746952222, -0.0516805743006
4.11, -6.6698805016, -1.06978375573, 4.85396447409, -0.0431747724643
4.12, -6.62134246736, -1.07019038619, 4.8602194601, -0.0392402394617
4.13, -6.57274275888, -1.07062427881, 4.8663188413, -0.0468404549293
4.14, -6.52408250255, -1.071136161, 4.87095139184, -0.05030479334
4.15, -6.47536331097, -1.07165633788, 4.87812013103, -0.0496573134792
4.16, -6.42658709495, -1.0721164605, 4.88371804919, -0.0421274944488
4.17, -6.37775597395, -1.07253460026, 4.88912584799, -0.042125602092
4.18, -6.32887134482, -1.07300386186, 4.89442961149, -0.0500470408611
4.19, -6.27993416282, -1.07353563822, 4.89962985945, -0.0529679634959
4.2, -6.23094587289, -1.07403878196, 4.90464797558, -0.0461137035614
4.21, -6.18190845726, -1.0744708396, 4.90947436194, -0.0410473257706
4.22, -6.13282351191, -1.07491034952, 4.91417397442, -0.046554790918
4.23, -6.08369185329, -1.0754270722, 4.91881450848, -0.0537942202198
4.24, -6.03451438947, -1.07596448124, 4.92332578872, -0.0508513278784
4.25, -5.98529274794, -1.07643230577, 4.92765722188, -0.0426818419409
4.26, -5.936028679, -1.07685766679, 4.93183672901, -0.043141492195
4.27, -5.88672313466, -1.07734170655, 4.93595931397, -0.0518270521415
4.28, -5.83737663929, -1.07789093175, 4.94001692798, -0.0545019076752
4.29, -5.78799030837, -1.0784043871, 4.94392146926, -0.0467524074256
4.3, -5.73856584243, -1.07884131689, 4.94766446841, -0.041605333879
4.31, -5.68910448751, -1.07929085418, 4.95131852716, -0.0479709820802
4.32, -5.63960665872, -1.07982462892, 4.95495362818, -0.0555563230682
4.33, -5.59007301373, -1.08036231455, 4.95847384442, -0.0524136461831
4.34, -5.54050482831, -1.08085373728, 4.96186313948, -0.0453032672696
4.35, -5.49090348202, -1.08129806039, 4.9651266358, -0.0441508402305
4.36, -5.44126978797, -1.0817816521, 4.96834251863, -0.051218859462
4.37, -5.39160406525, -1.08232853361, 4.97152471174, -0.0549785908293
4.38, -5.34190704945, -1.08285870661, 4.97459434724, -0.0492381335261
4.39, -5.29218007022, -1.08332062216, 4.97753149872, -0.0436514989718
4.4, -5.24242421035, -1.08377840367, 4.98038965097, -0.0478104960862
4.41, -5.19263979295, -1.08430622854, 4.9832409182, -0.0550884836285
4.42, -5.14282713196, -1.08486377431, 4.98602741664, -0.0534974915838
4.43, -5.09298724195, -1.08536175846, 4.9886891199, -0.0457140576968
4.44, -5.04312138153, -1.08581113019, 4.99124393351, -0.0448918101554
4.45, -4.99323011229, -1.0863065812, 4.99377915695, -0.0527236515855
4.46, -4.94331349484, -1.0868689333, 4.99630340322, -0.056385173117
4.47, -4.89337209403, -1.08740866392, 4.99872791061, -0.0498147280712
4.48, -4.84340711924, -1.08787429297, 5.00103397901, -0.0440320709902
4.49, -4.79341947132, -1.0883396952, 5.00328211603, -0.0489576900564
4.5, -4.74340922635, -1.08888228774, 5.00554913414, -0.056680892194
4.51, -4.69337650772, -1.08945291587, 5.00776403234, -0.0544490214208
4.52, -4.64332222709, -1.08995601907, 5.00986430824, -0.0459833930064
4.53, -4.59324753006, -1.09040944541, 5.01187163473, -0.0455768655404
4.54, -4.54315277202, -1.09091662281, 5.0138835785, -0.0542347177171
4.55, -4.49303780312, -1.09149430113, 5.01590157954, -0.0577451327891
4.56, -4.44290307317, -1.09204267781, 5.01782685687, -0.0502736794769
4.57, -4.39274972528, -1.09251096142, 5.01964292352, -0.0443346106964
4.58, -4.34257851955, -1.09298374533, 5.02141855536, -0.0501208070448
4.59, -4.29238932134, -1.0935413695, 5.02323517222, -0.0582876811686
4.6, -4.24218218665, -1.09411111537, 5.0249955213, -0.0559039438414
4.61, -4.19195785194, -1.09463643292, 5.02667270683, -0.0484299172722
4.62, -4.14171726883, -1.09510670914, 5.02826524106, -0.0463598466087
4.63, -4.09146083166, -1.09561146121, 5.02985458515, -0.0534676487035
4.64, -4.04118834344, -1.09618576159, 5.0314664827, -0.0581533836046
4.65, -3.9909000176, -1.09675015029, 5.0330119422, -0.0526670524664
4.66, -3.94059677458, -1.09724200387, 5.03446162801, -0.0462020514533
4.67, -3.89027936607, -1.09772117545, 5.03586590472, -0.0497897431239
4.68, -3.83994770922, -1.09827169775, 5.03730952427, -0.0577531250514
4.69, -3.78960163607, -1.09886094304, 5.03873593742, -0.0569614542239
4.7, -3.7392417474, -1.0993921894, 5.0400715301, -0.0487356096498
4.71, -3.68886901038, -1.09986604271, 5.04132840037, -0.046935579629
4.72, -3.6384836896, -1.10038129734, 5.0425985531, -0.0548781048769
4.73, -3.58808543464, -1.10097071096, 5.04390409654, -0.0595609928988
4.74, -3.53767439416, -1.10154462179, 5.04514453687, -0.0532148747316
4.75, -3.48725148324, -1.10203934026, 5.04629205489, -0.0464557605428
4.76, -3.43681738396, -1.10252477532, 5.04740434222, -0.050816975767
4.77, -3.38637185996, -1.10308945473, 5.04857344547, -0.0593363104347
4.78, -3.33591469299, -1.10367757638, 5.0497152645, -0.0578633747947
4.79, -3.28544643856, -1.1042281617, 5.05079292545, -0.0511922903189
4.8, -3.2349678508, -1.10472235081, 5.05179930934, -0.0482431163279
4.81, -3.18447925962, -1.10523905576, 5.05280669682, -0.0542579568199
4.82, -3.1339803613, -1.1058226749, 5.05385374431, -0.0594696817209
4.83, -3.08347114744, -1.10640769307, 5.05485906725, -0.0552768385876
4.84, -3.03295232228, -1.10692668732, 5.05578417669, -0.04871319863
4.85, -2.9824245503, -1.1074236785, 5.0566693008, -0.0509492772221
4.86, -2.93188770808, -1.10798224706, 5.05759933895, -0.0585596038516
4.87, -2.88134147143, -1.10858575236, 5.05853583466, -0.059025913181
4.88, -2.83078621435, -1.10914334068, 5.05939979352, -0.0515894209466
4.89, -2.78022276552, -1.10964129889, 5.06019436321, -0.0487728075586
4.9, -2.72965137281, -1.11016761097, 5.06100146566, -0.0555722795208
4.91, -2.67907161214, -1.11076597631, 5.06185895205, -0.0609056670472
4.92, -2.62848343224, -1.111361458, 5.06267352725, -0.055948840159
4.93, -2.57788756071, -1.11188418306, 5.06340731179, -0.0489983061662
4.94, -2.52728463511, -1.11238696565, 5.06410691025, -0.0518811749793
4.95, -2.47667441591, -1.11295886438, 5.06486572083, -0.0601012409968
4.96, -2.4260564944, -1.11357613638, 5.06563340501, -0.0601150497369
4.97, -2.37543125506, -1.11413994749, 5.06632582552, -0.051902485553
4.98, -2.3247995476, -1.11464114128, 5.06694981371, -0.0492871062027
4.99, -2.27416154184, -1.11517737907, 5.06759827012, -0.0569459124898
5.0, -2.22351669835, -1.11579098903, 5.06830661496, -0.0623661625243
5.01, -2.17286493887, -1.11639670513, 5.06896856638, -0.0565643105023
5.02, -2.12220703281, -1.11692256746, 5.06954788372, -0.0492409795855
5.03, -2.07154359853, -1.11743122041, 5.07009850821, -0.0528630533411
5.04, -2.02087428056, -1.11801716967, 5.07072284366, -0.0617133618224
5.05, -1.97019865184, -1.11863404503, 5.07134224818, -0.0611104338624
5.06, -1.91951708683, -1.11921794112, 5.07190994736, -0.0544025120471
5.07, -1.86883025842, -1.11973942951, 5.0724120198, -0.0505602866285
5.08, -1.81813844984, -1.12027682561, 5.07292195092, -0.0563196143668
5.09, -1.76744120361, -1.12088509933, 5.07349329208, -0.0623607184993
5.1, -1.71673830478, -1.12150291877, 5.07403994657, -0.058716929518
5.11, -1.66603033948, -1.1220534953, 5.07451262218, -0.051499579571
5.12, -1.61531795055, -1.12257342925, 5.07494777785, -0.0529633614686
5.13, -1.56460093542, -1.12315334228, 5.07544120328, -0.0609871541113
5.14, -1.51387877917, -1.12378653695, 5.0759629703, -0.0623874451956
5.15, -1.46315169309, -1.12437834091, 5.07642079505, -0.0548540454782
5.16, -1.41242046628, -1.12490361614, 5.07681135347, -0.0510591476183
5.17, -1.36168533282, -1.12545038665, 5.07721833731, -0.0576374214802
5.18, -1.31094573143, -1.1260740081, 5.07769658007, -0.0638996823073
5.19, -1.26020142153, -1.12670344336, 5.07814621816, -0.0594922008603
5.2, -1.20945304308, -1.12725825048, 5.07851810949, -0.0517874733535
5.21, -1.15870124747, -1.12778370603, 5.07885496899, -0.0538652882239
5.22, -1.1079457362, -1.12837709525, 5.07926325916, -0.0625909875672
5.23, -1.05718594774, -1.12901119935, 5.07968517605, -0.0628146283861
5.24, -1.00642217921, -1.12961964587, 5.08006477755, -0.0572671783194
5.25, -0.95565499376, -1.13016811571, 5.08038253436, -0.0528635724332
5.26, -0.904884713419, -1.13072101205, 5.08070122348, -0.0573342221523
5.27, -0.854110912441, -1.13133858041, 5.08108327691, -0.0635192711458
5.28, -0.803333271999, -1.1319753727, 5.08145708928, -0.0612441593058
5.29, -0.752552238322, -1.13255458353, 5.08176471268, -0.0543501744696
5.3, -0.701768437577, -1.13309661286, 5.08203243334, -0.0545324314108
5.31, -0.650981739922, -1.13368663054, 5.08235072755, -0.061802748985
5.32, -0.600191596894, -1.13433260734, 5.08271030993, -0.0642586744964
5.33, -0.549398074461, -1.1349503888, 5.08301865349, -0.0578589778409
5.34, -0.498601874904, -1.13550342883, 5.08326245531, -0.0533749082891
5.35, -0.447803293949, -1.13606518154, 5.08351316566, -0.0585725859564
5.36, -0.397001813987, -1.13669770634, 5.08383692893, -0.0650765873668
5.37, -0.346197087444, -1.13734708643, 5.08414903562, -0.0621642841114
5.38, -0.295389615406, -1.13793182672, 5.08439012095, -0.0547255115335
5.39, -0.244580096922, -1.13847939278, 5.08457493624, -0.0553726956615
5.4, -0.193768671196, -1.13908212775, 5.08478023952, -0.0633527387575
5.41, -0.142955112571, -1.13974323064, 5.08498062862, -0.0655741897022
5.42, -0.0921400767668, -1.14036961132, 5.08507683567, -0.0583692156098
