timestamp, prius1 x posi, prius1 y posi, prius1 x vel, prius1 y vel.
0.0, 0.0, 0.0, 0.0, 0.0
0.00999999999999, 24.9968837226, 1.00002153893, -0.224538150887, -0.00222508231151
0.02, 24.9940791099, 1.00001101013, -0.312903199896, -0.00100671205108
0.03, 24.9903981596, 1.00002280744, -0.40118128669, 0.00155160640495
0.04, 24.9858417923, 1.00004985946, -0.489423089279, 0.00187468284976
0.05, 24.9804102737, 1.00006587731, -0.577666180345, -2.52621798498e-05
0.06, 24.9741036637, 1.00006743418, -0.665907357187, -0.000580571439578
0.07, 24.9669219601, 1.00007910502, -0.754146954993, 0.00151018030429
0.08, 24.9588651326, 1.00011216897, -0.842388993512, 0.00308204587844
0.09, 24.9499331709, 1.00014502506, -0.930631783292, 0.00176142851566
0.1, 24.9401260993, 1.00015880687, -1.01887222769, 3.37121414434e-06
0.11, 24.9294439331, 1.00016954152, -1.10711180259, 0.0011035484367
0.12, 24.9178866461, 1.00020253219, -1.19535581767, 0.00368289444834
0.13, 24.9054543153, 1.00025064036, -1.28329068304, 0.00392003616304
0.14, 24.892150981, 1.0002864853, -1.3699196675, 0.00193756119001
0.15, 24.8779866917, 1.00030828456, -1.45548720858, 0.00155298887787
0.16, 24.8629720322, 1.00034264404, -1.54000369827, 0.00388520093914
0.17, 24.8471174473, 1.000399577, -1.62348201665, 0.00543864262814
0.18, 24.8304332728, 1.00045493893, -1.70593132272, 0.0039340180184
0.19, 24.8129297558, 1.00049013865, -1.78736136644, 0.00217108624465
0.2, 24.7946170077, 1.00052338177, -1.8677874709, 0.00343567557516
0.21, 24.7755049693, 1.00057981337, -1.94722669783, 0.00599816559539
0.22, 24.7556034555, 1.00064954508, -2.02568948788, 0.00593458055983
0.23, 24.734922206, 1.00070377874, -2.10318304515, 0.00367337848812
0.24, 24.7134708615, 1.000742951, -2.17971901204, 0.00335029400631
0.25, 24.6912589038, 1.00079654578, -2.25531417862, 0.00591445572563
0.26, 24.6682978832, 1.00087394873, -2.32986650292, 0.00745701826939
0.27, 24.6446021341, 1.00094792264, -2.40355613861, 0.00567218159141
0.28, 24.6201807081, 1.0009994835, -2.47640237154, 0.00380107343835
0.29, 24.5950422437, 1.00104996939, -2.54836504846, 0.00528891011167
0.3, 24.5691954576, 1.00112583533, -2.61944594728, 0.0079875323255
0.31, 24.542649047, 1.00121422583, -2.68965423307, 0.00767504424527
0.32, 24.5154116504, 1.00128389581, -2.75899486689, 0.00511601792046
0.33, 24.4874918178, 1.00133745195, -2.82747591908, 0.00487428436114
0.34, 24.4588992925, 1.00140774257, -2.89420381654, 0.00772335455395
0.35, 24.4296502447, 1.00150318876, -2.95899302956, 0.0092212899241
0.36, 24.3997628344, 1.00159279242, -3.02197078101, 0.00709725400651
0.37, 24.3692548508, 1.00165750616, -3.08318479941, 0.00512351913252
0.38, 24.33814361, 1.00172241413, -3.14268760487, 0.00688314230756
0.39, 24.3064459127, 1.00181527202, -3.20053166926, 0.0097344984112
0.4, 24.2741781057, 1.00191975591, -3.25675987951, 0.00913905669028
0.41, 24.2413561444, 1.00200193988, -3.31141056626, 0.00625329521997
0.42, 24.2079955689, 1.00206690486, -3.36452879664, 0.0061006579415
0.43, 24.1741114387, 1.0021508817, -3.41616374765, 0.00919986125425
0.44, 24.1397183566, 1.0022609, -3.46635842435, 0.0106097496915
0.45, 24.1048305564, 1.00236237178, -3.51514731346, 0.0081302086087
0.46, 24.0694619226, 1.00243639551, -3.56256650552, 0.00605172653332
0.47, 24.0336259302, 1.00251178173, -3.60865835231, 0.00806873700498
0.48, 23.9973356204, 1.00261747106, -3.65346525665, 0.0110525964118
0.49, 23.9606036758, 1.0027338159, -3.69701966133, 0.010184510409
0.5, 23.9234424844, 1.00282460473, -3.73935080898, 0.00701942254654
0.51, 23.8858641058, 1.00289756136, -3.78049336358, 0.00700043902956
0.52, 23.8478802084, 1.002992149, -3.8204870528, 0.0103793329243
0.53, 23.8095021018, 1.00311379031, -3.85936502607, 0.0116967917681
0.54, 23.770740825, 1.00322404937, -3.89715203421, 0.00884936496211
0.55, 23.7316071604, 1.00330436242, -3.9338753013, 0.00669004604166
0.56, 23.692111564, 1.00338758795, -3.96956904448, 0.0090057370471
0.57, 23.6522641403, 1.00350370873, -4.00426741337, 0.0121257378607
0.58, 23.6120747229, 1.0036293238, -4.03799400286, 0.010954486905
0.59, 23.5715529357, 1.00372591085, -4.07076985845, 0.00750488747979
0.6, 23.5307081509, 1.00380425817, -4.10262225683, 0.00765781388002
0.61, 23.4895494196, 1.00390723364, -4.13358399666, 0.0113443040664
0.62, 23.4480855088, 1.00403829525, -4.16368058583, 0.0125510889907
0.63, 23.4063249921, 1.00415487693, -4.1929291951, 0.0093134004705
0.64, 23.3642762572, 1.00423902902, -4.22135035316, 0.00709680562086
0.65, 23.3219474261, 1.00432803726, -4.24897233284, 0.00975382138472
0.66, 23.279346331, 1.00445276523, -4.27582312767, 0.013011261216
0.67, 23.2364805994, 1.00458560699, -4.30191951469, 0.0115036874911
0.68, 23.1933577145, 1.00468573178, -4.32727643664, 0.00776604673261
0.69, 23.1499849623, 1.00476744681, -4.35191588149, 0.00813210831455
0.7, 23.1063693576, 1.00487717238, -4.37586578338, 0.0121520489198
0.71, 23.062517686, 1.00501598813, -4.39914590642, 0.0132233896741
0.72, 23.0184365981, 1.00513690783, -4.4217677462, 0.00956913562456
0.73, 22.9741326097, 1.00522291986, -4.44374702069, 0.00732009824479
0.74, 22.9296120139, 1.0053161404, -4.46510790915, 0.0103617466183
0.75, 22.8848808567, 1.00544811668, -4.48587393074, 0.0137537089363
0.76, 22.8399450314, 1.00558655554, -4.50605623902, 0.0118717685039
0.77, 22.7948103466, 1.00568833775, -4.52566359786, 0.0078408337575
0.78, 22.7494824965, 1.00577179919, -4.54470653875, 0.00846551355429
0.79, 22.7039670398, 1.0058870496, -4.5631985397, 0.0128404144618
0.8, 22.658269452, 1.00603224049, -4.58114542371, 0.0137337623067
0.81, 22.612395203, 1.00615563631, -4.5985471153, 0.00962452055203
0.82, 22.5663497305, 1.00624162036, -4.6154103476, 0.00737112195269
0.83, 22.5201383303, 1.00633761294, -4.63175155055, 0.0108413396127
0.84, 22.473766138, 1.00647551777, -4.64758520068, 0.0143475460779
0.85, 22.4272382435, 1.00661774749, -4.66291108935, 0.012032316598
0.86, 22.3805597616, 1.00671903332, -4.67772890196, 0.00770293011029
0.87, 22.3337357448, 1.00680234219, -4.69203654163, 0.00862868212344
0.88, 22.2867713827, 1.00692154518, -4.70581602337, 0.0133718703382
0.89, 22.2396720558, 1.00707133105, -4.71905179911, 0.0140433046152
0.9, 22.1924432558, 1.00719497548, -4.73173990396, 0.0094474808874
0.91, 22.1450903963, 1.00727873962, -4.74389716641, 0.00722207400897
0.92, 22.0976185983, 1.00737576056, -4.75555777805, 0.011162478278
0.93, 22.0500326291, 1.00751795226, -4.76675614742, 0.0147634835277
0.94, 22.002337007, 1.00766190492, -4.77751222873, 0.0119662484905
0.95, 21.9545360706, 1.0077603843, -4.78784467739, 0.00734413624879
0.96, 21.9066339191, 1.00784165774, -4.79777888934, 0.00863148316322
0.97, 21.8586343519, 1.00796339748, -4.80734482012, 0.013767383551
0.98, 21.810540955, 1.00811626381, -4.81655921057, 0.014183527903
0.99, 21.7623572182, 1.00823828148, -4.82542965296, 0.00907472432702
1.0, 21.7140865271, 1.00831800762, -4.83396899759, 0.00691005238895
1.01, 21.6657320613, 1.00841472974, -4.84219946212, 0.0113707225193
1.02, 21.6172967914, 1.00856013193, -4.8501399387, 0.0150650444678
1.03, 21.5687836011, 1.00870447057, -4.85779478492, 0.0117494920872
1.04, 21.5201953391, 1.00879861223, -4.86516926349, 0.00683769608978
1.05, 21.4715347336, 1.00887664952, -4.87227781493, 0.00853833295934
1.06, 21.4228043112, 1.00900016875, -4.87914131272, 0.0140915747849
1.07, 21.3740064759, 1.0091552245, -4.88576749786, 0.0142121691387
1.08, 21.3251436165, 1.00927430099, -4.89215678628, 0.00856201608039
1.09, 21.2762180786, 1.00934878782, -4.89831639513, 0.00650183536614
1.1, 21.2272320491, 1.0094445847, -4.90426413266, 0.0115356397619
1.11, 21.1781875543, 1.00959273066, -4.91001407988, 0.0153042183416
1.12, 21.1290865843, 1.00973652902, -4.91556559433, 0.0114172355503
1.13, 21.0799311382, 1.00982516015, -4.92092000344, 0.00622437179078
1.14, 21.0307231273, 1.00989924225, -4.92608848625, 0.00840215558314
1.15, 20.9814642923, 1.010024291, -4.93108891006, 0.0143917461272
1.16, 20.9321562906, 1.01018104321, -4.93592489082, 0.014164273599
1.17, 20.8828008019, 1.01029618291, -4.94059342874, 0.00794115094705
1.18, 20.8333994925, 1.01036456772, -4.94509893921, 0.00603389232762
1.19, 20.783953891, 1.0104591859, -4.9494571131, 0.0116943927412
1.2, 20.7344653943, 1.01060994244, -4.95367904918, 0.0155109857237
1.21, 20.6849353964, 1.01075253396, -4.95776080623, 0.010993663299
1.22, 20.6353653279, 1.0108347302, -4.96170129998, 0.00553101903722
1.23, 20.5857565497, 1.01090443208, -4.96550982885, 0.0082540669236
1.24, 20.5361102705, 1.01103105734, -4.96920249351, 0.0146953883413
1.25, 20.486427643, 1.01118924214, -4.9727799034, 0.0140595668718
1.26, 20.4367098693, 1.01129963146, -4.97623680934, 0.00723082790661
1.27, 20.3869581549, 1.01136126693, -4.97957584909, 0.00553057311542
1.28, 20.3371735804, 1.0114547087, -4.98281162537, 0.0118723682703
1.29, 20.2873571129, 1.01160815974, -4.9859530982, 0.015703571265
1.3, 20.2375097421, 1.01174902347, -4.9889939384, 0.0104917761383
1.31, 20.1876325124, 1.01182400487, -4.99193150533, 0.00477459082592
1.32, 20.1377264084, 1.01188910274, -4.99477404242, 0.00811613041007
1.33, 20.0877922729, 1.01201755837, -4.99753662675, 0.0150208020716
1.34, 20.0378309136, 1.01217704852, -5.00021752864, 0.0139084785119
1.35, 19.9878432068, 1.01228196742, -5.00280999486, 0.00644129035531
1.36, 19.937830043, 1.01233634398, -5.00531553114, 0.00500885595003
1.37, 19.8877921924, 1.01242879589, -5.00774832198, 0.0120877568962
1.38, 19.8377303261, 1.01258516876, -5.01011569672, 0.0158926117169
1.39, 19.7876451565, 1.01272385458, -5.01240954514, 0.00991726691618
1.4, 19.7375374636, 1.01279091853, -5.01462621702, 0.00396580110922
1.41, 19.6874079709, 1.01285133204, -5.01677344961, 0.00800477688982
1.42, 19.6372572667, 1.01298202138, -5.01886576455, 0.0153802954756
1.43, 19.5870859203, 1.01314276462, -5.02089951319, 0.013715196179
1.44, 19.5368945844, 1.01324152794, -5.02286694607, 0.00557729786134
1.45, 19.4866839313, 1.01328822499, -5.02476884756, 0.00448120245261
1.46, 19.4364545137, 1.01338001387, -5.02661944668, 0.0123542066653
1.47, 19.386206796, 1.01353963084, -5.02842473588, 0.016083625298
1.48, 19.3359412991, 1.01367570874, -5.03017524753, 0.00927092918183
1.49, 19.2856586201, 1.01373418698, -5.03186667303, 0.00311152167944
1.5, 19.2353592994, 1.01378994463, -5.03350662481, 0.00793307907407
1.51, 19.1850437454, 1.01392338459, -5.03510936165, 0.0157822564754
1.52, 19.1347123614, 1.01408536189, -5.03666958557, 0.0134796235304
1.53, 19.0843656449, 1.01417728018, -5.0381789065, 0.00464009167462
1.54, 19.0340041157, 1.01421593685, -5.03963764953, 0.00395748742098
1.55, 18.9836281715, 1.01430750408, -5.04106041641, 0.0126825902887
1.56, 18.9332381305, 1.01447075056, -5.04245201756, 0.0162786220313
1.57, 18.8828343803, 1.01460377573, -5.04380193989, 0.00855023577029
1.58, 18.8324173906, 1.01465300699, -5.04510543524, 0.00221637354586
1.59, 18.7819875709, 1.01470422712, -5.04637026661, 0.00791224875552
1.6, 18.7315452005, 1.01484102627, -5.04761060121, 0.0162324876652
1.61, 18.6810905659, 1.01500422276, -5.04881966898, 0.0131986373732
1.62, 18.6306240563, 1.01508857572, -5.04998869285, 0.00362868242002
1.63, 18.5801460833, 1.01511887437, -5.05111770213, 0.00344626906505
1.64, 18.5296569319, 1.01521076218, -5.05222190981, 0.0130821365162
1.65, 18.479156816, 1.01537806539, -5.05330500626, 0.0164771088993
1.66, 18.4286460295, 1.01550755318, -5.05435567754, 0.00775035031188
1.67, 18.3781249521, 1.01554686633, -5.05536886118, 0.00128378547372
1.68, 18.3275938985, 1.01559374816, -5.05635268023, 0.00795261799096
1.69, 18.2770530536, 1.01573459377, -5.05732129479, 0.0167350366409
1.7, 18.2265026207, 1.01589897754, -5.0582665875, 0.0128668653719
1.71, 18.1759429133, 1.01597499553, -5.059179577, 0.00254069380584
1.72, 18.1253742566, 1.01601084479, -5.06006204424, 0.00269806111494
1.73, 18.0747968632, 1.01608731815, -5.06092407574, 0.0112822811652
1.74, 18.0242108873, 1.01624363357, -5.06177263242, 0.0162437832067
1.75, 17.973616536, 1.01638105793, -5.0625977196, 0.00909415934126
1.76, 17.923014105, 1.01643004069, -5.06339321453, 0.00154889853904
1.77, 17.872403856, 1.01646779381, -5.06416385111, 0.00623894841701
1.78, 17.821785928, 1.01659131464, -5.06492377552, 0.0154450210433
1.79, 17.7711604558, 1.01675470739, -5.06566828337, 0.0137305717075
1.8, 17.7205276729, 1.01684356413, -5.0663880006, 0.00369936683067
1.81, 17.669887853, 1.01686604246, -5.06708083283, 0.00201015006223
1.82, 17.6192411643, 1.01694152185, -5.06775963579, 0.0116069555927
1.83, 17.5685876969, 1.01710204656, -5.0684303451, 0.0165183790383
1.84, 17.5179276095, 1.01723674572, -5.06908231924, 0.00834586266686
1.85, 17.4672613145, 1.01728018233, -5.06954688615, 0.00521620507666
1.86, 17.4165885247, 1.01732031103, -5.07031815645, 0.00527130748757
1.87, 17.3659098322, 1.01742808656, -5.07091774097, 0.0137704359148
1.88, 17.3152251714, 1.01758272267, -5.07150719693, 0.0137303471146
1.89, 17.2645347148, 1.01768038566, -5.07207792114, 0.00497601687598
1.9, 17.2138386817, 1.01771038274, -5.07262691748, 0.00199894168039
1.91, 17.1631372148, 1.01777498085, -5.07316353728, 0.00985744950212
1.92, 17.1124303786, 1.01791966241, -5.0736950418, 0.015485973582
1.93, 17.0617182837, 1.0180555622, -5.07421326147, 0.00932663047576
1.94, 17.0110011235, 1.0181062816, -5.07471188372, 0.00144148565118
1.95, 16.9602790749, 1.01813662069, -5.07519346709, 0.00501171807593
1.96, 16.9095522091, 1.0182463504, -5.07567049029, 0.0141904489232
1.97, 16.8588205851, 1.01840315664, -5.07614049863, 0.0136094129518
1.98, 16.808084346, 1.01849438902, -5.07659479709, 0.00399363535437
1.99, 16.7573436812, 1.01851494231, -5.07703029218, 0.0012879530026
2.0, 16.7065986973, 1.01857792216, -5.07745695844, 0.0101219681005
2.01, 16.6558494262, 1.01872676425, -5.07788164623, 0.0158097317238
2.02, 16.6050959525, 1.01886084686, -5.07829564932, 0.00868009811159
2.03, 16.554338445, 1.0189018744, -5.0786925935, 0.000408978248524
2.04, 16.5035770513, 1.01892598422, -5.07907524705, 0.00484227244492
2.05, 16.4528118108, 1.01903870331, -5.07945651544, 0.0147057927588
2.06, 16.4020427576, 1.01919810319, -5.0798331055, 0.0134803262055
2.07, 16.3512700142, 1.01928240632, -5.08019627272, 0.00294696929857
2.08, 16.3004937431, 1.01930758841, -5.08054426135, 0.00101613546042
2.09, 16.2497140225, 1.01935758752, -5.08088375185, 0.00831554985579
2.1, 16.1989308788, 1.01949245629, -5.08122293945, 0.0151206848739
2.11, 16.1481443647, 1.01963095163, -5.08155521898, 0.00986788475583
2.12, 16.0973546123, 1.01968342692, -5.08187390595, 0.00107964197401
2.13, 16.0465617532, 1.01970252378, -5.08217945277, 0.00341554510947
2.14, 15.995765824, 1.01979742274, -5.08248344626, 0.0130932517068
2.15, 15.9449668382, 1.01995139274, -5.08278568544, 0.0139338588538
2.16, 15.8941648833, 1.02004746765, -5.08307794531, 0.00428923966968
2.17, 15.8433600996, 1.0200632008, -5.08335601288, 0.000118704943376
2.18, 15.7925525633, 1.0201102484, -5.08362747009, 0.00848894742472
2.19, 15.7417422733, 1.02024923181, -5.08390052783, 0.0155076964516
2.2, 15.690929268, 1.02038682549, -5.08416812703, 0.00930279867812
2.21, 15.640113666, 1.02042967438, -5.08442359866, -1.64982468776e-05
2.22, 15.5892955756, 1.02045557622, -5.08466889563, 0.00286306867819
2.23, 15.5384750207, 1.02053645429, -5.08491192663, 0.011336309956
2.24, 15.4876520122, 1.02067832526, -5.08515464803, 0.0134882212378
2.25, 15.4368266113, 1.02078028339, -5.08539025246, 0.00549399890667
2.26, 15.3859989308, 1.02080590263, -5.0856143607, 0.000532571137562
2.27, 15.3351690414, 1.02084579209, -5.0858318101, 0.00694952826428
2.28, 15.2843369431, 1.02096772056, -5.08605065203, 0.0141083707333
2.29, 15.233502658, 1.0211022485, -5.08626636181, 0.00993788383031
2.3, 15.1826662757, 1.02115681551, -5.08647274668, 0.00116251530036
2.31, 15.1318278944, 1.02117096115, -5.08666897879, 0.00240284432359
2.32, 15.0809875347, 1.02125239561, -5.08686455001, 0.0117033300148
2.33, 15.0301451903, 1.02139723608, -5.08706088705, 0.0135336964231
2.34, 14.979300914, 1.02149435465, -5.0872511525, 0.00461325405652
2.35, 14.9284548082, 1.02151016656, -5.08743084992, -0.000322661857989
2.36, 14.8776069295, 1.02154661181, -5.08760517053, 0.00705420482141
2.37, 14.8267572653, 1.02167237454, -5.08778211444, 0.0145166907855
2.38, 14.7759058295, 1.02180676032, -5.08795683339, 0.0094758070708
2.39, 14.7250527042, 1.02185245826, -5.08812312443, 9.81989564655e-05
2.4, 14.6741979764, 1.02185887113, -5.08828012493, 0.00202740595368
2.41, 14.6233416534, 1.02194187435, -5.0884377496, 0.0121740831169
2.42, 14.5725010459, 1.02209041376, -5.0833901326, 0.0136305298966
2.43, 14.5217360022, 1.02218266857, -5.07531485621, 0.00367439177891
2.44, 14.471050574, 1.02220050023, -5.06746465151, -0.000131357244386
2.45, 14.4204423318, 1.02222616332, -5.05986573661, 0.00529174124266
2.46, 14.3699087104, 1.02233582255, -5.05252400019, 0.0134551319593
2.47, 14.3194472156, 1.02247094164, -5.04542712111, 0.0103999754959
2.48, 14.2690555026, 1.02252788376, -5.03856015986, 0.000945420239501
2.49, 14.2187313316, 1.02253165847, -5.03191236793, 0.000797691020541
2.5, 14.1684724828, 1.0225964021, -5.02548336874, 0.0103042462768
2.51, 14.1182767865, 1.02273521452, -5.01926806371, 0.0135973503678
2.52, 14.0681422007, 1.02283617063, -5.01325287069, 0.00494668553146
2.53, 14.0180759715, 1.02284810333, -5.00369528589, -0.00141490614882
2.54, 13.968137912, 1.02286777672, -4.98978200923, 0.00519020454804
2.55, 13.918336619, 1.02298001573, -4.97629639498, 0.013814131852
2.56, 13.8686679321, 1.02311482433, -4.96324164772, 0.00992855318605
2.57, 13.8191276145, 1.02316206059, -4.95060734148, -0.000269996745701
2.58, 13.769711557, 1.02316990529, -4.93837667849, -8.07546544282e-05
2.59, 13.7204157424, 1.02321798499, -4.92653972642, 0.00838287452752
2.6, 13.6712362746, 1.02334444172, -4.91508673603, 0.0132181325771
2.61, 13.6221694306, 1.02345170564, -4.90399939761, 0.006124947665
2.62, 13.5732289768, 1.02347181739, -4.88806119293, -0.00125549074467
2.63, 13.5244711215, 1.0234814269, -4.86945046652, 0.00336632028333
2.64, 13.475896421, 1.02357446674, -4.85140516668, 0.0122815544563
2.65, 13.4274991617, 1.02370569527, -4.83393604809, 0.0105574316335
2.66, 13.3792736976, 1.02376418275, -4.81702505656, 0.000798955539117
2.67, 13.331214583, 1.02375824077, -4.80064817057, -0.000832534449503
2.68, 13.2833165195, 1.02380374146, -4.78479162828, 0.00846992748382
2.69, 13.2355743667, 1.02393147129, -4.76944091774, 0.0131942217167
2.7, 13.1879832068, 1.02403373455, -4.7545733876, 0.00523062620923
2.71, 13.1405384267, 1.02404738745, -4.74008834383, 0.00226783332435
2.72, 13.0932702783, 1.02405794969, -4.71873517613, 0.00223720446729
2.73, 13.0462210277, 1.0241335387, -4.69708112675, 0.0104312903516
2.74, 12.9993849021, 1.02425420669, -4.67608776637, 0.0103768860385
2.75, 12.9527552735, 1.0243196523, -4.65575545261, 0.00189643927583
2.76, 12.9063256602, 1.02431949175, -4.63606156948, -0.00100714411555
2.77, 12.8600897596, 1.02435251946, -4.61698663937, 0.00656373396096
2.78, 12.8140414592, 1.02446274569, -4.59851304176, 0.0119883177484
2.79, 12.7681748905, 1.0245643569, -4.5806165311, 0.00602344290033
2.8, 12.722484438, 1.02458350585, -4.56327150958, -0.00161453837024
2.81, 12.676978124, 1.02458276319, -4.54189609386, 0.00181203044832
2.82, 12.6317116164, 1.02465849843, -4.5174102201, 0.0106608742238
2.83, 12.5866860965, 1.02477945058, -4.49366256276, 0.0100760885295
2.84, 12.5418942244, 1.02483680697, -4.47065458873, 0.000762951155972
2.85, 12.4973287013, 1.02482570496, -4.44836753643, -0.00186873137504
2.86, 12.4529824041, 1.02485544375, -4.42678067339, 0.00664936990035
2.87, 12.4088484203, 1.02496793959, -4.40587413278, 0.0121227472806
2.88, 12.364920103, 1.02506594448, -4.38562172905, 0.0052125104002
2.89, 12.3211910772, 1.02507387453, -4.36599563857, -0.00279186311141
2.9, 12.2776551892, 1.02506537147, -4.34697273633, 0.00148323721613
2.91, 12.2343308969, 1.02514236574, -4.32232653679, 0.0109945659269
2.92, 12.1912674506, 1.02526417789, -4.29633950588, 0.00978031144844
2.93, 12.1484598431, 1.02531307895, -4.2711394037, -0.000424843778446
2.94, 12.1059001386, 1.02530473928, -4.24673253585, -0.00230206338478
2.95, 12.0635804502, 1.02532020069, -4.22310401365, 0.00473417010059
2.96, 12.0214930834, 1.02541753982, -4.20023468519, 0.0112961801559
2.97, 11.979630584, 1.0255182113, -4.17810104299, 0.00620055312846
2.98, 11.937985745, 1.02553554793, -4.15667827431, -0.00231220788582
2.99, 11.8965515598, 1.02552047516, -4.13594560616, -6.6738762254e-05
3.0, 11.8553268042, 1.02557857623, -4.11303102532, 0.00927623896502
3.01, 11.8143653281, 1.02569364564, -4.08530684557, 0.0100526467408
3.02, 11.7736767155, 1.0257522702, -4.05837022741, 0.000703661036893
3.03, 11.7332537353, 1.02573316647, -4.03217865133, -0.00333109355622
3.04, 11.6930890689, 1.02574435683, -4.00664480359, 0.0047658894901
3.05, 11.6531751737, 1.02584413949, -3.98197332421, 0.0115089507552
3.06, 11.6135052808, 1.02594236976, -3.95791332831, 0.00549089096754
3.07, 11.5740724616, 1.02594879428, -3.93452918109, -0.00354495244267
3.08, 11.5348700894, 1.02593877883, -3.91174246877, -0.000764123852104
3.09, 11.4958917136, 1.02598159056, -3.88964947241, 0.00740645521876
3.1, 11.4571401524, 1.0260833477, -3.86447344095, 0.00949391633966
3.11, 11.418670387, 1.02614655006, -3.83548410789, 0.00175967789051
3.12, 11.3804870861, 1.02613573685, -3.80721678615, -0.00306578427256
3.13, 11.3425825277, 1.02613807329, -3.77966023173, 0.00308560562616
3.14, 11.3049488399, 1.02621973844, -3.7529468926, 0.010026002994
3.15, 11.2675784228, 1.02631376783, -3.72698402997, 0.0060032204272
3.16, 11.2304638626, 1.02633052667, -3.70181738778, -0.00249487514053
3.17, 11.1935981371, 1.02630759239, -3.67721940048, -0.00138545179604
3.18, 11.1569741872, 1.02634928173, -3.65337321664, 0.0076078615658
3.19, 11.1205851123, 1.02645257693, -3.6302090468, 0.00941962650921
3.2, 11.0844026663, 1.0265101283, -3.6126005357, 0.000812815714871
3.21, 11.0483856237, 1.02648867288, -3.59638134946, -0.00404789220617
3.22, 11.0125284496, 1.02648649354, -3.58061652483, 0.00305807223875
3.23, 10.9768264978, 1.026570887, -3.56536481362, 0.0103396538275
3.24, 10.9412755453, 1.02666423577, -3.55047605765, 0.00551269162888
3.25, 10.9058712995, 1.02667170924, -3.53595382743, -0.00362830876763
3.26, 10.8706096522, 1.02664053363, -3.52188442196, -0.00182587274867
3.27, 10.835486669, 1.02668323914, -3.50820384158, 0.00801136377228
3.28, 10.8004983918, 1.02678980273, -3.49497479891, 0.00946981209511
3.29, 10.7656411552, 1.02684205749, -3.48205128316, -0.000142207852088
3.3, 10.7308841321, 1.02681023683, -3.47493006801, -0.00492263009798
3.31, 10.6961939745, 1.02680506662, -3.46842540516, 0.0032449891961
3.32, 10.6615682007, 1.02689410778, -3.46207812402, 0.0107920498475
3.33, 10.6270049857, 1.02698730648, -3.45590388158, 0.0049950444521
3.34, 10.5925026282, 1.02699013408, -3.44982260971, -6.6394246166e-05
3.35, 10.5580595035, 1.02695943735, -3.44404990538, -0.00299167253318
3.36, 10.5236739894, 1.02698570165, -3.43836706097, 0.00642168873002
3.37, 10.4893445763, 1.027085736, -3.43283389261, 0.00975298853314
3.38, 10.4550697291, 1.02714893969, -3.42744686818, 0.00123252427263
3.39, 10.4208471745, 1.02712395328, -3.422935302, -0.00509479001519
3.4, 10.3866383351, 1.02710635904, -3.42375496415, 0.00140627844329
3.41, 10.3524226728, 1.02718045075, -3.42447598672, 0.00998230192436
3.42, 10.3181998646, 1.02727775017, -3.42517437462, 0.0062376912127
3.43, 10.283970482, 1.02728904392, -3.42579521027, -0.00382717314868
3.44, 10.2497354958, 1.02726157436, -3.42630293844, -0.00301269910812
3.45, 10.2154961187, 1.02727707907, -3.42667943318, 0.00474440182483
3.46, 10.1812536999, 1.02736291711, -3.42691938224, 0.0089211585586
3.47, 10.1470096073, 1.02742907626, -3.42702759568, 0.00232047917368
3.48, 10.1127651259, 1.02741629958, -3.42701328354, -0.00422550499607
3.49, 10.0785119981, 1.02739642113, -3.43007628736, 0.00025227580083
3.5, 10.0442086524, 1.02745415675, -3.43558256474, 0.0083843392122
3.51, 10.0098514847, 1.02754499544, -3.44085641122, 0.00653973040919
3.52, 9.9754428551, 1.02756749565, -3.44589137438, -0.00242438487502
3.53, 9.94098513066, 1.0275327784, -3.45069235196, -0.00360558664758
3.54, 9.90648054061, 1.02754800807, -3.45527501523, 0.0050922454951
3.55, 9.87193117041, 1.02763807124, -3.45965647832, 0.00919959374817
3.56, 9.83733898079, 1.02770212475, -3.46385043745, 0.00168554403341
3.57, 9.80270581813, 1.02768071147, -3.46786453495, -0.00508657825153
3.58, 9.76803341908, 1.02765654761, -3.47170706761, 0.000255273469749
3.59, 9.73331946558, 1.02771817786, -3.47739406652, 0.00891350881283
3.6, 9.69852335324, 1.02781123157, -3.48671674526, 0.00636816525554
3.61, 9.66363591075, 1.02782712082, -3.49571900188, -0.00336263255676
3.62, 9.62866006914, 1.0277845616, -3.50441115683, -0.00408461753526
3.63, 9.59359889806, 1.02780054902, -3.51279654431, 0.00554778852018
3.64, 9.55845537663, 1.02789555433, -3.52089075076, 0.00950589264603
3.65, 9.52323236514, 1.02795721395, -3.52870810116, 0.000990254554766
3.66, 9.48793260453, 1.0279266739, -3.53625609504, -0.00596673698931
3.67, 9.4525587232, 1.02789858986, -3.54354327704, 0.000334569101165
3.68, 9.41711324059, 1.02796492423, -3.55058246973, 0.00950346020583
3.69, 9.38158352113, 1.02806027642, -3.56145733569, 0.00615329597548
3.7, 9.34593185382, 1.02806879884, -3.57375972201, -0.00437754161057
3.71, 9.31015912673, 1.02803238066, -3.58568259273, -0.00481243985761
3.72, 9.2742691686, 1.0280331635, -3.59721892206, 0.00378015976205
3.73, 9.23826577784, 1.0281179695, -3.60838068273, 0.00938417003916
3.74, 9.20215262818, 1.02818886836, -3.61918534739, 0.00245856719038
3.75, 9.16593324991, 1.02816886798, -3.62964331333, -0.00565478585231
3.76, 9.12961104599, 1.02813183379, -3.63976371759, -0.0013736581209
3.77, 9.09318930055, 1.02818120687, -3.64955959102, 0.0082820197359
3.78, 9.05667118354, 1.02827667724, -3.65904736289, 0.00714572428973
3.79, 9.02005031982, 1.02829914606, -3.67143646067, -0.0031394917431
3.8, 8.98328683323, 1.02826274991, -3.68609413347, -0.00430613780889
3.81, 8.94637905168, 1.02825600777, -3.70031217276, 0.00225056694673
3.82, 8.9093313648, 1.02832502807, -3.71408716671, 0.0081847715839
3.83, 8.87214815782, 1.02839489217, -3.72743238921, 0.00324961463461
3.84, 8.83483366938, 1.02838700213, -3.74036139665, -0.00453284175957
3.85, 8.79739199259, 1.02835142663, -3.75288506946, -0.00217602250152
3.86, 8.7598270904, 1.02838520891, -3.76501681475, 0.00649150779481
3.87, 8.72214279601, 1.02847013447, -3.77677436868, 0.00697353234869
3.88, 8.68432563001, 1.02850110247, -3.79254057515, -0.00175727236656
3.89, 8.64634029357, 1.02846121962, -3.80931952963, -0.00524494732083
3.9, 8.60818972416, 1.02845195128, -3.8255973395, 0.00243104073784
3.91, 8.56987896247, 1.02852476508, -3.8413722389, 0.00852498680236
3.92, 8.53141296263, 1.02859363386, -3.85666290825, 0.00271868316305
3.93, 8.49279649886, 1.02857700284, -3.87148457582, -0.00551371989307
3.94, 8.45403418512, 1.02853501115, -3.88584897436, -0.00241458781487
3.95, 8.41513049938, 1.02857109142, -3.89977024915, 0.00696307041447
3.96, 8.37608977667, 1.02865891217, -3.91326864998, 0.00693201631315
3.97, 8.3369161779, 1.0286841061, -3.926361588, -0.00269735927253
3.98, 8.29761164527, 1.0286348726, -3.94044607021, -0.00596794973568
3.99, 8.25813961529, 1.02862379823, -3.95862897104, 0.00268980337508
4.0, 8.21848919913, 1.02870100545, -3.97622923048, 0.0088957218176
4.01, 8.17866547653, 1.02876864759, -3.99330636066, 0.00212193344006
4.02, 8.13867368194, 1.02874252493, -4.00986553429, -0.00655952615004
4.03, 8.09851891425, 1.02869394472, -4.02591838012, -0.00262792253387
4.04, 8.05820613656, 1.02873280494, -4.04147974929, 0.00748357451751
4.05, 8.0177401563, 1.0288235753, -4.05657261266, 0.0068513196929
4.06, 7.97712558159, 1.02884218157, -4.07121640346, -0.00373637104923
4.07, 7.93636684791, 1.02879748862, -4.08542062055, -0.00628942110932
4.08, 7.89546826966, 1.02877272931, -4.09919733481, 0.000812527357139
4.09, 7.85442687244, 1.02883552995, -4.11532042482, 0.00818444383367
4.1, 7.81320351081, 1.02890754492, -4.13408718589, 0.003333304853
4.11, 7.77179537009, 1.02889332079, -4.15230978091, -0.00584324967295
4.12, 7.73020782293, 1.02883982329, -4.16998624067, -0.0040930908158
4.13, 7.68844628085, 1.02886003215, -4.18712373031, 0.00576366126689
4.14, 7.646516018, 1.02894456078, -4.20374528289, 0.0072628114673
4.15, 7.60442209558, 1.0289751053, -4.21987419042, -0.00234180840245
4.16, 7.56216937535, 1.02892121025, -4.23552272791, -0.00718028023835
4.17, 7.51976258554, 1.02889316157, -4.25070098563, 0.000915538572097
4.18, 7.47720427898, 1.02895928228, -4.26681210699, 0.00851244171911
4.19, 7.43445837844, 1.02903025289, -4.28699004791, 0.00277458947385
4.2, 7.39151441081, 1.02900626335, -4.30653957646, -0.00698327809954
4.21, 7.34837793754, 1.02895909571, -4.32550812946, -0.00474715906988
4.22, 7.30505473545, 1.02896416101, -4.34390207842, 0.00390511342712
4.23, 7.26155044117, 1.02903609401, -4.36174256588, 0.0068102912019
4.24, 7.21787047548, 1.02907270616, -4.37905533487, -0.00112013529701
4.25, 7.17402003989, 1.02902842006, -4.39585524668, -0.00684157596295
4.26, 7.13000418672, 1.02899204861, -4.4121532189, -0.000758484158362
4.27, 7.08582785043, 1.02904007529, -4.42796353528, 0.00704718784828
4.28, 7.04149579704, 1.02910784235, -4.44331101478, 0.0034236336422
4.29, 6.99701083651, 1.02909551403, -4.45909798895, -0.00584115441822
4.3, 6.9523586579, 1.02903527898, -4.47613541816, -0.00533985603639
4.31, 6.90753879968, 1.02903980706, -4.49266459819, 0.00419658868563
4.32, 6.86255614167, 1.02911436111, -4.508707429, 0.00684229981146
4.33, 6.81741546955, 1.02914584801, -4.52428461446, -0.00205752816097
4.34, 6.77212137632, 1.02909068716, -4.53940798726, -0.00783608624115
4.35, 6.72667833749, 1.02904943425, -4.55408523804, -0.000780171262219
4.36, 6.68109074376, 1.02910048737, -4.56832805903, 0.00741355911028
4.37, 6.63536283167, 1.02916785476, -4.58216139662, 0.00293118288164
4.38, 6.58949862939, 1.02914590688, -4.59560092152, -0.00702189485206
4.39, 6.5435020304, 1.02909079738, -4.60865214506, -0.00613558418198
4.4, 6.49737685856, 1.02907900508, -4.62132348471, 0.00226866369282
4.41, 6.4511268445, 1.02914091715, -4.63362830851, 0.00643467074206
4.42, 6.40475556357, 1.02917886021, -4.64558813685, -0.000823117749576
4.43, 6.35826641819, 1.02913268995, -4.65721265495, -0.00761349852567
4.44, 6.3116627236, 1.02908170524, -4.66850546873, -0.00258198836817
4.45, 6.26494775699, 1.0291140213, -4.67947209671, 0.00594951443931
4.46, 6.21812469424, 1.02917861452, -4.69013244293, 0.00363661766216
4.47, 6.1711965387, 1.02916840273, -4.70050115909, -0.00593064632254
4.48, 6.12416617506, 1.02909923837, -4.71058186718, -0.0068750310336
4.49, 6.07703646166, 1.02908562836, -4.7203750134, 0.00247661483453
4.5, 6.02981021781, 1.02915012983, -4.72989225357, 0.00652543961232
4.51, 5.98249012293, 1.02918363463, -4.73915363524, -0.00171280918981
4.52, 5.93507870498, 1.02912627284, -4.74816513597, -0.00870698086664
4.53, 5.88757844442, 1.02906904763, -4.75692616421, -0.00273787451759
4.54, 5.83999182694, 1.02910373264, -4.76543844721, 0.00632121855233
4.55, 5.79232125964, 1.02916859865, -4.7737214429, 0.00323627161663
4.56, 5.74456898809, 1.02914920056, -4.7817874171, -0.00712998311514
4.57, 5.69673716888, 1.02908428431, -4.78963526008, -0.00712444267472
4.58, 5.64882797066, 1.02905765825, -4.79726592115, 0.000610717856999
4.59, 5.60084353174, 1.02910648593, -4.80468536745, 0.00558970194094
4.6, 5.5527858928, 1.02914179828, -4.81191145649, -0.000751467768573
4.61, 5.50465695947, 1.0290946733, -4.81895020428, -0.00806521709964
4.62, 5.45645859702, 1.02903262209, -4.82579962674, -0.00414645264445
4.63, 5.40819269722, 1.02904872749, -4.83245798923, 0.00454084516513
4.64, 5.35986110843, 1.02910566172, -4.83894037672, 0.00341197660876
4.65, 5.31146554169, 1.02909591074, -4.84525945494, -0.00591352254175
4.66, 5.26300761923, 1.02902122008, -4.85141492097, -0.00798693752435
4.67, 5.21448898644, 1.02899177736, -4.85740145217, 0.000738868021366
4.68, 5.16591130747, 1.02904305619, -4.86322455201, 0.00572321189715
4.69, 5.11727614582, 1.0290747232, -4.86890247966, -0.00155889567185
4.7, 5.06858493415, 1.02901670297, -4.87443911973, -0.00918609423088
4.71, 5.01983908878, 1.02894761233, -4.87982977088, -0.00440465308303
4.72, 4.97104008265, 1.0289654414, -4.88507006626, 0.00489816147777
4.73, 4.92218935521, 1.02902318906, -4.89017604832, 0.00310521108501
4.74, 4.87328820521, 1.02900505256, -4.89515956937, -0.00707079673965
4.75, 4.82433785845, 1.02893426019, -4.90001658362, -0.00832229677176
4.76, 4.77533958984, 1.02889090298, -4.90474411179, -0.00119390333824
4.77, 4.72629468799, 1.02892656189, -4.90934249256, 0.00485150111296
4.78, 4.67720437782, 1.02896098014, -4.91382862936, -0.000507687941293
4.79, 4.62806975783, 1.02891348166, -4.91820803747, -0.00857774010798
4.8, 4.57889190136, 1.02883872923, -4.92247594443, -0.00591415888613
4.81, 4.52967194861, 1.02883744499, -4.92662542121, 0.00312108380707
4.82, 4.48041103708, 1.02888797968, -4.93066832799, 0.00338863108104
4.83, 4.43111018084, 1.02888033248, -4.93461820861, -0.0058164875547
4.84, 4.38177030712, 1.02879942301, -4.93847331103, -0.00927492821277
4.85, 4.3323923911, 1.02875229422, -4.94222476297, -0.00113530036194
4.86, 4.28297746944, 1.02879050306, -4.94587294091, 0.00506021867491
4.87, 4.23352650316, 1.02882236365, -4.94943632365, -0.00121092597799
4.88, 4.18404032108, 1.02876432101, -4.95291914188, -0.0097324474675
4.89, 4.13451974228, 1.0286816278, -4.95631463986, -0.00628144643145
4.9, 4.08496567783, 1.0286814966, -4.95961358049, 0.0034845799286
4.91, 4.03537904107, 1.02873366638, -4.96282944965, 0.00320424703191
4.92, 3.98576061051, 1.02871859161, -4.96597601297, -0.00692922832903
4.93, 3.93611108205, 1.02863992356, -4.96904805775, -0.00894771570871
4.94, 3.88643123342, 1.02858332312, -4.97203982333, -0.00284558908617
4.95, 3.83672187586, 1.02860428908, -4.97494799147, 0.00375124427148
4.96, 3.7869837816, 1.02863411641, -4.97778871339, -0.000521968235604
4.97, 3.73721759775, 1.02858676623, -4.98056835254, -0.00878696185676
4.98, 3.68742394691, 1.02850347173, -4.9832810288, -0.00729645817807
4.99, 3.63760354065, 1.02848588783, -4.98591664376, 0.00154377901595
5.0, 3.58775711654, 1.02852636824, -4.98848414791, 0.0029398056537
5.01, 3.5378852979, 1.02851869804, -4.99099837037, -0.0056813862137
5.02, 3.48798861523, 1.02843479685, -4.99345753934, -0.0100947211488
5.03, 3.43806765564, 1.02837346084, -4.99585101369, -0.00286924314873
5.04, 3.38812309601, 1.02839670757, -4.99817524892, 0.00398965319554
5.05, 3.3381555572, 1.02842479759, -5.00044852806, -0.00112289924204
5.06, 3.28816552381, 1.02836754609, -5.00267646254, -0.0099283928522
5.07, 3.23815346635, 1.02827578862, -5.0048515602, -0.00775407518652
5.08, 3.18811996701, 1.02825862485, -5.00696153425, 0.00187290403664
5.09, 3.1380656376, 1.0283011255, -5.00901711629, 0.00284555429784
5.1, 3.08799096043, 1.02828700723, -5.01103405039, -0.0067184430796
5.11, 3.03789632274, 1.02819220666, -5.01300926435, -0.0110137154544
5.12, 2.98778218932, 1.02812713163, -5.01492982868, -0.00278491026915
5.13, 2.93764913072, 1.02815362403, -5.0167917998, 0.00429497574898
5.14, 2.88749765062, 1.02818004148, -5.01861606313, -0.00176303680654
5.15, 2.83732788384, 1.02811705733, -5.02062649913, -0.00640688215228
5.16, 2.78714085151, 1.02802495859, -5.02215540612, -0.00904533963753
5.17, 2.7369363592, 1.02798966211, -5.023851913, 7.45585628874e-05
5.18, 2.68671513276, 1.02802369344, -5.02550113162, 0.0029632591125
5.19, 2.63647757316, 1.02801920521, -5.02712100194, -0.0054476859324
5.2, 2.58622396738, 1.02793018114, -5.02871066141, -0.0113209994002
5.21, 2.53595465994, 1.02785105488, -5.03025801777, -0.00480361241454
5.22, 2.48567011816, 1.0278606583, -5.03175465412, 0.00329775847115
5.23, 2.43537077384, 1.02788939542, -5.03321970121, -0.000672944255412
5.24, 2.38505690597, 1.02783337073, -5.03466161594, -0.0103621075092
5.25, 2.33472876221, 1.02772845621, -5.03607267916, -0.00965160859829
5.26, 2.28438672253, 1.02769267624, -5.03743698387, 0.000382305363735
5.27, 2.23403123049, 1.02772937229, -5.03876210831, 0.00298164170103
5.28, 2.18366259934, 1.02771934427, -5.04006765696, -0.00644403899349
5.29, 2.13328102261, 1.02763207168, -5.04134920922, -0.0111675088445
5.3, 2.08288678325, 1.02754139876, -5.04259918961, -0.00668678097883
5.31, 2.03248024964, 1.02753359749, -5.04380499624, 0.00211077122024
5.32, 1.98206180019, 1.02756242074, -5.04498285141, 0.000238793728711
5.33, 1.9316316618, 1.02751805237, -5.04614508956, -0.00945733252891
5.34, 1.88119000027, 1.02741080002, -5.0472856156, -0.0108987358824
5.35, 1.83073710439, 1.0273561096, -5.04838804646, -0.00158452756439
5.36, 1.78027335781, 1.02738251351, -5.04945410799, 0.00295571922613
5.37, 1.72979903651, 1.0273819742, -5.05050545697, -0.00507737492871
5.38, 1.67931427096, 1.02729921068, -5.05154045088, -0.0102220842086
5.39, 1.62881927072, 1.02720139325, -5.05255233011, -0.00832851192272
5.4, 1.57831432594, 1.02717495984, -5.05352626657, 0.000522648709355
5.41, 1.52779977117, 1.02719901002, -5.05447416714, 0.000739165203178
5.42, 1.4772758008, 1.02716565967, -5.05541165338, -0.00830379723156
5.43, 1.42674252079, 1.02706061536, -5.05633471872, -0.0116597395693
5.44, 1.37620014063, 1.02698905354, -5.05722775965, -0.00365366988083
5.45, 1.325648989, 1.02700110844, -5.05808687195, 0.00239056571834
5.46, 1.27508931723, 1.02700652357, -5.05893372598, -0.0037968875316
5.47, 1.22452122183, 1.02692368681, -5.05977259126, -0.0121356413788
5.48, 1.17394481537, 1.02681705739, -5.0605924203, -0.00870814078273
5.49, 1.12336036953, 1.02679160502, -5.06137686289, 0.00086485460549
5.5, 1.07276818388, 1.02681712023, -5.06214049383, 0.000543880671966
5.51, 1.02216839674, 1.02677636426, -5.0628998042, -0.00940508422888
5.52, 0.97156105736, 1.02667368658, -5.06364690916, -0.0113212193547
5.53, 0.920946355349, 1.02659272154, -5.06437137583, -0.00536295812458
5.54, 0.870324549145, 1.02658750425, -5.06506553912, 0.00107701978123
5.55, 0.819695865578, 1.0265908981, -5.06574810848, -0.00310085193855
5.56, 0.769060382686, 1.02651890188, -5.06642646048, -0.0111715910137
5.57, 0.718418166271, 1.02641183838, -5.06709170757, -0.00971124572115
5.58, 0.667769426093, 1.02636897864, -5.06772766353, -0.00107710591272
5.59, 0.617114426223, 1.02638279653, -5.06834319686, 0.000281310378085
5.6, 0.566453294871, 1.02634954776, -5.06895621886, -0.00814078204391
5.61, 0.515786053083, 1.0262418642, -5.06956402248, -0.012446847246
5.62, 0.465112817794, 1.0261562648, -5.07015081919, -0.00538664050875
5.63, 0.41443384544, 1.02615327049, -5.07070910222, 0.00130881614116
5.64, 0.36374933269, 1.02615495534, -5.07126060748, -0.00368958495359
5.65, 0.313059309985, 1.02607327361, -5.07181222455, -0.0122880306341
5.66, 0.262363804607, 1.02595793438, -5.07235353769, -0.0101592427514
5.67, 0.211663011065, 1.02591547672, -5.07286611892, -0.000756960125497
5.68, 0.160957177158, 1.0259312515, -5.07336145698, 0.000186880276889
5.69, 0.110246392436, 1.02589168045, -5.07385890446, -0.00915648640616
5.7, 0.0595306335695, 1.02577332809, -5.07435459158, -0.0133467729422
