timestamp, prius0 x posi, prius0 y posi, prius0 x vel, prius0 y vel.
0.0, 0.0, 0.0, 0.0, 0.0
0.00999999999999, 24.9970413631, 0.999937681949, -0.195974752314, -0.00314475976835
0.02, 24.99462867, 0.999954004049, -0.265819531794, 0.00434666866001
0.03, 24.9915223082, 1.00001661268, -0.334518269434, 0.00505895702428
0.04, 24.9877403812, 1.00003422205, -0.402186246714, -0.00252942653327
0.05, 24.9832919688, 1.00004912963, -0.468794342595, 0.00313395076884
0.06, 24.9781795765, 1.00006229785, -0.535235429537, 0.000826336319475
0.07, 24.9723342406, 1.00005558654, -0.618073901972, 0.00107078625773
0.08, 24.9656282577, 1.00010208866, -0.705794886961, 0.00854039125869
0.09, 24.9580483444, 1.00017599133, -0.794045191163, 0.00559288857829
0.1, 24.9495929441, 1.00016685313, -0.88231618511, -0.00454690063293
0.11, 24.9402623174, 1.00010518836, -0.970555350325, -0.00377131308529
0.12, 24.9300565513, 1.00012194602, -1.05879927457, 0.00779784945559
0.13, 24.9189755569, 1.00019711116, -1.14704477151, 0.00996275215068
0.14, 24.9070193621, 1.00028047714, -1.2352912156, 0.006505724381
0.15, 24.8941888902, 1.00029123959, -1.3226199032, -0.00143669458655
0.16, 24.8804917794, 1.00026843584, -1.40875403246, 0.000220928891391
0.17, 24.8659385865, 1.00031319155, -1.49384628656, 0.00923103123665
0.18, 24.8505397113, 1.00041717432, -1.57790028822, 0.0106716840656
0.19, 24.8343055811, 1.00047271009, -1.66090734362, 0.00198949339202
0.2, 24.8172466056, 1.00045193188, -1.74288067622, -0.00232589467248
0.21, 24.7993729639, 1.00045623603, -1.82385353506, 0.00529330081726
0.22, 24.7806945786, 1.00054996146, -1.90383866175, 0.0126821041622
0.23, 24.7612213051, 1.00065306234, -1.98283515362, 0.00794108119271
0.24, 24.7409630392, 1.00067385718, -2.06084149592, -0.000595979296348
0.25, 24.7199295551, 1.00066301847, -2.1378884195, 0.00188703225095
0.26, 24.6981303336, 1.00073035274, -2.21400154937, 0.0118677609231
0.27, 24.6755756421, 1.00085993426, -2.2891297305, 0.0129742367682
0.28, 24.6522785903, 1.00093242503, -2.36329287802, 0.00324354503401
0.29, 24.6282508841, 1.00092324365, -2.43657890071, -0.000979481646684
0.3, 24.6035015651, 1.00094712294, -2.50902462467, 0.00775241217365
0.31, 24.578039151, 1.00106739504, -2.58059843535, 0.0152036380756
0.32, 24.55187231, 1.00118874775, -2.65128631114, 0.00907610056076
0.33, 24.5250098455, 1.00121531403, -2.72108549349, -0.000240092470115
0.34, 24.4974604331, 1.00121218217, -2.79002796064, 0.00318773872755
0.35, 24.4692326652, 1.00129899553, -2.85784608801, 0.0141917510709
0.36, 24.4403391307, 1.00143438675, -2.92361297469, 0.0142368168192
0.37, 24.410797793, 1.00152991811, -2.98752001916, 0.00613477498825
0.38, 24.3806268702, 1.00154667039, -3.04961532081, 0.000979618219532
0.39, 24.3498440909, 1.0015787232, -3.10996620137, 0.00776675047155
0.4, 24.3184666187, 1.00169846837, -3.16861871211, 0.0155310896712
0.41, 24.2865112398, 1.00183429161, -3.22560199814, 0.0114276007737
0.42, 24.2539944978, 1.00188819174, -3.28094050573, 0.00233969471185
0.43, 24.2209325721, 1.00190003131, -3.33468746103, 0.00364157290245
0.44, 24.1873411345, 1.00198320226, -3.38689117852, 0.0135558652482
0.45, 24.1532353926, 1.00213536834, -3.43759738309, 0.0157720672816
0.46, 24.1186301888, 1.00224009707, -3.48682635929, 0.00660386657239
0.47, 24.083540185, 1.00226025519, -3.53460369942, 0.00141863068252
0.48, 24.0479797042, 1.00230187448, -3.58097453082, 0.00917067243187
0.49, 24.0119627237, 1.00243859746, -3.62595830664, 0.0172450255984
0.5, 23.9755030975, 1.00258715087, -3.66956136061, 0.0122116537375
0.51, 23.9386145244, 1.00264425495, -3.71179239452, 0.0024361440919
0.52, 23.9013106932, 1.00265976619, -3.75266610448, 0.00438276088833
0.53, 23.863605069, 1.00275576958, -3.79221175333, 0.0151450667445
0.54, 23.8255107936, 1.00290772554, -3.83045336936, 0.0164693693007
0.55, 23.7870407392, 1.00303012752, -3.86742439581, 0.00889852845993
0.56, 23.7482073865, 1.00306927828, -3.90316698476, 0.00258346239831
0.57, 23.7090226875, 1.00311067266, -3.93774790179, 0.00832996123262
0.58, 23.669497998, 1.00323889229, -3.97121625014, 0.0168283095624
0.59, 23.6296442506, 1.00339521079, -4.00360370442, 0.0139314820532
0.6, 23.5894721159, 1.00347350355, -4.03493495317, 0.00439376068786
0.61, 23.5489919114, 1.00349767152, -4.06526022214, 0.00419905268892
0.62, 23.508213448, 1.00358393534, -4.09463054038, 0.0139436000387
0.63, 23.4671461055, 1.00374714955, -4.12307450464, 0.0175089324494
0.64, 23.4257990412, 1.00387382607, -4.15060865536, 0.00885140117399
0.65, 23.3841812127, 1.00391041362, -4.17726094324, 0.00236280656361
0.66, 23.3423011945, 1.00395444885, -4.20308325597, 0.00904927027661
0.67, 23.3001671188, 1.00409347183, -4.22810730825, 0.0179959804634
0.68, 23.2577868569, 1.00425759449, -4.25234931295, 0.0142475545076
0.69, 23.2151681624, 1.00433395028, -4.27582051924, 0.00392877591617
0.7, 23.172318552, 1.00435557506, -4.29856166413, 0.00430081220782
0.71, 23.1292451373, 1.00444869471, -4.32061263081, 0.0150048056185
0.72, 23.0859547131, 1.0046075945, -4.34198862053, 0.0178516336394
0.73, 23.0424539561, 1.00474820043, -4.3627030507, 0.0107366066446
0.74, 22.9987494037, 1.00479894689, -4.38276975719, 0.00300346696634
0.75, 22.9548473433, 1.00483762037, -4.40222981901, 0.00774337123683
0.76, 22.9107537065, 1.00496444886, -4.42111001303, 0.017294666642
0.77, 22.8664742133, 1.00513388409, -4.43942069983, 0.0157277319572
0.78, 22.822014531, 1.00522834789, -4.45716502557, 0.00551903087539
0.79, 22.7773801946, 1.0052544833, -4.47437079767, 0.00370155818148
0.8, 22.7325764285, 1.00533439527, -4.49107326849, 0.0135406757374
0.81, 22.6876081796, 1.00549209425, -4.50728313894, 0.0164456587525
0.82, 22.6424803464, 1.00563587966, -4.52300777946, 0.0119915468558
0.83, 22.5971977304, 1.00570277305, -4.53825419753, 0.00447633207396
0.84, 22.5517649732, 1.00574633637, -4.55305300771, 0.00729723135135
0.85, 22.5061864406, 1.00586176697, -4.56742698458, 0.015974137906
0.86, 22.460466325, 1.00602576525, -4.58138305381, 0.0160711441262
0.87, 22.414608794, 1.0061333955, -4.59492097618, 0.00731057886416
0.88, 22.368617948, 1.00617291119, -4.60805854532, 0.00429177958379
0.89, 22.3224976594, 1.00624731256, -4.62082503303, 0.0122453370002
0.9, 22.2762515744, 1.0064033803, -4.63323099542, 0.0180581942898
0.91, 22.2298832802, 1.00655191745, -4.64527586479, 0.0119504446076
0.92, 22.1833963719, 1.00661509457, -4.6569624878, 0.00401278266823
0.93, 22.1367943084, 1.00665751728, -4.66831897097, 0.0075878098792
0.94, 22.0900803058, 1.00678039056, -4.67936333277, 0.0169431427972
0.95, 22.0432574523, 1.00695204446, -4.69009757984, 0.01649436421
0.96, 21.9963288638, 1.0070586296, -4.70051642483, 0.00685867733437
0.97, 21.949297626, 1.00709393908, -4.7106355674, 0.00409961849607
0.98, 21.9021666202, 1.00717195872, -4.72048170695, 0.0130377127859
0.99, 21.8549385323, 1.00733754838, -4.73006097529, 0.0189224562018
1.0, 21.8076160355, 1.00748967727, -4.73936825949, 0.0118407839524
1.01, 21.7602018525, 1.00754848655, -4.74840300937, 0.00350868627583
1.02, 21.7126985913, 1.00758997101, -4.75719269392, 0.00794975605197
1.03, 21.6651086343, 1.00772126684, -4.76575185472, 0.0180112372357
1.04, 21.6174342804, 1.00788680103, -4.77407681546, 0.0171840826782
1.05, 21.5696778779, 1.00800853068, -4.78216533053, 0.00866251650646
1.06, 21.521841761, 1.00805523835, -4.79002431403, 0.0043907007991
1.07, 21.4739281199, 1.00812579337, -4.79767829432, 0.0117174012578
1.08, 21.4259389635, 1.00828162325, -4.80513386762, 0.0186257329419
1.09, 21.3778762831, 1.00844265179, -4.81238550943, 0.0135507096705
1.1, 21.329742143, 1.00851920221, -4.81942781451, 0.00487298401946
1.11, 21.2815385461, 1.00856257722, -4.82628241008, 0.00717060213208
1.12, 21.2332672987, 1.00868156484, -4.83296511854, 0.0168740020224
1.13, 21.1849301073, 1.00886061824, -4.83947417322, 0.0178728119949
1.14, 21.1365287504, 1.0089836044, -4.84579866887, 0.00839479243703
1.15, 21.0880650457, 1.00902711736, -4.85194621738, 0.00424338325847
1.16, 21.0395406592, 1.00910165545, -4.85794148967, 0.0125732553898
1.17, 20.9909570837, 1.00926844313, -4.86378841923, 0.0197025533814
1.18, 20.942315824, 1.00943552944, -4.86947833255, 0.0136855350495
1.19, 20.8936184905, 1.00950945097, -4.87500318902, 0.004474484082
1.2, 20.8448666384, 1.00955234857, -4.88038612732, 0.00756007890586
1.21, 20.796061623, 1.00968055153, -4.88564155782, 0.0180875193838
1.22, 20.7472047261, 1.00985576283, -4.89076314704, 0.0188292672022
1.23, 20.698297314, 1.00999624766, -4.89574420602, 0.0103823183646
1.24, 20.6493407989, 1.01005213346, -4.90058426519, 0.00457657560032
1.25, 20.6003364887, 1.01011964946, -4.90530768804, 0.0113340893362
1.26, 20.5512852677, 1.01027365091, -4.91016645136, 0.0149271437738
1.27, 20.5021890107, 1.01044426881, -4.91441323907, 0.0165451768428
1.28, 20.4530482009, 1.01055715762, -4.91878038879, 0.00816237205409
1.29, 20.4038643107, 1.01061334742, -4.92303056854, 0.00659577902742
1.3, 20.3546384281, 1.01071354987, -4.92718276589, 0.0147317944662
1.31, 20.305371516, 1.01088754812, -4.93123742145, 0.0191897277638
1.32, 20.2560645908, 1.01104271095, -4.9351832701, 0.012506958447
1.33, 20.2067187685, 1.01111736547, -4.93901585895, 0.00581899992061
1.34, 20.1573350923, 1.01118508663, -4.94275680528, 0.0104703934452
1.35, 20.1079144335, 1.01133363322, -4.94641505124, 0.018979738352
1.36, 20.0584576316, 1.01151764594, -4.94998360205, 0.0172124984933
1.37, 20.0089656505, 1.01163235317, -4.9534482767, 0.0080599919009
1.38, 19.9594394855, 1.01168857522, -4.95682091079, 0.00687155547663
1.39, 19.9098799721, 1.01179680694, -4.96012138973, 0.0159170320506
1.4, 19.8602878197, 1.01198336514, -4.96334841009, 0.020298871261
1.41, 19.8106638186, 1.01214451558, -4.96648767289, 0.0126694899069
1.42, 19.7610088821, 1.01221838541, -4.96953372346, 0.00574698800323
1.43, 19.711323841, 1.01228981775, -4.97251103649, 0.0112925288779
1.44, 19.6616093393, 1.01245059897, -4.97542768694, 0.0203552988803
1.45, 19.6118660038, 1.01264525004, -4.97827456081, 0.0178724562544
1.46, 19.5620946183, 1.01276148391, -4.9810341576, 0.00792827283411
1.47, 19.5122960032, 1.01281790005, -4.98372067814, 0.00721182749644
1.48, 19.4624707977, 1.01293529461, -4.98635533449, 0.0172391256419
1.49, 19.4126195133, 1.01312235691, -4.98893248773, 0.0202937333827
1.5, 19.3627427876, 1.01329631092, -4.99144253435, 0.0147000001614
1.51, 19.3128413369, 1.01339009002, -4.99387505837, 0.00727787927508
1.52, 19.2629158487, 1.013465559, -4.99625130923, 0.010809882344
1.53, 19.2129668274, 1.01361825851, -4.99858298972, 0.0197258932067
1.54, 19.1629947311, 1.01381715352, -5.00086277388, 0.0192718790936
1.55, 19.1130001674, 1.01395436088, -5.00307233305, 0.0101791788798
1.56, 19.0629838173, 1.01402504158, -5.00521924401, 0.00770652853251
1.57, 19.0129462066, 1.01413755583, -5.00732674101, 0.0162844792135
1.58, 18.9628877106, 1.01433346005, -5.00939469533, 0.0218506829699
1.59, 18.9128087878, 1.01451633309, -5.01140704926, 0.0151242849223
1.6, 18.8627100625, 1.01461123801, -5.01335217999, 0.00733090869996
1.61, 18.8125921034, 1.01469113797, -5.01525522081, 0.0116881694653
1.62, 18.7624552711, 1.01485712192, -5.01712773201, 0.0212655251952
1.63, 18.7122999029, 1.01505475562, -5.01895758846, 0.0204540484346
1.64, 18.6621264902, 1.01521221444, -5.02073308432, 0.012511663591
1.65, 18.6119355903, 1.01529961977, -5.0224534432, 0.00852861208383
1.66, 18.5617276497, 1.01540976389, -5.02414277808, 0.0154565663955
1.67, 18.5115029458, 1.01560067691, -5.02580454429, 0.022028518288
1.68, 18.4612618048, 1.01579732538, -5.02742474361, 0.0173402649587
1.69, 18.4110047316, 1.01591519626, -5.02898735696, 0.00922789852673
1.7, 18.36073222, 1.01600220017, -5.03051287724, 0.0114165736463
1.71, 18.3104445625, 1.01616070905, -5.03201739817, 0.0205981103733
1.72, 18.260141975, 1.01637646336, -5.03349413969, 0.021624539242
1.73, 18.2098248424, 1.01654029795, -5.03492105993, 0.0127787150765
1.74, 18.1594936709, 1.01662985054, -5.03630027014, 0.00890466022481
1.75, 18.1091488168, 1.01674886579, -5.03765940908, 0.0167751349991
1.76, 18.058790448, 1.01695521675, -5.03900089699, 0.0235562945053
1.77, 18.0084188054, 1.01716269868, -5.04030774449, 0.0179809513133
1.78, 17.9580343414, 1.01728320092, -5.04156133063, 0.00936236091887
1.79, 17.907637486, 1.01737481672, -5.04278681852, 0.0122889052974
1.8, 17.8572284349, 1.01754704205, -5.04400112292, 0.0222458750928
1.81, 17.8068073192, 1.01776327402, -5.04519210324, 0.0223626162612
1.82, 17.7563744703, 1.01794517239, -5.04634496476, 0.015162714685
1.83, 17.705930299, 1.01805556555, -5.04745444923, 0.0103532885604
1.84, 17.6554751236, 1.01817775803, -5.04854689037, 0.0163046506265
1.85, 17.6050090655, 1.01837877312, -5.04962883795, 0.0234130658632
1.86, 17.5545322781, 1.01859624029, -5.05068614604, 0.0199232884506
1.87, 17.504045124, 1.01874075499, -5.05169788054, 0.0116904888343
1.88, 17.4535479883, 1.01884566398, -5.05268249016, 0.01263960258
1.89, 17.4030410411, 1.01901339901, -5.05366069917, 0.0215441938259
1.9, 17.3525243429, 1.01924456888, -5.05462702791, 0.0237645486159
1.91, 17.3019981315, 1.01943496545, -5.05555705481, 0.0156223115188
1.92, 17.2514628093, 1.01954874756, -5.0564471189, 0.0107926441128
1.93, 17.2009186398, 1.01968004259, -5.05732804326, 0.0176405710675
1.94, 17.1503656637, 1.01989721745, -5.0582056824, 0.0250724460551
1.95, 17.0998039751, 1.02012741207, -5.05906296122, 0.0207784308053
1.96, 17.0492339155, 1.02027632783, -5.05987550087, 0.0119491630923
1.97, 16.99865584, 1.02038636027, -5.06066665102, 0.0135189354489
1.98, 16.9480698502, 1.02056800398, -5.0614588648, 0.0232491793846
1.99, 16.8974759454, 1.02080100488, -5.06224079718, 0.0246950707768
2.0, 16.8468743344, 1.02101150366, -5.06299659949, 0.0181898027002
2.01, 16.7962653462, 1.0211471979, -5.06371370107, 0.0122829394511
2.02, 16.7456492406, 1.02128169804, -5.06442114702, 0.0171713437233
2.03, 16.6950260403, 1.02149417795, -5.06513037306, 0.0250589809066
2.04, 16.6443957678, 1.02173625089, -5.06582781068, 0.0229337183319
2.05, 16.59375869, 1.02191085041, -5.06648639012, 0.0143848809532
2.06, 16.5431151453, 1.02203447748, -5.06712099705, 0.0138554552151
2.07, 16.4924652412, 1.02221167636, -5.06775901804, 0.0225973354153
2.08, 16.4418089236, 1.02246094546, -5.06839738217, 0.0262904682576
2.09, 16.3911463164, 1.02268196137, -5.06900940928, 0.0188251611051
2.1, 16.3404777684, 1.02282196283, -5.0695831679, 0.012743261118
2.11, 16.289803509, 1.02296539007, -5.07015334548, 0.0184914246152
2.12, 16.2391234962, 1.02319458937, -5.0707311418, 0.0268467540629
2.13, 16.1884377047, 1.02345129398, -5.07130018216, 0.0240011830084
2.14, 16.1377464226, 1.02363188599, -5.0718170813, 0.0147356751051
2.15, 16.0870503303, 1.02376073173, -5.07226559887, 0.0146985769608
2.16, 16.036350016, 1.02395172521, -5.07266086009, 0.0243424749307
2.17, 15.9856458361, 1.0242053622, -5.07302904375, 0.0266545915654
2.18, 15.9349382266, 1.02444304889, -5.07334610234, 0.0212715349176
2.19, 15.8842277859, 1.02460752602, -5.07359481714, 0.0147561379695
2.2, 15.8335150661, 1.02475970825, -5.07380590124, 0.0184558858654
2.21, 15.782800283, 1.02498479155, -5.0740039132, 0.0265763066136
2.22, 15.7320836261, 1.02524920639, -5.07417315172, 0.0257561164843
2.23, 15.6813656647, 1.02545474479, -5.07425586152, 0.0174213661081
2.24, 15.6306470857, 1.02560241252, -5.07429975607, 0.0156488087239
2.25, 15.5799282442, 1.02579267798, -5.07431347986, 0.0237615938449
2.26, 15.5292092875, 1.02605845839, -5.07431581564, 0.0285237090378
2.27, 15.4784904761, 1.0263084443, -5.07427738263, 0.0220692073321
2.28, 15.427772221, 1.02647822906, -5.07419548875, 0.0152526014248
2.29, 15.3770552003, 1.02663912286, -5.0740420677, 0.019731430286
2.3, 15.3263396731, 1.02688089773, -5.07389085058, 0.0284164779836
2.31, 15.2756257027, 1.02716117872, -5.07372152563, 0.0269871425403
2.32, 15.2249136653, 1.02737414651, -5.07349882271, 0.0178717399875
2.33, 15.1742040735, 1.02752722845, -5.073223681, 0.016454506779
2.34, 15.1234974013, 1.02773083202, -5.0729271515, 0.0254849648427
2.35, 15.0727937542, 1.02800438692, -5.07259883696, 0.0279166598299
2.36, 15.0220935923, 1.02826619553, -5.07223632626, 0.0242298348987
2.37, 14.9713972865, 1.02846145713, -5.07182576124, 0.0176777955596
2.38, 14.920705172, 1.02863661394, -5.07139824807, 0.0202079757674
2.39, 14.8700173066, 1.02887592855, -5.070973991, 0.0279797268421
2.4, 14.8193336811, 1.02915968122, -5.07053114334, 0.028245511037
2.41, 14.7686548158, 1.02939528762, -5.07002665556, 0.0206402932751
2.42, 14.7179811682, 1.02957154291, -5.06948738794, 0.0180192126868
2.43, 14.6673130099, 1.02977904281, -5.06892446185, 0.0251077100197
2.44, 14.6166504894, 1.03005982123, -5.06835952693, 0.0303999234151
2.45, 14.5659936891, 1.03033571625, -5.06777257286, 0.0251768373412
2.46, 14.5153429736, 1.03053746492, -5.06714021299, 0.0182445205368
2.47, 14.4646985909, 1.03072132656, -5.06650423145, 0.0214379872188
2.48, 14.4140605196, 1.0309769491, -5.06587710977, 0.0298147293868
2.49, 14.3634287368, 1.03127725621, -5.0652293058, 0.0296017090989
2.5, 14.3128037998, 1.0315217139, -5.06450369317, 0.02121821972
2.51, 14.2621863742, 1.03170396973, -5.06373598792, 0.0188212176066
2.52, 14.2115765465, 1.03192435302, -5.0629834528, 0.0267789433151
2.53, 14.1609741586, 1.03222324433, -5.06224205546, 0.0321367050367
2.54, 14.1103791989, 1.03251201694, -5.06147534781, 0.0260511301467
2.55, 14.0597921833, 1.03271956508, -5.06066726718, 0.0187641875236
2.56, 14.0092131954, 1.03291220204, -5.05986548219, 0.0227188475989
2.57, 13.9586422709, 1.03318485062, -5.05905088965, 0.031718764256
2.58, 13.9080794442, 1.0335019677, -5.05823752087, 0.030942536535
2.59, 13.857524924, 1.03375479433, -5.05738367835, 0.0217379480856
2.6, 13.8069790696, 1.0339427959, -5.05649355962, 0.0196377383537
2.61, 13.7564421376, 1.03417668954, -5.05560973699, 0.0285398173426
2.62, 13.7059139551, 1.03448130607, -5.05473071836, 0.0327321255201
2.63, 13.6553945949, 1.03478944425, -5.05384324579, 0.0287532011728
2.64, 13.6048843419, 1.03502294789, -5.05289637606, 0.020824471702
2.65, 13.5543837017, 1.03522404938, -5.05193027531, 0.0226347498894
2.66, 13.5038926175, 1.03549291579, -5.05098502459, 0.0315778314061
2.67, 13.4534108257, 1.03582008794, -5.05005812917, 0.0329850354798
2.68, 13.4029384429, 1.03610024154, -5.04909711719, 0.0245823952908
2.69, 13.3524758624, 1.03630740601, -5.0480998016, 0.0205417533067
2.7, 13.3020232553, 1.03654016991, -5.04709733197, 0.027972450285
2.71, 13.2515798616, 1.0368536403, -5.04682607355, 0.0301531686303
2.72, 13.2011477412, 1.03716887168, -5.04511851965, 0.0306990482688
2.73, 13.1507249732, 1.03742845538, -5.0440947661, 0.0235607324005
2.74, 13.1003126203, 1.03764862885, -5.04303154861, 0.0236212501843
2.75, 13.0499108579, 1.03791785491, -5.04198211748, 0.031173293553
2.76, 12.9995194403, 1.03824627454, -5.04095175457, 0.033903831643
2.77, 12.9491383202, 1.03854709655, -5.03990475873, 0.0273669175266
2.78, 12.8987680941, 1.03878063545, -5.03878476651, 0.0226156101818
2.79, 12.8484089989, 1.03902194758, -5.03767903213, 0.0279064677396
2.8, 12.7980607509, 1.03933685389, -5.03660637839, 0.0347820533494
2.81, 12.7477232699, 1.03967106007, -5.03550905254, 0.031939317687
2.82, 12.6973969991, 1.03993912361, -5.03436634496, 0.0242133436164
2.83, 12.647082231, 1.04016750552, -5.03321186622, 0.0247282268873
2.84, 12.5967788448, 1.04045226692, -5.0320880644, 0.0330200265998
2.85, 12.5464865195, 1.04079888324, -5.03098734103, 0.0355292197297
2.86, 12.4962052607, 1.04111127965, -5.0298653006, 0.028159855196
2.87, 12.4459354861, 1.04135140789, -5.0286845121, 0.0233499424483
2.88, 12.3956775329, 1.0416043543, -5.02751107087, 0.0294674330431
2.89, 12.3454311316, 1.04193766553, -5.02636822853, 0.0366820863347
2.9, 12.295196064, 1.04228742159, -5.02523052983, 0.0331102782437
2.91, 12.2449726449, 1.0425631711, -5.02402760898, 0.0247940843893
2.92, 12.1947613917, 1.04279949803, -5.02280768711, 0.025852417052
2.93, 12.1445621514, 1.04310032789, -5.02162360619, 0.0349328916444
2.94, 12.0943751668, 1.04346549925, -5.02030862911, 0.0371531509946
2.95, 12.04420326, 1.04378900825, -5.01856176305, 0.0288822257099
2.96, 11.9940507803, 1.04403517939, -5.01647231268, 0.0240583806307
2.97, 11.9439209684, 1.04429999748, -5.01400583505, 0.0310834643444
2.98, 11.8938178897, 1.04464754823, -5.01165191212, 0.0339258649666
2.99, 11.8437538841, 1.04500451525, -5.00670043829, 0.0350835579679
3.0, 11.7937321373, 1.04530617359, -5.00214489054, 0.027460051076
3.01, 11.7437613644, 1.04556041144, -4.99644557857, 0.026696381395
3.02, 11.6938509547, 1.04586043599, -4.98989020325, 0.0344372521997
3.03, 11.64401429, 1.04622629322, -4.98218932852, 0.0380215219785
3.04, 11.5942553508, 1.04656962991, -4.97419982058, 0.0315256825126
3.05, 11.5445808166, 1.0468400428, -4.96520912273, 0.0258570537369
3.06, 11.4949997932, 1.04711053007, -4.95564258404, 0.0307311725331
3.07, 11.4455162474, 1.04745710687, -4.94571722343, 0.0383319589294
3.08, 11.3961348173, 1.04783093533, -4.93504317234, 0.0360805172973
3.09, 11.3468646642, 1.04813797364, -4.92365607039, 0.0277349010056
3.1, 11.2977102104, 1.04839620074, -4.91191471362, 0.0273539806439
3.11, 11.248675077, 1.04870753803, -4.89983151441, 0.0358900452566
3.12, 11.1997637505, 1.04908803446, -4.88700107234, 0.039295708645
3.13, 11.1509837778, 1.04943909, -4.87368586794, 0.0318807760385
3.14, 11.1023390185, 1.04971109475, -4.85999788458, 0.0260431972878
3.15, 11.0538319952, 1.04998776179, -4.84611473414, 0.0317631685126
3.16, 11.0054638558, 1.05034337753, -4.83295340497, 0.0351635120875
3.17, 10.9572412834, 1.05072046229, -4.817250436, 0.0376630243808
3.18, 10.9091682545, 1.05104903009, -4.80206667237, 0.0299110562946
3.19, 10.8612484476, 1.05131974946, -4.78663262, 0.0276326236881
3.2, 10.8134834876, 1.05162492927, -4.77107866119, 0.0349095552304
3.21, 10.7658747072, 1.0520021096, -4.75538360227, 0.0398294038385
3.22, 10.7184264563, 1.05236984818, -4.73891586884, 0.0342058753588
3.23, 10.6711445319, 1.05266230158, -4.72218051359, 0.0274153011635
3.24, 10.6240299042, 1.05294009885, -4.70542183674, 0.0309704817829
3.25, 10.5770859655, 1.05329101167, -4.68797442845, 0.0392277714586
3.26, 10.5303182429, 1.05366877847, -4.6702814577, 0.0387536618936
3.27, 10.4837308109, 1.05401702285, -4.65188760995, 0.0322012240876
3.28, 10.4373273378, 1.05430383636, -4.6334868162, 0.0283517453539
3.29, 10.3911107792, 1.05460497438, -4.61444451414, 0.0338617430548
3.3, 10.34508615, 1.05497480233, -4.59525172491, 0.0397741560221
3.31, 10.2992546297, 1.05535439726, -4.57575952519, 0.0362586605315
3.32, 10.2536184849, 1.05566837154, -4.55616115194, 0.0291618696026
3.33, 10.2081776155, 1.05595133692, -4.53677682551, 0.0304545527091
3.34, 10.1629285999, 1.05629186575, -4.51778929306, 0.0382444856917
3.35, 10.117868379, 1.05668456855, -4.4989533786, 0.0396689786093
3.36, 10.0729944054, 1.05703741771, -4.48056553592, 0.0323354706459
3.37, 10.0283017875, 1.05732487104, -4.46266564309, 0.0285340470027
3.38, 9.98378541631, 1.05763216556, -4.44528768145, 0.0348577004201
3.39, 9.93944009169, 1.05801421774, -4.42843187947, 0.0410179654101
3.4, 9.89526073863, 1.05840274734, -4.41205652205, 0.036793547896
3.41, 9.85124300964, 1.05871877387, -4.39608691647, 0.0292508133157
3.42, 9.80738272763, 1.05900528219, -4.38055479636, 0.0311630329055
3.43, 9.763675301, 1.05935739883, -4.36549404227, 0.0396765384483
3.44, 9.72011610848, 1.05974934009, -4.35086585221, 0.0403537115239
3.45, 9.67670116711, 1.0601203834, -4.33660966019, 0.0347773346582
3.46, 9.63342731916, 1.06042909537, -4.32265797022, 0.0299986020023
3.47, 9.59029094838, 1.06073918482, -4.30909641118, 0.0343230629659
3.48, 9.54728807535, 1.06111540963, -4.2959333565, 0.0408692977171
3.49, 9.50441480127, 1.06151463578, -4.28314007766, 0.038873593787
3.5, 9.46166831992, 1.06185630362, -4.2705733896, 0.0317434369934
3.51, 9.4190458659, 1.06215719726, -4.25831775222, 0.03157830124
3.52, 9.37654429454, 1.06250515221, -4.24634074852, 0.0390120342139
3.53, 9.3341613341, 1.06291274213, -4.23461902328, 0.0419090888171
3.54, 9.291895091, 1.06329468851, -4.22290990856, 0.035526799681
3.55, 9.24974679798, 1.06360935471, -4.21101741669, 0.0306393742262
3.56, 9.20771743231, 1.06392962218, -4.19916993473, 0.0357085995441
3.57, 9.16580536321, 1.06432256347, -4.18747860473, 0.042628240233
3.58, 9.12401164112, 1.0647364793, -4.17552581293, 0.0400025619564
3.59, 9.08233902288, 1.06508552698, -4.16319824338, 0.0322809021297
3.6, 9.04079093338, 1.06539336424, -4.150701261, 0.0325505828803
3.61, 8.99936794352, 1.06575548753, -4.13818806273, 0.0407236783433
3.62, 8.95807079443, 1.06616699636, -4.12541321801, 0.0422348926532
3.63, 8.9169021502, 1.06656571365, -4.11254247625, 0.0380316856532
3.64, 8.87586286916, 1.06690579796, -4.09955771342, 0.0327509569191
3.65, 8.83495354045, 1.06723526285, -4.08655454539, 0.0356541110954
3.66, 8.79417503902, 1.06762318725, -4.07332829697, 0.042226285568
3.67, 8.75352926824, 1.06804367309, -4.06005275296, 0.0416790531333
3.68, 8.71301728979, 1.06841750428, -4.04650802033, 0.0349882844756
3.69, 8.67264230402, 1.06874425124, -4.03267528721, 0.0334695520786
3.7, 8.6324057473, 1.06910452282, -4.01888345564, 0.0399646633453
3.71, 8.59230603697, 1.06952594076, -4.0052757793, 0.0438852179227
3.72, 8.55234243632, 1.06993559344, -3.99160061607, 0.0387637087883
3.73, 8.51251594054, 1.07028073665, -3.97792026446, 0.0332191208208
3.74, 8.47282538185, 1.07061782953, -3.96440750322, 0.0367386028855
3.75, 8.43326871165, 1.0710197706, -3.95111269781, 0.0437662019405
3.76, 8.39384498945, 1.07145360049, -3.9377717583, 0.0427252185894
3.77, 8.3545543369, 1.07183389204, -3.92450535868, 0.0353924129169
3.78, 8.31539585512, 1.07216533384, -3.91134042356, 0.0341480066388
3.79, 8.27636879241, 1.07253663592, -3.89817547283, 0.0413849350544
3.8, 8.23747282551, 1.07297300886, -3.88513713779, 0.0452797784193
3.81, 8.19870645068, 1.07339251362, -3.87222835989, 0.0393916748512
3.82, 8.16006820774, 1.07374176381, -3.85955132498, 0.0336178426555
3.83, 8.12155633957, 1.07408629348, -3.84687749632, 0.0378464319957
3.84, 8.08317026496, 1.07450267583, -3.83434827726, 0.0453484809237
3.85, 8.04490961031, 1.0749358925, -3.82187181359, 0.0439968699346
3.86, 8.0067734042, 1.07533828559, -3.80936293149, 0.0379935952204
3.87, 7.96876245366, 1.07568956421, -3.79686538889, 0.0352794547612
3.88, 7.93087516875, 1.07606071202, -3.78466010446, 0.0406914908909
3.89, 7.89310805105, 1.07649263738, -3.77279376167, 0.0454827634787
3.9, 7.85545801733, 1.07692675632, -3.76121949013, 0.0417728179365
3.91, 7.81792249184, 1.07730160354, -3.74987940172, 0.0358368500947
3.92, 7.78049896145, 1.07765615705, -3.73881609894, 0.0378069380915
3.93, 7.74318422256, 1.0780662879, -3.72810838912, 0.044731649235
3.94, 7.70597414385, 1.07851790502, -3.71789722972, 0.0452628871174
3.95, 7.66886358242, 1.07892894312, -3.70816211795, 0.0385943611639
3.96, 7.63184418324, 1.07928615041, -3.69986875561, 0.0360301657325
3.97, 7.59490103481, 1.07966889591, -3.69271502558, 0.0421981271167
3.98, 7.55802339243, 1.08011759139, -3.68669431696, 0.0471582597327
3.99, 7.52119837663, 1.08056518033, -3.68230666013, 0.0428132714866
4.0, 7.48440806152, 1.08094811103, -3.67974883468, 0.0366210070967
4.01, 7.44763614325, 1.08131367452, -3.67843270209, 0.0392867779446
4.02, 7.41087170721, 1.08174260675, -3.67820000435, 0.0468491938134
4.03, 7.37410149863, 1.08221430626, -3.67971017086, 0.0470755417685
4.04, 7.33730947148, 1.08263988214, -3.68233761989, 0.0398487372901
4.05, 7.30048693284, 1.08301031065, -3.68579566177, 0.0375928960195
4.06, 7.26362223277, 1.08341346945, -3.6909115738, 0.0446474215554
4.07, 7.22669957368, 1.0838884358, -3.69715035562, 0.0497901570128
4.08, 7.18971101793, 1.08435890219, -3.7040800981, 0.0448022644309
4.09, 7.15264837308, 1.08475950873, -3.71185700038, 0.0383846503809
4.1, 7.1155004551, 1.08514622894, -3.72122709053, 0.041812526831
4.11, 7.07825434938, 1.08560460428, -3.73140284533, 0.0500343956922
4.12, 7.04090252804, 1.08610655496, -3.74230680196, 0.0498435478347
4.13, 7.00343848236, 1.0865556342, -3.75381084074, 0.0419644624325
4.14, 6.96585695147, 1.08694805883, -3.76583524739, 0.0400541446871
4.15, 6.92815139928, 1.08738074212, -3.77857372478, 0.0479868019743
4.16, 6.89031453161, 1.08787997896, -3.79200754803, 0.05089890266
4.17, 6.8523369472, 1.08838075464, -3.80683838084, 0.0489175128196
4.18, 6.81420767301, 1.08882665206, -3.82224014512, 0.0427950494902
4.19, 6.77592143181, 1.0892466844, -3.83819787683, 0.0441440064652
4.2, 6.73747231443, 1.0897209303, -3.85476846016, 0.0514648646594
4.21, 6.69885546986, 1.09024605235, -3.8717724537, 0.0531840849385
4.22, 6.660066318, 1.0907393671, -3.8892096445, 0.0469328024666
4.23, 6.62109923751, 1.09117636426, -3.90760977884, 0.0437048285186
4.24, 6.58194206651, 1.0916331375, -3.92694463691, 0.0496210307162
4.25, 6.54258818144, 1.09216036735, -3.94686115964, 0.0555590991888
4.26, 6.50303379478, 1.09269771049, -3.96707895012, 0.052178173412
4.27, 6.46327340678, 1.09317318469, -3.98826598481, 0.0456503453262
4.28, 6.42329645973, 1.09362402659, -4.01016094634, 0.0475405368888
4.29, 6.38309847252, 1.09413618547, -4.03246357816, 0.0555039528957
4.3, 6.34267458349, 1.09470083859, -4.0552455231, 0.0569300566618
4.31, 6.30201932212, 1.09522739399, -4.07895340963, 0.0499707616005
4.32, 6.26112364747, 1.09569428968, -4.10314376681, 0.0468342835021
4.33, 6.21998749806, 1.09618650395, -4.12688929137, 0.0535312539127
4.34, 6.17861125496, 1.09675479876, -4.15150019034, 0.0596752403451
4.35, 6.1369851957, 1.09732967498, -4.17663600251, 0.055572305708
4.36, 6.09510676673, 1.09783572091, -4.20195989785, 0.0485850963407
4.37, 6.05297713316, 1.09831836756, -4.22674518938, 0.0510579877769
4.38, 6.01060319708, 1.09886980447, -4.25084432917, 0.0596632515226
4.39, 5.96799176114, 1.09947451865, -4.27424906137, 0.0606469831773
4.4, 5.92515032322, 1.1000330418, -4.29686715919, 0.0527939395264
4.41, 5.88208674686, 1.10052736712, -4.31872031283, 0.0496964242461
4.42, 5.83880792212, 1.10105256183, -4.33995550446, 0.0571873176172
4.43, 5.79531964349, 1.10165883252, -4.36061818487, 0.0633875516866
4.44, 5.75162791875, 1.10226597146, -4.38064803099, 0.0583221804998
4.45, 5.70773960402, 1.10279549133, -4.39996886406, 0.0507620984772
4.46, 5.66366121897, 1.10330241663, -4.41870440729, 0.0538030271064
4.47, 5.61939800245, 1.10388514774, -4.43695583737, 0.0629661788547
4.48, 5.57495472107, 1.10452059546, -4.45471066615, 0.0633510163747
4.49, 5.5303370038, 1.10510046304, -4.47185849137, 0.0545251254792
4.5, 5.48555090956, 1.10561151473, -4.48842462665, 0.0515098816777
4.51, 5.44060147641, 1.10615950834, -4.50455958682, 0.059831422073
4.52, 5.39549267176, 1.10679347375, -4.5202973549, 0.0660451501703
4.53, 5.35022884197, 1.10742197488, -4.53556104659, 0.0599606607156
4.54, 5.30481531809, 1.10796399852, -4.5502646764, 0.0518742671837
4.55, 5.25925706866, 1.1084852284, -4.56454435954, 0.0556117532935
4.56, 5.21355774183, 1.10909030662, -4.57849439967, 0.0653920466955
4.57, 5.16772069571, 1.10973306013, -4.5920724241, 0.0653820160924
4.58, 5.12175013284, 1.11034129336, -4.6052125164, 0.0576116272244
4.59, 5.07565064222, 1.11087573573, -4.61788955617, 0.0529171658535
4.6, 5.02942614727, 1.11142659769, -4.6302439233, 0.0594867716724
4.61, 4.98307948126, 1.11206040978, -4.64232374418, 0.0667064057858
4.62, 4.9366136301, 1.11270748976, -4.6540706206, 0.0626306479305
4.63, 4.8900325911, 1.11327636303, -4.66538098865, 0.0540855491829
4.64, 4.84334031123, 1.11380703998, -4.67635205987, 0.0555137373688
4.65, 4.79653955881, 1.11440619303, -4.68709171577, 0.0648742440452
4.66, 4.74963254042, 1.11506892871, -4.69759017159, 0.0667202162281
4.67, 4.70262233446, 1.11568475326, -4.70773170723, 0.0579410767494
4.68, 4.65551270848, 1.11622124131, -4.71750306423, 0.053223351102
4.69, 4.60830661606, 1.11678000095, -4.72705329263, 0.0606954408767
4.7, 4.56100402899, 1.11742361159, -4.73829810745, 0.0634359740688
4.71, 4.51361280873, 1.11807241461, -4.74552375311, 0.0640348424237
4.72, 4.46613036343, 1.11866150538, -4.75430378612, 0.0561912096464
4.73, 4.41856164271, 1.11920465277, -4.76280680114, 0.0558191392655
4.74, 4.37090882072, 1.1197974002, -4.77114025327, 0.0637944991083
4.75, 4.32317343466, 1.12045464759, -4.77930717856, 0.0669513632821
4.76, 4.27535766135, 1.12108392665, -4.78721443429, 0.059963118328
4.77, 4.2274644283, 1.12163874666, -4.79482149606, 0.0544593891373
4.78, 4.17949613411, 1.12219760433, -4.80225197879, 0.059782677506
4.79, 4.13145415527, 1.12283435182, -4.80955760938, 0.0672574921943
4.8, 4.08333991712, 1.12349382879, -4.81668824068, 0.0643973776515
4.81, 4.03515584173, 1.12408207781, -4.82353604056, 0.0558674920728
4.82, 3.98690449577, 1.12462354018, -4.83016912024, 0.0559368376914
4.83, 3.93858742313, 1.12522223016, -4.83669575547, 0.0647006613922
4.84, 3.89020555473, 1.12588830027, -4.84311183804, 0.0676201994945
4.85, 3.84176058103, 1.12651910413, -4.84931194863, 0.05970134235
4.86, 3.79325498598, 1.12706959116, -4.85525804581, 0.0540810052532
4.87, 3.74469064914, 1.12762915785, -4.86108477336, 0.0602731581636
4.88, 3.69606838878, 1.12827390264, -4.86683833527, 0.0681240766553
4.89, 3.64738915959, 1.12893833879, -4.87245992904, 0.0644690204146
4.9, 3.59865501612, 1.12952276041, -4.87783216656, 0.0552573673309
4.91, 3.5498681205, 1.13006021706, -4.88303701227, 0.0558752567409
4.92, 3.50102952919, 1.13066351864, -4.88818368332, 0.0654944441815
4.93, 3.45213975741, 1.13132259452, -4.89324377145, 0.0676894428319
4.94, 3.40320015941, 1.13196484185, -4.89815450407, 0.0613772743321
4.95, 3.35421265047, 1.13252778941, -4.90284404844, 0.0545783418895
4.96, 3.30517889417, 1.13308038653, -4.9074276562, 0.0587811631472
4.97, 3.25609950741, 1.13371056707, -4.91196999475, 0.0671557922948
4.98, 3.20697499902, 1.13437760568, -4.91643158537, 0.065698721512
4.99, 3.15780689407, 1.13497808266, -4.92069415171, 0.0566841388259
5.0, 3.10859707711, 1.1355185538, -4.92479782, 0.0551233370548
5.01, 3.05934649611, 1.13610666132, -4.9288622002, 0.0637923838687
5.02, 3.01005535101, 1.13677204578, -4.93289338288, 0.0683122511201
5.03, 2.96072449164, 1.13741496004, -4.93679351444, 0.0609955585605
5.04, 2.91135571798, 1.13797149479, -4.94049397325, 0.0539224335348
5.05, 2.86195040999, 1.13852173999, -4.94412410049, 0.0589807615819
5.06, 2.81250883834, 1.13915790898, -4.9477443112, 0.0679085987563
5.07, 2.76303131059, 1.13981522837, -4.95129108802, 0.0660087016778
5.08, 2.71351907901, 1.14042752593, -4.95469371061, 0.0582132853318
5.09, 2.66397365391, 1.14097726281, -4.95795014768, 0.0552303375634
5.1, 2.61439591114, 1.14155569044, -4.96117276785, 0.0621942726628
5.11, 2.56478594496, 1.14220769022, -4.96438219898, 0.0675974243095
5.12, 2.51514425266, 1.142855331, -4.96750373964, 0.0623198526487
5.13, 2.46547225407, 1.14342653008, -4.97045617621, 0.0550398302567
5.14, 2.41577119905, 1.14397637152, -4.97333647803, 0.0579541551267
5.15, 2.36604134709, 1.14459695414, -4.97621741777, 0.0663702861238
5.16, 2.31628272249, 1.14526319868, -4.97906976569, 0.0662334549649
5.17, 2.2664962822, 1.14587275072, -4.98178022844, 0.0576131683544
5.18, 2.21668347876, 1.14641660205, -4.98436284447, 0.0548382810109
5.19, 2.16684496701, 1.1469960711, -4.98693724802, 0.0626902952098
5.2, 2.1169805975, 1.14765455886, -4.989518966, 0.0681751596733
5.21, 2.06709071836, 1.14830342605, -4.99202370421, 0.0620167537101
5.22, 2.01717666529, 1.14886850629, -4.994367277, 0.0543561408789
5.23, 1.96723953387, 1.14941511372, -4.99666134515, 0.0580396175284
5.24, 1.91727935314, 1.15004094587, -4.99897700994, 0.0671081276976
5.25, 1.86729604082, 1.15069817967, -5.00126225091, 0.0666671876989
5.26, 1.81729037819, 1.15132071933, -5.00345013985, 0.05922450551
5.27, 1.7672635568, 1.15187386425, -5.00551175023, 0.0548896310805
5.28, 1.71721626638, 1.15244296198, -5.00756027611, 0.0610455482957
5.29, 1.66714833724, 1.15308841768, -5.00962875112, 0.0675690765028
5.3, 1.61705984448, 1.1537435666, -5.01165460673, 0.0635047835154
5.31, 1.56695183566, 1.1543243161, -5.01354061881, 0.0555074284372
5.32, 1.51682537613, 1.15487021529, -5.01536527147, 0.0569574393572
5.33, 1.46668056628, 1.15548036983, -5.01721514333, 0.0656250352239
5.34, 1.41651710727, 1.15614791419, -5.01907284627, 0.067084722413
5.35, 1.36633555559, 1.15676950457, -5.02082818327, 0.0587612453187
5.36, 1.31613713075, 1.1573172416, -5.02246562086, 0.0544803971955
5.37, 1.26592238576, 1.15788707311, -5.02410882251, 0.0615360368736
5.38, 1.21569097046, 1.15853985963, -5.02578645925, 0.0683098632619
5.39, 1.1654428623, 1.15919833284, -5.0274274622, 0.0634155467603
5.4, 1.11517909339, 1.15977437579, -5.02892830866, 0.054889649409
5.41, 1.06490065459, 1.16031700119, -5.03038285268, 0.0570123378401
5.42, 1.01460748061, 1.16093263081, -5.03187841592, 0.0664563031011
5.43, 0.964299177193, 1.16159284551, -5.03337497436, 0.0670735774023
5.44, 0.913976277449, 1.1622252301, -5.03480403225, 0.0604212170492
5.45, 0.863639730064, 1.16278628049, -5.03611968273, 0.055144048798
5.46, 0.813290140938, 1.16335113781, -5.03742885295, 0.0602364169449
5.47, 0.76292722773, 1.1639905099, -5.03877610009, 0.067386764449
5.48, 0.712550799499, 1.16465157343, -5.04011102575, 0.0646419308696
5.49, 0.662161626224, 1.16524440722, -5.04132989756, 0.0564745593885
5.5, 0.611760658601, 1.16579248439, -5.0424891049, 0.0565477938355
5.51, 0.561347949662, 1.16639542371, -5.04368467174, 0.0649459825227
5.52, 0.510923027576, 1.16706292865, -5.0449100621, 0.0677460067027
5.53, 0.460486160071, 1.16769672446, -5.0460639518, 0.0601714439218
5.54, 0.410038388609, 1.16825373857, -5.04710649774, 0.0548052909775
5.55, 0.359580236274, 1.1688196229, -5.04815716897, 0.0607534174984
5.56, 0.309111278113, 1.16946723725, -5.049257183, 0.0682870274583
5.57, 0.258631249061, 1.17013385999, -5.05034865927, 0.0648030950202
5.58, 0.208140939011, 1.17072405584, -5.05131924528, 0.0560042422473
5.59, 0.157641274883, 1.17126953759, -5.05223981435, 0.0566240452143
5.6, 0.107132186437, 1.17187834449, -5.05320975813, 0.0658621843829
5.61, 0.0566131292851, 1.17254025433, -5.05420019323, 0.06797194648
