timestamp, prius1 x posi, prius1 y posi, prius1 x vel, prius1 y vel.
0.0, 0.0, 0.0, 0.0, 0.0
0.00999999999999, -1.00003092774, 24.9966154828, -0.000353462554446, -0.176837557096
0.02, -1.00001100723, 24.9945369942, 0.00467016672265, -0.224344271006
0.03, -0.999973227803, 24.9919877891, 0.00312531264247, -0.271043207407
0.04, -0.999980712636, 24.9889757357, -0.00252603529956, -0.316964919178
0.05, -1.00002172801, 24.9855085777, -0.00286676163521, -0.362112851371
0.06, -1.00002792897, 24.9815940166, 0.00278526148199, -0.406495575644
0.07, -0.9999881793, 24.9772395787, 0.00504242033554, -0.450136361346
0.08, -0.999968397152, 24.9724525754, 3.93542745287e-05, -0.493053859932
0.09, -1.00000223804, 24.9669949509, -0.00395973383839, -0.578767995738
0.1, -1.00003411147, 24.9606820525, -0.000203584847209, -0.666233372536
0.11, -1.0000105939, 24.9534956799, 0.00516494624196, -0.754509999021
0.12, -0.999970270694, 24.9454336463, 0.00316367963644, -0.842802138515
0.13, -0.99998077311, 24.9364961833, -0.00298254405154, -0.931053078033
0.14, -1.00002558557, 24.9266835168, -0.0030308339177, -1.01929233831
0.15, -1.00003013873, 24.9159957738, 0.00322189720871, -1.1075258164
0.16, -0.999986064771, 24.9044329688, 0.00538930472238, -1.19576457304
0.17, -0.999966584365, 24.8919950773, -0.000252081997594, -1.28372017924
0.18, -1.00000504651, 24.8786859951, -0.00437311242672, -1.37035777412
0.19, -1.00003799791, 24.8645158974, -1.18716376862e-05, -1.45592618444
0.2, -1.00000993406, 24.8494954406, 0.00567204330889, -1.54043909164
0.21, -0.999966838138, 24.8336350652, 0.00314275362435, -1.62391891714
0.22, -0.999980861203, 24.8169450395, -0.0035033686155, -1.70637690074
0.23, -1.00002953663, 24.7994355927, -0.00317862109435, -1.78781236969
0.24, -1.00003168617, 24.7811169091, 0.00371052080931, -1.86823572066
0.25, -0.999982774229, 24.7619989727, 0.00570546566205, -1.94767266864
0.26, -0.999964037384, 24.7420915457, -0.000645545179468, -2.02614109813
0.27, -1.0000075785, 24.7214043055, -0.00482758994834, -2.10364290351
0.28, -1.00004141747, 24.6999469281, 0.000229617108165, -2.18017879007
0.29, -1.00000846448, 24.6777289719, 0.00620901717521, -2.2557692542
0.3, -0.999962805804, 24.6547620849, 0.00307128027089, -2.33032017533
0.31, -0.999980839957, 24.6310604496, -0.00406470533709, -2.4040204884
0.32, -1.0000332466, 24.6066330555, -0.00327873070877, -2.4768717205
0.33, -1.00003232565, 24.5814886302, 0.00426423868742, -2.54883014641
0.34, -0.999978376458, 24.5556359336, 0.00600377613415, -2.6199076777
0.35, -0.999960913196, 24.5290836048, -0.00110311486486, -2.6901212887
0.36, -1.0000098957, 24.5018402178, -0.00528383198304, -2.75946952096
0.37, -1.00004417789, 24.4739143665, 0.000541311907085, -2.82795070866
0.38, -1.00000578883, 24.4453159039, 0.00676939984908, -2.89465133294
0.39, -0.999957862401, 24.4160611079, 0.00293025526272, -2.9594249528
0.4, -0.999980740638, 24.3861680567, -0.00470864073989, -3.02239562124
0.41, -1.00003729497, 24.3556545199, -0.00338866381985, -3.08359804122
0.42, -1.00003305667, 24.3245378973, 0.00484929085581, -3.14308058331
0.43, -0.9999739491, 24.2928350241, 0.00628093070141, -3.2009066846
0.44, -0.99995827949, 24.2605621724, -0.00163467990378, -3.25712727638
0.45, -1.00001326255, 24.2277352227, -0.00577440726547, -3.31177313308
0.46, -1.00004786774, 24.1943697605, 0.000889884738806, -3.36487691405
0.47, -1.00000356012, 24.1604809249, 0.00736689917333, -3.41649373368
0.48, -0.99995336605, 24.1260832877, 0.00275126028805, -3.46667841047
0.49, -0.999981645874, 24.0911909826, -0.00540677846223, -3.51546638447
0.5, -1.00004248969, 24.055817875, -0.00347219044078, -3.56287932361
0.51, -1.00003433858, 24.0199775289, 0.00550601748628, -3.60895614295
0.52, -0.999969676089, 23.983683013, 0.00656010926956, -3.65375147495
0.53, -0.99995625562, 23.9469469207, -0.00223584893645, -3.69730601794
0.54, -1.0000178023, 23.9097815569, -0.00628918827366, -3.73964016026
0.55, -1.00005247395, 23.8721990306, 0.00130244172878, -3.78077563861
0.56, -1.00000164041, 23.8342110871, 0.00800540873098, -3.82075970609
0.57, -0.999949319433, 23.7958289876, 0.00251938847948, -3.85963814865
0.58, -0.999983688673, 23.7570636541, -0.00616228928039, -3.89743612531
0.59, -1.00004892751, 23.7179258441, -0.00352032638895, -3.93416491155
0.6, -1.00003623201, 23.6784261015, 0.00623235739255, -3.9698561977
0.61, -0.999965744847, 23.6385745421, 0.00682383521269, -4.00455772473
0.62, -0.999955191756, 23.5983808861, -0.0029170485682, -4.03830153491
0.63, -1.00002386661, 23.5578546584, -0.00682110745475, -4.07109833531
0.64, -1.0000582585, 23.5170052765, 0.00178421115943, -4.10296197107
0.65, -1.00000031178, 23.4758418567, 0.00867643455333, -4.13393439769
0.66, -0.999946133762, 23.4343730926, 0.00221912995044, -4.16405444285
0.67, -0.999987401807, 23.392607417, -0.00698335923192, -4.19333892931
0.68, -1.00004316942, 23.3505532001, -0.00412282337141, -4.22179103945
0.69, -1.00004380788, 23.3082185959, 0.00469362212524, -4.24943892698
0.7, -0.999980974723, 23.2656114676, 0.00694967939926, -4.27631921933
0.71, -0.999959189557, 23.2227393337, -0.00130184458305, -4.3024599566
0.72, -1.00001617241, 23.1796095486, -0.00640603031554, -4.32786930402
0.73, -1.00005807663, 23.1362294085, 0.000262676633051, -4.35255370064
0.74, -1.00001468151, 23.0926060042, 0.00771879861812, -4.37654493275
0.75, -0.999957921654, 23.0487460753, 0.00342057049089, -4.39987701063
0.76, -0.999983687164, 23.0046561314, -0.0056324794179, -4.42256474885
0.77, -1.0000510803, 22.9603426269, -0.00433134109075, -4.44460767422
0.78, -1.0000484738, 22.91581194, 0.00534066423258, -4.46602258207
0.79, -0.999979831518, 22.871070155, 0.00727104934749, -4.4868453662
0.8, -0.999960283283, 22.8261230625, -0.00194100563748, -4.50709881816
0.81, -1.00002473079, 22.7809763475, -0.00703045854346, -4.52678476469
0.82, -1.00006759387, 22.7356356958, 0.000628899631502, -4.5459045211
0.83, -1.00001757457, 22.690106622, 0.00841056003276, -4.56448744422
0.84, -0.999958218988, 22.6443943212, 0.00321464654271, -4.58256366108
0.85, -0.999990452472, 22.5985038058, -0.00646916996583, -4.6001426559
0.86, -1.00004942415, 22.5524401066, -0.00505286279055, -4.61721852348
0.87, -1.00006094901, 22.5062081523, 0.00377979729449, -4.63380685999
0.88, -0.999999478337, 22.459812688, 0.0074896760798, -4.64993522575
0.89, -0.999967957171, 22.4132581882, -0.000290985519249, -4.66562516498
0.9, -1.00002116943, 22.366549028, -0.00671521500409, -4.68087825064
0.91, -1.0000726355, 22.3196896106, -0.00097472830036, -4.69569060074
0.92, -1.00003721893, 22.2726842408, 0.0075165831041, -4.71008368421
0.93, -0.999974300122, 22.2255369515, 0.00451494784129, -4.7240853658
0.94, -0.999990727965, 22.1782515993, -0.00515332852714, -4.73770530378
0.95, -1.00006211384, 22.1308320476, -0.0053803890201, -4.75093589069
0.96, -1.00007123375, 22.0832821763, 0.00440262239745, -4.76378325219
0.97, -1.00000331413, 22.0356056606, 0.00793472270593, -4.77627634187
0.98, -0.999972861115, 21.9878059327, -0.000849942891543, -4.78843363788
0.99, -1.00002553711, 21.9398863728, -0.0040606574909, -4.80021230778
1.0, -1.00007543373, 21.8918504121, -0.00188104503557, -4.81172593878
1.01, -1.00005393177, 21.8437013882, 0.00614721027623, -4.82287438778
1.02, -0.999995409588, 21.7954424393, 0.00500425676177, -4.83371972014
1.03, -0.999998886402, 21.7470765378, -0.00357609811119, -4.84427160995
1.04, -1.00006119319, 21.6986066587, -0.00532745866557, -4.85452305796
1.05, -1.0000802566, 21.6500358166, 0.00282434931934, -4.86447515401
1.06, -1.00002477588, 21.6013668817, 0.00736133436051, -4.87415120438
1.07, -0.999988232345, 21.5526025092, 0.000575286237699, -4.88356874895
1.08, -1.00003414369, 21.50374529, -0.00634488613784, -4.89272631318
1.09, -1.00008869629, 21.4547978825, -0.00178041137454, -4.9016149344
1.1, -1.00006213692, 21.4057629146, 0.00682436027273, -4.91024853825
1.11, -0.999999393333, 21.356642801, 0.00506646775935, -4.91865055265
1.12, -1.00000710134, 21.3074398131, -0.00429162986143, -4.92682793673
1.13, -1.00007556894, 21.2581562567, -0.00567408100198, -4.93477014386
1.14, -1.00009273886, 21.208794503, 0.00340347554478, -4.94247675351
1.15, -1.00003062834, 21.1593567833, 0.00788301191572, -4.94997106502
1.16, -0.999994002724, 21.1098451229, 0.000137938554158, -4.95726891898
1.17, -1.00004682477, 21.0602615087, -0.00704097682991, -4.96436572859
1.18, -1.00010392953, 21.0106080263, -0.00158388119588, -4.97124965428
1.19, -1.00007128638, 20.9608867416, 0.00759202366486, -4.97793490442
1.2, -1.00000394742, 20.9110995067, 0.00511715783701, -4.98444431353
1.21, -1.00001637352, 20.8612480474, -0.00506364050843, -4.99078255589
1.22, -1.00007665573, 20.8113341696, -0.00591345582882, -4.99693522777
1.23, -1.00010562981, 20.7613597038, 0.00181784353767, -5.0029048518
1.24, -1.00005367626, 20.7113264086, 0.00767536398108, -5.00870785522
1.25, -1.00000793081, 20.6612358493, 0.00172401761896, -5.01436076232
1.26, -1.00004694789, 20.6110895361, -0.00626328492508, -5.01986108764
1.27, -1.00010840428, 20.5608890749, -0.00291465256556, -5.02519541415
1.28, -1.00009108593, 20.5106360963, 0.00636561721042, -5.03037197836
1.29, -1.00002431629, 20.460332052, 0.00607505784679, -5.03541260885
1.3, -1.00002117066, 20.4099782562, -0.00348174062784, -5.04032398793
1.31, -1.00009001083, 20.3595760695, -0.00642590984222, -5.04509361398
1.32, -1.00011836568, 20.3091269597, 0.00231794887714, -5.04971511962
1.33, -1.00005966721, 20.2586323028, 0.00827807140141, -5.05420867532
1.34, -1.00001283002, 20.2080932813, 0.00137003076889, -5.0585898594
1.35, -1.00005876196, 20.1575110401, -0.00703336953591, -5.06285387198
1.36, -1.00011034088, 20.1068868611, -0.00342465735289, -5.0669852406
1.37, -1.00010561118, 20.0562219923, 0.00487237801729, -5.07099426266
1.38, -1.00004669922, 20.0055175807, 0.00614137304882, -5.07489737582
1.39, -1.00003299135, 19.9547746341, -0.00190745447313, -5.07870238971
1.4, -1.00008994463, 19.903994186, -0.00593379861586, -5.08239939887
1.41, -1.00012479426, 19.8531773756, 0.000899725399555, -5.08597975209
1.42, -1.00008019848, 19.8023252928, 0.00731500576829, -5.08945884003
1.43, -1.00003133689, 19.7514388568, 0.00250320950439, -5.09285194552
1.44, -1.00006207316, 19.7005189341, -0.00565942422182, -5.09615666124
1.45, -1.00012413005, 19.6495664926, -0.00352826093073, -5.09935862117
1.46, -1.00011564641, 19.598582556, 0.00552153432893, -5.10246133763
1.47, -1.00005140697, 19.5475680032, 0.00639955184052, -5.10548457386
1.48, -1.00004023973, 19.4965235826, -0.00252681242977, -5.10843507077
1.49, -1.00010388813, 19.4454500868, -0.00644421048284, -5.11130059793
1.5, -1.00013874467, 19.3943484312, 0.00132752916169, -5.11407154448
1.51, -1.0000876058, 19.3432194774, 0.00795419398763, -5.1167646038
1.52, -1.00003675509, 19.2920639107, 0.00226106547979, -5.11939477425
1.53, -1.00007368036, 19.240882376, -0.00640936457361, -5.12195795962
1.54, -1.00014001158, 19.1896756399, -0.00354975718453, -5.12443748102
1.55, -1.00012678501, 19.138444531, 0.00626930877021, -5.12683781726
1.56, -1.00005668288, 19.0871897212, 0.00666424565685, -5.12917964387
1.57, -1.0000484451, 19.0359117552, -0.0032052846624, -5.13146850725
1.58, -1.00010714968, 18.9846112527, -0.00529182076018, -5.13368769828
1.59, -1.00014497727, 18.9332889329, 0.000166951114237, -5.13583519613
1.6, -1.00010750521, 18.8819454744, 0.00684644076119, -5.13791965587
1.61, -1.00005723208, 18.8305814137, 0.00312246383728, -5.13995620993
1.62, -1.00007995483, 18.7791972333, -0.00495093560771, -5.14194306733
1.63, -1.00014053893, 18.7277935136, -0.00390352468626, -5.14386555855
1.64, -1.00013957973, 18.6763709103, 0.00468220701233, -5.14572409135
1.65, -1.00007928086, 18.6249299625, 0.00650705713144, -5.14753646865
1.66, -1.00006170529, 18.5734710831, -0.00163241569143, -5.1493098065
1.67, -1.0001191202, 18.5219947225, -0.00624738902661, -5.15103262986
1.68, -1.00015837038, 18.4705014585, 0.000482520992814, -5.15269368294
1.69, -1.00011503965, 18.4189918446, 0.00746979275922, -5.15430625689
1.7, -1.00006232275, 18.3674662735, 0.00296034346139, -5.15588513165
1.71, -1.00009063611, 18.3159250916, -0.00568040661853, -5.1574273492
1.72, -1.00015595571, 18.2643687607, -0.00401756595108, -5.15891620016
1.73, -1.00015119447, 18.2127978235, 0.00536076615495, -5.16035285279
1.74, -1.00008502644, 18.1612126935, 0.00683004215749, -5.16175630677
1.75, -1.00006953806, 18.1096136573, -0.00223184384383, -5.16313289408
1.76, -1.00013379974, 18.0580010534, -0.00679276582269, -5.16446934515
1.77, -1.0001733508, 18.0063753628, 0.000899066308031, -5.16575350229
1.78, -1.00012323247, 17.9547370343, 0.00815970539756, -5.16700035111
1.79, -1.00006798566, 17.9030863452, 0.00276169363362, -5.16822502739
1.8, -1.00010240828, 17.8514235356, -0.0064521238665, -5.16942304641
1.81, -1.00017240187, 17.7997489787, -0.0040788580922, -5.17057563675
1.82, -1.00016299216, 17.7480631323, 0.00612971065151, -5.17168519159
1.83, -1.00009048115, 17.6963663097, 0.00715219023219, -5.17277194712
1.84, -1.00007757818, 17.6446586968, -0.00290406956308, -5.17384156878
1.85, -1.00013524231, 17.5929405614, -0.00655953475717, -5.17487734419
1.86, -1.00018407415, 17.5412122752, -0.000645615310803, -5.1758726686
1.87, -1.00014639853, 17.4894742152, 0.00756862367527, -5.17683569464
1.88, -1.00008521563, 17.4377266015, 0.00418730154085, -5.17778315834
1.89, -1.00010450958, 17.3859695906, -0.00533038868713, -5.1787134306
1.9, -1.00017508837, 17.334203453, -0.00512034724016, -5.1796087745
1.91, -1.00018103085, 17.2824285697, 0.00465526412746, -5.18046640732
1.92, -1.00011290084, 17.2306452098, 0.00773640216184, -5.18130563716
1.93, -1.00008566633, 17.1788534995, -0.00119266413049, -5.18213482552
1.94, -1.00013586952, 17.1270536156, -0.00569787951227, -5.18293927258
1.95, -1.00019013285, 17.0752458539, -0.00201947723656, -5.18371182929
1.96, -1.00016685235, 17.0234305296, 0.00652213534479, -5.18445553824
1.97, -1.00010461668, 16.9716078263, 0.00524125463515, -5.1851877325
1.98, -1.00010882225, 16.9197778424, -0.00390562843853, -5.18590991869
1.99, -1.00017533602, 16.8679407641, -0.00570926457806, -5.18660623704
2.0, -1.00019526065, 16.8160969034, 0.00300170188424, -5.18726964451
2.01, -1.00013598407, 16.7642464985, 0.00778071752374, -5.187917062
2.02, -1.00009747431, 16.7123896385, 0.000506363280845, -5.1885592159
2.03, -1.00014677549, 16.6605264205, -0.00682109430705, -5.18918698741
2.04, -1.00020464197, 16.6086570887, -0.00189672528093, -5.1897835435
2.05, -1.00017589218, 16.5567819262, 0.00724990082769, -5.19035669471
2.06, -1.00010915547, 16.5049010586, 0.00530757724339, -5.19092433632
2.07, -1.00011788215, 16.4530145284, -0.00466437257364, -5.19148715897
2.08, -1.00017695872, 16.401122497, -0.00527780843378, -5.19202594211
2.09, -1.00020418661, 16.3492252059, 0.00158816151603, -5.19253996563
2.1, -1.00015774645, 16.2973228575, 0.00701432107624, -5.19303953094
2.11, -1.00011561298, 16.2454155216, 0.00172329662329, -5.19353636234
2.12, -1.0001502839, 16.1935032537, -0.00560102219978, -5.19402440786
2.13, -1.00020665202, 16.1415862325, -0.00270338672207, -5.19448788294
2.14, -1.00019212395, 16.0896646964, 0.00574687405602, -5.1949304739
2.15, -1.00013157558, 16.0377387581, 0.00563534640601, -5.19536855521
2.16, -1.00012778714, 15.9858084371, -0.00301534120619, -5.19580516238
2.17, -1.0001901607, 15.9338738265, -0.00583489835196, -5.19622567455
2.18, -1.00021706401, 15.8819351491, 0.00203047672442, -5.19662108882
2.19, -1.00016453842, 15.8299925783, 0.00756584080054, -5.19700639548
2.2, -1.0001213276, 15.7780461411, 0.00141215746848, -5.19739307655
2.21, -1.00016224863, 15.7260958574, -0.006304760485, -5.19777384958
2.22, -1.000222147, 15.674141885, -0.00265212054079, -5.19813174762
2.23, -1.00020268814, 15.6221844401, 0.00646086863349, -5.19847165531
2.24, -1.00013705992, 15.5702235987, 0.00580820215196, -5.19881097873
2.25, -1.00013672302, 15.5182593427, -0.00369563913445, -5.1991523432
2.26, -1.00020554848, 15.4662917413, -0.00625011775261, -5.19947923076
2.27, -1.00023119305, 15.4143210034, 0.00257758973565, -5.19978252661
2.28, -1.00017172459, 15.3623472753, 0.00816966118215, -5.20007926234
2.29, -1.00012749555, 15.3103761926, 0.00105498840656, -5.19752002209
2.3, -1.00017519402, 15.2584677767, -0.00704561418168, -5.18957741875
2.31, -1.00022481997, 15.2066374651, -0.00310871873509, -5.1818368704
2.32, -1.00021750738, 15.1548835419, 0.00497995591214, -5.17429526153
2.33, -1.00015992433, 15.1032039063, 0.00582764280252, -5.16697231466
2.34, -1.0001494236, 15.0515963769, -0.00214818833035, -5.15986572462
2.35, -1.00020621441, 15.0000588953, -0.00571653448167, -5.15295572853
2.36, -1.00023781598, 14.9485895932, 0.0012017751386, -5.14622600715
2.37, -1.00019232841, 14.8971866309, 0.0071820654833, -5.13968407893
2.38, -1.00014648619, 14.8458480837, 0.00213938643419, -5.13333619307
2.39, -1.00017954787, 14.7946120312, -0.00575784209044, -5.11600458251
2.4, -1.00024002413, 14.7435922933, -0.00318903946628, -5.0937131166
2.41, -1.00022752402, 14.6927927156, 0.0058250683498, -5.07196924027
2.42, -1.00016307068, 14.6422074548, 0.00613406732378, -5.05083250874
2.43, -1.00015604595, 14.5918304247, -0.00296758906915, -5.03030173334
2.44, -1.00022134583, 14.5416557519, -0.00634542387543, -5.01034263308
2.45, -1.00025247452, 14.4916778798, 0.00179350089624, -4.99092746453
2.46, -1.00019836168, 14.4418913715, 0.00798817504816, -4.972055721
2.47, -1.00015030504, 14.3922907911, 0.00177591258523, -4.953724605
2.48, -1.0001911828, 14.3428708424, -0.00662731295118, -4.93591201054
2.49, -1.00025592886, 14.2936447895, -0.00313626127566, -4.9111604607
2.5, -1.00023799652, 14.2447301874, 0.00661707231022, -4.87790969029
2.51, -1.00016780196, 14.1961432998, 0.00634073815789, -4.8455457347
2.52, -1.00016421016, 14.1478754271, -0.00369046948915, -4.8140814149
2.53, -1.00022297918, 14.0999176729, -0.00605657534805, -4.78349442847
2.54, -1.00026214289, 14.0522614316, 0.000381654492191, -4.75375359578
2.55, -1.00021980872, 14.0048983396, 0.00737876754723, -4.72484234363
2.56, -1.00016680755, 13.9578201345, 0.0030538627021, -4.69675096057
2.57, -1.00019353957, 13.9110187504, -0.00554463830124, -4.66945263001
2.58, -1.0002582246, 13.8644864705, -0.00406153136927, -4.64290757685
2.59, -1.00025446395, 13.818278152, 0.00522038821475, -4.60304713305
2.6, -1.00018889521, 13.7724858635, 0.00682181403724, -4.56173958681
2.61, -1.00017224713, 13.7271010058, -0.00209503335686, -4.52154243878
2.62, -1.00022374594, 13.6821123589, -0.00517499763681, -4.48246204447
2.63, -1.00026717825, 13.6375089175, -0.000848050861638, -4.44446886471
2.64, -1.00023827914, 13.5932799709, 0.00635283568936, -4.40753434883
2.65, -1.00018492977, 13.5494150011, 0.00397843174636, -4.37164219459
2.66, -1.00019759699, 13.5059037318, -0.00417137301298, -4.33676236091
2.67, -1.00025764228, 13.4627362708, -0.00452370251438, -4.3028512886
2.68, -1.00026648084, 13.4199031072, 0.00366528366763, -4.26987756268
2.69, -1.00020976739, 13.3773964867, 0.00678174986374, -4.23626313737
2.7, -1.00018395429, 13.3353103128, -0.000622353577674, -4.18814745731
2.71, -1.0002345279, 13.2936931856, -0.00607792172643, -4.14175939634
2.72, -1.00027848357, 13.2525335759, -0.000442750922191, -4.09661883719
2.73, -1.00024324803, 13.2118188906, 0.00695659627337, -4.05273778763
2.74, -1.00018822679, 13.1715366255, 0.00371000655542, -4.01009685237
2.75, -1.00020710696, 13.131674576, -0.00490658632819, -3.96865722224
2.76, -1.00027115456, 13.0922209957, -0.00452359729225, -3.9283683448
2.77, -1.00027520236, 13.0531645732, 0.00439164176942, -3.88919516352
2.78, -1.00021294865, 13.0144997867, 0.00701333752865, -3.84950574248
2.79, -1.0001894135, 12.9762333848, -0.00118582048946, -3.81005976843
2.8, -1.00024653199, 12.9383558133, -0.00662244688765, -3.77170693185
2.81, -1.00029140661, 12.9008563367, -0.000103009586253, -3.73441098482
2.82, -1.00024985341, 12.8637244762, 0.00765964973387, -3.69815524188
2.83, -1.0001915178, 12.8269498894, 0.00363141368023, -3.66292513985
2.84, -1.00021558543, 12.7905224766, -0.00562995822799, -3.6286889402
2.85, -1.00027070024, 12.7544325595, -0.00459070128508, -3.59540018639
2.86, -1.00028482885, 12.7186707782, 0.0029386087676, -3.56303402223
2.87, -1.0002327297, 12.6832279904, 0.00670615611583, -3.53157594851
2.88, -1.00020167819, 12.648105132, 0.000225282848593, -3.49572711168
2.89, -1.00024629941, 12.613412171, -0.00586168114564, -3.44950264912
2.9, -1.0002936647, 12.5791740336, -0.0011190121426, -3.40456876705
2.91, -1.00026450659, 12.545378959, 0.00660122541811, -3.36086212055
2.92, -1.00020756158, 12.5120145848, 0.00430851427151, -3.31838990734
2.93, -1.00021933774, 12.4790687501, -0.0043149278977, -3.27711641003
2.94, -1.00028256635, 12.4465297398, -0.00489076199254, -3.23699039247
2.95, -1.00029314038, 12.4143862851, 0.00370712150855, -3.19797476843
2.96, -1.00023352557, 12.3826273545, 0.00719523630977, -3.16005441725
2.97, -1.00020386625, 12.3512420971, -0.000390775854376, -3.12320687223
2.98, -1.00025587632, 12.320219992, -0.00650362474813, -3.08739169784
2.99, -1.00030488514, 12.2895578543, -0.000824191179704, -3.05076169479
3.0, -1.00026951113, 12.2592627237, 0.00732525725636, -3.01445813761
3.01, -1.00020889406, 12.2293254032, 0.00427157099373, -2.97917108061
3.02, -1.00022562171, 12.19973582, -0.00503884186022, -2.94487915281
3.03, -1.00029413809, 12.1704842553, -0.00507940275477, -2.91153833412
3.04, -1.00030130697, 12.1415613763, 0.00440547863492, -2.87911749838
3.05, -1.00023495899, 12.1129580177, 0.00765056879493, -2.84760844459
3.06, -1.00020629676, 12.0846651367, -0.000921797502588, -2.81699370134
3.07, -1.00025379498, 12.0566800022, -0.00553448188984, -2.785555
3.08, -1.00030766575, 12.0290116092, -0.00212134513471, -2.75416952931
3.09, -1.00028574522, 12.0016526647, 0.0063799595761, -2.72364433913
3.1, -1.00022342262, 11.974594538, 0.00535599072388, -2.69398053537
3.11, -1.00022529971, 11.9478287106, -0.00366149369839, -2.66515741918
3.12, -1.0002901535, 11.9213469846, -0.00567606512162, -2.63713543685
3.13, -1.00031089096, 11.8951415233, 0.00283471776005, -2.60988391734
3.14, -1.0002525619, 11.8692046498, 0.00776356378322, -2.58339688935
3.15, -1.00021251901, 11.8435287606, 0.000745124679275, -2.55766332023
3.16, -1.00025929456, 11.8181064719, -0.00664709186765, -2.53265338757
3.17, -1.00031682578, 11.7929307534, -0.00200394031793, -2.50832958222
3.18, -1.00028938267, 11.7679845465, 0.00714552346175, -2.48800506448
3.19, -1.000222062, 11.7432189981, 0.00546999549499, -2.47073675585
3.2, -1.00022852151, 11.7186234654, -0.00445653719094, -2.45398589093
3.21, -1.00028670535, 11.694193047, -0.00529349322588, -2.4377001352
3.22, -1.00031458545, 11.6699232021, 0.00150261139528, -2.42185890058
3.23, -1.00026810402, 11.6458095017, 0.00709331094246, -2.40646004232
3.24, -1.00022419573, 11.6218475098, 0.00193027422231, -2.39150301476
3.25, -1.0002571929, 11.5980328977, -0.00551683032322, -2.37696969598
3.26, -1.00031366586, 11.5743615818, -0.00278761544665, -2.3628321804
3.27, -1.00029952107, 11.5508065739, 0.00577089347226, -2.35413641401
3.28, -1.00023772584, 11.527330434, 0.0058057507487, -2.34644742783
3.29, -1.00023237577, 11.5039298839, -0.00290765398828, -2.33900373997
3.3, -1.00029443473, 11.4806027068, -0.00586229192721, -2.33176582299
3.31, -1.00032162872, 11.457346953, 0.00202163950919, -2.32471585394
3.32, -1.0002683727, 11.4341606906, 0.00769660504957, -2.31786354237
3.33, -1.00022349196, 11.4110418949, 0.00157021427972, -2.31121515742
3.34, -1.00026344432, 11.3879885891, -0.00627597924432, -2.30475789313
3.35, -1.00032355154, 11.3649989908, -0.00269445311631, -2.29846893961
3.36, -1.00030398359, 11.3420714329, 0.00652700911894, -2.29234763081
3.37, -1.00023694641, 11.319177121, 0.00598243141773, -2.29189092521
3.38, -1.00023509214, 11.2962843797, -0.00359225929466, -2.29178699046
3.39, -1.00030369757, 11.2733925653, -0.00628046572492, -2.29169857241
3.4, -1.00032966762, 11.2505017076, 0.00257611915432, -2.29159872866
3.41, -1.00026939178, 11.2276118414, 0.00831471204642, -2.29150234126
3.42, -1.0002234258, 11.2047228489, 0.00121788797103, -2.29142188735
3.43, -1.00027021688, 11.1818346127, -0.00702218254449, -2.29134871919
3.44, -1.00032020617, 11.1589471875, -0.00316435502787, -2.2912640149
3.45, -1.00031292477, 11.1360606244, 0.0050583626773, -2.29117523453
3.46, -1.0002537391, 11.1131749049, 0.00603947110809, -2.2910954248
3.47, -1.00024148666, 11.0902628681, -0.00203020463899, -2.29651301203
3.48, -1.00029816742, 11.067294578, -0.00576806276935, -2.30210555562
3.49, -1.00033040075, 11.0442711275, 0.00118579513007, -2.30754596935
3.5, -1.00028414886, 11.021194069, 0.00734989591536, -2.31283405543
3.51, -1.00023634555, 10.9980648333, 0.00233135686795, -2.31798470639
3.52, -1.00026807942, 10.9748847914, -0.00564609337151, -2.3229973609
3.53, -1.00032833783, 10.9516553996, -0.00324102442668, -2.32785912125
3.54, -1.00031716901, 10.9283781508, 0.00571247659125, -2.33257571854
3.55, -1.00025279573, 10.9050543775, 0.00627916805917, -2.33716795375
3.56, -1.00024325814, 10.8816852734, -0.00265388739662, -2.34164332775
3.57, -1.00030652594, 10.8582450282, -0.00625599075262, -2.35147500184
3.58, -1.00033852825, 10.8347051042, 0.00163348240208, -2.36134589926
3.59, -1.00028573643, 10.8110677875, 0.00797954221268, -2.37095795253
3.6, -1.00023614952, 10.7873356619, 0.00207526910155, -2.38031439487
3.61, -1.0002740996, 10.7635112829, -0.00638145693054, -2.38941438384
3.62, -1.0003384082, 10.7395972785, -0.00323576858969, -2.39824745925
3.63, -1.00032237741, 10.7155962775, 0.00646046500545, -2.4068241644
3.64, -1.00025232161, 10.6915106997, 0.00652158588834, -2.41516980991
3.65, -1.00024589698, 10.6673427927, -0.00333570043733, -2.42329434714
3.66, -1.00031610001, 10.643061943, -0.00673797483175, -2.43724359484
3.67, -1.00034733851, 10.61864666, 0.00216638069141, -2.45054718443
3.68, -1.00028726877, 10.5941001647, 0.00865089214674, -2.46349421146
3.69, -1.00023604819, 10.5694259868, 0.00175823530639, -2.47609300278
3.7, -1.00027281049, 10.5446276054, -0.00381706222294, -2.48830523743
3.71, -1.00033760087, 10.5197085444, -0.00436621936422, -2.50024066709
3.72, -1.00033645201, 10.494672283, 0.00514701060892, -2.51179486113
3.73, -1.00026874024, 10.4695221141, 0.00729114128617, -2.52303225212
3.74, -1.00024747876, 10.4442611132, -0.00169642001982, -2.53396817487
3.75, -1.00030990339, 10.4188905937, -0.00692476626288, -2.54581841838
3.76, -1.00035305486, 10.3933743256, 0.00048663615736, -2.56196747731
3.77, -1.00030484639, 10.3676997316, 0.00824968732967, -2.57761666711
3.78, -1.0002456818, 10.3418707594, 0.00333073136274, -2.59285139198
3.79, -1.00027567659, 10.3158915853, -0.00621517197342, -2.60766780094
3.8, -1.00033235494, 10.2897664576, -0.00436541100123, -2.62205741178
3.81, -1.00034131023, 10.2634995467, 0.0036094548771, -2.63603605733
3.82, -1.00028525676, 10.2370948479, 0.00680788901383, -2.64962744972
3.83, -1.00025753439, 10.2105561253, -0.000285868318789, -2.66285011389
3.84, -1.00030584104, 10.1838870636, -0.00595494190527, -2.67570444536
3.85, -1.00035109632, 10.1570913789, -0.000656903461553, -2.68818660041
3.86, -1.00031789967, 10.1301509337, 0.00691229973113, -2.70522678849
3.87, -1.00026137243, 10.1030343739, 0.00405885993111, -2.72269865511
3.88, -1.00027697747, 10.075745425, -0.00461836604443, -2.73971052348
3.89, -1.00034081253, 10.0482888378, -0.00465382492394, -2.75624018675
3.9, -1.00034744466, 10.0206694137, 0.00418401295321, -2.77229479665
3.91, -1.00028559712, 9.99289173667, 0.00720197632933, -2.7879048713
3.92, -1.00025892828, 9.96496013403, -0.000791054569446, -2.80309067342
3.93, -1.00031399079, 9.93687884615, -0.00656935669573, -2.81785266238
3.94, -1.00036084941, 9.90865214193, -0.000383048965493, -2.83218771047
3.95, -1.00032161578, 9.88028418342, 0.00760781139165, -2.84611792302
3.96, -1.00026166557, 9.85176592163, 0.00398706930298, -2.86343050586
3.97, -1.00028249716, 9.82306005007, -0.00536980536989, -2.88231128569
3.98, -1.00035178442, 9.7941679966, -0.00485368439331, -2.90067845326
3.99, -1.0003550826, 9.76509497424, 0.00487132503596, -2.91852300735
4.0, -1.00028667941, 9.735846058, 0.00762820473308, -2.93587323878
4.01, -1.00026131447, 9.70642606115, -0.00135551839058, -2.95275113061
4.02, -1.00032361602, 9.67683970443, -0.00720341465893, -2.9691572431
4.03, -1.00037169729, 9.64709173596, -3.00765752948e-05, -2.98508895259
4.04, -1.00032559111, 9.61718677445, 0.0083676116632, -3.00057172723
4.05, -1.00026215194, 9.58712519593, 0.00387878200765, -3.01763471566
4.06, -1.0002888769, 9.5568691754, -0.00618614278995, -3.03804778056
4.07, -1.00034915081, 9.52641221986, -0.00495361823624, -3.05788320882
4.08, -1.00036308003, 9.4957597621, 0.00335123085122, -3.07716232328
4.09, -1.00030524463, 9.46491728677, 0.00730572732246, -3.09590448582
4.1, -1.00027208704, 9.43389002155, 0.000127417919893, -3.11413395429
4.11, -1.00032061314, 9.40268306407, -0.00634001031524, -3.13185604584
4.12, -1.00037171629, 9.37130150932, -0.0012270699868, -3.14906926882
4.13, -1.00034048665, 9.33975034163, 0.00709818667767, -3.16579555952
4.14, -1.00027886758, 9.30803426331, 0.00468311449493, -3.18206435219
4.15, -1.00029096023, 9.27615638255, -0.00461776569444, -3.19894423478
4.16, -1.00035902809, 9.24408258631, -0.0053131440094, -3.22017231313
4.17, -1.00037090638, 9.21180067463, 0.00393911015362, -3.24072942707
4.18, -1.00030673814, 9.1793160632, 0.00777392477774, -3.26072691297
4.19, -1.00027416157, 9.14663428547, -0.000365587367, -3.28017767735
4.2, -1.00032982681, 9.11376078513, -0.00702516042413, -3.2990856965
4.21, -1.00038315497, 9.08070100814, -0.000991511643679, -3.31745007468
4.22, -1.00034573638, 9.04746027151, 0.00784769197118, -3.33529569608
4.23, -1.00028004116, 9.0140435849, 0.00467043288305, -3.3526537464
4.24, -1.00029730803, 8.98045575271, -0.00540489639956, -3.36953653281
4.25, -1.00035682591, 8.94670158093, -0.00550343130501, -3.38593782339
4.26, -1.00038021972, 8.91275876833, 0.00235086930093, -3.40735435396
4.27, -1.00032657872, 8.87860201525, 0.0075080813019, -3.42850154228
4.28, -1.00028539321, 8.84423665063, 0.00119468740718, -3.44908660787
4.29, -1.00032712146, 8.80966836568, -0.00620071581802, -3.46910097397
4.3, -1.00038431021, 8.77490289134, -0.00228489772853, -3.48854215403
4.31, -1.00036227377, 8.73994585703, 0.00658037971128, -3.50743189812
4.32, -1.00029776629, 8.70480259681, 0.00556810007094, -3.52580249676
4.33, -1.00029971853, 8.66947820928, -0.00380990714741, -3.54367013763
4.34, -1.00036750648, 8.63397773965, -0.00596007008058, -3.56103262165
4.35, -1.00038983545, 8.59830622816, 0.0028723364875, -3.5778955094
4.36, -1.00032970522, 8.56244147301, 0.00804941774323, -3.59977327985
4.37, -1.00028807413, 8.52635815459, 0.000789505311337, -3.62138057927
4.38, -1.00033678881, 8.49006172738, -0.00693713836932, -3.64240493928
4.39, -1.00039722257, 8.45355815792, -0.00215975879141, -3.66282785052
4.4, -1.00036952028, 8.41685335944, 0.00734351659444, -3.6826710909
4.41, -1.00030010294, 8.37995293121, 0.00567015908042, -3.70196950142
4.42, -1.00030644514, 8.34286222766, -0.00457651878156, -3.72073949621
4.43, -1.00036678921, 8.30558657112, -0.00554200881198, -3.73897642467
4.44, -1.00039672524, 8.26813122526, 0.00142675572843, -3.7566929049
4.45, -1.00034956745, 8.23050127715, 0.00728986770396, -3.77391335967
4.46, -1.00030404424, 8.19269759136, 0.002036236553, -3.79266416084
4.47, -1.0003379344, 8.1546828495, -0.00572118405939, -3.81471413167
4.48, -1.00039715426, 8.11645102739, -0.00300789472969, -3.83614077953
4.49, -1.00038404472, 8.07800803229, 0.00582240083341, -3.85696714313
4.5, -1.00032073605, 8.03935974232, 0.00602754554161, -3.87721755269
4.51, -1.00031425675, 8.00051180203, -0.00290720220157, -3.89691176531
4.52, -1.00037824118, 7.96146976819, -0.00614785626606, -3.91605125186
4.53, -1.00040816096, 7.92223917877, 0.00185990209298, -3.93464107284
4.54, -1.00035476028, 7.88282537671, 0.00787230168965, -3.95271100762
4.55, -1.00030795307, 7.84322945899, 0.00172903752224, -3.97228840374
4.56, -1.00034834962, 7.80341433899, -0.00646942351668, -3.99514154758
4.57, -1.0004115669, 7.76337423265, -0.00299264431895, -4.01734708304
4.58, -1.00039359488, 7.72311528049, 0.00655352983466, -4.03893004268
4.59, -1.00032493409, 7.68264357183, 0.00622491087892, -4.05991662158
4.6, -1.00032192677, 7.64196495531, -0.00361417683233, -4.0803265928
4.61, -1.00039283727, 7.60108519846, -0.00661567303977, -4.10016027508
4.62, -1.00042182886, 7.56001005344, 0.00239834940772, -4.11942335813
4.63, -1.00036130539, 7.51874505707, 0.00850826869758, -4.13814835196
4.64, -1.00031327441, 7.47729543055, 0.00137373672136, -4.15636284944
4.65, -1.0003525952, 7.43566625054, -0.00388371426668, -4.17403380664
4.66, -1.00041608336, 7.39383818536, -0.0041152805296, -4.19647307969
4.67, -1.00041307277, 7.3517839085, 0.00520979261299, -4.21885052339
4.68, -1.0003471531, 7.30950893133, 0.0069552390103, -4.24062591087
4.69, -1.00032951279, 7.26701926846, -0.00197512906391, -4.26180366885
4.7, -1.00039248596, 7.22432089374, -0.00678682853227, -4.28238457551
4.71, -1.00043361233, 7.18141977062, 0.000674803138651, -4.30237246744
4.72, -1.00038525124, 7.13832167861, 0.00810221860376, -4.32179729836
4.73, -1.00032898739, 7.09503207471, 0.00298793351372, -4.34068947708
4.74, -1.00036134299, 7.05155622448, -0.00630793749651, -4.35905983699
4.75, -1.00043179646, 7.00789864615, -0.00425622679565, -4.37763369035
4.76, -1.0004248163, 6.96402743324, 0.00592265898659, -4.40086447023
4.77, -1.00035286966, 6.91992866467, 0.00726237687774, -4.42335248796
4.78, -1.00033792435, 6.87560811074, -0.00266039962064, -4.44523361653
4.79, -1.00039632032, 6.83107193786, -0.00569135304702, -4.46649363843
4.8, -1.00044134657, 6.7863263125, -0.00058127317003, -4.48714329387
4.81, -1.00040717692, 6.74137722491, 0.0069891661595, -4.50720600484
4.82, -1.00035109725, 6.69623036453, 0.00390938303969, -4.52671366732
4.83, -1.00036894293, 6.65089119951, -0.00485761720534, -4.54568104826
4.84, -1.00043427776, 6.60536514105, -0.00470395540458, -4.56410786469
4.85, -1.00044040395, 6.55965754342, 0.00428244564913, -4.58200708032
4.86, -1.00037819103, 6.51377350738, 0.00715172754755, -4.59941118732
4.87, -1.00035330865, 6.46771785673, -0.00104779566353, -4.61634226687
4.88, -1.00041079533, 6.42149531033, -0.00674973906117, -4.6328025229
4.89, -1.00045814451, 6.37511059829, -0.00033137185577, -4.64879055946
4.9, -1.00041813577, 6.32856832694, 0.00765642374351, -4.66432999715
4.91, -1.00035898085, 6.28187282541, 0.00379695852784, -4.67944805515
4.92, -1.00038245344, 6.23502825669, -0.00564518886215, -4.69415336224
4.93, -1.00045345055, 6.18803879399, -0.00491989505942, -4.70843857521
4.94, -1.00045630509, 6.14090861552, 0.00495771842148, -4.72231093915
4.95, -1.00038771069, 6.0936417138, 0.00754727620712, -4.73579426189
4.96, -1.00036446992, 6.04624191967, -0.00164832610897, -4.74889735111
4.97, -1.00041729829, 5.99871310825, -0.00571677874407, -4.76160683153
4.98, -1.0004693389, 5.95105924306, -0.00165824422436, -4.77392042326
4.99, -1.00044354882, 5.90328424208, 0.00660129809023, -4.78584896144
5.0, -1.00038350125, 5.85539181372, 0.00483759029025, -4.79741778339
5.01, -1.00039172576, 5.80738550068, -0.0041788825461, -4.80863653108
5.02, -1.00045802004, 5.75926885389, -0.00543972441006, -4.8194970691
5.03, -1.00047434589, 5.71104547728, 0.00333105392417, -4.82999903469
5.04, -1.00041455523, 5.66271885601, 0.00758491656333, -4.84016203131
5.05, -1.00037992364, 5.6142923231, 8.32625423015e-05, -4.84999580108
5.06, -1.00043131105, 5.56576921467, -0.00677322140045, -4.85948990588
5.07, -1.0004860386, 5.51715314688, -0.00144198769535, -4.86860162388
5.08, -1.00045400455, 5.46844807279, 0.00738564734539, -4.87731254281
5.09, -1.00038900488, 5.41965797334, 0.00494414673254, -4.88562907535
5.1, -1.00040112041, 5.37078676724, -0.0048538117064, -4.89355718188
5.11, -1.000472762, 5.3218383514, -0.00566911839965, -4.90109662525
5.12, -1.00048569241, 5.27281653933, 0.00407288277957, -4.90826501298
5.13, -1.00041785133, 5.22372480831, 0.00822043779942, -4.91510556927
5.14, -1.00038230532, 5.17456624586, -0.000287077225236, -4.92165088612
5.15, -1.00043170516, 5.1253437592, -0.00401933841774, -4.92786863236
5.16, -1.00048390272, 5.0760602135, -0.00224389067857, -4.93388284054
5.17, -1.00046438073, 5.02671831481, 0.00618883848968, -4.93959638487
5.18, -1.00040184197, 4.97732050867, 0.00563086648812, -4.94507876634
5.19, -1.00039930031, 4.9278690158, -0.00313424368, -4.95034494742
5.2, -1.00046072643, 4.87836602244, -0.00551352628873, -4.95539040703
5.21, -1.00048238684, 4.82881374408, 0.00264309029368, -4.96021644158
5.22, -1.0004251345, 4.77921424096, 0.00785544870239, -4.964848447
5.23, -1.00038146654, 4.7295693298, 0.0013245907579, -4.96930691351
5.24, -1.00042254538, 4.67988074228, -0.00615936630181, -4.9735915341
5.25, -1.00047813419, 4.6301502824, -0.00201107428803, -4.97769184016
5.26, -1.0004518946, 4.58037973574, 0.00706609201919, -4.98162129788
5.27, -1.00038286471, 4.53057066223, 0.00592956632012, -4.98540561792
5.28, -1.00038242944, 4.48072445756, -0.0036642986893, -4.98905315113
5.29, -1.00044846707, 4.43084255545, -0.00572050269454, -4.99255177505
5.3, -1.00046667663, 4.38092647977, 0.00340521438497, -4.99589841826
5.31, -1.00040056956, 4.33097762082, 0.00862692715207, -4.9991175541
5.32, -1.00035432727, 4.28099714236, 0.0011220225771, -5.00222702159
5.33, -1.0004003661, 4.2309861641, -0.0066906667296, -5.00522140622
5.34, -1.00045697106, 4.18094593192, -0.0016532911123, -5.00808511741
5.35, -1.00042264961, 4.13087769901, 0.00806961973, -5.01083120032
5.36, -1.00034640967, 4.08078249246, 0.00624970885382, -5.01348503674
5.37, -1.00034826345, 4.03066119446, -0.00422404777616, -5.01605181199
5.38, -1.00040437893, 3.98051478947, -0.00579600465496, -5.01851347786
5.39, -1.0004325183, 3.93034431901, 0.00203914710609, -5.0208693354
5.4, -1.0003739531, 3.88015077081, 0.00870691574876, -5.0231364001
5.41, -1.00031580049, 3.82993491423, 0.00296579680344, -5.02533381712
5.42, -1.00034588718, 3.77969745817, -0.00572834193846, -5.02745766457
5.43, -1.00040504955, 3.72943924701, -0.00279086768469, -5.02948920446
5.44, -1.00038368837, 3.67916119002, 0.00711755443741, -5.03143463419
5.45, -1.00030506597, 3.62886400393, 0.00750393861509, -5.03331914321
5.46, -1.0002887456, 3.57854824197, -0.00241720257443, -5.03515033023
5.47, -1.00033749195, 3.52821454566, -0.00533437378432, -5.03690952946
5.48, -1.0003723848, 3.47786365572, 0.000734415170275, -5.03859237929
5.49, -1.00032420947, 3.42749629234, 0.00829543372273, -5.0402106008
5.5, -1.00025834857, 3.37711297731, 0.00458213735944, -5.04178465761
5.51, -1.00027095985, 3.32671414835, -0.00433562193276, -5.04331318657
5.52, -1.00032777203, 3.27630037133, -0.00353653760782, -5.0447764699
5.53, -1.00031910965, 3.22587232137, 0.00587574968832, -5.0461741231
5.54, -1.00024282357, 3.17543052211, 0.00828225899332, -5.04753011653
5.55, -1.00020996858, 3.12497531666, -0.000452650189924, -5.0488549662
5.56, -1.00026028272, 3.07450709263, -0.00581103555346, -5.05013357118
5.57, -1.00029397254, 3.02402641849, 0.00132416158573, -5.05134943355
5.58, -1.00023675853, 2.97353384164, 0.00925835763433, -5.05251983492
5.59, -1.00016526845, 2.92302968481, 0.00470471718541, -5.05366614679
5.6, -1.00018111439, 2.87251419605, -0.00486039797586, -5.05478462126
5.61, -1.00022610754, 2.82198780925, -0.00333460078701, -5.05585088806
5.62, -1.00022507653, 2.77145100283, 0.00463998150585, -5.05686998942
5.63, -1.00015678733, 2.72090417333, 0.00819464327213, -5.05785910709
5.64, -1.00011379507, 2.67034753783, 0.00127438561544, -5.05883056361
5.65, -1.0001475572, 2.61978133045, -0.00464328195514, -5.05977233936
5.66, -1.00018105466, 2.56920595807, 0.000448444897827, -5.06066649754
5.67, -1.0001357432, 2.5186218493, 0.00825948221611, -5.06152475162
5.68, -1.00006358131, 2.4680292352, 0.0057485447998, -5.06236845731
5.69, -1.00006218023, 2.41742824951, -0.00300411642199, -5.06319707854
5.7, -1.0001115855, 2.36681916307, -0.00336117550631, -5.06398880782
5.71, -1.00010550499, 2.3162023934, 0.00549945243265, -5.06473874076
5.72, -1.00002834349, 2.26557823214, 0.00891046388379, -5.06547037182
5.73, -0.999983175528, 2.21494677627, 0.00108312163318, -5.06619611254
5.74, -1.00002075227, 2.16430815893, -0.00498239449184, -5.06690068568
5.75, -1.00005315395, 2.1136627182, 0.000993290102012, -5.06756368202
5.76, -0.999998889388, 2.06301080978, 0.00926344267034, -5.06819946054
5.77, -0.999920049516, 2.01235256435, 0.00601173250224, -5.06883133751
5.78, -0.999920686001, 1.96168801672, -0.00345141219275, -5.06945699175
5.79, -0.99997270573, 1.91101737171, -0.00329090049757, -5.07005063417
5.8, -0.999960500657, 1.86034099885, 0.0064756028076, -5.07060791054
5.81, -0.999873634013, 1.80965911568, 0.0096671542086, -5.07115574582
5.82, -0.999826423766, 1.75897172673, 0.00084657406436, -5.07170668531
5.83, -0.999860146487, 1.70827890602, -0.00200562079805, -5.07218213647
5.84, -0.999887461092, 1.6575809407, 0.000448917350629, -5.07273976666
5.85, -0.999843651535, 1.60687810285, 0.00822291093354, -5.07321724817
5.86, -0.999766198203, 1.55617050002, 0.00678765692474, -5.07369354608
5.87, -0.999751008275, 1.50545812068, -0.00157313701809, -5.07416975916
5.88, -0.999790716862, 1.45474108876, -0.00289470974371, -5.07462312136
5.89, -0.999785007962, 1.40401970199, 0.00523643519783, -5.07504505307
5.9, -0.999707457163, 1.35329415509, 0.00938602544312, -5.0754585324
5.91, -0.999651380802, 1.30256443254, 0.00255030329073, -5.0758783247
5.92, -0.999675258577, 1.25183053855, -0.00393035817147, -5.0762898789
5.93, -0.999703731275, 1.20109269594, 0.000894682270144, -5.07666997967
5.94, -0.999651669633, 1.15035117802, 0.0092005193474, -5.07703014177
5.95, -0.999567126176, 1.09960603444, 0.00713724913699, -5.07739556451
5.96, -0.999553112999, 1.04885719389, -0.00196017248513, -5.07776599618
5.97, -0.999595492977, 0.998104751553, -0.00288257262804, -5.07811473519
5.98, -0.999584441725, 0.947348996377, 0.00614433358595, -5.0784334354
5.99, -0.999497243115, 0.896590088051, 0.0101953982409, -5.07874884735
6.0, -0.99943817115, 0.845827952407, 0.00241938249065, -5.0790763871
6.01, -0.999465642968, 0.795062552892, -0.00427410876142, -5.07939807727
6.02, -0.999493114245, 0.744294106728, 0.00144066863848, -5.07968795354
6.03, -0.999431742588, 0.693522875436, 0.0102691541502, -5.07996083245
6.04, -0.999339736322, 0.642748860962, 0.00747621093983, -5.08024468305
6.05, -0.999327328233, 0.591971941238, -0.00239591563145, -5.08053758086
6.06, -0.9993724762, 0.541192196167, -0.00283667203703, -5.08080840002
6.07, -0.999355317663, 0.490409919574, 0.00714717385649, -5.08104945372
6.08, -0.999257809067, 0.439625243927, 0.0110307703281, -5.08129181593
6.09, -0.999196036757, 0.388838042126, 0.00222511813074, -5.08155147257
6.1, -0.999215694461, 0.338048267632, -0.0029884478247, -5.08180266062
6.11, -0.999245376926, 0.28725610069, 0.000387088682833, -5.08203093154
6.12, -0.99919482184, 0.236461785817, 0.00961326714691, -5.0822386769
6.13, -0.99909768958, 0.185665347502, 0.00893509990143, -5.08245679563
6.14, -0.999066538399, 0.134866636558, -0.000643118088004, -5.08268899441
6.15, -0.999104682719, 0.084065668659, -0.00314366852487, -5.08290572813
