timestamp, prius0 x posi, prius0 y posi, prius0 x vel, prius0 y vel.
0.0, 0.0, 0.0, 0.0, 0.0
0.01, 24.9975296135, 1.00003848185, -0.198177377727, 0.00471016052615
0.02, 24.9949841855, 1.00005095308, -0.286514686052, -0.000598667403855
0.03, 24.9915619483, 1.00001799164, -0.374821064812, -0.00304124244211
0.04, 24.9872641886, 1.00000449057, -0.463061118929, 0.00214287528683
0.05, 24.9820912361, 1.00005059558, -0.551299185342, 0.00701601706117
0.06, 24.9760431097, 1.00010237884, -0.639539979999, 0.00382873224208
0.0700000000001, 24.9691198714, 1.00009931882, -0.727773295075, -0.00183942771803
0.08, 24.9613215878, 1.00007530004, -0.816007827272, -0.000194039091909
0.09, 24.9526482161, 1.00010304282, -0.904251712222, 0.00642133161771
0.1, 24.9430996713, 1.0001724192, -0.992499415628, 0.00725483782574
0.11, 24.9326759668, 1.00020615336, -1.08073846291, 0.00112492719157
0.12, 24.9213771888, 1.00018905084, -1.16897100587, -0.0013989776715
0.13, 24.9092033477, 1.00019538509, -1.25713263074, 0.00445540188996
0.14, 24.896156393, 1.00026648618, -1.34413914843, 0.00956029357024
0.15, 24.882245149, 1.00034119051, -1.43003363594, 0.00585950588283
0.16, 24.8674803063, 1.00035615821, -1.51486187834, -0.0001186176425
0.17, 24.8518724535, 1.00035148229, -1.59864615159, 0.00201081068989
0.18, 24.8354319224, 1.00040473551, -1.68140933666, 0.00917992044428
0.19, 24.8181688759, 1.00050102406, -1.76315744452, 0.00976000972675
0.2, 24.8000934699, 1.00055610569, -1.84388816883, 0.00297643043412
0.21, 24.7812158133, 1.00055666755, -1.92361672275, 0.000422531280618
0.22, 24.7615457961, 1.00058420544, -2.00237210104, 0.0068223253894
0.23, 24.7410930775, 1.00068002135, -2.08016652038, 0.011958796999
0.24, 24.7198672561, 1.00077513763, -2.15699893271, 0.00754176302949
0.25, 24.6978779459, 1.0008041674, -2.23287145793, 0.00118983723137
0.26, 24.6751355509, 1.00081520216, -2.30773728034, 0.00389146890215
0.27, 24.6516548072, 1.00089085299, -2.38167216191, 0.0116001204248
0.28, 24.6274457302, 1.00100971365, -2.45479347423, 0.0117487888432
0.29, 24.6025168922, 1.0010803545, -2.52702617931, 0.00425012886388
0.3, 24.5768771466, 1.0010935842, -2.59836357095, 0.00185097193454
0.31, 24.550535241, 1.001139397, -2.66883338132, 0.00896932192859
0.32, 24.5234997188, 1.00125763093, -2.73844499424, 0.0141184033917
0.33, 24.4957790844, 1.00137010019, -2.80719409749, 0.00889891494556
0.34, 24.4673823352, 1.00140986074, -2.87455643839, 0.00220955131295
0.35, 24.4383238878, 1.00143405234, -2.93987823634, 0.00556000582946
0.36, 24.4086218295, 1.00152986667, -3.00338662506, 0.0137870153475
0.37, 24.3782939384, 1.00166847859, -3.06512456025, 0.0134169693396
0.38, 24.3473576896, 1.00175125784, -3.12512419503, 0.00517448153055
0.39, 24.3158301714, 1.00177410564, -3.18343966062, 0.00300906655259
0.4, 24.2837278888, 1.00183602477, -3.24013609948, 0.0109129118688
0.41, 24.2510667819, 1.00197453585, -3.29525570614, 0.0160176172354
0.42, 24.2178624404, 1.00210131934, -3.34882718854, 0.00989716869395
0.43, 24.1841301722, 1.00214820556, -3.40088471983, 0.00284107528782
0.44, 24.1498848195, 1.00218209878, -3.45149046482, 0.00688831086327
0.45, 24.1151406508, 1.00229507681, -3.50069336893, 0.0156584582448
0.46, 24.0799115174, 1.0024500144, -3.54852291987, 0.0146837253519
0.47, 24.0442110411, 1.00254047756, -3.59499941999, 0.00561311268073
0.48, 24.0080525346, 1.00256825, -3.64016853995, 0.00371798831878
0.49, 23.9714488036, 1.00264236932, -3.68408614888, 0.0125022924524
0.5, 23.9344121803, 1.00279780423, -3.72678431228, 0.0175753142655
0.51, 23.8969547499, 1.00293517197, -3.76828044691, 0.010495708409
0.52, 23.8590884145, 1.00298518202, -3.80859869231, 0.00309892526872
0.53, 23.8208246957, 1.00302564642, -3.84779392583, 0.00795837142753
0.54, 23.7821746252, 1.00315347171, -3.88590493884, 0.0173025799263
0.55, 23.7431489177, 1.00332203516, -3.92295122078, 0.0156414888457
0.56, 23.7037581613, 1.00341677671, -3.95894301641, 0.00570718064768
0.57, 23.6640127169, 1.00344642818, -3.99391976913, 0.00417074837215
0.58, 23.623922507, 1.00353068782, -4.02792975051, 0.013914203837
0.59, 23.5834970608, 1.00370105817, -4.06099583817, 0.0189014758394
0.6, 23.542745755, 1.0038461334, -4.09312621607, 0.0107737451638
0.61, 23.5016778669, 1.00389610639, -4.1243378241, 0.00307037838408
0.62, 23.4603023539, 1.00394088648, -4.15468078592, 0.00885454553987
0.63, 23.4186277444, 1.00408200668, -4.184185733, 0.0187875476592
0.64, 23.3766623417, 1.00424749681, -4.21286185467, 0.0166049445361
0.65, 23.3344143778, 1.00436040803, -4.2407204986, 0.00784716987807
0.66, 23.2918919048, 1.00440537521, -4.2677873695, 0.00487434262019
0.67, 23.2491026453, 1.00448602372, -4.29410424769, 0.0129231483004
0.68, 23.2060539826, 1.00464909906, -4.31969102744, 0.0187827492639
0.69, 23.1627531688, 1.00480467979, -4.3445533016, 0.0126500668943
0.7, 23.1192074071, 1.00487467872, -4.36869996347, 0.00470772868833
0.71, 23.075423672, 1.00492430084, -4.3921708562, 0.00835247777117
0.72, 23.0314085797, 1.00505516418, -4.41499445831, 0.0177772652162
0.73, 22.9871685301, 1.00523508529, -4.43717999166, 0.0173181891937
0.74, 22.9427098989, 1.00534958239, -4.45872673853, 0.00764175770229
0.75, 22.8980389644, 1.00539271547, -4.47965919083, 0.00490816999949
0.76, 22.8531616945, 1.00547915741, -4.50001557585, 0.0139205495203
0.77, 22.8080837604, 1.0056536855, -4.51981007472, 0.0198246408683
0.78, 22.7628107625, 1.00581450288, -4.53904181609, 0.0126897215717
0.79, 22.7173483221, 1.00588152547, -4.55771237958, 0.00433177279503
0.8, 22.6717019289, 1.00593143657, -4.57585025854, 0.00882749608462
0.81, 22.6258768491, 1.00607174126, -4.59346857725, 0.0189303361631
0.82, 22.5798782874, 1.00624608866, -4.61056093243, 0.0180552562809
0.83, 22.5337115238, 1.00637617241, -4.62712422503, 0.0094815656708
0.84, 22.4873818151, 1.00643095891, -4.64316764089, 0.00520803982575
0.85, 22.4408942327, 1.00650982057, -4.6587213037, 0.0125663584453
0.86, 22.3942536276, 1.00667408004, -4.67379365249, 0.0194609555143
0.87, 22.3474648422, 1.00684306988, -4.68837654649, 0.01431904885
0.88, 22.3005328237, 1.00692697035, -4.70246265864, 0.0055963240955
0.89, 22.2534624799, 1.00697757523, -4.7160597914, 0.00790577497992
0.9, 22.2062588124, 1.00710392078, -4.72915231872, 0.0176070471646
0.91, 22.1589269752, 1.0072899191, -4.74171961295, 0.0185328118745
0.92, 22.1114722888, 1.00741899917, -4.75374960096, 0.00897502278786
0.93, 22.0639000294, 1.00746815503, -4.76526517593, 0.00480980643122
0.94, 22.0162151157, 1.00754840107, -4.77631481707, 0.0131475395449
0.95, 21.9684220519, 1.00772066031, -4.78692555811, 0.0202189724655
0.96, 21.9205251348, 1.00789231152, -4.79710920846, 0.0140965754101
0.97, 21.8725285729, 1.00796993835, -4.80687662458, 0.0048273986638
0.98, 21.824436327, 1.00801633921, -4.8162701332, 0.00791472007656
0.99, 21.7762519833, 1.00814797141, -4.82532000886, 0.0184114786781
1.0, 21.7279789094, 1.00832564555, -4.83403252012, 0.0183597321331
1.01, 21.6796204584, 1.00846335808, -4.8424122375, 0.0103887389832
1.02, 21.6311798924, 1.00852361133, -4.85047143722, 0.0052848777325
1.03, 21.5826602658, 1.00859748772, -4.85824309916, 0.0117313719516
1.04, 21.5340643725, 1.00875494648, -4.86574162674, 0.0191136603701
1.05, 21.4853949199, 1.00892665487, -4.87296703962, 0.015014118437
1.06, 21.4366546476, 1.0090178426, -4.879916963, 0.00609862211926
1.07, 21.3878461975, 1.00906710862, -4.88661687569, 0.00723509053524
1.08, 21.3389719644, 1.00918410398, -4.89308950614, 0.0166956702922
1.09, 21.2900341834, 1.00936649372, -4.89933785861, 0.0187047224129
1.1, 21.2410351194, 1.00950170109, -4.90535464202, 0.00971663553989
1.11, 21.1919770513, 1.00955403397, -4.91114866896, 0.00460501471864
1.12, 21.1428620794, 1.00962617723, -4.91674912421, 0.0120061791958
1.13, 21.0936920876, 1.00978921243, -4.92216459733, 0.0196972211387
1.14, 21.0444689269, 1.00996245437, -4.92739011132, 0.0147082447608
1.15, 20.9951945259, 1.01004618024, -4.93241931772, 0.00516253387585
1.16, 20.9458707449, 1.0100889048, -4.93727632325, 0.00697543973452
1.17, 20.8964992223, 1.01020870213, -4.94197980583, 0.017296491739
1.18, 20.8470814816, 1.01038156436, -4.94652636694, 0.0184656686764
1.19, 20.7976191127, 1.01052479448, -4.95091226883, 0.0110491930651
1.2, 20.7481137133, 1.0105867407, -4.95513858661, 0.00487948376607
1.21, 20.6985667758, 1.01065027915, -4.95922948821, 0.0103775844622
1.22, 20.6489796078, 1.01079703683, -4.96319387753, 0.018508360698
1.23, 20.5993534777, 1.01096999477, -4.96702673633, 0.0156093927386
1.24, 20.54968974, 1.01106666115, -4.97071916746, 0.00631893707087
1.25, 20.4999897314, 1.01111048318, -4.97428754634, 0.00608978103643
1.26, 20.4502546137, 1.01121387077, -4.97775028263, 0.0154533589606
1.27, 20.400485431, 1.01139087854, -4.98110640021, 0.0188100349704
1.28, 20.350683287, 1.01153165786, -4.98434517245, 0.010358643744
1.29, 20.3008493551, 1.01158474491, -4.98746764108, 0.00404496007634
1.3, 20.2509847003, 1.01164471483, -4.99049751316, 0.0104771566137
1.31, 20.2010902169, 1.01179600046, -4.99344069995, 0.0190567068326
1.32, 20.1511667862, 1.01197069564, -4.99628976217, 0.0153431278578
1.33, 20.1012153975, 1.01205979458, -4.99903394623, 0.00531209220464
1.34, 20.0512370314, 1.01209565347, -5.00169018389, 0.00565192072943
1.35, 20.0012324994, 1.01220035403, -5.00427505612, 0.0159581153328
1.36, 19.9512025146, 1.0123689695, -5.00678311769, 0.0178560783776
1.37, 19.9011478842, 1.01251279786, -5.00920790258, 0.0114163311653
1.38, 19.8510694475, 1.01257662783, -5.01154647878, 0.00471093915442
1.39, 19.8009679887, 1.01263236168, -5.01381783179, 0.00917229693759
1.4, 19.7508441472, 1.01276682049, -5.01602909089, 0.0174926668265
1.41, 19.700698536, 1.01293577276, -5.01817397367, 0.015709079811
1.42, 19.6505318638, 1.01303575287, -5.02024193109, 0.00659442350438
1.43, 19.6003448582, 1.01307684885, -5.02224374445, 0.00528407929355
1.44, 19.5501381168, 1.0131679479, -5.0241954088, 0.0140948291677
1.45, 19.4999121387, 1.01333554066, -5.02609487005, 0.0183643927691
1.46, 19.4496674838, 1.01347756945, -5.02793116492, 0.0107773408418
1.47, 19.3994047991, 1.01353253339, -5.02970166426, 0.00382255153233
1.48, 19.3491246653, 1.01358367134, -5.03142587308, 0.00915099273667
1.49, 19.2988275218, 1.01372182353, -5.03310902648, 0.0180072506769
1.5, 19.248513797, 1.01389280598, -5.03474338463, 0.0155089727049
1.51, 19.1981840285, 1.01398572012, -5.03631737963, 0.00560102752413
1.52, 19.1478387743, 1.01401829837, -5.03784289779, 0.00474236641418
1.53, 19.0974784607, 1.01410960765, -5.03933513837, 0.0145115537204
1.54, 19.0471034249, 1.01428179085, -5.04079042006, 0.0186386184056
1.55, 18.9967140799, 1.01442095458, -5.04219650709, 0.0100235586808
1.56, 18.9463109362, 1.01447406614, -5.0437421551, 0.00618976754887
1.57, 18.8958944049, 1.0145240409, -5.0448750427, 0.00799031615495
1.58, 18.845464822, 1.0146460579, -5.04616854673, 0.016442023136
1.59, 18.7950224862, 1.0148106963, -5.04742718278, 0.0157927049431
1.6, 18.7445677878, 1.01491409897, -5.04864033068, 0.0069002227992
1.61, 18.6941011564, 1.01495274679, -5.04981502145, 0.00449372223214
1.62, 18.6436229213, 1.01503137018, -5.05096595458, 0.0126910856635
1.63, 18.5931333221, 1.01518896074, -5.0520911033, 0.0178621261874
1.64, 18.54263265, 1.01533194124, -5.05318020217, 0.0111932874181
1.65, 18.4921212879, 1.01538895702, -5.05422854239, 0.00362412581369
1.66, 18.4415995804, 1.01543128294, -5.05525253748, 0.00780191008027
1.67, 18.3910677508, 1.01555577626, -5.05625768365, 0.0168905638785
1.68, 18.3405260055, 1.01572249126, -5.05723667882, 0.0156408070453
1.69, 18.2899746513, 1.01581921365, -5.05817816801, 0.00591224609029
1.7, 18.2394140337, 1.01584872546, -5.05909027426, 0.00384128612208
1.71, 18.1888443935, 1.01592638205, -5.05998749417, 0.01301219118
1.72, 18.1382658866, 1.01608832329, -5.06086657658, 0.0181741120634
1.73, 18.0876787309, 1.01622916657, -5.06171641412, 0.0105137116274
1.74, 18.03708324, 1.01627646364, -5.06253259219, 0.00262226797235
1.75, 17.9864796841, 1.01631314705, -5.0633325955, 0.00770280236423
1.76, 17.9358682112, 1.01644112493, -5.06412065725, 0.0174288253149
1.77, 17.8852489688, 1.01659607748, -5.06488721455, 0.0157301914399
1.78, 17.8346221958, 1.01670194517, -5.06562604351, 0.00713765983719
1.79, 17.7839881597, 1.01673754897, -5.06634005522, 0.00364001498255
1.8, 17.7333470572, 1.01680289634, -5.06704317837, 0.0111951551347
1.81, 17.6826990001, 1.01694957152, -5.06773413258, 0.0172801600742
1.82, 17.6320441387, 1.01709299876, -5.06840360342, 0.0115849030165
1.83, 17.5813827141, 1.01715200117, -5.06904552895, 0.00342397584901
1.84, 17.5307149497, 1.01718533182, -5.06967373201, 0.00641588912296
1.85, 17.4800409626, 1.017295612, -5.07029441579, 0.0157119924646
1.86, 17.4293608454, 1.01745759434, -5.07090097303, 0.0157471576361
1.87, 17.3786747791, 1.01755814166, -5.07148265671, 0.00624208120976
1.88, 17.3279829945, 1.01758473553, -5.07204458214, 0.00294221904245
1.89, 17.2772856395, 1.01764848828, -5.07260077975, 0.011468364143
1.9, 17.2265827796, 1.01779970545, -5.07314875853, 0.0176697473026
1.91, 17.1758745271, 1.01794210648, -5.07367859286, 0.0110160529494
1.92, 17.1251610874, 1.01799188034, -5.07418454003, 0.00240786259303
1.93, 17.0744426435, 1.01801883345, -5.07468163522, 0.00621926247569
1.94, 17.0237192698, 1.01813202295, -5.075175044, 0.0162470785052
1.95, 16.9729910225, 1.0182971116, -5.07565740593, 0.0156884555495
1.96, 16.9222580526, 1.01839134055, -5.07611758465, 0.00523705240628
1.97, 16.8715205562, 1.01842214413, -5.07656346178, 0.00300870902261
1.98, 16.820778639, 1.01847518347, -5.0770043341, 0.00976222223411
1.99, 16.7700323554, 1.01861147745, -5.07744031556, 0.0167510335583
2.0, 16.7192817783, 1.01875599304, -5.07786293357, 0.0120490684775
2.01, 16.6685270665, 1.01881767692, -5.0782655175, 0.00328454883727
2.02, 16.6177683772, 1.01884237491, -5.07865974921, 0.00504609336118
2.03, 16.5670057744, 1.01893845233, -5.07905252951, 0.0145297849419
2.04, 16.5162392896, 1.01909578606, -5.07943785019, 0.015875772549
2.05, 16.4654690307, 1.01920051259, -5.07980576873, 0.00661254791434
2.06, 16.4146951616, 1.01922447108, -5.080159055, 0.00205600816858
2.07, 16.3639177823, 1.01927423464, -5.0805113093, 0.00990328794474
2.08, 16.3131369119, 1.01941453812, -5.08086084409, 0.0171560617092
2.09, 16.2623526025, 1.01955860595, -5.08119877221, 0.0115444467698
2.1, 16.2115649941, 1.01961114069, -5.08151857952, 0.0022159913724
2.11, 16.1607742209, 1.0196283781, -5.08183311433, 0.00471939537618
2.12, 16.1099803205, 1.01972650484, -5.08214848783, 0.0150372296581
2.13, 16.0591833074, 1.01987307221, -5.08245671877, 0.0154864723055
2.14, 16.0083832738, 1.01998427694, -5.0827522363, 0.00780576398261
2.15, 15.9575803461, 1.02001689949, -5.08303446897, 0.00227539536628
2.16, 15.906774615, 1.02005774392, -5.08331553321, 0.00824768600397
2.17, 15.8559660955, 1.0201811693, -5.08359571782, 0.0158740493837
2.18, 15.8051548173, 1.0203237044, -5.08386758176, 0.0123103896178
2.19, 15.7543408864, 1.02038809064, -5.08412437549, 0.00329888933479
2.2, 15.7035244193, 1.02040612868, -5.0843754135, 0.00383099359877
2.21, 15.6527054537, 1.02048772458, -5.08462807912, 0.0131593525875
2.22, 15.6018839905, 1.0206375733, -5.08487713966, 0.0157173558883
2.23, 15.551060092, 1.0207452223, -5.08511375809, 0.00702537529071
2.24, 15.5002338781, 1.02076854638, -5.08533888525, 0.00143443427521
2.25, 15.4494054217, 1.02080590213, -5.08556509593, 0.00835050752651
2.26, 15.3985747209, 1.0209334803, -5.08579161239, 0.0163481267394
2.27, 15.3477417936, 1.02107674028, -5.08601058381, 0.0119385045888
2.28, 15.2969067357, 1.02113283755, -5.08621549018, 0.00225868927007
2.29, 15.24606965, 1.02114297863, -5.08641678667, 0.00342008497466
2.3, 15.1952305572, 1.02122595993, -5.0866211989, 0.0136412878613
2.31, 15.1443894457, 1.02137989501, -5.08682276126, 0.0158540984771
2.32, 15.0935463696, 1.02148305515, -5.08701246722, 0.00613462348574
2.33, 15.0427014387, 1.02150817298, -5.0871936211, 0.00220108991908
2.34, 14.9918547017, 1.02153864124, -5.08737483146, 0.00683276223648
2.35, 14.9410061647, 1.02164996803, -5.0875575183, 0.0150641524089
2.36, 14.8901558323, 1.02179127188, -5.08773484329, 0.012654958816
2.37, 14.8393037757, 1.02185922192, -5.08790039294, 0.00339567598133
2.38, 14.7884500851, 1.02187119784, -5.08806157562, 0.00265419342391
2.39, 14.7375947852, 1.02193846032, -5.08822606274, 0.0117909773424
2.4, 14.6867380091, 1.02208089406, -5.08829923887, 0.0155770713426
2.41, 14.6358822193, 1.02219182975, -5.08806905241, 0.00748489490469
2.42, 14.5850306037, 1.02221490285, -5.08745568835, 0.000836300759468
2.43, 14.5341867504, 1.02223982724, -5.08651963642, 0.00677686744145
2.44, 14.4833539466, 1.0223544396, -5.08520509966, 0.0155201159125
2.45, 14.4325375318, 1.02249687371, -5.08332460474, 0.0123440500957
2.46, 14.3817412437, 1.02255671165, -5.08123697523, 0.00231454838578
2.47, 14.3309686188, 1.02255970317, -5.07857405127, 0.00209477893097
2.48, 14.2802225102, 1.02262712502, -5.07596465913, 0.0121950357233
2.49, 14.2295029081, 1.02276058095, -5.07313457564, 0.0145882656906
2.5, 14.1788157988, 1.02287419989, -5.06961788599, 0.00849157825336
2.51, 14.1281650514, 1.02290721652, -5.06583280777, 0.00139686815576
2.52, 14.0775532343, 1.02292677491, -5.06183377638, 0.00536075473077
2.53, 14.026982459, 1.02302371767, -5.05762228496, 0.0138951918903
2.54, 13.9764567748, 1.02316001771, -5.05286495518, 0.0126762740372
2.55, 13.9259796812, 1.02323022284, -5.04782932914, 0.003519724192
2.56, 13.8755555562, 1.0232373781, -5.0423410093, 0.00159995967525
2.57, 13.8251871608, 1.02329002367, -5.03674208688, 0.0102316045592
2.58, 13.7748740549, 1.02342174707, -5.03122027043, 0.0150486951309
2.59, 13.7246171413, 1.02353321994, -5.02552728747, 0.00781108062476
2.6, 13.6744176214, 1.02355662912, -5.01973886669, 0.000401939299678
2.61, 13.6242764506, 1.0235703052, -5.01384495589, 0.00520482126354
2.62, 13.5741953416, 1.02366986866, -5.00768933496, 0.0143318111983
2.63, 13.5241778506, 1.02380774536, -5.00099694611, 0.0124445275208
2.64, 13.4742316336, 1.02387038918, -4.99350660174, 0.00244894821908
2.65, 13.4243696609, 1.02386788743, -4.98433045919, 0.000919701844629
2.66, 13.3746013609, 1.0239194114, -4.97462467174, 0.0105294803403
2.67, 13.3249357451, 1.02405491737, -4.96382354177, 0.0152679073134
2.68, 13.2753832027, 1.02416308926, -4.95213724113, 0.00699922224755
2.69, 13.2259489553, 1.02418352509, -4.94026491016, 0.00257635428137
2.7, 13.176635915, 1.02419421837, -4.92790647076, 0.00387071272307
2.71, 13.1274471601, 1.02427642186, -4.9153324249, 0.012682081695
2.72, 13.0783856667, 1.02440738207, -4.90246150658, 0.0126662233012
2.73, 13.0294543656, 1.02447946765, -4.88929734144, 0.00359216379492
2.74, 12.9806563715, 1.02448107083, -4.87568797294, 0.000453307646342
2.75, 12.931999219, 1.02451804659, -4.86128367544, 0.00855997034652
2.76, 12.8834872654, 1.02463800484, -4.84664430559, 0.0144206014099
2.77, 12.8351231366, 1.02474911855, -4.83169345353, 0.00804646529739
2.78, 12.7869098464, 1.02477184059, -4.81636110856, -0.000152791839972
2.79, 12.7388540834, 1.02477289698, -4.80035171425, 0.00348216338956
2.8, 12.6909588321, 1.02485595978, -4.78437973402, 0.01300186546
2.81, 12.6432287473, 1.02498801142, -4.76730091242, 0.0124212736512
2.82, 12.5956698856, 1.02505221805, -4.74995186397, 0.00244737006487
2.83, 12.5482885251, 1.02504274119, -4.73194559584, -0.000417650767259
2.84, 12.5010882199, 1.0250767388, -4.71356734968, 0.00870610626316
2.85, 12.4540758394, 1.02518970031, -4.69439691951, 0.0123999976119
2.86, 12.4072585537, 1.02529788003, -4.67468898153, 0.00864891500294
2.87, 12.3606383114, 1.02532945167, -4.65500151215, 0.000540190424844
2.88, 12.3142154256, 1.02532771198, -4.63510829427, 0.00230939242399
2.89, 12.2679948962, 1.02539302136, -4.61466956543, 0.0111172770229
2.9, 12.2219786391, 1.02551421689, -4.59428497384, 0.0122071293946
2.91, 12.1761668293, 1.0255851847, -4.57362944798, 0.00352435757432
2.92, 12.1305649062, 1.02558144488, -4.55241736404, -0.000598043465523
2.93, 12.0851746374, 1.02560290202, -4.53140643308, 0.00678071059251
2.94, 12.0399912008, 1.02570826812, -4.51089520645, 0.0134060272496
2.95, 11.9950233706, 1.02581550789, -4.48857710658, 0.00803297671256
2.96, 11.9502775889, 1.02583704734, -4.46639598737, -0.000606353537703
2.97, 11.9057532694, 1.02582690611, -4.44416852761, 0.00186027020315
2.98, 11.8614500302, 1.02589264403, -4.42225454443, 0.0114324649845
2.99, 11.8173713628, 1.02601550959, -4.39928330738, 0.0120623846002
3.0, 11.7735204403, 1.02607951595, -4.376624617, 0.00244054988846
3.01, 11.7298943454, 1.02606456166, -4.35425533117, -0.00153634309564
3.02, 11.6864914881, 1.02608217039, -4.33201663046, 0.0068534111439
3.03, 11.6433093015, 1.02619051211, -4.31015177303, 0.0136689520502
3.04, 11.6003430212, 1.0262955067, -4.28871563675, 0.0073298659184
3.05, 11.5575911882, 1.02630610486, -4.26730625795, -0.00182343039354
3.06, 11.5150517839, 1.02630076675, -4.24614989695, 0.000891004068158
3.07, 11.4727238435, 1.02635004559, -4.22508951021, 0.0096106448914
3.08, 11.4306048653, 1.02646195013, -4.20434382394, 0.0118069759858
3.09, 11.3886917653, 1.02653261841, -4.18389927268, 0.00356587450856
3.1, 11.3469815592, 1.0265246455, -4.16374971292, -0.00153854984692
3.11, 11.3054714488, 1.02653133018, -4.14381231214, 0.0050543235185
3.12, 11.2641608245, 1.02662236532, -4.12393873137, 0.0124171658704
3.13, 11.2230475366, 1.02672618149, -4.10431630943, 0.00809654469565
3.14, 11.1821291167, 1.02674756527, -4.08488359388, -0.00093317232111
3.15, 11.1414052823, 1.02672739769, -4.06545570737, 0.000371825817618
3.16, 11.1008749993, 1.02677637099, -4.04619122687, 0.00989399544609
3.17, 11.0605362193, 1.02689054089, -4.02706804711, 0.0117789477971
3.18, 11.0203893011, 1.02695530119, -4.00790392689, 0.00257019957307
3.19, 10.9804332897, 1.02693653607, -3.98886045909, -0.00250114430232
3.2, 10.9406663105, 1.02693897634, -3.97010838011, 0.00509357970347
3.21, 10.9010864106, 1.02703318792, -3.9513489973, 0.012790475715
3.22, 10.8616946083, 1.0271360149, -3.9325485886, 0.0075467039703
3.23, 10.8224891645, 1.02714757216, -3.91410212442, -0.00210571509631
3.24, 10.7834678773, 1.02713220089, -3.89570653403, -0.000674473177103
3.25, 10.7446297703, 1.02716463806, -3.8774743621, 0.0080869156153
3.26, 10.7059730851, 1.0272685733, -3.8594152495, 0.0116302152008
3.27, 10.6674961117, 1.027341528, -3.84152562348, 0.00381318813724
3.28, 10.6291971671, 1.02733013513, -3.82386708572, -0.00253032503048
3.29, 10.5910736861, 1.02732116409, -3.80627708549, 0.00323476479365
3.3, 10.5531259252, 1.02739836322, -3.78870829984, 0.0116009228784
3.31, 10.5153542159, 1.02750146454, -3.77106704754, 0.00847629776487
3.32, 10.4777603503, 1.02752488314, -3.75326060417, -0.00113976775766
3.33, 10.4403437116, 1.0274941748, -3.73556540701, -0.0013005755808
3.34, 10.4031024715, 1.02752587639, -3.71822328938, 0.00841048929364
3.35, 10.3660348175, 1.02763313355, -3.70081318467, 0.0117617382861
3.36, 10.3291396889, 1.02770159982, -3.68369447446, 0.00293747228736
3.37, 10.2924152085, 1.02768729863, -3.66678766999, -0.00025400308871
3.38, 10.2558566019, 1.02767682701, -3.65046748714, 0.00207992092443
3.39, 10.219456927, 1.02773747135, -3.63499321604, 0.00996422252209
3.4, 10.1832089145, 1.02783300103, -3.62024455204, 0.00861069518482
3.41, 10.1471030362, 1.02786548408, -3.6065590211, 1.99518133135e-05
3.42, 10.1111278515, 1.02784045459, -3.59400308469, -0.00153410550689
3.43, 10.0752740234, 1.02785967485, -3.58226820367, 0.00661432866575
3.44, 10.0395329943, 1.0279519206, -3.57151276729, 0.01090899789
3.45, 10.0038923865, 1.02802301409, -3.56212334991, 0.00398783861896
3.46, 9.96833851591, 1.02801208339, -3.55398654076, -0.00277523759314
3.47, 9.93286143366, 1.0279945771, -3.54675961372, 0.00196576477691
3.48, 9.89745245347, 1.0280578882, -3.5405373308, 0.0103876377673
3.49, 9.86209947609, 1.0281548303, -3.53538327741, 0.00837470931119
3.5, 9.82679376567, 1.02818022606, -3.5311735162, -0.000939475609453
3.51, 9.79152366768, 1.02814669283, -3.52798839238, -0.00208056099153
3.52, 9.75627806766, 1.02816590826, -3.5262412245, 0.00701014918185
3.53, 9.72104697802, 1.02826264421, -3.52519689108, 0.0111998825186
3.54, 9.68582387529, 1.02833135317, -3.52459908146, 0.00330400497554
3.55, 9.65060363279, 1.02831118395, -3.52473598794, -0.00366408603036
3.56, 9.61537619066, 1.02828918889, -3.52590129744, 0.00198628080772
3.57, 9.58013436927, 1.02835684055, -3.52773332621, 0.0109768090503
3.58, 9.54486850998, 1.02845628666, -3.53058682674, 0.00820847000327
3.59, 9.50956801089, 1.02847476945, -3.53461309991, -0.00191103666179
3.6, 9.47422126326, 1.02843313982, -3.5397949832, -0.0025519113129
3.61, 9.43882078602, 1.02845338742, -3.54538605061, 0.00752276217239
3.62, 9.40336191066, 1.02855557025, -3.55158778735, 0.0115566115456
3.63, 9.36783547717, 1.02862207281, -3.55873303093, 0.0026135695315
3.64, 9.33223550581, 1.02860069809, -3.56632206253, -0.00120487937781
3.65, 9.29655786726, 1.02857847268, -3.5741444454, 0.00093428226911
3.66, 9.26079341532, 1.02863107171, -3.58385645029, 0.00952326908652
3.67, 9.22492881543, 1.02872514785, -3.59406939735, 0.00858560328358
3.68, 9.18895964635, 1.02875495708, -3.60503030583, -0.000522515492037
3.69, 9.15287130424, 1.02872036742, -3.61754600335, -0.00268487537669
3.7, 9.116656151, 1.02872919146, -3.63030047142, 0.00583943101479
3.71, 9.08030794067, 1.02881800328, -3.64422514927, 0.0108942539028
3.72, 9.04381643549, 1.02888927204, -3.65912767639, 0.00387744583823
3.73, 9.0071697563, 1.02887277923, -3.67510081268, -0.00366595876656
3.74, 8.97036146104, 1.02884421927, -3.69146432011, 0.00089964956425
3.75, 8.93338720334, 1.02890077724, -3.70844732397, 0.0101172687902
3.76, 8.89623601116, 1.02899811709, -3.72685375666, 0.00854077025261
3.77, 8.85889471685, 1.02902222614, -3.74624655423, -0.00140199431061
3.78, 8.82135732916, 1.02897974397, -3.76625191286, -0.00318867533656
3.79, 8.78361287202, 1.02898915653, -3.78744006649, 0.00632329991151
3.8, 8.74565488051, 1.02908373904, -3.80897587032, 0.0113364249894
3.81, 8.7074797913, 1.02915395437, -3.83085573621, 0.00330442634775
3.82, 8.66908382094, 1.02912886087, -3.85331599356, -0.00453721710429
3.83, 8.63045657034, 1.02909612158, -3.87689171915, 0.000962899460995
3.84, 8.59159198685, 1.02915770618, -3.90083308945, 0.0108021071585
3.85, 8.55248726906, 1.02924414205, -3.92472398429, 0.00874256233526
3.86, 8.5131439706, 1.02927878684, -3.94919998373, -1.17938504187e-05
3.87, 8.47354706478, 1.029244023, -3.97491485079, -0.00323462565645
3.88, 8.43369186609, 1.02924237439, -4.00086558217, 0.00461155597974
3.89, 8.39357641924, 1.02932257017, -4.02679795885, 0.0105324897357
3.9, 8.3531981487, 1.02939642395, -4.0537799135, 0.00450388951872
3.91, 8.31254566297, 1.02938448571, -4.08141479749, -0.00357957283292
3.92, 8.27161613237, 1.02934977239, -4.10915607488, -0.000202763508135
3.93, 8.2304101047, 1.02939456293, -4.13660970379, 0.00916299528737
3.94, 8.18893403932, 1.02948914233, -4.16321077212, 0.00884635445639
3.95, 8.14719620169, 1.0295192004, -4.18899312123, -0.000833085089499
3.96, 8.10520461965, 1.02947634802, -4.21398686453, -0.00382297199672
3.97, 8.06296706802, 1.02947426067, -4.23821789012, 0.00499527124255
3.98, 8.02049107863, 1.02955988671, -4.26170699302, 0.0109869667703
3.99, 7.97778392187, 1.02963319618, -4.28447874704, 0.00397324993894
4.0, 7.93485259761, 1.02961251424, -4.3065622641, -0.0045380446046
4.01, 7.89170387602, 1.02957216394, -4.32798204786, -0.000324155878295
4.02, 7.84834432276, 1.02962053275, -4.34875652806, 0.00974270317731
4.03, 7.80478029474, 1.02971845013, -4.36890340282, 0.00878810071216
4.04, 7.76101790588, 1.02974220083, -4.38844792356, -0.00183578693417
4.05, 7.71706305358, 1.02970405667, -4.40741348222, -0.00370697222035
4.06, 7.67292146217, 1.02969150351, -4.42581771649, 0.00328347717364
4.07, 7.6285986818, 1.02976194997, -4.44367510141, 0.0100282995481
4.08, 7.58410007658, 1.02983713786, -4.46100288517, 0.00499662203799
4.09, 7.53943080103, 1.02982852986, -4.47782369282, -0.00363685249618
4.1, 7.49459584104, 1.02978609436, -4.49415541078, -0.00150258483468
4.11, 7.44960004682, 1.02981701234, -4.51001046105, 0.00796537798991
4.12, 7.40444812689, 1.02990655623, -4.52540047617, 0.00891726245018
4.13, 7.35914460491, 1.02994051318, -4.54034454602, -0.000471078722264
4.14, 7.3136938347, 1.02989528321, -4.55486125853, -0.00467968702133
4.15, 7.26810005166, 1.02987932419, -4.56896230124, 0.00340218228449
4.16, 7.22236738747, 1.02995335227, -4.58265597362, 0.0103671036357
4.17, 7.17649983085, 1.03002731629, -4.59595540025, 0.00440840229428
4.18, 7.13050119847, 1.03000890129, -4.60887975137, -0.00475691808338
4.19, 7.08437518905, 1.02995867768, -4.62144119293, -0.00185821390328
4.2, 7.03812542239, 1.02999124847, -4.63364660716, 0.00841307737033
4.21, 6.99175542307, 1.03008357034, -4.64550333252, 0.00885370402932
4.22, 6.9452685601, 1.03011104847, -4.65702807698, -0.00152551152181
4.23, 6.8986680697, 1.03006912962, -4.66823480563, -0.00475265169094
4.24, 6.85195712083, 1.03004083418, -4.67913091979, 0.00153726279122
4.25, 6.80513880988, 1.03009893031, -4.689721387, 0.00939963351098
4.26, 6.75821613811, 1.0301749616, -4.70001493023, 0.00544658334785
4.27, 6.71119196263, 1.03016808487, -4.71002774271, -0.00397133700342
4.28, 6.66406904652, 1.0301141243, -4.71976921026, -0.00321160500496
4.29, 6.6168501106, 1.03012803491, -4.72924288199, 0.00658104489537
4.3, 6.56953782164, 1.0302121393, -4.73845264486, 0.00903724012539
4.31, 6.52213472327, 1.03025006211, -4.74741159708, -0.000185584991098
4.32, 6.47464324057, 1.03020010533, -4.75613276451, -0.00587542574033
4.33, 6.42706575448, 1.03016681614, -4.76461960406, 0.0015262856286
4.34, 6.37940462481, 1.03022805062, -4.77287347567, 0.00976824316895
4.35, 6.33166213312, 1.03030353022, -4.78090134831, 0.00492508779637
4.36, 6.28384042778, 1.03028678091, -4.78871870511, -0.00516907511308
4.37, 6.23594159443, 1.03023733634, -4.79633043813, -0.00430873548402
4.38, 6.18796770075, 1.03023365548, -4.8037390936, 0.00470337185075
4.39, 6.13992078452, 1.03030758136, -4.81094578616, 0.0089589064218
4.4, 6.09180279084, 1.03035423963, -4.817960546, 0.0011150564298
4.41, 6.04361555338, 1.03031174893, -4.82479581476, -0.00594703452846
4.42, 5.99536087462, 1.03026613635, -4.83145322492, -0.00042480234738
4.43, 5.94704056264, 1.03030959719, -4.83793203867, 0.00857718500648
4.44, 5.89865637843, 1.03038558274, -4.84423625685, 0.00590246603304
4.45, 5.85020996244, 1.03038103278, -4.85037999912, -0.00423930745477
4.46, 5.80170289117, 1.03032938002, -4.85636787296, -0.00422926893611
4.47, 5.75313675497, 1.03031496561, -4.86219977486, 0.0029312183058
4.48, 5.7045131227, 1.03037208406, -4.86787590061, 0.00776269470177
4.49, 5.65583349766, 1.03041798223, -4.87340370439, 0.00190002297523
4.5, 5.60709928317, 1.03038621643, -4.87879436091, -0.00508213037862
4.51, 5.55831185563, 1.03033882848, -4.88404887166, -0.00155323190845
4.52, 5.50947261012, 1.03036456483, -4.88916531939, 0.00668961633912
4.53, 5.46058291688, 1.03043016958, -4.89414598538, 0.00579339146248
4.54, 5.4116440445, 1.03043396641, -4.8990026932, -0.00297918340421
4.55, 5.3626571974, 1.03037548892, -4.90374100814, -0.00510865930562
4.56, 5.31362359684, 1.03035825325, -4.90835802715, 0.00304436659204
4.57, 5.26454448122, 1.03041771972, -4.91285232076, 0.007900647557
4.58, 5.21542101903, 1.03046035187, -4.91723157753, 0.00115420945363
4.59, 5.166254279, 1.03041839982, -4.92150692869, -0.00613914259301
4.6, 5.11704532031, 1.03036430932, -4.92567686026, -0.00180706358929
4.61, 5.06779524253, 1.03039165361, -4.92973770439, 0.00703322055072
4.62, 5.01850512811, 1.03045818378, -4.93369123383, 0.00552362613072
4.63, 4.96917595202, 1.03045425394, -4.93755027147, -0.0040585376119
4.64, 4.91980863291, 1.03038585833, -4.94131879204, -0.00583486161543
4.65, 4.87040412755, 1.03036681862, -4.94499164388, 0.00326748349307
4.66, 4.82096342523, 1.03042948093, -4.94856635043, 0.00808577884799
4.67, 4.77148744112, 1.03046874746, -4.95205139404, 0.000360895625657
4.68, 4.72197698749, 1.03041613123, -4.95545807511, -0.00722236376675
4.69, 4.67243288338, 1.0303556132, -4.95878234558, -0.0019905623442
4.7, 4.62285600848, 1.03038541632, -4.9620191106, 0.00745241761771
4.71, 4.5732472292, 1.03045309728, -4.96517001436, 0.00522773717235
4.72, 4.5236072942, 1.03044082727, -4.96824936212, -0.00520697438538
4.73, 4.4739369072, 1.03037670295, -4.97125810848, -0.00646347707069
4.74, 4.42423682351, 1.0303421301, -4.9741922527, 0.00132607178797
4.75, 4.37450782743, 1.03039122617, -4.97704793417, 0.00754350763735
4.76, 4.32475065694, 1.03043613556, -4.97983134073, 0.00158388306057
4.77, 4.2749659415, 1.03039349907, -4.98255478954, -0.0068374626955
4.78, 4.22515430595, 1.03032475358, -4.98521492647, -0.00369665154329
4.79, 4.17531644475, 1.03033568846, -4.98780541737, 0.00588683801158
4.8, 4.1254530632, 1.03039941379, -4.99032605907, 0.00583960796918
4.81, 4.07556475804, 1.03039903211, -4.99279006871, -0.00401069798637
4.82, 4.02565205958, 1.03032244249, -4.99520202245, -0.00736723716567
4.83, 3.97571555443, 1.03028474639, -4.9975537595, 0.00146963361512
4.84, 3.92575589359, 1.03033718096, -4.99984084201, 0.00781245498116
4.85, 3.87577366788, 1.03037972317, -5.00207052392, 0.000868796914915
4.86, 3.82576934638, 1.03033439236, -5.0041061652, -0.00467222222908
4.87, 3.7757434302, 1.03026151805, -5.00639060779, -0.00517966102266
4.88, 3.72569645793, 1.03025407613, -5.00847040779, 0.00421453370252
4.89, 3.67562901085, 1.03031171387, -5.01049275146, 0.0062185037031
4.9, 3.625541574, 1.03032224258, -5.01246936409, -0.00276253927214
4.91, 3.57543454802, 1.03024970537, -5.01440744271, -0.00791730432699
4.92, 3.52530838199, 1.03019635482, -5.01629835978, -0.000584269053704
4.93, 3.47516360545, 1.03023342871, -5.01813646397, 0.00708390727039
4.94, 3.42500071226, 1.03028076127, -5.01992655665, 0.00211534000624
4.95, 3.3748200711, 1.03023867103, -5.02168331888, -0.00743922881448
4.96, 3.32462204481, 1.03016963642, -5.02340112519, -0.0056072994659
4.97, 3.27440708047, 1.0301482615, -5.02507496182, 0.00233705471122
4.98, 3.22417564462, 1.03019124363, -5.02670193287, 0.00544746114373
4.99, 3.17392813607, 1.03020505631, -5.02829140332, -0.00171297262073
5.0, 3.12366486504, 1.03014255834, -5.02985167197, -0.0073794611612
5.01, 3.07338617542, 1.03008322498, -5.03137525948, -0.00207786567784
5.02, 3.02309249268, 1.03010200835, -5.03285599261, 0.00542455433069
5.03, 2.97278422768, 1.0301432194, -5.03429687621, 0.00247243934233
5.04, 2.92246167696, 1.03011166173, -5.03571140303, -0.00623545139973
5.05, 2.87212510908, 1.03003192558, -5.03709799769, -0.0062482976538
5.06, 2.82177487685, 1.03000939739, -5.03844740147, 0.0025611477885
5.07, 2.77141138499, 1.03005461552, -5.03975688249, 0.00547874945123
5.08, 2.7210349495, 1.03006372214, -5.04103755484, -0.00258488887532
5.09, 2.67064579149, 1.02999087593, -5.04229788075, -0.00834912906572
5.1, 2.62024418022, 1.02992646028, -5.04352818561, -0.00215180049434
5.11, 2.56983048119, 1.02994776785, -5.04472161111, 0.00576076353916
5.12, 2.51940503958, 1.02998876432, -5.04588196234, 0.00203788803898
5.13, 2.46896807074, 1.02994836061, -5.04702457159, -0.00734219304836
5.14, 2.41851976809, 1.02985968876, -5.04814598291, -0.00679538524456
5.15, 2.36806042758, 1.02983702661, -5.04923550348, 0.00289342532288
5.16, 2.31759040268, 1.02988519791, -5.0502903394, 0.0055378017938
5.17, 2.26710994161, 1.02988934789, -5.05132371713, -0.00351152071544
5.18, 2.21661919107, 1.02980573813, -5.05234405369, -0.00932970421061
5.19, 2.16611836216, 1.0297366738, -5.05333927711, -0.00214458768528
5.2, 2.11560777736, 1.02976132938, -5.05430199336, 0.00615862406358
5.21, 2.06508773054, 1.029802149, -5.05523705918, 0.00155967154519
5.22, 2.01455836811, 1.02975223254, -5.05616185821, -0.00851175762946
5.23, 1.96401983244, 1.02966810376, -5.0570688927, -0.00788543117695
5.24, 1.91347236227, 1.0296279785, -5.05795110286, 0.00103726213867
5.25, 1.8629162564, 1.02966624074, -5.05880330073, 0.00548976694614
5.26, 1.81235173629, 1.02967935661, -5.05963640242, -0.00219439237303
5.27, 1.7617789025, 1.02960326929, -5.06046207226, -0.00940005422241
5.28, 1.71119789938, 1.02952190677, -5.06126905616, -0.00408641041988
5.29, 1.66060899281, 1.02952897369, -5.06204846585, 0.00499442684066
5.3, 1.61001245011, 1.02957056692, -5.06280266947, 0.00256152586515
5.31, 1.55940839144, 1.02953298107, -5.06354948191, -0.00757655015731
5.32, 1.50879690013, 1.02944717129, -5.06428491415, -0.0085217750021
5.33, 1.45817816441, 1.02939142494, -5.06500049874, -0.000923601769538
5.34, 1.40755243595, 1.02941576999, -5.06569013167, 0.00490569482885
5.35, 1.35691991846, 1.02943420364, -5.06636204766, -0.000988599379925
5.36, 1.30628068356, 1.02936816004, -5.06703021659, -0.00899247218066
5.37, 1.25563482078, 1.02927881226, -5.06768554129, -0.0057752084787
5.38, 1.2049825432, 1.02926697371, -5.06831763881, 0.00340886013229
5.39, 1.15432409451, 1.02930434351, -5.0689266966, 0.00315024928855
5.4, 1.10365958257, 1.0292786194, -5.06952947012, -0.00636330114755
5.41, 1.05298904245, 1.0291806933, -5.07012821542, -0.00938946015413
5.42, 1.00231261133, 1.02912199486, -5.07070866076, -0.000782363482788
5.43, 0.951630533531, 1.0291494678, -5.07126499488, 0.0051463428845
5.44, 0.900942980886, 1.02916538201, -5.07180724742, -0.00170074347482
5.45, 0.850249978095, 1.02908886892, -5.07235080145, -0.0101158040713
5.46, 0.79955159236, 1.0290058172, -5.07288180552, -0.00663897522818
5.47, 0.748848003371, 1.02897785365, -5.07339493104, 0.00156175595174
5.48, 0.698139417249, 1.02900379522, -5.07388783586, 0.00285742253124
5.49, 0.647425935642, 1.02898501921, -5.07437458568, -0.00515106752228
5.5, 0.596707572398, 1.02889537297, -5.07486046433, -0.00925606927186
5.51, 0.545984420565, 1.02882660338, -5.0753323836, -0.00255695850533
5.52, 0.49525668423, 1.02883640018, -5.07578366163, 0.00382452876901
5.53, 0.444524524742, 1.02885073432, -5.07622147343, -0.000928685290734
5.54, 0.393787961373, 1.02878580354, -5.07666134768, -0.00910151028334
5.55, 0.343047016319, 1.02868874533, -5.07709510183, -0.00709810848458
5.56, 0.292301842486, 1.02866095139, -5.07751076809, 0.00185091574769
5.57, 0.24155264248, 1.02868861777, -5.07790753713, 0.00275659848409
5.58, 0.190799486531, 1.02866373817, -5.07830197654, -0.00612395707561
5.59, 0.140042352797, 1.02856387521, -5.0786987635, -0.0101178904683
5.6, 0.0892813168334, 1.02849156152, -5.07908254813, -0.00248451003923
