timestamp, prius0 x posi, prius0 y posi, prius0 x vel, prius0 y vel.
0.0, 0.0, 0.0, 0.0, 0.0
0.00999999999999, 1.00002761732, -24.9975723036, -0.00157280343836, 0.196354676144
0.02, 1.00000798324, -24.9950463304, -0.00298330248688, 0.284691169151
0.03, 0.999998298199, -24.9916435008, -0.000173951616368, 0.37300141712
0.04, 1.00002158515, -24.9873651157, 0.00264337439394, 0.461240667878
0.05, 1.00005064043, -24.9822115622, 0.00118522409671, 0.549477719988
0.06, 1.00005141735, -24.9761828605, -0.00190466659648, 0.637721659684
0.07, 1.00003922848, -24.9692790144, -0.00123139708062, 0.725963028107
0.08, 1.00005384891, -24.9615000723, 0.00237112791624, 0.814200032823
0.09, 1.00009297691, -24.952846044, 0.00311588304571, 0.902439427961
0.1, 1.00011512905, -24.9433168834, -9.97239529524e-05, 0.990683679611
0.11, 1.00010870124, -24.9329125667, -0.00172216049169, 1.0789269887
0.12, 1.00011235615, -24.9216331351, 0.00126458468347, 1.16716526657
0.13, 1.00015131501, -24.9094786204, 0.00421553252764, 1.25536841201
0.14, 1.00019507327, -24.8964508517, 0.002511735812, 1.34236203858
0.15, 1.00020800511, -24.8825586828, -0.000722866065974, 1.42827099074
0.16, 1.00020888802, -24.8678127436, 0.000226859497672, 1.51312096274
0.17, 1.00023986653, -24.8522236085, 0.00409884574299, 1.59692124874
0.18, 1.00029576416, -24.8358016695, 0.00468184542701, 1.67969271498
0.19, 1.00033177529, -24.8185571281, 0.00116461870247, 1.76145000777
0.2, 1.00033795185, -24.8005000931, -0.000391064671812, 1.84219867178
0.21, 1.00035657965, -24.7816406228, 0.00289826480615, 1.92194662704
0.22, 1.00041213748, -24.7619886402, 0.00583059589303, 2.00071213935
0.23, 1.00046985118, -24.7415538675, 0.00371047160201, 2.0785135753
0.24, 1.000493042, -24.7203458934, 0.000244798963179, 2.15535912203
0.25, 1.00050477165, -24.6983742613, 0.00147769298018, 2.23125280775
0.26, 1.00055019696, -24.6756492465, 0.00566214343864, 2.30613914772
0.27, 1.00062105466, -24.6521856249, 0.00605646962524, 2.38007630327
0.28, 1.00066842541, -24.6279936153, 0.00214058536468, 2.45320454039
0.29, 1.00068398899, -24.6030817196, 0.000613719753778, 2.52545516288
0.3, 1.00071466126, -24.5774587331, 0.00427799517158, 2.5968113355
0.31, 1.00078472218, -24.5511334421, 0.00725854087064, 2.6672895839
0.32, 1.00085457233, -24.5241144582, 0.00472205366816, 2.7369068349
0.33, 1.00088610741, -24.4964102714, 0.00101720262772, 2.80566863227
0.34, 1.00090686798, -24.4680297279, 0.00255653160987, 2.87309256978
0.35, 1.00096508378, -24.4389870099, 0.00704826859606, 2.93845990739
0.36, 1.00104873395, -24.4093002657, 0.00717373514469, 3.00200474779
0.37, 1.00110455426, -24.3789873177, 0.00281460401127, 3.06378023666
0.38, 1.00112680118, -24.3480655878, 0.00139060035764, 3.12382708193
0.39, 1.00116778993, -24.3165521209, 0.0055242699208, 3.18218876791
0.4, 1.00125099823, -24.2844634775, 0.00853646801033, 3.23891943896
0.41, 1.00133095726, -24.2518156768, 0.00549896418311, 3.29406990455
0.42, 1.00136828377, -24.2186242956, 0.00154848944856, 3.34767919799
0.43, 1.00139596912, -24.1849045698, 0.00345800871763, 3.39978231414
0.44, 1.00146526837, -24.1506713473, 0.00826919700106, 3.45042387417
0.45, 1.001559838, -24.1159389806, 0.00808808690978, 3.49965434495
0.46, 1.00162184089, -24.0807213597, 0.00325053338049, 3.54751368644
0.47, 1.00164833661, -24.0450320414, 0.00192673777183, 3.59403112815
0.48, 1.00169725039, -24.0088842893, 0.00653291632151, 3.63924000804
0.49, 1.00179113181, -23.9722909651, 0.00955783483753, 3.68318535862
0.5, 1.00187851551, -23.9352644763, 0.00600133215374, 3.72590894601
0.51, 1.00191897193, -23.8978168824, 0.0018236941093, 3.76743907903
0.52, 1.00195127491, -23.8599599999, 0.0041491314243, 3.80780018804
0.53, 1.00202972229, -23.8217053521, 0.00929728269255, 3.84702806447
0.54, 1.0021331217, -23.7830640514, 0.00877356332869, 3.88516450794
0.55, 1.00219890721, -23.7440468391, 0.0034441770723, 3.92224000128
0.56, 1.00222749868, -23.704664219, 0.00227364559554, 3.95827435986
0.57, 1.00228278981, -23.664926491, 0.00740336770917, 3.99329270737
0.58, 1.00238593281, -23.6248436286, 0.010420900827, 4.02733280622
0.59, 1.00247891006, -23.5844252262, 0.00630015126354, 4.06042838323
0.6, 1.00252050442, -23.5436806147, 0.00191128700885, 4.09259915562
0.61, 1.00255590634, -23.5026189667, 0.00471368100619, 4.12386162828
0.62, 1.00264238999, -23.4612492323, 0.0102109552163, 4.15424512076
0.63, 1.00275323537, -23.4195800135, 0.00929379029333, 4.18378490454
0.64, 1.00282097899, -23.3776196122, 0.0034492980352, 4.21250393021
0.65, 1.00285002954, -23.3353761695, 0.00248202942667, 4.24041450252
0.66, 1.00291062934, -23.2928576925, 0.00818134581857, 4.26753552832
0.67, 1.00302202008, -23.2500719164, 0.011161809495, 4.29389948314
0.68, 1.00311907157, -23.2070262547, 0.00642542687745, 4.31953384487
0.69, 1.00316011522, -23.163727924, 0.00184422276925, 4.34445146122
0.7, 1.00319744499, -23.1201840496, 0.00518845223008, 4.36866266641
0.71, 1.00329120196, -23.0764015876, 0.0110435632091, 4.39219213204
0.72, 1.00340840031, -23.0323871912, 0.00967578728095, 4.41507026578
0.73, 1.00347653853, -22.9881472683, 0.00329345515797, 4.4373140194
0.74, 1.00350471674, -22.9436881276, 0.00258560728357, 4.45892970575
0.75, 1.00356990363, -22.8990159983, 0.00890159001529, 4.47993161377
0.76, 1.00368883969, -22.8541368763, 0.0118087269148, 4.50034848124
0.77, 1.00378869495, -22.8090564785, 0.00640102978449, 4.52020288849
0.78, 1.00382775211, -22.7637803783, 0.00165036441106, 4.53950211993
0.79, 1.00386614223, -22.7183141123, 0.00560540990261, 4.55825166827
0.8, 1.00396670941, -22.672663087, 0.0118227035675, 4.57647295389
0.81, 1.00408939772, -22.6268324377, 0.00993984313658, 4.59419272946
0.82, 1.00415656102, -22.5808270982, 0.00299736135476, 4.61142304296
0.83, 1.00418277361, -22.5346519541, 0.00261130506658, 4.62816531381
0.84, 1.00425210214, -22.4883118542, 0.00959135763743, 4.64443040233
0.85, 1.00437811245, -22.4418114408, 0.0123815074383, 4.66024443018
0.86, 1.00447966632, -22.39515511, 0.00624272343779, 4.67562600604
0.87, 1.00451547767, -22.3483471585, 0.00135041197578, 4.6905777582
0.88, 1.00455429675, -22.3013918914, 0.00599000885075, 4.70510132711
0.89, 1.00466144602, -22.2542935123, 0.0125693513007, 4.71921592184
0.9, 1.00478892439, -22.2070559762, 0.0100994503172, 4.7329454818
0.91, 1.00485387281, -22.1596830723, 0.00257548081802, 4.74629792621
0.92, 1.00487720809, -22.1121785847, 0.00258056505285, 4.75927059074
0.93, 1.00495045656, -22.0645462947, 0.0102724326573, 4.77187183043
0.94, 1.00508324575, -22.016789795, 0.0128940259412, 4.78412599603
0.95, 1.00518550015, -21.9689124571, 0.00596035864769, 4.79604839537
0.96, 1.00521693054, -21.9209175909, 0.000960106916935, 4.80763770698
0.97, 1.00525573735, -21.8728085523, 0.00636295311708, 4.81889249475
0.98, 1.0053694246, -21.824588616, 0.0132988534039, 4.8298306122
0.99, 1.00550109746, -21.7762608231, 0.0101620598005, 4.84047383319
1.0, 1.00556266442, -21.7278280783, 0.00203702323035, 4.85082655627
1.01, 1.00558234483, -21.6792933183, 0.00251028139635, 4.86088270418
1.02, 1.00565946811, -21.6306595035, 0.0109614911812, 4.87064892532
1.03, 1.00579886012, -21.5819294158, 0.0133541473736, 4.88014849129
1.04, 1.00590086429, -21.5331056351, 0.00555802484478, 4.88939393758
1.05, 1.00592688076, -21.4841907254, 0.000503081220774, 4.89837640756
1.06, 1.0059654788, -21.4351873982, 0.00674571896891, 4.9070872379
1.07, 1.00608580617, -21.3860982363, 0.0140235314599, 4.91555498134
1.08, 1.00622124536, -21.3369255364, 0.0101598809846, 4.92380245566
1.09, 1.0062788702, -21.2876715495, 0.0014976451792, 4.93181109727
1.1, 1.00629599812, -21.2383386105, 0.00263639804708, 4.93959535913
1.11, 1.00637946202, -21.1889290455, 0.0118954567917, 4.94715069105
1.12, 1.00652726273, -21.1394449944, 0.0139246528173, 4.95450276656
1.13, 1.00662915417, -21.0898884346, 0.00510876045944, 4.96165717598
1.14, 1.00664966801, -21.0402613314, 8.10874127713e-05, 4.96860518725
1.15, 1.00668934446, -20.9905657707, 0.00733266345527, 4.97535088431
1.16, 1.00681834274, -20.9408037581, 0.0148990096229, 4.98191243207
1.17, 1.00695801601, -20.8909770834, 0.0100913499394, 4.98829649868
1.18, 1.00701046862, -20.8410874309, 0.000759991524702, 4.99450868978
1.19, 1.00702292259, -20.791136595, 0.00255801659851, 5.00053584093
1.2, 1.00711116821, -20.741126421, 0.0127113603522, 5.00638575144
1.21, 1.00726621542, -20.6910585777, 0.0143541087487, 5.01207906148
1.22, 1.00736690667, -20.6409345582, 0.00459068826178, 5.01762448085
1.23, 1.0073944528, -20.5907558815, 0.000804074603151, 5.02300135974
1.24, 1.00742843968, -20.5405241585, 0.00601500218834, 5.02823664151
1.25, 1.00754522021, -20.4902409842, 0.0141951205362, 5.0333114513
1.26, 1.00768930005, -20.4399077456, 0.0114282629675, 5.03825523554
1.27, 1.00775790212, -20.3895257159, 0.00216317565216, 5.04306960101
1.28, 1.00777322067, -20.3390962685, 0.00184267841584, 5.04774051017
1.29, 1.00784754793, -20.2886208847, 0.0112069496542, 5.05225662773
1.3, 1.00799629646, -20.2381008574, 0.0147072341809, 5.05667418931
1.31, 1.00811019869, -20.1875373173, 0.00636055249927, 5.0609621331
1.32, 1.00813659983, -20.1369313809, -1.97764083535e-05, 5.06515151427
1.33, 1.00816910196, -20.0862843556, 0.00635599738751, 5.06919715656
1.34, 1.00829296246, -20.0355974877, 0.0149996269035, 5.07312772398
1.35, 1.00844152574, -19.9848718044, 0.0114411502135, 5.07696294312
1.36, 1.00850531482, -19.9341082945, 0.00140783952208, 5.08069418759
1.37, 1.00852949332, -19.883308067, 0.00141786756295, 5.08430038372
1.38, 1.00859140079, -19.8324722072, 0.00970398166442, 5.08780947025
1.39, 1.0087322778, -19.7816017712, 0.0148041714608, 5.09123459132
1.4, 1.00885761795, -19.7306976491, 0.00805839908388, 5.09456083994
1.41, 1.0088971864, -19.6797606853, 0.000589313512423, 5.09778869601
1.42, 1.00892361401, -19.6287918509, 0.00494336679538, 5.10093753008
1.43, 1.00903304934, -19.5777921539, 0.0140102453846, 5.10398131105
1.44, 1.00918390042, -19.5267624273, 0.0126627746743, 5.10694846089
1.45, 1.0092640593, -19.4757033954, 0.00291916900556, 5.10984238659
1.46, 1.0092780676, -19.4246158391, 0.00103027978075, 5.11265195415
1.47, 1.00934177776, -19.3735006988, 0.0103132311646, 5.1153522788
1.48, 1.00948994818, -19.3223587997, 0.0154064833388, 5.11799702628
1.49, 1.00961615616, -19.2711907882, 0.0076893074593, 5.12059066767
1.5, 1.00965365357, -19.2199972574, 0.00458603739573, 5.12312577995
1.51, 1.00968541083, -19.1687790929, 0.00423606527371, 5.12553481469
1.52, 1.00978189056, -19.1175369807, 0.012636763249, 5.12789054985
1.53, 1.00992739258, -19.0662716193, 0.0130262277451, 5.13017558042
1.54, 1.01002013579, -19.014983541, 0.00456868618042, 5.13241860563
1.55, 1.01004492159, -18.9636733674, 0.00130267291794, 5.13459412773
1.56, 1.01010041758, -18.9123418051, 0.00881150119025, 5.13669826835
1.57, 1.01023544854, -18.860989518, 0.0146662618973, 5.13874524093
1.58, 1.0103660879, -18.8096170128, 0.00900590161371, 5.14074418411
1.59, 1.01041418875, -18.7582247546, 0.00111885637248, 5.14269350594
1.6, 1.01043898813, -18.7068133457, 0.00423915838429, 5.14458981356
1.61, 1.01054008461, -18.655383446, 0.013343532494, 5.14639892262
1.62, 1.01069080827, -18.6039355353, 0.013233848673, 5.14817978298
1.63, 1.01078046384, -18.552470012, 0.00393232999188, 5.14993500047
1.64, 1.01079906337, -18.5009873421, 0.000896668173481, 5.15160658211
1.65, 1.01085580434, -18.4494880991, 0.00936530050633, 5.1532358895
1.66, 1.01099808971, -18.3979728294, 0.0153244005912, 5.15481966038
1.67, 1.01113049153, -18.3464418824, 0.00873585289465, 5.15638610923
1.68, 1.01117252572, -18.294895635, 0.000428248960878, 5.15789324065
1.69, 1.01119416499, -18.2433345738, 0.00436686298393, 5.15934339528
1.7, 1.0113012473, -18.1917592686, 0.0141857530299, 5.16073134004
1.71, 1.01145825819, -18.1401701246, 0.0135087184318, 5.16210243794
1.72, 1.01154518781, -18.0885673647, 0.00328750789876, 5.16344847984
1.73, 1.01157212295, -18.036951373, 0.000968162520297, 5.16476217105
1.74, 1.01161921279, -17.9853226232, 0.00789927715102, 5.16599923692
1.75, 1.01175128481, -17.9336815602, 0.0150556149688, 5.16722970255
1.76, 1.01189253533, -17.8820285136, 0.0103713724906, 5.1684176877
1.77, 1.01195030451, -17.8303636805, 0.00150661459466, 5.16957994106
1.78, 1.01197066819, -17.7786874577, 0.00330191599317, 5.17067770917
1.79, 1.01206358703, -17.7270002596, 0.0129486963568, 5.17177363789
1.8, 1.01221944828, -17.6753024518, 0.0144206852227, 5.17282404597
1.81, 1.01232275934, -17.6235941887, 0.0050944120848, 5.17386091063
1.82, 1.01234429912, -17.5718757458, 0.000447319331304, 5.17485698742
1.83, 1.01239208134, -17.5201475004, 0.00843340061119, 5.17582223898
1.84, 1.01253194129, -17.4684099327, 0.0158383265767, 5.1767328692
1.85, 1.01267672236, -17.4166632249, 0.0102778423604, 5.17764073475
1.86, 1.0127339308, -17.3649074596, 0.00551089226645, 5.17856835264
1.87, 1.01275831988, -17.313143099, 0.00240794500767, 5.17937950673
1.88, 1.01283719972, -17.2613704141, 0.0116019688166, 5.18018370993
1.89, 1.01298933185, -17.2095899462, 0.01502944675, 5.18094577186
1.9, 1.01310703736, -17.1578019558, 0.00680612006621, 5.1816878052
1.91, 1.01314871698, -17.1060067296, 0.00278421457433, 5.1823892179
1.92, 1.01318544002, -17.0542047482, 0.00528288541807, 5.18304085401
1.93, 1.01329088728, -17.0023965629, 0.0132121810652, 5.18363784235
1.94, 1.01343570422, -16.9505826495, 0.0125007826738, 5.18419252285
1.95, 1.01352192174, -16.8987634327, 0.00405563534915, 5.18470129458
1.96, 1.01354698519, -16.846939457, 0.00180395909483, 5.18514466701
1.97, 1.01360978295, -16.7951115143, 0.0095109275274, 5.18550147098
1.98, 1.01374628374, -16.7432804884, 0.0142758660933, 5.18577237568
1.99, 1.01386805457, -16.6914472216, 0.00792813617295, 5.18595844873
2.0, 1.01390875124, -16.6396126081, 0.000830227328038, 5.18604851286
2.01, 1.01393632197, -16.5877776798, 0.00484868761973, 5.18603162002
2.02, 1.01404163059, -16.5359434829, 0.0133985704289, 5.1859171696
2.03, 1.01418642258, -16.4841109287, 0.0121989653816, 5.18571400113
2.04, 1.01426543737, -16.4322809379, 0.00309191405041, 5.18541289704
2.05, 1.01428220713, -16.3804545734, 0.00126627657607, 5.18499747216
2.06, 1.01434527636, -16.3286330221, 0.0099653481487, 5.18446535013
2.07, 1.01448789541, -16.2768173456, 0.014817118556, 5.18383922853
2.08, 1.01461078917, -16.2250083587, 0.00765643632748, 5.18313895659
2.09, 1.01464658696, -16.1732067688, 0.000352241571629, 5.18236657025
2.1, 1.01467382352, -16.1214133225, 0.0052749574682, 5.18151884913
2.11, 1.01478782267, -16.0696287148, 0.0144653669816, 5.18061220864
2.12, 1.01494087201, -16.0178533891, 0.0126677403498, 5.17967210569
2.13, 1.01501971138, -15.9660876207, 0.00278763596791, 5.17870438811
2.14, 1.0150347837, -15.9143317324, 0.00140386583228, 5.17769793723
2.15, 1.01510515244, -15.8625861511, 0.0111284480986, 5.17665124506
2.16, 1.01526052334, -15.8108511715, 0.0159600415725, 5.17558687109
2.17, 1.01538961875, -15.7591268687, 0.00782178929263, 5.17451911189
2.18, 1.01543486388, -15.7074133139, 0.00255567083852, 5.17343515528
2.19, 1.01546606209, -15.6557107119, 0.00475028945162, 5.17233065517
2.2, 1.01557293315, -15.6040192986, 0.0140498578683, 5.171205792
2.21, 1.01573302785, -15.5523391484, 0.0143501619024, 5.17008370182
2.22, 1.01583465558, -15.5006701791, 0.00511636454298, 5.16896921716
2.23, 1.01586383582, -15.4490123855, 0.0018523987564, 5.16784584231
2.24, 1.01592978003, -15.3973659407, 0.0103321174037, 5.16670352111
2.25, 1.01608374014, -15.3457309544, 0.0166974552233, 5.16556150169
2.26, 1.01623176905, -15.2941073049, 0.010393511908, 5.16443762298
2.27, 1.01628987792, -15.2424948344, 0.00194557100563, 5.16332159571
2.28, 1.01632551049, -15.1908935865, 0.0057181730077, 5.16219215732
2.29, 1.01644712686, -15.1393037079, 0.0157874901429, 5.16105492438
2.3, 1.01662271497, -15.087725126, 0.0155567613746, 5.15993718247
2.31, 1.01673088144, -15.0361575911, 0.00540498195323, 5.15884240205
2.32, 1.0167763896, -14.9846010051, 0.00360159311542, 5.1577443746
2.33, 1.01684736318, -14.9330554408, 0.0100922614134, 5.15663544495
2.34, 1.01699892485, -14.8815211515, 0.0168770626197, 5.15550158003
2.35, 1.01715976234, -14.8299983456, 0.01256104635, 5.15433234468
2.36, 1.01724337044, -14.7784873493, 0.00437838175506, 5.15314163217
2.37, 1.01729348891, -14.7269884211, 0.00623132693439, 5.15191982067
2.38, 1.01741313601, -14.6755018938, 0.0154058502932, 5.1506621069
2.39, 1.01759262078, -14.6240280275, 0.0168454395702, 5.14939082136
2.4, 1.01772365672, -14.5725670115, 0.00819658875317, 5.14809560542
2.41, 1.01777953282, -14.521119007, 0.00402765401043, 5.14677835614
2.42, 1.01786164328, -14.4696845471, 0.0116666151883, 5.14539469348
2.43, 1.01803154053, -14.4182640158, 0.0187233623704, 5.14399923999
2.44, 1.01820669983, -14.366857369, 0.0135636005982, 5.14261766679
2.45, 1.01829645643, -14.3154644867, 0.00484597905047, 5.14123970099
2.46, 1.01835432986, -14.2640855154, 0.00740698064285, 5.13982877993
2.47, 1.01849085072, -14.2127210003, 0.0173867759317, 5.13836137556
2.48, 1.01868887252, -14.1613711224, 0.0183997226845, 5.13690278568
2.49, 1.01882990321, -14.110035693, 0.00880229981864, 5.13546655337
2.5, 1.01889138331, -14.0587146425, 0.00476809006884, 5.13401888751
2.51, 1.01898649375, -14.007408248, 0.0134348166017, 5.13253661082
2.52, 1.01917652094, -13.9561169167, 0.0207165426818, 5.13102414377
2.53, 1.01936682759, -13.9048407521, 0.014600353874, 5.12950180428
2.54, 1.01946760846, -13.8535795977, 0.0100329574421, 5.12807024063
2.55, 1.01954204666, -13.802333823, 0.00782322679266, 5.12646094832
2.56, 1.01967764356, -13.7511033985, 0.0173145359978, 5.1249046211
2.57, 1.01988438315, -13.6998884853, 0.0202262674511, 5.12336309035
2.58, 1.02005203072, -13.6486889911, 0.0117674297807, 5.12182016736
2.59, 1.02013632667, -13.5975048535, 0.00617716743766, 5.12028192888
2.6, 1.02023473401, -13.546336257, 0.013163088355, 5.11871247452
2.61, 1.02042535711, -13.49518342, 0.0214629229138, 5.11714315906
2.62, 1.02063528115, -13.4440461891, 0.017409429235, 5.11558101189
2.63, 1.02076021559, -13.3929244996, 0.00781621546697, 5.11403161432
2.64, 1.02085343443, -13.3418184184, 0.0087140663749, 5.11245884566
2.65, 1.02098983304, -13.290728327, 0.0171122386856, 5.11083661656
2.66, 1.02120133894, -13.2396544191, 0.021561058628, 5.10922828415
2.67, 1.02139285376, -13.1885963821, 0.0147355446252, 5.10765614697
2.68, 1.02150346602, -13.1375539774, 0.00813191518804, 5.10606540032
2.69, 1.02160959952, -13.0865291546, 0.013117281632, 5.10409239708
2.7, 1.02179920051, -13.0355289897, 0.0217760204101, 5.10118347246
2.71, 1.02202412538, -12.9845604592, 0.019883844162, 5.09786847991
2.72, 1.02217830557, -12.9336350621, 0.0106428619846, 5.09256374502
2.73, 1.02227494471, -12.8827684018, 0.00969747843946, 5.08593176224
2.74, 1.02242661567, -12.8319822849, 0.0190272363154, 5.07661974684
2.75, 1.02265778394, -12.7812948146, 0.0233663044387, 5.06609626433
2.76, 1.02286188149, -12.7307282609, 0.0155385296773, 5.05276017141
2.77, 1.02298796557, -12.6803015631, 0.0109115919921, 5.03791818006
2.78, 1.02310346162, -12.6300392597, 0.0131017954766, 5.02019559473
2.79, 1.02329016751, -12.5799602361, 0.021731064632, 5.00125150868
2.8, 1.02352506385, -12.5300768223, 0.0218313479284, 4.98104999689
2.81, 1.02370440966, -12.4804007174, 0.0132166091541, 4.95985393113
2.82, 1.02381738202, -12.4309421393, 0.0103584642017, 4.93775154414
2.83, 1.02396605452, -12.3817192468, 0.0183250284173, 4.91259228554
2.84, 1.02419587936, -12.3327534489, 0.0240664122169, 4.88639409078
2.85, 1.02441809345, -12.2840546674, 0.0180325027959, 4.85897055383
2.86, 1.02456105573, -12.235643304, 0.014841291671, 4.82951531053
2.87, 1.02468760742, -12.1875390085, 0.0130178777864, 4.79725041156
2.88, 1.02486722695, -12.1397619896, 0.0209642257551, 4.76418043452
2.89, 1.02510332378, -12.0923193557, 0.0229095747111, 4.73032953343
2.9, 1.02530219443, -12.0452178037, 0.0155246939056, 4.69614846558
2.91, 1.02543144877, -11.9984580561, 0.0111073509227, 4.66079850454
2.92, 1.0255759591, -11.9520672046, 0.0172410369361, 4.6233153469
2.93, 1.02579746378, -11.9060533439, 0.0238901938707, 4.58567681404
2.94, 1.02602999494, -11.8604283887, 0.0199344533989, 4.5455854521
2.95, 1.02618824637, -11.8152048277, 0.0118715079343, 4.5050634185
2.96, 1.02632437866, -11.7703969686, 0.0129956305733, 4.46288973446
2.97, 1.0264952337, -11.726012369, 0.0197699414505, 4.42022779925
2.98, 1.02672556254, -11.6820552154, 0.0231622713705, 4.3772032094
2.99, 1.02693713064, -11.6385287518, 0.017359900805, 4.33433082164
3.0, 1.02708168018, -11.5954483415, 0.0119757358543, 4.28770461893
3.01, 1.02722282367, -11.5528381243, 0.0160419614735, 4.24055575538
3.02, 1.02743072071, -11.5107021852, 0.0228704585909, 4.19273823084
3.03, 1.02766421915, -11.4690541771, 0.0209858184012, 4.14287006073
3.04, 1.02783758806, -11.4279132236, 0.0133117098394, 4.0917844524
3.05, 1.02797730078, -11.3872837914, 0.0129439250372, 4.04062065629
3.06, 1.02813610219, -11.3471748089, 0.0179140780977, 3.98767679367
3.07, 1.02835013152, -11.3075950812, 0.0221169486756, 3.93455964854
3.08, 1.02856263826, -11.2685467788, 0.0182848763593, 3.88111507629
3.09, 1.02871645684, -11.2300403847, 0.0124649565672, 3.82640921501
3.1, 1.02884963472, -11.192088949, 0.0141847343442, 3.77037271605
3.11, 1.02903288592, -11.1546977131, 0.0204361161202, 3.71425369757
3.12, 1.02925183983, -11.1178664059, 0.0205258345049, 3.65840042066
3.13, 1.02942858131, -11.0816087452, 0.0138906118822, 3.59986867642
3.14, 1.02957498992, -11.0459328515, 0.0137565482667, 3.54201091712
3.15, 1.02970740282, -11.0108339928, 0.0132095990717, 3.48420862107
3.16, 1.02987143798, -10.9763177563, 0.0179132440451, 3.42555224784
3.17, 1.03006726018, -10.9423907643, 0.0185847153803, 3.36649007076
3.18, 1.03023150812, -10.9090500799, 0.0128736508825, 3.30813041272
3.19, 1.03033791041, -10.8762944201, 0.00838026140258, 3.24965348918
3.2, 1.0304335061, -10.8441229946, 0.0101830196467, 3.1912345507
3.21, 1.03056288942, -10.8125314904, 0.0137981223377, 3.13366126404
3.22, 1.03070692305, -10.7815100274, 0.0131422932169, 3.0772063332
3.23, 1.0308261054, -10.751046882, 0.0100660629804, 3.02198231883
3.24, 1.03093194298, -10.7211284915, 0.010802823768, 2.96823883315
3.25, 1.03106945443, -10.6917389726, 0.0150894036943, 2.91619037431
3.26, 1.03123504538, -10.6628609591, 0.0156092752896, 2.86589962905
3.27, 1.03137322632, -10.6344772216, 0.0108723572825, 2.81722180869
3.28, 1.03147204623, -10.6065720514, 0.00896642076114, 2.77012182096
3.29, 1.03159009598, -10.5791316516, 0.0136008906719, 2.72429904222
3.3, 1.03175718263, -10.5521432387, 0.01718805376, 2.67971752831
3.31, 1.03192135871, -10.5255942437, 0.0136190447106, 2.63631999785
3.32, 1.03203277452, -10.4994725109, 0.00843302125088, 2.59415777113
3.33, 1.03212513063, -10.4737666145, 0.00980616835207, 2.5531108296
3.34, 1.03225895827, -10.4484657964, 0.0149434029029, 2.51313541544
3.35, 1.03242002259, -10.4235590572, 0.0146359593619, 2.47426461126
3.36, 1.03254128867, -10.3990359035, 0.00864099884326, 2.43635604616
3.37, 1.03261471112, -10.3748880744, 0.00626706877875, 2.39919137337
3.38, 1.03270643324, -10.3511088213, 0.0110371933802, 2.36263857446
3.39, 1.03284806727, -10.327690492, 0.0146032772105, 2.32702081432
3.4, 1.03298388821, -10.304626383, 0.0105570629761, 2.2916838352
3.41, 1.03306183288, -10.2819126199, 0.00498677414937, 2.25703338923
3.42, 1.03312137879, -10.2595425692, 0.00684274612052, 2.22279574398
3.43, 1.03323001211, -10.2375136394, 0.012756431523, 2.18886131478
3.44, 1.03336976402, -10.215822868, 0.0124796226284, 2.15519237485
3.45, 1.03346733763, -10.1944652619, 0.00624499939903, 2.12220729762
3.46, 1.03351917139, -10.1734349412, 0.00454984260424, 2.08953562246
3.47, 1.03360040667, -10.1527327988, 0.0105993795614, 2.05678427979
3.48, 1.03374281206, -10.1323559974, 0.014958781009, 2.02438828627
3.49, 1.03388193544, -10.112302289, 0.0107303853307, 1.99219262135
3.5, 1.03395976269, -10.092567907, 0.00478560752207, 1.96045775178
3.51, 1.03401729066, -10.0731500302, 0.00658408407449, 1.92892035168
3.52, 1.03412413694, -10.0540452881, 0.0125187882111, 1.89781258332
3.53, 1.03426075657, -10.0352491403, 0.011946735256, 1.86713747771
3.54, 1.03435003195, -10.0167588744, 0.00507912364462, 1.83671499328
3.55, 1.03438761525, -9.99856965336, 0.00295167905188, 1.80690746485
3.56, 1.03445325947, -9.98067502826, 0.00910760028823, 1.77779269188
3.57, 1.03458076365, -9.96306793682, 0.0134154861555, 1.74938055432
3.58, 1.03470163904, -9.94574066352, 0.00872697097001, 1.72181171061
3.59, 1.0347584131, -9.92868482794, 0.00282011541431, 1.69506054474
3.6, 1.03480057789, -9.91189264348, 0.00555512093567, 1.66904766938
3.61, 1.034901902, -9.89535691011, 0.0122580098034, 1.64375620032
3.62, 1.0350351103, -9.87907010616, 0.0114020467146, 1.61924735162
3.63, 1.035115529, -9.86302466675, 0.00394010664308, 1.59544922539
3.64, 1.03514195141, -9.8472140465, 0.00192216469667, 1.57226169245
3.65, 1.03520064095, -9.83163256152, 0.00858911052195, 1.54961946646
3.66, 1.03532296778, -9.81627433767, 0.0126909265695, 1.52760475685
3.67, 1.03543217031, -9.80113309243, 0.00714538463528, 1.50620711474
3.68, 1.03547520977, -9.78620250394, 0.0055578168339, 1.48555470122
3.69, 1.03550992956, -9.77147781186, 0.00355153605132, 1.46509762772
3.7, 1.03558520388, -9.75695341733, 0.00965113302284, 1.4452691743
3.71, 1.03570228228, -9.74262446497, 0.0108564383981, 1.42598750342
3.72, 1.03578752224, -9.72848548937, 0.00487394761146, 1.40727262435
3.73, 1.03581743561, -9.71453126766, 0.00141934117219, 1.38901136617
3.74, 1.03585914042, -9.70075763611, 0.00614311182606, 1.37116199924
3.75, 1.03595906013, -9.68716020414, 0.0110607272554, 1.35375569843
3.76, 1.03606471663, -9.67373418724, 0.00772729503575, 1.3368533532
3.77, 1.03611124929, -9.66047471249, 0.00142456947519, 1.32041780235
3.78, 1.03613052914, -9.64737775095, 0.00257100587002, 1.30434260019
3.79, 1.03619968839, -9.63443967066, 0.00927030925346, 1.28864618526
3.8, 1.03631244454, -9.62165637652, 0.0102508686297, 1.27338360042
3.81, 1.0363880826, -9.60902343027, 0.00367336930518, 1.25855708246
3.82, 1.036405697, -9.59653674036, 0.00031259900166, 1.24410012651
3.83, 1.03644015224, -9.5841929692, 0.00575446338904, 1.22997129283
3.84, 1.0365383762, -9.57198876438, 0.0109111991253, 1.21618813429
3.85, 1.03663959095, -9.55992052269, 0.00695340043926, 1.20277705502
3.86, 1.03667530967, -9.54798434854, 0.000220769493082, 1.18974650871
3.87, 1.03668485921, -9.53617692776, 0.00189458592421, 1.17700818804
3.88, 1.03675106143, -9.52449562459, 0.00918374830305, 1.16453167007
3.89, 1.03686206354, -9.51293727912, 0.00985945988294, 1.15241540292
3.9, 1.03692959606, -9.50149816433, 0.0025672958467, 1.14066739249
3.91, 1.03693589516, -9.49017513977, -0.000672933943579, 1.12917997283
3.92, 1.0369649691, -9.4789657362, 0.00558446441224, 1.11793587543
3.93, 1.03706336975, -9.46786735245, 0.0109191652244, 1.1069814634
3.94, 1.0371612052, -9.45687677675, 0.00626829620214, 1.09635897955
3.95, 1.0371873432, -9.44599101495, -0.000836249259295, 1.08599923585
3.96, 1.0372029776, -9.43520779095, 0.00116751483648, 1.07585781495
3.97, 1.0372523163, -9.42452478654, 0.00707870646562, 1.06594477434
3.98, 1.03734826354, -9.41393965277, 0.00919545252535, 1.05627376834
3.99, 1.03742083763, -9.40344980941, 0.00377148474882, 1.04687387795
4.0, 1.03743701575, -9.39305284147, -0.000314363909233, 1.03768792159
4.01, 1.03745708223, -9.3827468447, 0.00375396496661, 1.02867188969
4.02, 1.03753515275, -9.37253023276, 0.0092122854544, 1.01982350033
4.03, 1.03762812091, -9.36240082809, 0.0068418444802, 1.01122484135
4.04, 1.03766626496, -9.35235617037, 0.000398352677731, 1.00285877215
4.05, 1.03766998284, -9.34239443617, 0.000570567732437, 0.994624495235
4.06, 1.0377172503, -9.33251420076, 0.00712344104376, 0.986559755282
4.07, 1.03781364294, -9.32271380911, 0.00909525882521, 0.978667006686
4.08, 1.03788154635, -9.31299114183, 0.00301100383546, 0.971000332516
4.09, 1.03788904054, -9.30334420217, -0.00112728596738, 0.963503582134
4.1, 1.0379044772, -9.29377163183, 0.00361332880265, 0.956125068548
4.11, 1.03798353189, -9.28427213852, 0.00936622508558, 0.948901454152
4.12, 1.03807539064, -9.27484419438, 0.00642483048855, 0.941816078045
4.13, 1.03810611376, -9.26548588574, -0.000501912133622, 0.934947711274
4.14, 1.03810253259, -9.25619564609, 0.00010434177944, 0.928188876855
4.15, 1.03814912366, -9.24697268883, 0.00731087752966, 0.921505233375
4.16, 1.03824710658, -9.23781573739, 0.00907749474, 0.914992653209
4.17, 1.03831076579, -9.22872288007, 0.00227164676348, 0.908673358111
4.18, 1.03830987911, -9.21969248095, -0.0018868609936, 0.902478309901
4.19, 1.03832162613, -9.21072380487, 0.00359593879524, 0.896339215745
4.2, 1.03840290671, -9.20181598355, 0.0096293403782, 0.890316163126
4.21, 1.03849429915, -9.19296745096, 0.00603573294386, 0.884480523597
4.22, 1.03851771018, -9.18417642655, -0.00138844230155, 0.878791727252
4.23, 1.03850734051, -9.17544183539, -0.000275742146774, 0.873179197122
4.24, 1.03855437845, -9.16676322555, 0.00761593747202, 0.867614076114
4.25, 1.03865480046, -9.15813955995, 0.00910739385751, 0.862195945687
4.26, 1.0387142878, -9.14956916412, 0.00151939794879, 0.856943846491
4.27, 1.03871530828, -9.14105073948, -0.000346201338944, 0.851781899317
4.28, 1.03872394579, -9.13258354773, 0.002254356196, 0.846691695204
4.29, 1.03878777086, -9.1241670708, 0.00801821378949, 0.841661591088
4.3, 1.03887371942, -9.11580018863, 0.00650327557181, 0.836771523307
4.31, 1.03890950767, -9.10748145542, 5.35720234963e-05, 0.832014878885
4.32, 1.03890526045, -9.09921005576, -0.000629067106156, 0.827299571096
4.33, 1.03893812627, -9.09098556531, 0.00566542492657, 0.822639028841
4.34, 1.03902389566, -9.08280717799, 0.00844509432507, 0.818087332502
4.35, 1.03908927952, -9.07467356127, 0.00292638264894, 0.813672853848
4.36, 1.03909341553, -9.06658372294, -0.00181811048106, 0.809321729336
4.37, 1.03909722619, -9.05853718244, 0.00216927004786, 0.805010385791
4.38, 1.03916297372, -9.05053348496, 0.00830948836404, 0.800763268344
4.39, 1.03924962262, -9.04257160913, 0.00628982474125, 0.79664868774
4.4, 1.03927982138, -9.03465022623, -0.00069592607137, 0.792652275836
4.41, 1.03926926543, -9.02676864649, -0.00102989040869, 0.788674189397
4.42, 1.03930212517, -9.01892678634, 0.00594094975566, 0.784718992107
4.43, 1.03939087502, -9.01112404316, 0.00860602201026, 0.780859199742
4.44, 1.03945392613, -9.00335921408, 0.00236804131324, 0.777126807051
4.45, 1.03945097846, -8.99563126913, -0.00249405042257, 0.773462226323
4.46, 1.03945159908, -8.98794006269, 0.00219530261274, 0.769784962783
4.47, 1.03952038176, -8.98028543314, 0.0086968862371, 0.766159549006
4.48, 1.03960829142, -8.97266648583, 0.00609746148859, 0.762646662885
4.49, 1.03963288287, -8.96508207449, -0.00145128018583, 0.759236890642
4.5, 1.03961624293, -8.95753159442, -0.00137639566995, 0.755851363094
4.51, 1.03964993028, -8.95001497354, 0.00631275345271, 0.752474144386
4.52, 1.03974239115, -8.94253175833, 0.00880993227443, 0.749178434175
4.53, 1.03980312053, -8.93508105145, 0.00178530269947, 0.745971576485
4.54, 1.03979291419, -8.92766207259, -0.00316692952613, 0.74281190734
4.55, 1.0397908073, -8.92027470564, 0.00229799974357, 0.739646745231
4.56, 1.03986346592, -8.91291907465, 0.0091592398552, 0.736485576216
4.57, 1.03995290514, -8.90559450181, 0.00589238381814, 0.733433204313
4.58, 1.03997152466, -8.89829992264, -0.00224362481398, 0.730474036754
4.59, 1.03996295142, -8.89103495282, -0.001939044824, 0.727519709481
4.6, 1.03998193839, -8.88379948864, 0.00450218297746, 0.724555199742
4.61, 1.04006327274, -8.87659339884, 0.00860376629724, 0.721655468798
4.62, 1.04013342109, -8.8694159598, 0.00337818752149, 0.718825581637
4.63, 1.04013584362, -8.86226643835, -0.00261443201798, 0.716056461807
4.64, 1.04012642838, -8.85514463202, 0.000664220331798, 0.713277511606
4.65, 1.04018174805, -8.8480507948, 0.00784238597587, 0.710481956558
4.66, 1.04027073982, -8.84098450248, 0.00690714753673, 0.707768275916
4.67, 1.04030483281, -8.83394502888, -0.000761616258742, 0.705109399832
4.68, 1.04028576542, -8.8269320017, -0.00242369079449, 0.702465802889
4.69, 1.04030444969, -8.81994552561, 0.00480786776054, 0.69981247017
4.7, 1.04038983755, -8.81298541061, 0.00891987200304, 0.697203323171
4.71, 1.04045907714, -8.80605087348, 0.00292062190302, 0.694687758016
4.72, 1.04045459345, -8.7991411659, -0.00333274621035, 0.692218138691
4.73, 1.04044144256, -8.79225643227, 0.000658033992895, 0.689695824361
4.74, 1.0405002882, -8.78539695511, 0.00834959637734, 0.687183350126
4.75, 1.0405921042, -8.77856220462, 0.00687078854724, 0.68475860966
4.76, 1.04062144683, -8.77175143142, -0.00150250970732, 0.682376474837
4.77, 1.04061014564, -8.76496429358, -0.0024149731113, 0.680023165277
4.78, 1.04061749162, -8.75820069563, 0.00306391855477, 0.677663874464
4.79, 1.0406890126, -8.75146063438, 0.00824472336836, 0.675325949256
4.8, 1.04076382902, -8.74474371483, 0.00432976338187, 0.673039136962
4.81, 1.04077391922, -8.7380493235, -0.00231533033046, 0.670801260701
4.82, 1.04075847581, -8.73137734439, -0.000591352012635, 0.668549606246
4.83, 1.04080012016, -8.72472817829, 0.00673393809797, 0.666259852739
4.84, 1.04088685082, -8.71810164651, 0.00743359834066, 0.664025873381
4.85, 1.04093038159, -8.71149699326, 0.000175427351886, 0.66187382523
4.86, 1.04091311494, -8.70491386572, -0.00301324056681, 0.659604967045
4.87, 1.04091910713, -8.69835920684, 0.00328816620222, 0.65622867898
4.88, 1.04099473823, -8.69184221653, 0.00864145079452, 0.651990338462
4.89, 1.04106984495, -8.68537744191, 0.00399182406362, 0.645733551177
4.9, 1.04107326481, -8.6789862673, -0.00310995286665, 0.637527554519
4.91, 1.04105215001, -8.67268319684, -0.000849035632021, 0.628104758714
4.92, 1.04109496589, -8.66648038548, 0.0070670867553, 0.617425091144
4.93, 1.04118364533, -8.66039734663, 0.00736849701486, 0.6044272254
4.94, 1.04122166363, -8.65444902705, -0.000714632647735, 0.59045520097
4.95, 1.04121894426, -8.64864591169, -0.00120498730496, 0.575386621832
4.96, 1.04120832995, -8.64299978012, -0.000374272058064, 0.559262805651
4.97, 1.04124519405, -8.6375124222, 0.00566333513077, 0.543580880316
4.98, 1.04131716672, -8.63217954335, 0.00589908544114, 0.528362201104
4.99, 1.04135020895, -8.62699641147, -0.000330862332527, 0.513608997931
5.0, 1.04133285255, -8.62195870021, -0.00281547713377, 0.49925496283
5.01, 1.04133677499, -8.61706272818, 0.0025609467851, 0.485256271542
5.02, 1.0413979731, -8.6123047982, 0.0067805285432, 0.471647677314
5.03, 1.04145558357, -8.60768074544, 0.00260759734847, 0.458466943646
5.04, 1.04145238281, -8.60318645313, -0.00322948200936, 0.445671259687
5.05, 1.04143113194, -8.59881847076, -0.00105741037869, 0.433191622535
5.06, 1.04146464842, -8.59457371132, 0.00551233019762, 0.421029729277
5.07, 1.04153401748, -8.59044868977, 0.00541744878283, 0.40924068664
5.08, 1.04155862696, -8.5864395956, -0.00141963550033, 0.397823570103
5.09, 1.04153054393, -8.58254306323, -0.00373296607923, 0.386707613089
5.1, 1.04152929854, -8.57875637749, 0.00235868900289, 0.375853002174
5.11, 1.04158990103, -8.57507673514, 0.00668076616781, 0.365303745253
5.12, 1.0416431277, -8.5715007921, 0.00184674048733, 0.355101054748
5.13, 1.04162991902, -8.56802525733, -0.00429124777172, 0.345198654644
5.14, 1.0416008995, -8.56464754343, -0.00151358338897, 0.335526695131
5.15, 1.04163341564, -8.56136539278, 0.00558964825714, 0.326093001678
5.16, 1.04170205782, -8.5581760626, 0.00508630622195, 0.3169613794
5.17, 1.04171937017, -8.55507645225, -0.00240960303706, 0.308129073999
5.18, 1.04168174035, -8.55206394632, -0.00450506257672, 0.299521496026
5.19, 1.04167709838, -8.54913659255, 0.00235458754515, 0.291100883979
5.2, 1.04173891829, -8.54629227784, 0.00673598358875, 0.282921312017
5.21, 1.04178885684, -8.54352827708, 0.00115834467741, 0.275026887256
5.22, 1.04176633824, -8.54084193775, -0.00526892195416, 0.267366345192
5.23, 1.04173076584, -8.53823135373, -0.00181404492516, 0.259867941841
5.24, 1.04176399518, -8.53569492066, 0.00583381482594, 0.252546854805
5.25, 1.04183317361, -8.53323045539, 0.00484325222486, 0.245474361096
5.26, 1.04184374452, -8.53083539631, -0.00335638840521, 0.238645938269
5.27, 1.04181150845, -8.52850780087, -0.0047521248448, 0.231976435627
5.28, 1.04179297291, -8.52624609948, 0.000365456271095, 0.225456417854
5.29, 1.04183876492, -8.52404878921, 0.00586795788814, 0.219108246079
5.3, 1.04189254866, -8.52191380438, 0.00239678712993, 0.212986112524
5.31, 1.041882728, -8.51983895546, -0.00445946261764, 0.207061211196
5.32, 1.04184264199, -8.51782267301, -0.00329143333199, 0.201262406936
5.33, 1.04185659573, -8.51586382069, 0.00403255985974, 0.195584113001
5.34, 1.04191912781, -8.51396083879, 0.00526733703677, 0.190092909627
5.35, 1.0419424697, -8.5121116771, -0.00183430780522, 0.184805678856
5.36, 1.04190253631, -8.51031461177, -0.00554384077463, 0.179655446697
5.37, 1.04188068784, -8.50856861251, 0.000398008382728, 0.174594130325
5.38, 1.0419290038, -8.50687261743, 0.00613852400971, 0.169666327129
5.39, 1.04198217143, -8.50522491447, 0.00198525599584, 0.164930805935
5.4, 1.04196501485, -8.50362367854, -0.00532169465706, 0.160352952156
5.41, 1.04191872902, -8.50206776205, -0.00359036759414, 0.155857745032
5.42, 1.04193388752, -8.50055644188, 0.00439766985456, 0.151445394814
5.43, 1.0419991389, -8.49908848985, 0.00530076966941, 0.147190249195
5.44, 1.04201830845, -8.49766215474, -0.00257735878283, 0.143107146741
5.45, 1.04198355318, -8.49627613729, -0.00501701123848, 0.13911494074
5.46, 1.04195311971, -8.49492962351, -0.00129035060842, 0.135200773648
5.47, 1.04198476089, -8.49362187894, 0.00495596751682, 0.131373736386
5.48, 1.04203848256, -8.49235165567, 0.00302594546902, 0.127696613439
5.49, 1.04203571184, -8.49111743507, -0.00404424427336, 0.124156890376
5.5, 1.04199091205, -8.48991821172, -0.00450280300026, 0.120685515797
5.51, 1.04198911713, -8.48875349386, 0.00251045117061, 0.117264445772
5.52, 1.04204435878, -8.48762247258, 0.00531481418213, 0.113955396147
5.53, 1.042074707, -8.48652376688, -0.000917120768115, 0.110791495558
5.54, 1.04203817202, -8.48545616319, -0.00591920238158, 0.107717360136
5.55, 1.04200410676, -8.48441913307, -0.00127936645884, 0.104676413937
5.56, 1.04203877402, -8.48341225567, 0.00535384752352, 0.101700404614
5.57, 1.04209389747, -8.48243448076, 0.00284738210202, 0.0988561208071
5.58, 1.04208559661, -8.48148448926, -0.00479622711258, 0.0961266160547
5.59, 1.04203474737, -8.48056153609, -0.00484484981221, 0.0934376841193
5.6, 1.04203392915, -8.47966539971, 0.00290378888437, 0.0907743859861
5.61, 1.04209317451, -8.47879547148, 0.00555154971216, 0.0882060631334
5.62, 1.04212149431, -8.47795052653, -0.00147544387488, 0.0857670647005
5.63, 1.04207790393, -8.47712955233, -0.00657476994867, 0.0833941838309
5.64, 1.04204131656, -8.47633227507, -0.00115045976946, 0.0810290073899
5.65, 1.04208020143, -8.47555848703, 0.00585408874028, 0.078711813505
5.66, 1.0421372766, -8.47480727711, 0.00268308505941, 0.0765134774497
5.67, 1.04212335231, -8.47407747053, -0.00556031545694, 0.0744128577626
5.68, 1.04208083998, -8.47336862353, -0.00538092149346, 0.0723285420593
5.69, 1.04206562519, -8.47268047807, 0.00113105097631, 0.0702640895938
5.7, 1.04211419036, -8.47201272722, 0.00539518780222, 0.0682618144702
5.71, 1.04215239159, -8.47136442133, 0.000157482369235, 0.0663697093096
5.72, 1.04212175336, -8.47073462473, -0.00599365811724, 0.0645432729688
5.73, 1.04207815423, -8.47012307, -0.00275245355463, 0.0627181980303
5.74, 1.04210012495, -8.46952973708, 0.00458641044821, 0.060912991158
5.75, 1.04215727993, -8.46895401971, 0.00374922720942, 0.0591996622245
5.76, 1.04215928046, -8.46839490083, -0.00404085802454, 0.0575786731052
5.77, 1.042106588, -8.46785182961, -0.00583472622079, 0.0559771440249
5.78, 1.0420914579, -8.46732486975, 0.00148333324899, 0.0543655955793
5.79, 1.04214464171, -8.46681382737, 0.00577054806416, 0.0528071068647
5.8, 1.04218247741, -8.46631782446, -0.000250762497094, 0.0513509619677
5.81, 1.04214533039, -8.46583603198, -0.00667918433667, 0.0499468455296
5.82, 1.04209834886, -8.46536835211, -0.0027175119388, 0.0485268519297
5.83, 1.04212435184, -8.46491491391, 0.00515297477196, 0.047114780527
5.84, 1.04218494223, -8.46447518101, 0.00377154631882, 0.0457901179033
5.85, 1.04218269298, -8.46404820028, -0.00473809751325, 0.044548625051
5.86, 1.04213815276, -8.46363363891, -0.00578955927114, 0.0433059312344
5.87, 1.04211210373, -8.4632314937, -0.000209587001267, 0.0420600623639
5.88, 1.04215201191, -8.46284174483, 0.00515817788634, 0.0408411112115
5.89, 1.04219603575, -8.46246374745, 0.00121270692575, 0.0397078200139
5.9, 1.04217390633, -8.46209672856, -0.00562480586389, 0.0386293750516
5.91, 1.04212502132, -8.46174052832, -0.00392247243691, 0.0375380735183
5.92, 1.04213436892, -8.46139535496, 0.00359953568471, 0.0364377864093
5.93, 1.04219052735, -8.46106091485, 0.00439883091306, 0.0353996389161
5.94, 1.04220301315, -8.46073639927, -0.00301586857808, 0.0344409298071
