timestamp, prius1 x posi, prius1 y posi, prius1 x vel, prius1 y vel.
0.0, 0.0, 0.0, 0.0, 0.0
0.00999999999999, -0.999993812264, 24.9973586842, 0.00148301825059, -0.155427643224
0.02, -0.999985364246, 24.9954918441, -0.00123930725971, -0.203321193549
0.03, -1.00000374043, 24.9931505728, -0.00304243450661, -0.250378304425
0.04, -1.0000182588, 24.9903430097, -0.000913658068605, -0.296636238339
0.05, -1.00000421784, 24.9870769968, 0.00165982331377, -0.342118968705
0.06, -0.999984308025, 24.9833601905, 0.000360060315822, -0.38684348733
0.07, -0.999991612904, 24.9792001123, -0.00272786494009, -0.43082016072
0.08, -1.00001431934, 24.9746042022, -0.00246820628544, -0.474056286516
0.09, -1.00001468463, 24.9695798078, 0.000753919403525, -0.516564294099
0.1, -0.999991976575, 24.9640375604, 0.00156473670914, -0.584446275535
0.11, -0.999984523787, 24.9576699915, -0.00149588610906, -0.671348123995
0.12, -1.00000554421, 24.9504336557, -0.00332265170026, -0.759469918061
0.13, -1.00002044657, 24.9423218987, -0.000823239079336, -0.847783316287
0.14, -1.00000408933, 24.933334659, 0.00188801866216, -0.936037165941
0.15, -0.999983283313, 24.9234722161, 0.000272860082775, -1.02427591102
0.16, -0.999992814692, 24.9127346234, -0.00303449547199, -1.11251837607
0.17, -1.00001719773, 24.9011218944, -0.00251406357294, -1.20076046516
0.18, -1.00001577412, 24.8886341632, 0.00101509741134, -1.28864300554
0.19, -0.999990641787, 24.875275819, 0.00166481715137, -1.37521337514
0.2, -0.999983812422, 24.8610570526, -0.00170523945798, -1.46072922316
0.21, -1.0000072959, 24.8459884255, -0.00350236528115, -1.54519186924
0.22, -1.00002232582, 24.8300804515, -0.000665607120682, -1.62860874855
0.23, -1.00000350769, 24.8133435059, 0.00213511419119, -1.7109975289
0.24, -0.999981768897, 24.7957877726, 0.000200802496701, -1.7923759914
0.25, -0.99999348764, 24.777423295, -0.00330455633151, -1.87275406478
0.26, -1.00001946818, 24.7582600483, -0.00251412092983, -1.95213804878
0.27, -1.00001617013, 24.7383079211, 0.00132372807485, -2.0305407349
0.28, -0.999988470674, 24.717576632, 0.00181239084879, -2.10798072931
0.29, -0.999982434164, 24.6960757303, -0.00194144459278, -2.18447127629
0.3, -1.00000865939, 24.6738146793, -0.00371235545987, -2.26001824386
0.31, -1.00002371984, 24.6508055452, -0.000478692181989, -2.33450482969
0.32, -1.00000196948, 24.6270623803, 0.00244055788939, -2.40814756675
0.33, -0.999978994946, 24.6025939933, 0.00014145894649, -2.48095030831
0.34, -0.99999311606, 24.5774089823, -0.00361454642034, -2.55287076182
0.35, -1.00002103823, 24.5515161152, -0.00253921078663, -2.62390092332
0.36, -1.00001582377, 24.5249241727, 0.00165043805165, -2.69405343852
0.37, -0.999985361519, 24.4976417675, 0.0019694259138, -2.763345523
0.38, -0.999980191844, 24.4696773529, -0.00219947481923, -2.83178467855
0.39, -1.00000939934, 24.4410409576, -0.00394582067865, -2.89836158719
0.4, -1.00002449709, 24.4117492606, -0.000279700547921, -2.96302458193
0.41, -0.999999704634, 24.3818204465, 0.00274422147006, -3.02588103648
0.42, -0.999975805217, 24.3512721971, 3.16550736372e-05, -3.0869870443
0.43, -0.999992896204, 24.3201217293, -0.00397053506556, -3.14638749824
0.44, -1.00002294637, 24.288385869, -0.00255452136073, -3.2041225915
0.45, -1.00001559288, 24.2560810226, 0.00200364881598, -3.26023959573
0.46, -0.999982379905, 24.2232230864, 0.00210463316419, -3.31479007081
0.47, -0.999978567478, 24.1898274704, -0.00250944030247, -3.36781953881
0.48, -1.00001107549, 24.1559091963, -0.00417199646772, -3.41936357948
0.49, -1.00002590792, 24.1214829371, -2.96371880779e-05, -3.46945989142
0.5, -0.999997746891, 24.0865629363, 0.00306541642937, -3.51815550252
0.51, -0.999973079119, 24.0511629603, -0.000108886028438, -3.56549521242
0.52, -0.99999344013, 24.0152963832, -0.00434011834096, -3.6115126737
0.53, -1.00002547427, 23.9789762814, -0.00253095161645, -3.65623734578
0.54, -1.0000155574, 23.9422154016, 0.00239242992297, -3.69970733964
0.55, -0.999979555785, 23.9050260644, 0.00221642590407, -3.74196614861
0.56, -0.999977515109, 23.8674201903, -0.00286459767724, -3.7830482126
0.57, -1.0000135637, 23.8294094134, -0.00440216770567, -3.82297855335
0.58, -1.00002788364, 23.7910051198, 0.000257827007267, -3.86178551892
0.59, -0.999996036421, 23.7522183513, 0.00340013627246, -3.89950796818
0.6, -0.999970744222, 23.7130597558, -0.000286633889667, -3.93618198376
0.61, -0.9999947581, 23.6735396805, -0.0047408170498, -3.97183187781
0.62, -1.00002877928, 23.633668267, -0.0024854433904, -4.00647826949
0.63, -1.0000159366, 23.5934554087, 0.00281399479922, -4.0401518734
0.64, -0.999977056404, 23.552910643, 0.00230972882471, -4.07288896741
0.65, -0.999977172181, 23.5120431844, -0.00326780599794, -4.10471585398
0.66, -1.00001704086, 23.4708620446, -0.00463904785141, -4.13564928721
0.67, -1.00003061866, 23.4293760654, 0.000581667310028, -4.16571051008
0.68, -0.999994799396, 23.3875938078, 0.00374321827386, -4.19493233548
0.69, -0.999969101281, 23.3455235019, -0.000509775013992, -4.22334405109
0.7, -0.999997215914, 23.3031731496, -0.00517646156116, -4.25096249441
0.71, -1.00003323647, 23.2605506215, -0.00241652353917, -4.27780133393
0.72, -1.00001709822, 23.2176636011, 0.00326826260166, -4.30388581665
0.73, -0.999975283869, 23.1745194679, 0.00237940055104, -4.32924678149
0.74, -0.999977995706, 23.1311253392, -0.00372283920716, -4.35390403745
0.75, -1.00002197082, 23.0874881958, -0.00488014709521, -4.37786771724
0.76, -1.00003453933, 23.0436149109, 0.000946217753435, -4.40115365608
0.77, -0.999994448505, 22.9995121227, 0.00409370319962, -4.42379028008
0.78, -0.99996859895, 22.9551861864, -0.00078218053246, -4.44580155451
0.79, -1.00000128645, 22.9106432869, -0.00564645692973, -4.46719827743
0.8, -1.00003928297, 22.8658895373, -0.00231830215041, -4.48798862562
0.81, -1.00001943304, 22.8209309104, 0.003758184938, -4.50819390925
0.82, -0.999974634151, 22.7757731122, 0.00242323907354, -4.52784089776
0.83, -0.999980411341, 22.7304216333, -0.00423122115201, -4.54694416809
0.84, -1.00002875712, 22.6848818831, -0.00511938568945, -4.56550846925
0.85, -1.0000399715, 22.6391592117, 0.00135977429147, -4.58354557692
0.86, -0.99999525786, 22.5932587669, 0.00445403265106, -4.60108084788
0.87, -0.999969517777, 22.5471854492, -0.00110572416513, -4.61813404886
0.88, -1.00000724437, 22.5009440357, -0.00614678257357, -4.63471100612
0.89, -1.00004711834, 22.4545392808, -0.00218092348476, -4.65081554907
0.9, -1.00002304807, 22.4079758325, 0.00429151785312, -4.66646627434
0.91, -0.999975178682, 22.3612580983, 0.00244195171456, -4.68168693224
0.92, -0.999984487607, 22.3143903072, -0.00479128949097, -4.69648781792
0.93, -1.00003741758, 22.2673766527, -0.00534831758392, -4.71086925441
0.94, -1.00004682818, 22.2202213074, 0.0018326521769, -4.72484001738
0.95, -0.999997070266, 22.1729282634, 0.00482839695384, -4.73842343737
0.96, -0.99997168575, 22.1255012918, -0.00147891860262, -4.75163593209
0.97, -1.00001488478, 22.0779440791, -0.00667174495194, -4.76447918872
0.98, -1.00005644326, 22.0302603298, -0.00199227529207, -4.77695353429
0.99, -1.00002753519, 21.9824536668, 0.00487683772142, -4.78907583987
1.0, -0.999976473064, 21.9345274887, 0.00243605623261, -4.80086770298
1.01, -0.999989774324, 21.8864850459, -0.00540015375712, -4.81233582049
1.02, -1.00004742285, 21.8383295915, -0.00555527014974, -4.82347677171
1.03, -1.00005446268, 21.7900643887, 0.00237650217379, -4.83429721659
1.04, -0.999999163335, 21.7416925331, 0.00522082453575, -4.84481928301
1.05, -0.99997437369, 21.6932169182, -0.00190290817404, -4.85505672676
1.06, -1.0000234613, 21.6446403852, -0.00721470631172, -4.86500761117
1.07, -1.00006640745, 21.5959658291, -0.0017404034898, -4.87466944498
1.08, -1.00003195687, 21.5471960796, 0.00551887211842, -4.88405824469
1.09, -0.999977586189, 21.4983337508, 0.00240119639081, -4.89319409067
1.1, -0.999995403637, 21.4493813328, -0.00606379769581, -4.90208056899
1.11, -1.00005795194, 21.4003413526, -0.0057422622773, -4.91071106361
1.12, -1.00006205679, 21.3512163717, 0.00299026102385, -4.91909077628
1.13, -1.00000078434, 21.3020087897, 0.00561937628296, -4.92724137958
1.14, -0.999976995924, 21.2527208168, -0.00239543871784, -4.93517434808
1.15, -1.00003253652, 21.20335464, -0.00778835040235, -4.94288463711
1.16, -1.00007668333, 21.1539125303, -0.0014345175757, -4.95036744793
1.17, -1.00003610017, 21.1043967032, 0.00620422419133, -4.95763860833
1.18, -0.999978468241, 21.0548091623, 0.00232055550676, -4.96471712384
1.19, -1.00000146503, 21.0051518072, -0.00679205923449, -4.97160386956
1.2, -1.00006910347, 20.9554266046, -0.00590420929728, -4.97828937856
1.21, -1.00006964982, 20.905635576, 0.0036778323534, -4.98477806624
1.22, -1.00000198857, 20.8557805789, 0.00601914883839, -4.99109163366
1.23, -0.999979671463, 20.8058632919, -0.00296063741639, -4.99723966227
1.24, -1.00004223036, 20.7558853952, -0.0083870731, -5.00321422919
1.25, -1.00008726247, 20.7058486802, -0.00106042675728, -5.00900869651
1.26, -1.00003984095, 20.6557548874, 0.00693969292456, -5.01463929136
1.27, -0.999979009906, 20.6056055436, 0.00218818608984, -5.02012428406
1.28, -1.00000791767, 20.5554020894, -0.0075892888084, -5.02546208349
1.29, -1.00006658674, 20.5051460766, -0.00629485868583, -5.03064071355
1.3, -1.00007933258, 20.4548390622, 0.00215614050939, -5.03566644346
1.31, -1.00002043603, 20.4044825128, 0.00597845508313, -5.04055539813
1.32, -0.999988095043, 20.35407772, -0.00137174639489, -5.04531830224
1.33, -1.00003792061, 20.3036259596, -0.00777122869793, -5.04994876439
1.34, -1.0000885491, 20.2531286159, -0.00244110051315, -5.05443824505
1.35, -1.00005575896, 20.2025870662, 0.0058684250607, -5.05879803466
1.36, -0.999993985239, 20.1520025027, 0.00325096583988, -5.06304597966
1.37, -1.0000075132, 20.1013760186, -0.00612078335084, -5.06718256938
1.38, -1.00007608254, 20.0507087835, -0.0066158652893, -5.0711962129
1.39, -1.0000865298, 20.000002059, 0.00276275457583, -5.07508668677
1.4, -1.00002122021, 19.9492569841, 0.00643997206995, -5.07887315991
1.41, -0.999989567625, 19.8984745264, -0.00187792418988, -5.08256521101
1.42, -1.00004654646, 19.8476556563, -0.00844672355705, -5.08615425491
1.43, -1.00009919176, 19.7968014747, -0.00217944903324, -5.08963014033
1.44, -1.00006002633, 19.7459130769, 0.00662434026041, -5.09300511129
1.45, -0.99999422429, 19.6949913655, 0.00322468905013, -5.09629695436
1.46, -1.00001304016, 19.6440371538, -0.00691522005771, -5.09950436271
1.47, -1.00007340937, 19.5930513709, -0.00712457929594, -5.10261359506
1.48, -1.00009699245, 19.5420349858, 0.00119490508183, -5.10562659564
1.49, -1.00004005975, 19.4909889143, 0.00649682491047, -5.10855740061
1.5, -0.999997351665, 19.4399138981, -0.000215089869307, -5.11141759272
1.51, -1.0000416914, 19.3888106581, -0.00791036033897, -5.11420042959
1.52, -1.00010105766, 19.3376800402, -0.00366757427314, -5.11689407
1.53, -1.00007684371, 19.2865229267, 0.00559342339141, -5.11950615571
1.54, -1.00000909504, 19.2353400306, 0.00440662750205, -5.1220547785
1.55, -1.00001189117, 19.1841319563, -0.00545074181353, -5.12454114957
1.56, -1.00008295526, 19.1328993853, -0.00757042586042, -5.12695217611
1.57, -1.00010521684, 19.0816431248, 0.00175711643565, -5.12928338587
1.58, -1.00004138864, 19.0303638934, 0.00706987192143, -5.13155245111
1.59, -0.999998215249, 18.9790622333, -0.000638885418469, -5.13377037661
1.6, -1.00004510857, 18.9277386475, -0.00396754695063, -5.13596057637
1.61, -1.00009967142, 18.8763939278, -0.00440708853271, -5.13801430685
1.62, -1.00008877989, 18.8250286452, 0.00418476699253, -5.1400364803
1.63, -1.00002677578, 18.7736434083, 0.00473088984725, -5.14200933963
1.64, -1.00001755087, 18.7222386708, -0.00386804817171, -5.14393621731
1.65, -1.00007841236, 18.6708149394, -0.00734177692982, -5.1458058738
1.66, -1.00010925973, 18.6193728448, 0.000243533170603, -5.14761168241
1.67, -1.0000585786, 18.5679129699, 0.00633896045263, -5.14936745849
1.68, -1.00001096933, 18.5164357349, 0.000670620332713, -5.15108523919
1.69, -1.00004756794, 18.4649415312, -0.00747444719576, -5.15275881457
1.7, -1.00010953264, 18.4134308747, -0.00444139143734, -5.15437523635
1.71, -1.00009426139, 18.3619043437, 0.00487426641409, -5.15593905807
1.72, -1.00002702491, 18.3103623701, 0.00493964536058, -5.15746751762
1.73, -1.00002099364, 18.2588052719, -0.00454550101626, -5.15896287994
1.74, -1.00008866146, 18.2072334356, -0.0078193179479, -5.16041224343
1.75, -1.00011887617, 18.1556473857, 0.000743486484205, -5.16180849558
1.76, -1.00006129555, 18.104047589, 0.00697123939918, -5.16316708675
1.77, -1.0000122057, 18.0524343415, 0.000356755233204, -5.16449967358
1.78, -1.00005079515, 18.0008078882, -0.00353917476609, -5.165830661
1.79, -1.00010863946, 17.9491687604, -0.00527944755976, -5.16705039908
1.8, -1.00010734812, 17.8975172957, 0.00344949215901, -5.1682603956
1.81, -1.0000452827, 17.8458538897, 0.00536737290074, -5.1694425738
1.82, -1.00002627633, 17.7941787745, -0.0029029782303, -5.17060164626
1.83, -1.00008391844, 17.7424922234, -0.00766791849934, -5.17172663948
1.84, -1.00012367099, 17.690794646, -0.000850109630956, -5.17280839838
1.85, -1.00007930601, 17.6390864351, 0.00629831960922, -5.17385853273
1.86, -1.00002477921, 17.587367823, 0.00177080578054, -5.17489013616
1.87, -1.00005263052, 17.5356389978, -0.00706386777342, -5.17589836511
1.88, -1.00011872295, 17.4839002689, -0.00542713702571, -5.17686913344
1.89, -1.00011379337, 17.4321520358, 0.00412188918175, -5.17780366293
1.9, -1.000045862, 17.3803945711, 0.00568838709662, -5.17871920272
1.91, -1.00002905306, 17.3286280207, -0.00352224385519, -5.17961970415
1.92, -1.00009377246, 17.2768525851, -0.00823620549027, -5.18049259835
1.93, -1.00013395387, 17.2250686152, -0.000436236589013, -5.18132815919
1.94, -1.00008272975, 17.1732764367, 0.0069983420768, -5.18213964336
1.95, -1.00002561056, 17.1214762023, 0.00157074728886, -5.18294042435
1.96, -1.0000597079, 17.0696680285, -0.00785842555961, -5.18372420471
1.97, -1.00011647887, 17.017852186, -0.00575742036925, -5.18447554447
1.98, -1.00012326932, 16.9660289744, 0.00262014076972, -5.1851986502
1.99, -1.00006437856, 16.9141986289, 0.00558686180513, -5.18590610588
2.0, -1.00003816746, 16.862361254, -0.0019779543215, -5.18660396851
2.01, -1.0000901013, 16.8105169824, -0.00757467324382, -5.18728204797
2.02, -1.00013521899, 16.7586660838, -0.00175495440512, -5.18792980187
2.03, -1.00009843346, 16.7068088365, 0.00590318870961, -5.18855653584
2.04, -1.00004094705, 16.6549453664, 0.00256497835732, -5.18917594478
2.05, -1.00006002202, 16.6030757427, -0.00638757530533, -5.18978454201
2.06, -1.00012613309, 16.5512001455, -0.00600583771238, -5.19036816242
2.07, -1.00013013628, 16.4993188613, 0.00323950607918, -5.19092555727
2.08, -1.00006520077, 16.4474320717, 0.00597979466715, -5.19147299844
2.09, -1.0000402923, 16.395539825, -0.00252179209923, -5.1920160231
2.1, -1.00009921665, 16.343642209, -0.00819504366817, -5.192542998
2.11, -1.00014568695, 16.2917394626, -0.00143956154933, -5.19304269079
2.12, -1.0001024866, 16.2398318264, 0.00661852181121, -5.19352597626
2.13, -1.00004165165, 16.1879193747, 0.00246811002291, -5.19400709191
2.14, -1.00006629167, 16.1360021303, -0.0071648972717, -5.19448128641
2.15, -1.00013781485, 16.0840802424, -0.00617980827522, -5.19493307801
2.16, -1.00013806652, 16.0321539721, 0.00396352546995, -5.1953618369
2.17, -1.00006641336, 15.9802234587, 0.00639574823152, -5.19578543679
2.18, -1.00004311612, 15.9282887036, -0.0031260090888, -5.19620879596
2.19, -1.00009634288, 15.8763497743, -0.00764245846739, -5.19661723489
2.2, -1.00015031662, 15.8244068579, -0.00291706911709, -5.19700519519
2.21, -1.00012053702, 15.7724601665, 0.00582218316082, -5.19737712497
2.22, -1.00005580704, 15.7205567859, 0.00375695966577, -5.18908873733
2.23, -1.00006499527, 15.6687308072, -0.00586778448874, -5.18138389458
2.24, -1.00012072445, 15.6169809417, -0.00659852486127, -5.17386583606
2.25, -1.00014777766, 15.56530521, 0.000256920249582, -5.1665495344
2.26, -1.00010123567, 15.5137015948, 0.00571064289684, -5.1594396289
2.27, -1.00005832439, 15.4621680033, 0.00049959605739, -5.15253889461
2.28, -1.00009190133, 15.4107023914, -0.00684742697809, -5.14583455419
2.29, -1.0001477668, 15.3593028964, -0.00402096961114, -5.1393083173
2.3, -1.00013329724, 15.3079677758, 0.00440612497243, -5.13295792131
2.31, -1.00007237271, 15.2567196301, 0.0043792004722, -5.12059073231
2.32, -1.00006748859, 15.2056116156, -0.00422775933212, -5.106477313
2.33, -1.00012897779, 15.1546429088, -0.00711403779207, -5.09272272765
2.34, -1.00015582805, 15.1038098497, 0.00068430936285, -5.07933798878
2.35, -1.00010332454, 15.0531087117, 0.00625909965685, -5.06633043689
2.36, -1.00005931045, 15.0025357178, 0.000198036814251, -5.05369812933
2.37, -1.00009909327, 14.952087193, -0.00754813587996, -5.0414223201
2.38, -1.00015856358, 14.9017597041, -0.00397847151138, -5.02947921901
2.39, -1.00013927608, 14.8515499805, 0.0051141849999, -5.01786346868
2.4, -1.00007327052, 14.801454709, 0.0045609263616, -5.00658135366
2.41, -1.00007176809, 14.7514764681, -0.00490791154554, -4.99166160582
2.42, -1.00013968758, 14.7017267822, -0.00752961117764, -4.96438983303
2.43, -1.00016529984, 14.6522442374, 0.00123959107403, -4.93794795442
2.44, -1.0001058662, 14.6030225058, 0.00687541866131, -4.91221848167
2.45, -1.00006080212, 14.5540542837, -0.000146137594044, -4.88722216494
2.46, -1.00010271002, 14.505332344, -0.00367783487811, -4.86296124462
2.47, -1.00015767038, 14.4568499576, -0.00472806671774, -4.83930616199
2.48, -1.00015160909, 14.4086004055, 0.00374540266808, -4.81633723152
2.49, -1.00009090261, 14.3605772165, 0.00493724772854, -4.79401718949
2.5, -1.00007716898, 14.3127739581, -0.00331951202755, -4.77233086306
2.51, -1.00013516189, 14.2651844336, -0.00733965441774, -4.75124866757
2.52, -1.00016963435, 14.2178210251, -0.000292331461869, -4.72332017544
2.53, -1.00012309981, 14.1708003389, 0.00618819689897, -4.68699055023
2.54, -1.0000732174, 14.1241377126, 0.00119714030989, -4.65163522854
2.55, -1.00010485479, 14.077823623, -0.00710650294527, -4.61725478811
2.56, -1.00016748774, 14.0318484008, -0.00481293326607, -4.583828941
2.57, -1.00015750451, 13.986202673, 0.00441617853264, -4.55133137801
2.58, -1.00009134213, 13.9408772167, 0.00520516155186, -4.51975043014
2.59, -1.00008021255, 13.8958629634, -0.00394355654857, -4.48906267507
2.6, -1.00014496206, 13.851151165, -0.00784069997243, -4.45922997973
2.61, -1.00017934034, 13.8067434083, 0.000130511554284, -4.42493750249
2.62, -1.00012696783, 13.76275025, 0.00675586427906, -4.38022402881
2.63, -1.00007480097, 13.7191969019, 0.00109021527185, -4.3367829062
2.64, -1.00010632144, 13.6760717985, -0.00320665652459, -4.29456679132
2.65, -1.00016523024, 13.6333631733, -0.00576112406822, -4.25346362545
2.66, -1.00017069521, 13.5910593533, 0.00286938814721, -4.21353401156
2.67, -1.00010987058, 13.5491490706, 0.00572032718047, -4.17472636556
2.68, -1.00008427279, 13.5076212194, -0.00213706978947, -4.137014473
2.69, -1.00013832457, 13.4664650399, -0.00771729796205, -4.10035684939
2.7, -1.00018348075, 13.4256702175, -0.00159231313449, -4.0647127715
2.71, -1.00014446449, 13.3852267389, 0.00615413857116, -4.03006290388
2.72, -1.00008602963, 13.3451735481, 0.00254388635862, -3.98398852149
2.73, -1.00010683233, 13.3056110056, -0.00658004391911, -3.93500769527
2.74, -1.00016063983, 13.2665316695, -0.00556574011822, -3.88732398465
2.75, -1.00017440793, 13.2279223769, 0.00147678681047, -3.84095997564
2.76, -1.00012525292, 13.1897700274, 0.00512360780668, -3.79589831146
2.77, -1.00009490622, 13.1520617511, -0.000888946652008, -3.75210717623
2.78, -1.00013526141, 13.114785059, -0.00666075046209, -3.70954195508
2.79, -1.0001804463, 13.0779279363, -0.00248564631214, -3.66815751723
2.8, -1.00015526439, 13.0414787384, 0.00479580954413, -3.62792637678
2.81, -1.00010139896, 13.0054260246, 0.003005980475, -3.58882879767
2.82, -1.00010957877, 12.9698074368, -0.0050291811522, -3.53842740048
2.83, -1.00016796842, 12.9347222074, -0.00591063997781, -3.48522840491
2.84, -1.00018016815, 12.9001617762, 0.00197271821961, -3.43344383822
2.85, -1.00012558094, 12.8661117694, 0.00554226516101, -3.3831040015
2.86, -1.00009550031, 12.8325578343, -0.00128366920514, -3.33418518388
2.87, -1.00014179937, 12.7994860156, -0.00724106314994, -3.28663627172
2.88, -1.00018894353, 12.7668828911, -0.00229229580418, -3.24040661164
2.89, -1.00015851021, 12.7347354468, 0.00544407558333, -3.19546602118
2.9, -1.00010095762, 12.7030308976, 0.0030271196403, -3.15179172073
2.91, -1.00011332, 12.6717567537, -0.0056877221105, -3.10934595086
2.92, -1.00017694993, 12.6409122654, -0.00616228958552, -3.06235873493
2.93, -1.00018658017, 12.6106059029, 0.002566568158, -3.00575692766
2.94, -1.00012572685, 12.5808568726, 0.00600164257309, -2.95072962005
2.95, -1.00009608769, 12.5516502831, -0.00172801374589, -2.89722864414
2.96, -1.00014883761, 12.5229709564, -0.00784382730305, -2.84522647379
2.97, -1.00019760668, 12.4948042091, -0.0020239241518, -2.79466871815
2.98, -1.00016102808, 12.4671357987, 0.00616504381707, -2.74552164559
2.99, -1.00009962415, 12.4399517369, 0.00301195113227, -2.69775959371
3.0, -1.00011683886, 12.413239416, -0.00641455202825, -2.65029261807
3.01, -1.000172146, 12.3870857533, -0.00596515443724, -2.58807572798
3.02, -1.00019013964, 12.3615391018, 0.00117686843771, -2.52807216292
3.03, -1.00014064126, 12.3365841186, 0.00546115943885, -2.46970919762
3.04, -1.00010561079, 12.3122043008, -0.000425826361719, -2.41298836986
3.05, -1.00014444881, 12.2883834793, -0.0068014152584, -2.35785836014
3.06, -1.00019358549, 12.2651060613, -0.00295762042199, -2.30426102082
3.07, -1.0001709568, 12.2423569435, 0.00482424357632, -2.25215772941
3.08, -1.00011359831, 12.2201213236, 0.00354183854017, -2.2015199813
3.09, -1.00011769252, 12.1983847401, -0.00483651870703, -2.15230605499
3.1, -1.0001779956, 12.1771332202, -0.00636089122227, -2.10446332647
3.11, -1.00019497729, 12.1563900837, 0.00160264646477, -2.05031080913
3.12, -1.00013990872, 12.1361866457, 0.00594420575683, -1.99700252353
3.13, -1.00010391235, 12.1165087336, -0.000699178729502, -1.9451697277
3.14, -1.00014823378, 12.0973416629, -0.0074204601218, -1.8947869109
3.15, -1.00020046374, 12.0786712047, -0.00291343421671, -1.8458039
3.16, -1.00017342502, 12.0604835671, 0.00545731174323, -1.79818627891
3.17, -1.00011146649, 12.0427652114, 0.00370222571691, -1.75190982175
3.18, -1.0001185379, 12.0255029041, -0.00543804147078, -1.7069355757
3.19, -1.00018455465, 12.0086838775, -0.00673344705232, -1.66321305767
3.2, -1.00020014817, 11.9922975961, 0.002132031348, -1.61964028429
3.21, -1.00013879534, 11.9763600371, 0.00644300490153, -1.57432154686
3.22, -1.00010245306, 11.9608687364, -0.00108127627605, -1.5302951786
3.23, -1.00014842342, 11.9458113466, -0.00355625380052, -1.48752522233
3.24, -1.00019530388, 11.931175926, -0.00358827402283, -1.44588048325
3.25, -1.00018124674, 11.9169506421, 0.00404143995153, -1.40542658191
3.26, -1.00012538707, 11.9031240476, 0.00397249842938, -1.36611115784
3.27, -1.00012068486, 11.889684897, -0.00385339832016, -1.32790329847
3.28, -1.00017601926, 11.876622326, -0.00643811575357, -1.29076038617
3.29, -1.00019958659, 11.8639258944, 0.000658361765615, -1.25464614408
3.3, -1.00015126083, 11.8515854173, 0.00568442110764, -1.219543141
3.31, -1.00011105654, 11.8395638261, 0.000147934919129, -1.19091626636
3.32, -1.00014692345, 11.8278214905, -0.00686115515911, -1.1634210521
3.33, -1.00020022866, 11.8163500717, -0.00358010416976, -1.13670276248
3.34, -1.0001818974, 11.8051420355, 0.00466094316859, -1.11072658672
3.35, -1.00012156556, 11.7941899982, 0.00410899028918, -1.08548398503
3.36, -1.00012008233, 11.7834867006, -0.00448744838873, -1.06095552178
3.37, -1.000181322, 11.7730251608, -0.00682884217247, -1.03710857591
3.38, -1.00020379368, 11.7627987206, 0.00114002143258, -1.01391768606
3.39, -1.00014921295, 11.7528008592, 0.00621855562542, -0.991377402334
3.4, -1.00010809529, 11.743023039, -0.000182421508403, -0.970863851545
3.41, -1.00015009359, 11.7334188721, -0.00753752216145, -0.955389607148
3.42, -1.00020647314, 11.7239678687, -0.00349051993171, -0.940309650395
3.43, -1.00018297116, 11.714665477, 0.00536486265862, -0.925655753479
3.44, -1.00011777426, 11.7055074851, 0.00424215784583, -0.911420289674
3.45, -1.00011992536, 11.6964897469, -0.0051750572457, -0.897590908983
3.46, -1.00018734974, 11.6876083205, -0.00720833709926, -0.884142696308
3.47, -1.00020819136, 11.6788595096, 0.00170208690157, -0.871058884405
3.48, -1.00014673274, 11.6702396585, 0.00678606888162, -0.858343912015
3.49, -1.00010493098, 11.6617450646, -0.000574187079254, -0.845996334508
3.5, -1.00014904642, 11.6533721051, -0.00361551786412, -0.834027713783
3.51, -1.00020046481, 11.6450846719, -0.00421562768579, -0.828376256012
3.52, -1.00019020264, 11.6368555828, 0.00395307539886, -0.822668145206
3.53, -1.0001307484, 11.6286826308, 0.00455981892012, -0.817141368764
3.54, -1.00012080944, 11.6205640993, -0.00358716465877, -0.811778208684
3.55, -1.000177882, 11.6124984309, -0.00696978401633, -0.806561102269
3.56, -1.00020722062, 11.604484244, 0.000186765486673, -0.801478801768
3.57, -1.00015893192, 11.5965201657, 0.00604502551397, -0.796539020358
3.58, -1.00011271368, 11.588604722, 0.000732274567952, -0.791747884294
3.59, -1.00014638625, 11.5807364629, -0.00705060218412, -0.787094539325
3.6, -1.00020499017, 11.5729141064, -0.00425890113962, -0.782561659204
3.61, -1.00019060874, 11.5651147111, 0.00460724442652, -0.783059832948
3.62, -1.00012614386, 11.5573022677, 0.00476202427058, -0.784449839661
3.63, -1.00011916784, 11.5494759342, -0.00423181124439, -0.7858302517
3.64, -1.00018269598, 11.5416359886, -0.00743141680763, -0.787169709021
3.65, -1.00021146579, 11.5337829163, 0.000654886032703, -0.788458829619
3.66, -1.00015661342, 11.5259171552, 0.00664684897138, -0.789712742433
3.67, -1.00010892015, 11.5180389777, 0.000436903390768, -0.790943023071
3.68, -1.00014891698, 11.5101486366, -0.0077833112637, -0.792142446807
3.69, -1.00021126363, 11.5022465195, -0.00422069176973, -0.793297408128
3.7, -1.00019178158, 11.4943330766, 0.00535175898772, -0.794412842868
3.71, -1.00012183226, 11.4863956624, 0.00496865117386, -0.799266790052
3.72, -1.00011826451, 11.4783934279, -0.00493481688189, -0.806037812617
3.73, -1.00018859303, 11.4703243226, -0.00788768252015, -0.81263831105
3.74, -1.00021622866, 11.4621902164, 0.00120832507549, -0.819044987951
3.75, -1.00015408697, 11.4539929867, 0.00728941064441, -0.825273437919
3.76, -1.00010511264, 11.4457343082, 8.06587449768e-05, -0.831339722126
3.77, -1.00014741029, 11.4374157696, -0.00384511234411, -0.837271640272
3.78, -1.00020540776, 11.4290392146, -0.00502169407958, -0.842962803728
3.79, -1.00019951786, 11.420596867, 0.00395056663473, -0.851700657621
3.8, -1.00013478898, 11.4120478765, 0.00536108002102, -0.862822898997
3.81, -1.00011861973, 11.4033891002, -0.00332965912587, -0.873667182319
3.82, -1.0001789743, 11.3946234048, -0.007718340664, -0.88421066926
3.83, -1.00021578529, 11.3857538661, -0.000347652065314, -0.894446168128
3.84, -1.00016669539, 11.376783474, 0.00660581028515, -0.904394308218
3.85, -1.00011261112, 11.3677149786, 0.00144849263083, -0.914075440836
3.86, -1.00014447256, 11.3585510218, -0.00740016374338, -0.92349078548
3.87, -1.00021051419, 11.3492943046, -0.00512571297656, -0.932632846241
3.88, -1.00020053114, 11.3399475464, 0.00465091980934, -0.941510523047
3.89, -1.00013000186, 11.3305068771, 0.00564695043299, -0.95274372164
3.9, -1.00011654117, 11.3209318506, -0.00399625276961, -0.966883787778
3.91, -1.0001841268, 11.3112174376, -0.00827300034225, -0.980643411464
3.92, -1.0002209374, 11.3013674415, 0.000113866261781, -0.994011477838
3.93, -1.00016472045, 11.2913857205, 0.00730038228713, -1.00700487313
3.94, -1.00010842522, 11.2812758796, 0.0011902986498, -1.01964666026
3.95, -1.00014221787, 11.2710413636, -0.0034647438019, -1.03197188266
3.96, -1.00020480815, 11.2606858121, -0.00605121247607, -1.04387817541
3.97, -1.00020928605, 11.2502126001, 0.00322190341697, -1.05547479401
3.98, -1.00014338849, 11.2396250813, 0.00615576625997, -1.06675252246
3.99, -1.00011630038, 11.2289223995, -0.00232472090899, -1.0797264247
4.0, -1.00017423219, 11.2180656197, -0.00820197318292, -1.09615466622
4.01, -1.00022142632, 11.207047172, -0.00154358489859, -1.1121153405
4.02, -1.00017837487, 11.1958713996, 0.00668278509891, -1.1276351602
4.03, -1.00011579715, 11.18454262, 0.00268182347738, -1.14273141787
4.04, -1.00013868684, 11.1730650042, -0.00707525584891, -1.15741154995
4.05, -1.00021041418, 11.1614427299, -0.00628547096164, -1.17167202908
4.06, -1.00021155973, 11.149679975, 0.00391700950081, -1.18552307497
4.07, -1.00013906273, 11.137780688, 0.00656613922507, -1.19899338049
4.08, -1.00011364924, 11.1257478408, -0.00294382847729, -1.21282784091
4.09, -1.00016600562, 11.1135479931, -0.00767427423854, -1.23146066187
4.1, -1.00022113033, 11.1011659737, -0.00306927181104, -1.24946429
4.11, -1.00019178338, 11.0886064779, 0.00587799868961, -1.26697134623
4.12, -1.00012513064, 11.0758743962, 0.00399845625487, -1.28399845476
4.13, -1.0001323678, 11.0629744444, -0.00578333538049, -1.30055690525
4.14, -1.00020273238, 11.0499113065, -0.00717568424902, -1.31664555602
4.15, -1.00021920602, 11.0366896708, 0.00231457528559, -1.33227241072
4.16, -1.00015316244, 11.0233140168, 0.00693756168275, -1.34746614905
4.17, -1.00011421582, 11.0097885486, -0.00117599639843, -1.36224697668
4.18, -1.00016385182, 10.9961173387, -0.00388468280948, -1.37664802818
4.19, -1.00021410584, 10.9822776111, -0.00379046523416, -1.3960547554
4.2, -1.00019833281, 10.968243421, 0.00440881271494, -1.41527404028
4.21, -1.00013819669, 10.9540196607, 0.00424532598409, -1.43398083764
4.22, -1.00013375161, 10.939611471, -0.00419682228476, -1.45217368686
4.23, -1.00019350461, 10.9250239818, -0.00689382042574, -1.46985268766
4.24, -1.00021829471, 10.9102623119, 0.000793039343648, -1.48702607569
4.25, -1.00016589222, 10.8953313927, 0.00613272284057, -1.5037205749
4.26, -1.00012309329, 10.8802358777, 0.000101903330522, -1.51995884194
4.27, -1.00016230211, 10.8649802843, -0.007394836748, -1.53574586426
4.28, -1.0002194865, 10.8495691382, -0.00377456001359, -1.5510809411
4.29, -1.0001991925, 10.8339898292, 0.00507799827372, -1.57031786635
4.3, -1.0001343967, 10.8182080945, 0.00438554927427, -1.59049454184
4.31, -1.00013355762, 10.8022272986, -0.00488275393366, -1.61013806005
4.32, -1.00019972544, 10.7860528888, -0.0073093737056, -1.62922966926
4.33, -1.00022336511, 10.7696903889, 0.001315863263, -1.64777448022
4.34, -1.00016432337, 10.7531451222, 0.00670397187107, -1.66580256027
4.35, -1.00012069032, 10.7364221103, -0.000261540171804, -1.68333800298
4.36, -1.00016658317, 10.7195262346, -0.00812065143663, -1.7003855944
4.37, -1.00022704272, 10.7024623887, -0.00366581957055, -1.71694472691
4.38, -1.00020117831, 10.6852260055, 0.00583913724197, -1.73621551823
4.39, -1.00013128101, 10.6677791471, 0.00451992587512, -1.75757922356
4.4, -1.00013450523, 10.6501215612, -0.00562652138261, -1.77837775987
4.41, -1.00020734338, 10.632258965, -0.0077075357442, -1.79859343626
4.42, -1.00022918268, 10.614197207, 0.00192852179008, -1.81823005215
4.43, -1.00016280965, 10.5959419184, 0.00730755351267, -1.83732025941
4.44, -1.00011860757, 10.5774984105, -0.000691338074503, -1.85588904158
4.45, -1.00016137374, 10.5588718643, -0.00657136033245, -1.87393803987
4.46, -1.00022516221, 10.5400674527, -0.00495993522479, -1.89147566099
4.47, -1.00021413049, 10.5210902592, 0.00466777600241, -1.90851355645
4.48, -1.00014443327, 10.5019321703, 0.00549758128261, -1.9288434858
4.49, -1.00013217225, 10.4825567289, -0.0040633164558, -1.9506581656
4.5, -1.00019926065, 10.4629661377, -0.00814980554668, -1.97188308595
4.51, -1.00023470383, 10.4431664044, 0.000209378061176, -1.99250499882
4.52, -1.00017861899, 10.4231634512, 0.00718824781748, -2.01254940523
4.53, -1.00012390065, 10.4029628826, 0.00103164940275, -2.03204497075
4.54, -1.00015823772, 10.3825700891, -0.00339904358338, -2.05103221136
4.55, -1.00021956853, 10.3619906016, -0.00591284391129, -2.06941389435
4.56, -1.00022341459, 10.3412296286, 0.00318927771769, -2.08730523984
4.57, -1.00015881687, 10.3202923077, 0.00597126208996, -2.10470160052
4.58, -1.00013309151, 10.2991564284, -0.00239038775383, -2.12710642911
4.59, -1.00019043769, 10.2777968492, -0.00807135366263, -2.14921200634
4.6, -1.00023632731, 10.2562193416, -0.0014683900087, -2.17070448948
4.61, -1.00019373121, 10.2344300372, 0.00653734244373, -2.1915941628
4.62, -1.00013295186, 10.2124348007, 0.00251800003055, -2.21190964803
4.63, -1.00015630697, 10.1902392856, -0.00701933986063, -2.2316631557
4.64, -1.00022668709, 10.1678491086, -0.00613820557246, -2.25085523726
4.65, -1.00022723784, 10.1452698435, 0.00387092199702, -2.26950024409
4.66, -1.00015625141, 10.1225067969, 0.00636111469297, -2.28763034317
4.67, -1.00013229865, 10.0995649945, -0.00300558380506, -2.30526475135
4.68, -1.0001867403, 10.0764429947, -0.00639604374783, -2.32499789415
4.69, -1.00023389355, 10.0531029626, -0.00254935004209, -2.34738229711
4.7, -1.00020546406, 10.0295423413, 0.00528513637551, -2.36915392868
4.71, -1.00014700012, 10.0057670609, 0.00323016113247, -2.39033205408
4.72, -1.00015642303, 9.98178300772, -0.00547752443159, -2.41092400013
4.73, -1.00021954021, 9.95759601948, -0.00632986991179, -2.43093306561
4.74, -1.00023170248, 9.93321188594, 0.00224804859439, -2.450372111
4.75, -1.00017196178, 9.90863615892, 0.00601310066405, -2.46927131591
4.76, -1.0001399177, 9.88387410342, -0.00146238209354, -2.48765254037
4.77, -1.00019059885, 9.85891791483, -0.00783820611523, -2.50928093626
4.78, -1.00024106271, 9.83373169409, -0.00237297526197, -2.53233578531
4.79, -1.00020715065, 9.80831814749, 0.0059638850911, -2.55476548509
4.8, -1.00014493352, 9.78268347019, 0.003218525142, -2.5765814152
4.81, -1.00015920525, 9.75683373201, -0.00622365827938, -2.59779326329
4.82, -1.00022821356, 9.73077495309, -0.00660946680452, -2.618403831
4.83, -1.00023777709, 9.70451310624, 0.0028797660796, -2.63842685782
4.84, -1.0001714428, 9.67805390619, 0.00648410354814, -2.65789465443
4.85, -1.0001400661, 9.65140276892, -0.00197186286866, -2.67682924798
4.86, -1.0001979073, 9.62456498999, -0.00851258914594, -2.69523418368
4.87, -1.00025028494, 9.59754381474, -0.00209357384864, -2.71449684861
4.88, -1.00020987733, 9.57030433192, 0.00672953159701, -2.73768012946
4.89, -1.00014366425, 9.54283690688, 0.00318029758611, -2.76019833119
4.9, -1.00016334045, 9.5151474217, -0.00703047533913, -2.78210409069
4.91, -1.00022368061, 9.48724208315, -0.00641666401319, -2.80338693888
4.92, -1.0002421137, 9.4591270292, 0.00139791170706, -2.82406531231
4.93, -1.00018787393, 9.4308081777, 0.00589494328917, -2.84416719847
4.94, -1.00015100827, 9.40229114942, -0.000617140066624, -2.86371678969
4.95, -1.0001943198, 9.37358141381, -0.00742377979942, -2.88272101366
4.96, -1.00024713259, 9.344684422, -0.00308646519196, -2.90118273905
4.97, -1.00022151331, 9.31559613453, 0.00530154286197, -2.92230376601
4.98, -1.00015975739, 9.28627914077, 0.00371709402987, -2.94546467308
4.99, -1.00016579119, 9.25673371661, -0.00538305954821, -2.96800821734
5.0, -1.00023162793, 9.22696608974, -0.00684425637391, -2.9899193665
5.01, -1.00024861694, 9.19698258696, 0.00193145155463, -3.01120464458
5.02, -1.00018814864, 9.1667893067, 0.0063867011725, -3.03189644351
5.03, -1.00015131754, 9.13639203357, -0.00105137532407, -3.05201961714
5.04, -1.00020148146, 9.10579640294, -0.00811830745482, -3.07158039291
5.05, -1.00025698206, 9.07500804015, -0.00291646034171, -3.09058139541
5.06, -1.00022562091, 9.04403245386, 0.00603429884734, -3.10904535336
5.07, -1.0001594476, 9.01286845933, 0.00377026171858, -3.12959850708
5.08, -1.00017009622, 8.98147826112, -0.00613852942253, -3.15279458105
5.09, -1.0002422252, 8.949859449, -0.00717326256195, -3.17535179073
5.1, -1.00025683296, 8.91801835487, 0.00257169622604, -3.19727093392
5.11, -1.00018931198, 8.88596124267, 0.0069211134231, -3.21857829024
5.12, -1.00015267981, 8.85369407585, -0.00154109821868, -3.23929878296
5.13, -1.00019975503, 8.82122268276, -0.00652336494802, -3.25943561376
5.14, -1.0002578999, 8.78855286161, -0.00414332954847, -3.27900028339
5.15, -1.00024118278, 8.75569028211, 0.00483405646717, -3.2980081483
5.16, -1.00017592458, 8.72264033959, 0.00465818984203, -3.31649103095
5.17, -1.00017156624, 8.68940611828, -0.00457505699106, -3.33585033983
5.18, -1.00023741486, 8.65595260337, -0.00752853404684, -3.35912542542
5.19, -1.00026502265, 8.62227037222, 0.000876333114488, -3.38170705333
5.2, -1.00020818562, 8.58836554211, 0.0067192794566, -3.40366488795
5.21, -1.00016183726, 8.55424426806, 0.000125873765939, -3.42501463674
5.22, -1.00020519436, 8.51991256687, -0.00807566560855, -3.4457642904
5.23, -1.00026823144, 8.48537643338, -0.00411763817778, -3.46591674357
5.24, -1.00024651609, 8.45064175973, 0.00556710741261, -3.48549360388
5.25, -1.00017609497, 8.41571412339, 0.00481600151693, -3.50452797646
5.26, -1.00017565178, 8.38059884169, -0.00532397147318, -3.52303600613
5.27, -1.00023518418, 8.34530117788, -0.00677675303552, -3.54101715568
5.28, -1.00026825813, 8.30979346604, -0.00045411461271, -3.56454036014
5.29, -1.00022517196, 8.27405691891, 0.00574624281525, -3.58715917725
5.3, -1.00017735484, 8.23809733435, 0.00118423357051, -3.60916171608
5.31, -1.00020596906, 8.20192090998, -0.00670530997289, -3.63054263842
5.32, -1.00026536808, 8.16553385683, -0.00472344404205, -3.65130372014
5.33, -1.00025736209, 8.12894230622, 0.00397331894749, -3.67146317357
5.34, -1.00019525474, 8.09215210921, 0.00489468417163, -3.69105222955
5.35, -1.00018363607, 8.05516888685, -0.00367016124522, -3.71008283674
5.36, -1.00024432831, 8.01799823118, -0.00751507318872, -3.72855178492
5.37, -1.00027806388, 7.98064122031, -7.03833467176e-05, -3.7486103189
5.38, -1.00022878537, 7.94306117818, 0.00634799162269, -3.77173667718
5.39, -1.00017960714, 7.90525356803, 0.000858705911125, -3.79418216614
5.4, -1.0002152593, 7.86722499556, -0.00753233733638, -3.81594809004
5.41, -1.00027936209, 7.82898235577, -0.00476541323028, -3.83702127763
5.42, -1.00026678425, 7.79053255471, 0.00468982924491, -3.85741397534
5.43, -1.00019952299, 7.75188223513, 0.00505189981971, -3.87715754865
5.44, -1.00019217372, 7.71303786101, -0.00449002296833, -3.89624576653
5.45, -1.00026104517, 7.67400613154, -0.00810913806617, -3.91465277972
5.46, -1.00029492041, 7.63479393131, 0.000364499794971, -3.93237334573
5.47, -1.00023958535, 7.59538089903, 0.00688111668644, -3.95493747756
5.48, -1.00019007515, 7.55574342811, 0.000420522137436, -3.97704944158
5.49, -1.00023383555, 7.51588877331, -0.00845637148237, -3.99840348759
5.5, -1.00030357312, 7.4758245336, -0.00489916827956, -4.01900271114
5.51, -1.00028742334, 7.43555809958, 0.00529858643953, -4.0388825832
5.52, -1.00021616212, 7.39509639992, 0.00509021147782, -4.0580914187
5.53, -1.00021429624, 7.35444596093, -0.00543197611538, -4.07665894419
5.54, -1.0002779415, 7.31361312401, -0.00838851467211, -4.09459763517
5.55, -1.0003252739, 7.27260406441, -0.00149176796356, -4.11192924441
5.56, -1.00028380062, 7.23142265339, 0.00626549727272, -4.13007224247
5.57, -1.00022869373, 7.19003410542, 0.00174010554485, -4.1521410642
5.58, -1.0002603094, 7.14842912714, -0.00778392478116, -4.1734756823
5.59, -1.00033583952, 7.10661435837, -0.00644915214057, -4.19412245503
5.6, -1.00033851455, 7.06459665197, 0.00362960687673, -4.2140952276
5.61, -1.00027248442, 7.02238254786, 0.005613465671, -4.23343180833
5.62, -1.00025823025, 6.97997825128, -0.00406618802388, -4.25215784649
5.63, -1.00031889216, 6.93738980562, -0.00822973835349, -4.27028320814
5.64, -1.00037745959, 6.89462313606, -0.00336307561079, -4.28782516128
5.65, -1.00035360531, 6.85168397315, 0.00503439883199, -4.30480823597
5.66, -1.00029882744, 6.80857773545, 0.00262475115718, -4.32126304982
5.67, -1.00031873224, 6.76530092856, -0.00682970268622, -4.34025992901
5.68, -1.00039610328, 6.72181563383, -0.00767258137682, -4.36147638128
5.69, -1.00041833141, 6.67812159081, 0.0015266968294, -4.38204286207
5.7, -1.00036419432, 6.63422519094, 0.00543783908778, -4.40197517914
5.71, -1.00034117321, 6.59013266395, -0.00270462442217, -4.42129277458
5.72, -1.00040754711, 6.54585006595, -0.00955848197256, -4.44000956567
5.73, -1.00047348673, 6.50138335217, -0.00366745849345, -4.4581377897
5.74, -1.00044916308, 6.45673829174, 0.00520032828708, -4.47570399029
5.75, -1.00039576124, 6.41192034795, 0.00210354299982, -4.49273633234
5.76, -1.00042561223, 6.36693476056, -0.00810294443341, -4.50925046966
5.77, -1.00049973575, 6.32178667074, -0.00806082925262, -4.52525468186
5.78, -1.00053674442, 6.27648109016, -0.000529482496195, -4.54076702864
5.79, -1.00050016834, 6.23102283078, 0.00432935511159, -4.55581059214
5.8, -1.00047688167, 6.18541646683, -0.00188171655325, -4.57040484868
5.81, -1.00053444116, 6.13966642129, -0.00906892436994, -4.58456074712
5.82, -1.00060703168, 6.09377703801, -0.00528132186019, -4.59828679946
5.83, -1.00060352892, 6.04775254176, 0.00319314737439, -4.61160073151
5.84, -1.00056019966, 6.00159694348, 0.00208349969143, -4.62452281886
5.85, -1.00058223797, 5.95531408728, -0.00706463751939, -4.63706490925
5.86, -1.00066823509, 5.9089077281, -0.00914715548836, -4.64923420496
5.87, -1.00071048626, 5.86238155652, -0.000653313772802, -4.66104105786
5.88, -1.00067400671, 5.81573910787, 0.00421355284641, -4.67250400067
5.89, -1.0006567845, 5.76898374444, -0.00292400152372, -4.68363581343
5.9, -1.00072764816, 5.72211872564, -0.0104384914754, -4.69444426171
5.91, -1.00080997351, 5.67514725666, -0.00582352687185, -4.70493555953
5.92, -1.00080770511, 5.62807245512, 0.00325322620116, -4.71512334573
5.93, -1.00076646999, 5.58089728033, 0.00149561168959, -4.72502127713
5.94, -1.00079967023, 5.53362458114, -0.00849951625711, -4.73463703777
5.95, -1.00089913302, 5.4862571401, -0.010217569803, -4.74397666903
5.96, -1.00094650756, 5.43879769144, -0.000751274183726, -4.75304827428
5.97, -1.00091010547, 5.39124885263, 0.00406129693402, -4.76186503098
5.98, -1.00089988977, 5.34361312758, -0.0040997039384, -4.77043404143
5.99, -1.00097499385, 5.29589295067, -0.00962035627737, -4.77876158736
6.0, -1.00106778188, 5.2480907031, -0.0078261487669, -4.78685478279
6.01, -1.0010876899, 5.20020869775, 0.00132377220282, -4.79472188293
6.02, -1.00105456577, 5.15224914943, 0.0016646970913, -4.80237150993
6.03, -1.00108026598, 5.10421420255, -0.00771817896362, -4.80980847674
6.04, -1.00118153586, 5.05610593974, -0.0113965998813, -4.8170396691
6.05, -1.00124998844, 5.00792639292, -0.00323241139091, -4.82407151952
6.06, -1.00123189321, 4.95967752063, 0.00311422095407, -4.83091213661
6.07, -1.00121957443, 4.91136121664, -0.00321340841224, -4.83756441057
6.08, -1.0012990536, 4.86297932652, -0.0119952999362, -4.84403454073
6.09, -1.00140527995, 4.81453363194, -0.00866126341735, -4.85032946228
6.1, -1.0014285804, 4.76602586052, 0.00124551955651, -4.8564560062
6.11, -1.00139816808, 4.71745768182, 0.001046795537, -4.86241679104
6.12, -1.00143577153, 4.66883074101, -0.00929216502098, -4.86821404446
6.13, -1.0015383273, 4.62014661683, -0.0123178829516, -4.87385680869
6.14, -1.00162654502, 4.57140683236, -0.00571082715576, -4.87935052581
6.15, -1.00162852813, 4.52261285628, 0.00187529332558, -4.8847001725
6.16, -1.00161685474, 4.47376613661, -0.00251941352442, -4.88990430777
6.17, -1.00169036032, 4.42486810249, -0.0119316748082, -4.89496783828
6.18, -1.00180836894, 4.37592010372, -0.0108001913634, -4.89990016656
6.19, -1.00185636836, 4.32692342928, -0.00100860464309, -4.90470677009
6.2, -1.00183707841, 4.27787934558, 0.000979773603993, -4.90938616277
6.21, -1.00186818178, 4.22878913682, -0.00851030258016, -4.91393677489
6.22, -1.00197635303, 4.1796540261, -0.0116363069494, -4.91837041271
6.23, -1.00207502294, 4.13047515452, -0.00769766302026, -4.92269139847
6.24, -1.00210031462, 4.08125362987, -0.000303640553424, -4.92690391045
6.25, -1.00210047606, 4.03199056723, -0.00277027175553, -4.9310028021
6.26, -1.00216970458, 3.98268709177, -0.0113450165384, -4.93499098775
6.27, -1.0022898128, 3.93334424444, -0.0119123563527, -4.93887981607
6.28, -1.00235860585, 3.88396298846, -0.00355540789814, -4.94267489629
6.29, -1.00236004511, 3.83454428554, -0.000336021475377, -4.94637189299
6.3, -1.00239289772, 3.78508914878, -0.0079532257477, -4.94996598578
6.31, -1.00250691701, 3.73559855017, -0.0140034681213, -4.95346794428
6.32, -1.00261822855, 3.68607334826, -0.00846337508198, -4.95688828797
6.33, -1.00264775507, 3.63651436228, -0.000618811733571, -4.96022641814
6.34, -1.00265425018, 3.58692247296, -0.00379098523028, -4.96347205204
6.35, -1.00273823292, 3.53729859533, -0.0130610452431, -4.96662878463
6.36, -1.00287378351, 3.48764352977, -0.0131418896135, -4.96971187654
6.37, -1.00294967925, 3.43795797872, -0.00391531061734, -4.97272674983
6.38, -1.00295472193, 3.38824267735, -0.000899192496838, -4.97566346627
6.39, -1.00299853641, 3.33849846071, -0.00947730583064, -4.97851423955
6.4, -1.00312962035, 3.28872611121, -0.0156500670065, -4.98129394285
6.41, -1.00325261354, 3.23892625793, -0.0091770697771, -4.98401576747
6.42, -1.00328584043, 3.18909949776, -0.000899582176776, -4.98667556515
6.43, -1.0032988889, 3.13924654496, -0.00488144211615, -4.989257002
6.44, -1.00339859795, 3.08936816953, -0.0148760441088, -4.99176541257
6.45, -1.00355013627, 3.03946498414, -0.0143809252783, -4.99422101884
6.46, -1.00363282969, 2.98953747897, -0.00423064835608, -4.99662891816
6.47, -1.00364136577, 2.93958621861, -0.0014944944067, -4.9989725512
6.48, -1.00369700226, 2.88961192035, -0.0111181351993, -5.00124144783
6.49, -1.00383299542, 2.83961521153, -0.0161767380648, -5.00345778755
6.5, -1.00397436862, 2.78959656701, -0.0117384058937, -5.0056303945
6.51, -1.00403164325, 2.73955640762, -0.00273947612404, -5.00775954117
6.52, -1.00405112958, 2.68949528787, -0.00462790295309, -5.00982401219
6.53, -1.00414596903, 2.63941387378, -0.0146673163907, -5.01182421101
6.54, -1.00430694408, 2.58931267277, -0.0163417680674, -5.01378437367
6.55, -1.00441558535, 2.53919201766, -0.00688844075668, -5.01571381807
6.56, -1.00444120601, 2.48905230778, -0.00219467195213, -5.01759437915
6.57, -1.00449420835, 2.43889414714, -0.0104509744045, -5.0194084162
6.58, -1.00463851137, 2.38871815257, -0.0135404963664, -5.02113069686
6.59, -1.00478613628, 2.33852449204, -0.013552756878, -5.02291862251
6.6, -1.00486767204, 2.28831363202, -0.00526697522028, -5.02462824404
6.61, -1.00490439729, 2.23808593975, -0.00546991057724, -5.02628560009
6.62, -1.00499877806, 2.18784198489, -0.0142205573194, -5.02788636387
6.63, -1.00516056785, 2.13758220163, -0.0171910028031, -5.0294551669
6.64, -1.00528857511, 2.08730681883, -0.0094932499362, -5.03100499079
6.65, -1.00533861746, 2.03701610891, -0.00408297274496, -5.03251869214
6.66, -1.00539890611, 1.9867105686, -0.0103118358386, -5.03397465296
6.67, -1.00554432426, 1.93639070668, -0.0181603606043, -5.03538932134
6.68, -1.00571024454, 1.88605677918, -0.014669960758, -5.03678864494
6.69, -1.00579848187, 1.83570893654, -0.00571559385188, -5.03816926201
6.7, -1.00584169668, 1.78534753112, -0.00645164961827, -5.03950134762
6.71, -1.00595106122, 1.73497309982, -0.01605483405, -5.04078114897
6.72, -1.00613085962, 1.68458599566, -0.0187641206353, -5.04204026383
6.73, -1.00626921349, 1.63418631896, -0.0101083396882, -5.04329324329
6.74, -1.00632391543, 1.58377424775, -0.00463913097745, -5.04451611256
6.75, -1.00639475547, 1.53335025218, -0.0118257197144, -5.04568235229
6.76, -1.00655852957, 1.4829148024, -0.0200609140309, -5.04681445634
6.77, -1.00673945897, 1.43246804687, -0.0157256212805, -5.0479439339
6.78, -1.00683364613, 1.38201002021, -0.00609658088932, -5.04906405214
6.79, -1.00688319003, 1.33154103034, -0.00746689894398, -5.05013644721
6.8, -1.0070082887, 1.28106160729, -0.0179789607688, -5.051158836
6.81, -1.00720665172, 1.23057203576, -0.0203505732596, -5.05217100963
6.82, -1.00735498139, 1.1800722951, -0.0106599838466, -5.05318890008
6.83, -1.00742587618, 1.12956251408, -0.00684569751899, -5.05417559836
6.84, -1.0075042713, 1.07904310543, -0.0117577344791, -5.05511723772
6.85, -1.00766636887, 1.02851450015, -0.0202393079539, -5.05602375908
6.86, -1.00785997615, 0.977976828794, -0.0179039033225, -5.05693214343
6.87, -1.00798059233, 0.927430044938, -0.00868815180584, -5.05784128223
6.88, -1.00804652245, 0.876874355786, -0.0081588853515, -5.05871159863
6.89, -1.0081705519, 0.826310250264, -0.0175995267381, -5.05953223798
6.9, -1.00837216603, 0.775738020116, -0.0215494181611, -5.06034291075
6.91, -1.00854299315, 0.725157602636, -0.0134795941442, -5.06116657859
6.92, -1.00862653232, 0.674568999316, -0.0069521060724, -5.06197463553
6.93, -1.00871416733, 0.623972604171, -0.0131867273697, -5.06272866773
6.94, -1.00889443654, 0.573368869949, -0.0221872977863, -5.06345219324
6.95, -1.00910410233, 0.522757844343, -0.0190875184329, -5.06418837583
6.96, -1.00923154369, 0.472139380452, -0.00910291847383, -5.06493311969
6.97, -1.00931791035, 0.421513706452, -0.00918298442762, -5.06563588422
6.98, -1.00944283253, 0.370881216945, -0.0172708854075, -5.06629614467
6.99, -1.00964640897, 0.320242225349, -0.022517441838, -5.06694411435
7.0, -1.00983792175, 0.269596653984, -0.0162267507496, -5.06761011166
7.01, -1.00994730661, 0.218944415613, -0.00897728326392, -5.06827117213
7.02, -1.01004341286, 0.168285821347, -0.013150986646, -5.06888326948
7.03, -1.01022100372, 0.117621328588, -0.022188836923, -5.06946096891
7.04, -1.01044192968, 0.0669510110643, -0.0212053591081, -5.07005153414
