timestamp, prius1 x posi, prius1 y posi, prius1 x vel, prius1 y vel.
0.0, 0.0, 0.0, 0.0, 0.0
0.00999999999999, 1.00001993581, -24.9964078972, -0.00278572598987, 0.241960875366
0.02, 0.999989102893, -24.9934291696, -0.000893337702539, 0.330319691069
0.03, 1.000003304, -24.9895744266, 0.00446790006968, 0.418577497855
0.04, 1.00004882544, -24.9848444186, 0.00479139631036, 0.506812404653
0.05, 1.00006316552, -24.9792392527, -0.000218785507974, 0.595058472978
0.06, 1.00003800534, -24.9727589155, -0.00197940046658, 0.683304290464
0.07, 1.00003368913, -24.9654034708, 0.00276234104058, 0.771540178399
0.08, 1.0000787774, -24.9571729667, 0.00635528700551, 0.859775452302
0.09, 1.00012118383, -24.9480673507, 0.00290912136813, 0.948019667605
0.1, 1.00011418673, -24.9380865581, -0.00172351380634, 1.03626772156
0.11, 1.00009540888, -24.9272306216, 0.000459615821369, 1.12450744513
0.12, 1.00012567085, -24.915499619, 0.00621040852272, 1.21274270847
0.13, 1.00018760643, -24.9028938319, 0.00626157937159, 1.30044401663
0.14, 1.00021390769, -24.8894187085, 0.000794227538979, 1.38686914498
0.15, 1.00019944438, -24.8750846526, -0.00077118496272, 1.4722334111
0.16, 1.00021061038, -24.8599023136, 0.00455403763016, 1.55653642555
0.17, 1.0002746014, -24.8438821935, 0.00819459100488, 1.6398012366
0.18, 1.00033268674, -24.8270345442, 0.00421985362346, 1.72205057523
0.19, 1.00033713979, -24.809369486, -0.000616446430442, 1.80329032398
0.2, 1.00033164322, -24.7908971311, 0.00201402443445, 1.88351945604
0.21, 1.00037969931, -24.7716275137, 0.00806739263787, 1.96275408366
0.22, 1.00045835268, -24.7515704351, 0.00766861350574, 2.04102046341
0.23, 1.00049520189, -24.7307354997, 0.00161297654653, 2.11833205459
0.24, 1.000489204, -24.7091322704, 0.000218017956613, 2.19468692339
0.25, 1.00051381311, -24.6867703306, 0.00616452832895, 2.27008969936
0.26, 1.00059486625, -24.6636624981, 0.00983595623131, 2.34442854715
0.27, 1.00066613127, -24.6398220076, 0.00523687155732, 2.41796206424
0.28, 1.00067868254, -24.6152574323, 0.000146975914887, 2.49064555082
0.29, 1.00068332568, -24.5899774985, 0.00329992906158, 2.56243216742
0.3, 1.00074701663, -24.5639910528, 0.00974276696877, 2.63332851037
0.31, 1.00084057015, -24.5373067795, 0.00888636390387, 2.70336124754
0.32, 1.00088592345, -24.509933174, 0.00222372525558, 2.77254098867
0.33, 1.00088648314, -24.4818787201, 0.00103728169396, 2.84081597705
0.34, 1.00092310382, -24.4531542569, 0.00764173524694, 2.90709659736
0.35, 1.00101954763, -24.4237769994, 0.011261809545, 2.97151343974
0.36, 1.00110119646, -24.3937649555, 0.00592671566615, 3.03414257238
0.37, 1.00111864475, -24.3631357097, 0.000612790479201, 3.09502489083
0.38, 1.00113122604, -24.3319065299, 0.00442077398749, 3.15419366854
0.39, 1.00120930906, -24.3000942605, 0.0112955037053, 3.21170244176
0.4, 1.00131610209, -24.2677151538, 0.00988615034615, 3.26761271813
0.41, 1.00136735186, -24.2347849437, 0.00255458108372, 3.32196785357
0.42, 1.00137201489, -24.2013190356, 0.00165098276978, 3.37479598858
0.43, 1.00141898269, -24.1673325269, 0.00896228426353, 3.42613388981
0.44, 1.00152913855, -24.1328400207, 0.0124911965779, 3.47603900839
0.45, 1.00161887811, -24.0978555736, 0.00635961962393, 3.5245609541
0.46, 1.00163859701, -24.0623928691, 0.000819758572073, 3.57172800519
0.47, 1.00165671135, -24.0264653573, 0.00531468164443, 3.61756221942
0.48, 1.00174690421, -23.9900861447, 0.0126097916049, 3.66210862132
0.49, 1.00186428674, -23.9532678244, 0.0106015012261, 3.70541963165
0.5, 1.0019185324, -23.9160225659, 0.00260420439677, 3.7475290705
0.51, 1.00192481192, -23.8783623103, 0.0020496395779, 3.78845277313
0.52, 1.00198033147, -23.8402987899, 0.01012565436, 3.82821846417
0.53, 1.00210245525, -23.8018433244, 0.013523403025, 3.86687577148
0.54, 1.00219792175, -23.7630067733, 0.00653637725095, 3.90446501946
0.55, 1.00221745629, -23.7237997223, 0.000809918243857, 3.94100428583
0.56, 1.00223944214, -23.6842326215, 0.00608329422619, 3.97650634522
0.57, 1.00234060717, -23.6443156545, 0.0138039685302, 4.01100963827
0.58, 1.00246693756, -23.6040585604, 0.0111160790798, 4.04455919862
0.59, 1.00252192712, -23.5634707377, 0.00242942037987, 4.07718003338
0.6, 1.00252796209, -23.5225614473, 0.00230558562909, 4.10887876375
0.61, 1.00259099878, -23.4813398207, 0.0112054247642, 4.13967647799
0.62, 1.00272400599, -23.4398146341, 0.0144153537563, 4.16961728918
0.63, 1.00282332489, -23.3979942691, 0.00650065561201, 4.19873423132
0.64, 1.00284065077, -23.3558869131, 0.000627255589478, 4.22703702884
0.65, 1.00286530349, -23.3135006971, 0.00677258011113, 4.25453113197
0.66, 1.00297672811, -23.2708435421, 0.0149160950899, 4.28125055172
0.67, 1.00311068507, -23.2279229728, 0.0114581442403, 4.30723478354
0.68, 1.00316444958, -23.1847462391, 0.00206049664956, 4.33250174979
0.69, 1.00316873203, -23.1413205274, 0.00245785414094, 4.3570505102
0.7, 1.00323865448, -23.0976529556, 0.0122404979073, 4.38089746315
0.71, 1.00338179864, -23.0537503248, 0.0151956344236, 4.40408299656
0.72, 1.00348334872, -23.0096190908, 0.00627650618498, 4.42663441471
0.73, 1.00349672147, -22.9652655795, 0.000303560722391, 4.44855454194
0.74, 1.00352320092, -22.9206961249, 0.00742055769306, 4.46984308578
0.75, 1.00364452764, -22.87591689, 0.0159772240122, 4.49053136502
0.76, 1.00378504375, -22.8309336748, 0.0116488484403, 4.51065472364
0.77, 1.00383583057, -22.7857520565, 0.00152102200555, 4.53022529825
0.78, 1.00385184871, -22.7403776296, 0.00262208372062, 4.54923530783
0.79, 1.00391377756, -22.6948158948, 0.0109757703242, 4.56770225627
0.8, 1.00404892009, -22.6490721414, 0.0151219037658, 4.58565571937
0.81, 1.00416074833, -22.603151359, 0.00799967647958, 4.60312060482
0.82, 1.0041902776, -22.5570584158, 0.00139644808413, 4.6200998193
0.83, 1.0042160148, -22.5107982049, 0.00644385330783, 4.63658928822
0.84, 1.00432467032, -22.4643755201, 0.0149216287806, 4.65261127164
0.85, 1.00446550754, -22.4177948591, 0.012659506435, 4.66819692569
0.86, 1.00453298355, -22.3710605134, 0.00328921097553, 4.68335813699
0.87, 1.00454310679, -22.3241767721, 0.00244528741218, 4.6980875127
0.88, 1.00460891093, -22.2771479438, 0.0117454795724, 4.71239080939
0.89, 1.00475227939, -22.229978123, 0.0157753788531, 4.72629914064
0.9, 1.00486536983, -22.1826711316, 0.00767887729892, 4.73983388396
0.91, 1.00488939181, -22.1352307126, 0.000862466394582, 4.75299323287
0.92, 1.00491439237, -22.087660679, 0.00682538314248, 4.76576907183
0.93, 1.00503077137, -22.0399647673, 0.0158257212842, 4.77818259433
0.94, 1.00517726143, -21.9921464328, 0.0127978076167, 4.79026274866
0.95, 1.00524099067, -21.9442089577, 0.00263056422955, 4.80201754036
0.96, 1.00526080705, -21.8961556831, 0.0023686899733, 4.81343448027
0.97, 1.00531633591, -21.8479899326, 0.0102921783401, 4.82452164131
0.98, 1.00545055102, -21.7997149036, 0.015643755518, 4.83530109144
0.99, 1.00557346809, -21.7513335491, 0.00934152316953, 4.84579360659
1.0, 1.00561233871, -21.7028487362, 0.00176598295054, 4.85599881862
1.01, 1.00563434016, -21.6542634054, 0.00562389996997, 4.8659061858
1.02, 1.00573639197, -21.6055804787, 0.0146688904114, 4.87552926707
1.03, 1.00588276216, -21.5568026481, 0.0137897147463, 4.88489446371
1.04, 1.00596257763, -21.5079324332, 0.00428532768675, 4.89401096179
1.05, 1.0059748335, -21.4589724361, 0.00197773152183, 4.90285573397
1.06, 1.0060320454, -21.4099253808, 0.0108740897173, 4.91143485367
1.07, 1.0061734709, -21.3607937434, 0.0162746823881, 4.9197815091
1.08, 1.00629789897, -21.3115797449, 0.00906108477023, 4.92790988377
1.09, 1.00633159287, -21.2622856469, 0.00126349303192, 4.93580613597
1.1, 1.00635309081, -21.2129138046, 0.00603837729401, 4.94346948889
1.11, 1.00646355213, -21.1634664893, 0.0156832265554, 4.95091067623
1.12, 1.00661711019, -21.113945755, 0.0140837010972, 4.95814796691
1.13, 1.00669409968, -21.0643535493, 0.00366018754487, 4.9652112588
1.14, 1.00671574405, -21.0146918557, 0.00183917941894, 4.97205867914
1.15, 1.00676249576, -20.9649627158, 0.00945494089584, 4.978696825
1.16, 1.00689556594, -20.9151680954, 0.0162585732581, 4.98516502298
1.17, 1.00703059217, -20.8653097477, 0.0107575012258, 4.99144665079
1.18, 1.007078357, -20.8153893431, 0.00200268565326, 4.99756835943
1.19, 1.00709496618, -20.7654086563, 0.00466785888558, 5.00350786042
1.2, 1.00719039646, -20.7153695095, 0.0145504745368, 5.0092786917
1.21, 1.00734460836, -20.665273538, 0.0151946334265, 5.01488872194
1.22, 1.00743854573, -20.615122229, 0.00535273300222, 5.02035020405
1.23, 1.00746427248, -20.5649170801, 0.0030331246007, 5.02565676674
1.24, 1.00750872518, -20.5146597079, 0.00836948873706, 5.03080354752
1.25, 1.00762897168, -20.4643516366, 0.0152242001824, 5.03580304132
1.26, 1.00776428181, -20.413994223, 0.0117049535103, 5.04066414534
1.27, 1.00782699441, -20.3635887424, 0.00351487332566, 5.04541743792
1.28, 1.00784981519, -20.3131365628, 0.00435710301935, 5.05002001256
1.29, 1.00793330612, -20.2626391193, 0.0129966777289, 5.05446814154
1.3, 1.00807819583, -20.2120976548, 0.0150816849577, 5.05882439094
1.31, 1.00818216965, -20.1615133373, 0.00699665627686, 5.06305597121
1.32, 1.00820991639, -20.110887289, 0.00215499226802, 5.06715875968
1.33, 1.00825380519, -20.0602207641, 0.0087755663104, 5.07114217896
1.34, 1.00838102341, -20.0095150152, 0.0159723641253, 5.07500973292
1.35, 1.00851999757, -19.9587710694, 0.0116499922757, 5.07878363397
1.36, 1.00857800488, -19.9079898543, 0.00285687084155, 5.08247577124
1.37, 1.0085966625, -19.8571724497, 0.00428873918041, 5.08603801982
1.38, 1.00868460062, -19.8063200235, 0.0137392916729, 5.08948867674
1.39, 1.00883610019, -19.7554335481, 0.0154864053637, 5.09283587583
1.4, 1.00893848706, -19.7045138399, 0.00643781853941, 5.09612047704
1.41, 1.00895942371, -19.653561785, 0.00159557232271, 5.09932142238
1.42, 1.00900286966, -19.6025784309, 0.00918335415304, 5.10238583557
1.43, 1.0091368938, -19.5515647222, 0.0166722729853, 5.10539037901
1.44, 1.00927853493, -19.5005214717, 0.0114626032286, 5.10831150694
1.45, 1.00933041497, -19.4494494313, 0.00207055846689, 5.11115512634
1.46, 1.00935767398, -19.39834947, 0.00360679359934, 5.11390387514
1.47, 1.00943173995, -19.3472224729, 0.0122051435301, 5.11656007111
1.48, 1.00957592218, -19.2960692194, 0.015680579031, 5.11914804976
1.49, 1.00968996193, -19.2448903675, 0.0080329839122, 5.1216803817
1.5, 1.009721878, -19.1936865468, 0.00193402666329, 5.12414031875
1.51, 1.00975698561, -19.1424585896, 0.00758719544158, 5.12651380629
1.52, 1.00987587041, -19.0912073209, 0.0156887810818, 5.1288033674
1.53, 1.0100203368, -19.0399334673, 0.0127198445594, 5.13103342111
1.54, 1.01008793368, -18.9886375923, 0.00339673551151, 5.1332059137
1.55, 1.01010287149, -18.937320411, 0.00322778522852, 5.13529526286
1.56, 1.01017819117, -18.8859828291, 0.0126695792123, 5.13729107489
1.57, 1.01032747326, -18.8346257013, 0.0160159020223, 5.13920821878
1.58, 1.01044005113, -18.7832497673, 0.00750474645445, 5.14105350409
1.59, 1.01046467207, -18.7318558144, 0.00120672996883, 5.14281420689
1.6, 1.01049685547, -18.6804447909, 0.00773573937417, 5.14447434022
1.61, 1.01062119205, -18.6290176519, 0.0163675216779, 5.14604597375
1.62, 1.01076889766, -18.5775751848, 0.0126092429983, 5.14754549012
1.63, 1.01083044818, -18.5261181315, 0.00253590556389, 5.14896503455
1.64, 1.01085326582, -18.4746475244, 0.00300388020796, 5.15026477102
1.65, 1.01091671362, -18.4231646417, 0.0110249827337, 5.15142889573
1.66, 1.01105409332, -18.3716708713, 0.0155418319796, 5.15245255024
1.67, 1.01117259092, -18.3201676522, 0.00876997655072, 5.15332903009
1.68, 1.01120861053, -18.2686565428, 0.00182863867574, 5.15404365822
1.69, 1.01123551421, -18.2171392416, 0.00633017545449, 5.15458474219
1.7, 1.01134291997, -18.1656174028, 0.0148843316083, 5.15497045694
1.71, 1.01148624019, -18.1140924042, 0.0131162081528, 5.15523176422
1.72, 1.01155904448, -18.0625653968, 0.00374804659115, 5.15538450731
1.73, 1.0115708037, -18.0110374751, 0.00231883437281, 5.1554270646
1.74, 1.0116332688, -17.9595097169, 0.0113364377796, 5.15536626684
1.75, 1.01177457658, -17.9079830026, 0.01578972314, 5.15522990441
1.76, 1.01189032796, -17.8564579732, 0.0080463739355, 5.15503648179
1.77, 1.01191654489, -17.8049352033, 0.000843937802856, 5.15478425849
1.78, 1.01193802172, -17.7534153389, 0.00624175323867, 5.15446394662
1.79, 1.01204868696, -17.7018989938, 0.0153728165688, 5.15408965019
1.8, 1.01219383931, -17.6503865815, 0.012895385683, 5.15368228422
1.81, 1.01225925161, -17.598878405, 0.00271231217589, 5.15324560861
1.82, 1.01227647032, -17.5473748442, 0.0018170273929, 5.15276601874
1.83, 1.01232458963, -17.4958763094, 0.00950258723753, 5.15224483295
1.84, 1.01245324256, -17.4443831555, 0.0153301061142, 5.15169567861
1.85, 1.01257551209, -17.3928955796, 0.00936850133657, 5.1511316549
1.86, 1.01261290165, -17.3414137465, 0.00136344641736, 5.15054919547
1.87, 1.01262752621, -17.2899379168, 0.0046686832656, 5.14993521864
1.88, 1.01272046555, -17.2384683855, 0.0139064269315, 5.14929547976
1.89, 1.01286256826, -17.1870053077, 0.0135994435971, 5.14864723509
1.9, 1.01294096236, -17.13554874, 0.00403601447042, 5.14799443666
1.91, 1.01294719037, -17.0840987925, 0.00106155302552, 5.14732516655
1.92, 1.01299348777, -17.0326556798, 0.00975862324771, 5.1466324465
1.93, 1.01312643335, -16.9812195528, 0.0156887827586, 5.14593177159
1.94, 1.01324735785, -16.9297904194, 0.00877315872915, 5.14523427822
1.95, 1.01327542314, -16.8783682746, 0.000353480506549, 5.14453460758
1.96, 1.01329745809, -16.8269532372, 0.003920316797, 5.14381852526
1.97, 1.01337546105, -16.7755454137, 0.0121806883576, 5.14309297756
1.98, 1.01350733832, -16.7241448428, 0.0134252842852, 5.14236974918
1.99, 1.01359382783, -16.6727514701, 0.00536084596637, 5.14165335741
2.0, 1.01360945863, -16.6213652766, 0.00130899538975, 5.14093468702
2.01, 1.01364685935, -16.5699863388, 0.00810475620489, 5.14020539258
2.02, 1.01376334457, -16.5186147076, 0.0144884436369, 5.13947612293
2.03, 1.01388386787, -16.4672503171, 0.00966052013206, 5.13875720667
2.04, 1.01392464559, -16.4158930786, 0.00148086504038, 5.13804554491
2.05, 1.01393384298, -16.3645429911, 0.00357831980638, 5.1373285784
2.06, 1.01401319522, -16.3132001084, 0.0125890995334, 5.13660784319
2.07, 1.0141479865, -16.2618643876, 0.0134433648702, 5.13589689028
2.08, 1.01422954381, -16.2105357066, 0.00450426206643, 5.13519914758
2.09, 1.01423610928, -16.1592139878, 0.000562493225375, 5.13450462099
2.1, 1.01427112515, -16.1078992539, 0.00829460788118, 5.13380477992
2.11, 1.01439175752, -16.0565914993, 0.0148881360738, 5.1331106929
2.12, 1.01451187214, -16.0052906057, 0.00917982009321, 5.1324317739
2.13, 1.01454407597, -15.9539964415, 0.000493028640832, 5.13176412662
2.14, 1.01454660643, -15.9027089691, 0.00331669633321, 5.13109459317
2.15, 1.01462828126, -15.8514282047, 0.0130939079917, 5.1304252919
2.16, 1.01476650027, -15.800154065, 0.0134654957605, 5.12976951956
2.17, 1.01484270293, -15.7488863969, 0.00358455663721, 5.12912980125
2.18, 1.01485176441, -15.6976251064, 0.00146897504862, 5.12849405517
2.19, 1.01488137161, -15.6463701755, 0.00689203281178, 5.12785943424
2.2, 1.01498590833, -15.5951215678, 0.0135371277102, 5.12723108688
2.21, 1.01510298029, -15.5438791637, 0.00979325640557, 5.12661782219
2.22, 1.01514688797, -15.4926428228, 0.00170200457157, 5.12601765846
2.23, 1.01515269116, -15.4414124735, 0.00271804325217, 5.12542002876
2.24, 1.01521966239, -15.3901881015, 0.0112644861449, 5.12482421397
2.25, 1.0153456269, -15.3389696245, 0.0130611022138, 5.12424087743
2.26, 1.01542866732, -15.2877568964, 0.00490651337061, 5.12367327282
2.27, 1.0154365371, -15.2365498012, 0.00026764519066, 5.12311390556
2.28, 1.01546224353, -15.1853483078, 0.00695840799035, 5.12255444795
2.29, 1.01557012603, -15.1341523761, 0.0139083643854, 5.12200260648
2.3, 1.01568711456, -15.0829618789, 0.00937875948186, 5.12146629634
2.31, 1.01572292486, -15.0317766746, 0.000723717092113, 5.12094315462
2.32, 1.01572149947, -14.9805966917, 0.00235509713504, 5.12042245727
2.33, 1.01578976817, -14.9294219133, 0.0116917775668, 5.11990405888
2.34, 1.01591907141, -14.8782522517, 0.0131302999453, 5.11939849118
2.35, 1.0159974837, -14.8270875621, 0.00405359368531, 5.1189083381
2.36, 1.01599597192, -14.7759277333, -0.000531223481301, 5.11842596648
2.37, 1.01601882894, -14.7247727372, 0.00711970829014, 5.11794327053
2.38, 1.01613092661, -14.6736225318, 0.0143403423186, 5.11746846416
2.39, 1.01624786405, -14.6224769916, 0.00892251112313, 5.11700870852
2.4, 1.01627498019, -14.5713359824, -0.000307029578069, 5.11656140935
2.41, 1.01626628301, -14.5202050969, 0.00203375671863, 5.11324497429
2.42, 1.01633651709, -14.4691448591, 0.01218294294, 5.10448397382
2.43, 1.0164693062, -14.4181705069, 0.0131523159688, 5.09599691726
2.44, 1.01654215778, -14.3672796456, 0.00307566647157, 5.08777650426
2.45, 1.01654412743, -14.316469619, -0.000608898199692, 5.07981873961
2.46, 1.01655478657, -14.2657378727, 0.00528870520015, 5.07211035246
2.47, 1.01665155863, -14.2150819442, 0.0134451794353, 5.0646461049
2.48, 1.01677118822, -14.164499389, 0.0100002834897, 5.05742465385
2.49, 1.01680991525, -14.1139878316, 0.000459227336088, 5.05043661275
2.5, 1.0167972653, -14.0635450305, 0.0006651772544, 5.0436649163
2.51, 1.01684906303, -14.0132001784, 0.010403360789, 5.03002851547
2.52, 1.01697425374, -13.9630013169, 0.0133924761733, 5.01550891725
2.53, 1.01705776473, -13.9129453856, 0.00440164973366, 5.00143192103
2.54, 1.01706338143, -13.8630278842, -0.000133407458767, 4.98780399826
2.55, 1.01706515955, -13.8132444092, 0.00359183679414, 4.97460916369
2.56, 1.01714439529, -13.7635907117, 0.0120733243345, 4.96183259544
2.57, 1.01726150226, -13.7140626424, 0.0106633544125, 4.9494659951
2.58, 1.01731122038, -13.66465618, 0.00146756292478, 4.93749494483
2.59, 1.01729874806, -13.6153674807, -0.000287784143368, 4.92589867642
2.6, 1.01733320888, -13.5661928932, 0.00842430379735, 4.91465965162
2.61, 1.01744647638, -13.5171584493, 0.0131454811619, 4.89691600865
2.62, 1.01753777654, -13.468312048, 0.00568383811408, 4.87821569216
2.63, 1.01754746314, -13.4196497542, 0.00150036787229, 4.86006813899
2.64, 1.01754447621, -13.3711658586, 0.00215405610189, 4.84251399595
2.65, 1.01760607946, -13.3228547425, 0.0104576468741, 4.82550212438
2.66, 1.01771681474, -13.2747109344, 0.0109338051138, 4.80903002922
2.67, 1.01777583853, -13.2267291347, 0.00254467543397, 4.79307916745
2.68, 1.01776644371, -13.178904254, -0.000859618555981, 4.77762655648
2.69, 1.01778584503, -13.1312314305, 0.00646273629421, 4.76264970147
2.7, 1.01788397456, -13.0837245207, 0.0123402596378, 4.74273593795
2.71, 1.01797854711, -13.0364379477, 0.00676145362253, 4.72049401721
2.72, 1.0179907916, -12.9893703429, -0.00118966189799, 4.69892032855
2.73, 1.01797800686, -12.9425149895, 0.0017154773577, 4.67801750581
2.74, 1.01803991022, -12.8958652518, 0.0107353553836, 4.65777069637
2.75, 1.01815180332, -12.8494146588, 0.0107395133371, 4.63816188693
2.76, 1.01820371022, -12.803156952, 0.00147930631449, 4.61916884369
2.77, 1.01818362107, -12.7570861131, -0.00173270477982, 4.6007656182
2.78, 1.01819961963, -12.7111963809, 0.00655002350922, 4.58292659822
2.79, 1.01830051267, -12.6654821893, 0.0125603391114, 4.56563611155
2.8, 1.0183926595, -12.6199431144, 0.00609305987466, 4.54623279292
2.81, 1.01839503618, -12.5746334744, -0.0022682859419, 4.5217045221
2.82, 1.01837442596, -12.5295647715, 0.00129615614288, 4.49794043896
2.83, 1.01843660872, -12.484729945, 0.0110060041488, 4.47490501224
2.84, 1.01854988222, -12.4401216988, 0.010593230029, 4.45259429834
2.85, 1.01859532956, -12.395732914, 0.000481936191544, 4.43098559529
2.86, 1.01857856734, -12.3515567202, -0.00182486655073, 4.41005126493
2.87, 1.01858166954, -12.3075865044, 0.00459584557645, 4.38976576169
2.88, 1.0186655354, -12.2638158798, 0.0114827042961, 4.3701089227
2.89, 1.01875895014, -12.2202386603, 0.00707005958139, 4.35106067337
2.9, 1.018772397, -12.1768554053, -0.0014819983411, 4.32952239663
2.91, 1.0187486598, -12.1337207586, 2.71135536167e-05, 4.30338765852
2.92, 1.01879218429, -12.0908430538, 0.00908364655551, 4.27805509999
2.93, 1.01889548413, -12.0482145791, 0.0105677519334, 4.25351331347
2.94, 1.01895004266, -12.0058274499, 0.00178147584128, 4.22975506647
2.95, 1.018926405, -11.9636739558, -0.00278824404549, 4.20675779383
2.96, 1.01892516063, -11.9217466148, 0.00454096896524, 4.18449695418
2.97, 1.01901045341, -11.8800381384, 0.0116144743322, 4.16295652655
2.98, 1.01910146248, -11.8385413997, 0.00645363550782, 4.14212101485
2.99, 1.01910552076, -11.7972497831, -0.00256296634182, 4.12190182093
3.0, 1.01907350238, -11.7561573308, -0.000436433757891, 4.10228043363
3.01, 1.01911743223, -11.715277135, 0.00942706040163, 4.07779195058
3.02, 1.01922298931, -11.6746622868, 0.0104977995486, 4.05108452637
3.03, 1.01927123176, -11.6343108274, 0.000742751366671, 4.02510602707
3.04, 1.01925014909, -11.5942156928, -0.00295681810259, 3.99982426815
3.05, 1.01923587447, -11.5543694499, 0.00263043510738, 3.97527704464
3.06, 1.01930518257, -11.5147653192, 0.0106582900056, 3.95140457329
3.07, 1.01939831847, -11.4753963222, 0.00747628848972, 3.92820961521
3.08, 1.01941336548, -11.4362558856, -0.00184818867188, 3.90561238627
3.09, 1.0193769141, -11.3973376251, -0.00184355131739, 3.88369845028
3.1, 1.0194019101, -11.3586353573, 0.0076057777238, 3.86239743241
3.11, 1.0194994847, -11.3201900054, 0.010712658948, 3.83309759777
3.12, 1.0195581403, -11.2820297137, 0.00204128465221, 3.80492557889
3.13, 1.01953671927, -11.2441474381, -0.000902571263705, 3.77744776184
3.14, 1.01952004279, -11.2065353953, 0.00138895748124, 3.75078831885
3.15, 1.01957228886, -11.1691860548, 0.00897697808221, 3.72487980593
3.16, 1.01965750772, -11.1320920137, 0.00757301947539, 3.69970746202
3.17, 1.01968126091, -11.0952461007, -0.000708883719906, 3.67524173771
3.18, 1.01964980341, -11.058641357, -0.00217917133052, 3.65146162823
3.19, 1.01966125872, -11.0222709774, 0.00569138444581, 3.62834376314
3.2, 1.01974334335, -10.9861670759, 0.0098514478932, 3.59803610525
3.21, 1.0198046106, -10.9503659297, 0.00305857807135, 3.5681775833
3.22, 1.01978589759, -10.914860025, -0.00347529715117, 3.5389951066
3.23, 1.01976097598, -10.879640955, 0.00112431201323, 3.51071155694
3.24, 1.01981456644, -10.8447007507, 0.00927746899479, 3.48321617354
3.25, 1.01990044554, -10.8100315126, 0.00729494171813, 3.45649205776
3.26, 1.01991670314, -10.7756256997, -0.00175437878704, 3.43052076715
3.27, 1.01987567972, -10.7414758771, -0.00286838321975, 3.40527869984
3.28, 1.01988587465, -10.7075749268, 0.00595308419871, 3.38072851798
3.29, 1.01997114483, -10.67391597, 0.00999242580739, 3.35686046965
3.3, 1.02002891899, -10.6404922278, 0.00230271584747, 3.33366651236
3.31, 1.02000028157, -10.607310412, -0.00446587407839, 3.30659326467
3.32, 1.01996982429, -10.5744248198, 0.00103334751966, 3.27651261563
3.33, 1.02002634856, -10.5418357291, 0.0097251735495, 3.24726380347
3.34, 1.02011337925, -10.5095351101, 0.00699890232656, 3.21875568344
3.35, 1.02012159158, -10.4775147855, -0.00283011665282, 3.19111091544
3.36, 1.02007139992, -10.445766946, -0.00345439213302, 3.16424122582
3.37, 1.02008117457, -10.4142839471, 0.0063140688649, 3.13817845768
3.38, 1.02015754409, -10.3830584193, 0.00904310479575, 3.11279700792
3.39, 1.02021813665, -10.3520829874, 0.00330075108934, 3.08818268632
3.4, 1.02019914976, -10.321356456, -0.00392722089902, 3.06123040911
3.41, 1.02016311071, -10.2909318389, -0.000411898108269, 3.02975520488
3.42, 1.0202022061, -10.2608178421, 0.00815545451491, 2.99909077767
3.43, 1.02028357003, -10.2310061879, 0.00735247708184, 2.96926846601
3.44, 1.02030207376, -10.2014883495, -0.00166825993688, 2.94033653334
3.45, 1.02025576934, -10.1722562241, -0.00395344310932, 2.91206669241
3.46, 1.02025111992, -10.14330167, 0.00440294059202, 2.88474822316
3.47, 1.02032593622, -10.1146169919, 0.00952167818772, 2.85811994221
3.48, 1.02038481854, -10.0861945381, 0.00268521454823, 2.83221774831
3.49, 1.02035659672, -10.0580269417, -0.00489769947967, 2.80711536375
3.5, 1.02031465618, -10.03011275, -0.000565129809557, 2.77984624218
3.51, 1.02035632515, -10.0025050481, 0.00859742023045, 2.74786844764
3.52, 1.02043957345, -9.97521230912, 0.00719882994382, 2.7167147113
3.53, 1.02045122754, -9.9482260684, -0.00269923169647, 2.68648684948
3.54, 1.02039526819, -9.9215378603, -0.00467251656846, 2.65709469804
3.55, 1.02038927687, -9.89513932011, 0.00470284688799, 2.62852972481
3.56, 1.02045559413, -9.86902226841, 0.00865403897656, 2.60077445567
3.57, 1.0205181398, -9.84317867283, 0.00372141182977, 2.57381782726
3.58, 1.02049926399, -9.81760059344, -0.00450496967823, 2.54765089182
3.59, 1.02045041676, -9.79228017599, -0.00209144771929, 2.52225987922
3.6, 1.02047417295, -9.76724460398, 0.00702612968501, 2.49021037838
3.61, 1.02055259185, -9.74253252744, 0.00766295676323, 2.45822211983
3.62, 1.02057528016, -9.71813583247, -0.00146998439689, 2.42711631345
3.63, 1.02052316959, -9.69404564061, -0.00520488741712, 2.39689758463
3.64, 1.02050235737, -9.67025313134, 0.00282217184757, 2.36755527061
3.65, 1.02056880368, -9.64674959237, 0.00949672477692, 2.33908017964
3.66, 1.02063550371, -9.62352637582, 0.00395262215984, 2.31147234858
3.67, 1.02061814196, -9.60057482517, -0.00414895719261, 2.28473121385
3.68, 1.02057789989, -9.57788664686, -0.000680369880024, 2.25876709982
3.69, 1.02062149855, -9.55545471864, 0.00941875059278, 2.23346004095
3.7, 1.0207114474, -9.5332743255, 0.00981974937922, 2.20747031234
3.71, 1.02077032191, -9.51139383889, 0.00283996451041, 2.17491413203
3.72, 1.02075536682, -9.48983319649, -0.00268986686921, 2.14323951276
3.73, 1.02074081189, -9.46858564861, 0.00195086761085, 2.11227672697
3.74, 1.02079457194, -9.44764397326, 0.00842576227692, 2.08204078426
3.75, 1.02086383729, -9.42700084569, 0.0052563375151, 2.05254337578
3.76, 1.02086363355, -9.40664883197, -0.00272664015251, 2.02379858276
3.77, 1.02082244794, -9.38658035345, -0.00217381702835, 1.99581918518
3.78, 1.02083985611, -9.36678772141, 0.00645786391546, 1.96861351203
3.79, 1.02092258306, -9.34729426446, 0.00922592146987, 1.93517187897
3.8, 1.02097171563, -9.32814169524, 0.00170796064399, 1.90144934305
3.81, 1.02094579383, -9.30932121708, -0.00347038178698, 1.86873862144
3.82, 1.020929603, -9.2908225886, 0.00238183569813, 1.83705240082
3.83, 1.02099160368, -9.27263588534, 0.00941095796496, 1.80632511855
3.84, 1.02106780799, -9.25475184327, 0.00554942965652, 1.77649118449
3.85, 1.02106590183, -9.23716184712, -0.00323248495297, 1.7474931211
3.86, 1.02102049404, -9.21985766716, -0.00244756169816, 1.71930681397
3.87, 1.02103863724, -9.20283132293, 0.0066861978587, 1.69189225183
3.88, 1.02112203717, -9.18607501765, 0.00896147931084, 1.66525338554
3.89, 1.02116283141, -9.16958107261, 0.000469798056034, 1.63939721448
3.9, 1.02112354595, -9.15338497404, -0.00462240521169, 1.60598844204
3.91, 1.02110127868, -9.13751799219, 0.00233767240986, 1.57345931566
3.92, 1.02116669406, -9.12197175085, 0.00988968374512, 1.54183694068
3.93, 1.02124413568, -9.1067373075, 0.00526618087787, 1.51107775851
3.94, 1.02123547169, -9.09180583326, -0.00407790130072, 1.48120265704
3.95, 1.02119810621, -9.07716888625, -0.00263014155336, 1.45215344432
3.96, 1.02120471105, -9.06281820308, 0.005006151393, 1.42392772814
3.97, 1.02127510619, -9.04874553297, 0.00829617226102, 1.39652823281
3.98, 1.02131970042, -9.0349426368, 0.00151429056535, 1.36994909986
3.99, 1.02128993217, -9.02140142229, -0.00415766715608, 1.34416843655
4.0, 1.02126119481, -9.0081140845, 0.000837170140186, 1.31915132302
4.01, 1.02130877883, -8.99504610049, 0.00834053493855, 1.30035213033
4.02, 1.02138137939, -8.98216040966, 0.00580116745925, 1.28243121901
4.03, 1.0213847597, -8.96945117233, -0.00270341531746, 1.26503843237
4.04, 1.02133903049, -8.95691341177, -0.00303397037484, 1.24812105813
4.05, 1.02134675846, -8.94454251685, 0.00546458285425, 1.23165280329
4.06, 1.0214218697, -8.93233402649, 0.00859087090289, 1.21562604043
4.07, 1.0214644387, -8.92028358209, 0.000903560807272, 1.20002893419
4.08, 1.02142656204, -8.90838699402, -0.0049410583665, 1.18484172542
4.09, 1.02139411496, -8.89664028044, 0.000874468772638, 1.17004330708
4.1, 1.02144523587, -8.88503958382, 0.00879417451567, 1.15562822898
4.11, 1.02151899156, -8.87354819182, 0.00553581859632, 1.14765059145
4.12, 1.02151535311, -8.86213850236, -0.00360646169395, 1.13963421371
4.13, 1.02146259007, -8.85080788224, -0.00337994906319, 1.13182670642
4.14, 1.02147215952, -8.83955438678, 0.0060225396607, 1.12420651091
4.15, 1.02155277629, -8.82837609833, 0.00894825633924, 1.11678019308
4.16, 1.0215936347, -8.81727106075, 0.000321328427656, 1.10954962466
4.17, 1.02154828632, -8.80623736863, -0.00561016847764, 1.10250526126
4.18, 1.0215139684, -8.79527323234, 0.00114013409167, 1.09563461446
4.19, 1.02157097995, -8.78437689092, 0.00945694332014, 1.08894236967
4.2, 1.02164741174, -8.77354651652, 0.00536009313165, 1.08243489563
4.21, 1.02163699355, -8.76275456138, -0.00453477428116, 1.0814496127
4.22, 1.02159182127, -8.75196821579, -0.00356680318273, 1.08095138177
4.23, 1.02159060645, -8.74118670958, 0.00454212413274, 1.08047588317
4.24, 1.02166090518, -8.73040989099, 0.00862475006347, 1.08001443479
4.25, 1.02170883522, -8.71963758985, 0.00169345583979, 1.07957142327
4.26, 1.02167617903, -8.70886963796, -0.00481681582744, 1.07914374256
4.27, 1.02163894435, -8.69810593255, 2.33187896461e-05, 1.07872280067
4.28, 1.02168216087, -8.68734638048, 0.00829141230363, 1.07831407828
4.29, 1.02175709271, -8.67659079672, 0.00613025690928, 1.07792768015
4.3, 1.02176063992, -8.66582394491, -0.00302664331074, 1.08161352078
4.31, 1.02170771199, -8.65500589854, -0.00391566145996, 1.08695516987
4.32, 1.021708581, -8.64413507827, 0.00513657653385, 1.09216947009
4.33, 1.02178533794, -8.63321280247, 0.00911787423761, 1.09725028483
4.34, 1.0218330415, -8.62224037611, 0.00124654399755, 1.10220282909
4.35, 1.02179367926, -8.61121908586, -0.00545737288381, 1.10702641315
4.36, 1.02175459319, -8.60015025952, 0.00029954833903, 1.11171497446
4.37, 1.02180446122, -8.58903519885, 0.00910035680728, 1.11627839186
4.38, 1.02188414406, -8.57787510291, 0.00620427647753, 1.12072380731
4.39, 1.02188340594, -8.56667115593, -0.00373128206179, 1.12505117207
4.4, 1.02182505241, -8.55542458392, -0.00414284057977, 1.12925260511
4.41, 1.02182930831, -8.5441254822, 0.00585761047124, 1.13680004429
4.42, 1.02191362819, -8.53273327372, 0.00968208001005, 1.14647094822
4.43, 1.02196140105, -8.5212455802, 0.000803869256939, 1.15590019302
4.44, 1.02192343811, -8.50966489117, -0.00272263730017, 1.165055719
4.45, 1.02188670583, -8.49799384628, -0.000519987108026, 1.17398480272
4.46, 1.0219236525, -8.48623501869, 0.00784596393376, 1.18263973844
4.47, 1.02200015951, -8.47439085661, 0.00681444122767, 1.19105596413
4.48, 1.02201336047, -8.46246369058, -0.00205860913933, 1.19924710115
4.49, 1.02196486026, -8.45045582851, -0.00399915881936, 1.20720327238
4.5, 1.02196013016, -8.43836852953, 0.00438596746902, 1.2158207728
4.51, 1.02203287259, -8.42616616522, 0.00919482552047, 1.22920988904
4.52, 1.02208779196, -8.41383304585, 0.00236504417572, 1.24214562069
4.53, 1.02205827927, -8.4013723264, -0.00483036462584, 1.25473698062
4.54, 1.02201814541, -8.3887875627, -0.000328060337053, 1.26696909238
4.55, 1.02206065848, -8.37608228204, 0.00857535857916, 1.27885189225
4.56, 1.02214237547, -8.36325984663, 0.00702660503631, 1.29040879429
4.57, 1.02215326567, -8.35032346073, -0.00256232695664, 1.30165019177
4.58, 1.02210038169, -8.3372762923, -0.00420913112131, 1.31257430269
4.59, 1.02209838991, -8.32412150798, 0.00503565336636, 1.32318403491
4.6, 1.02217880015, -8.31086214867, 0.00985620748496, 1.33349804544
4.61, 1.02223530871, -8.29749856213, 0.00205520903173, 1.34506922788
4.62, 1.0221995853, -8.2839930001, -0.00547848319245, 1.36061894964
4.63, 1.02215784373, -8.27033474894, 2.36404422408e-05, 1.37570122468
4.64, 1.02220853486, -8.25652783804, 0.0095764526385, 1.3903620837
4.65, 1.02229659609, -8.24257642856, 0.00719576265317, 1.40461254643
4.66, 1.02230332975, -8.22848456382, -0.00330215982685, 1.41846412262
4.67, 1.02225939103, -8.21425623932, -0.0043241945417, 1.4319176636
4.68, 1.02224747685, -8.19989537977, 0.00368368661922, 1.44498251601
4.69, 1.0223199955, -8.18540577779, 0.00985078870968, 1.4576777155
4.7, 1.02238699742, -8.17079102677, 0.00374552902481, 1.47002156761
4.71, 1.02236610168, -8.15605004519, -0.00460446040271, 1.48417138244
4.72, 1.02232098002, -8.14114410477, -0.00118995896747, 1.50158180542
4.73, 1.02235816422, -8.12606675633, 0.00858697650882, 1.51850451211
4.74, 1.02244817908, -8.11082255776, 0.00839578402944, 1.53496290273
4.75, 1.02247216101, -8.09541613291, -0.00161297351321, 1.55096288178
4.76, 1.02242022496, -8.07985204738, -0.00477306659979, 1.56650825846
4.77, 1.02241028851, -8.06413482425, 0.00439381992616, 1.58160516101
4.78, 1.02249224614, -8.04826882395, 0.01074674401, 1.5962767919
4.79, 1.02256272731, -8.03225818984, 0.00356791770951, 1.6105426073
4.8, 1.02254405112, -8.01610694581, -0.0019319938601, 1.62438881218
4.81, 1.02249990185, -7.99981834288, -0.00214921534057, 1.63861067618
4.82, 1.02252403031, -7.98335917775, 0.00744646303059, 1.65759412754
4.83, 1.02261333139, -7.96671434989, 0.00931790751937, 1.67594699592
4.84, 1.0226537019, -7.94988854315, 0.000190750580709, 1.69379968583
4.85, 1.02261131574, -7.93288682325, -0.00477540448759, 1.71114465421
4.86, 1.02259110052, -7.91571425429, 0.0028733402626, 1.72798576023
4.87, 1.02266303986, -7.89837575488, 0.0105584699914, 1.74434581914
4.88, 1.02274381448, -7.88087601047, 0.00537516042921, 1.76024709136
4.89, 1.0227339212, -7.8632195527, -0.00417075074377, 1.77570102539
4.9, 1.02268463494, -7.84541085106, -0.00209884016512, 1.79070938334
4.91, 1.02271477163, -7.82745357011, 0.00837488047292, 1.80601491427
4.92, 1.02281223008, -7.80931479559, 0.00983036393242, 1.82607878855
4.93, 1.02285186429, -7.79097971273, -0.000309016823862, 1.84548049914
4.94, 1.02281590753, -7.77245340192, -0.00349053385778, 1.86433573274
4.95, 1.02279380453, -7.75374139347, 0.00183141630419, 1.88263763694
4.96, 1.02285374869, -7.73484914511, 0.00966538016617, 1.90040134556
4.97, 1.02293642509, -7.7157819131, 0.00649323700585, 1.91764924368
4.98, 1.02294290615, -7.69654479314, -0.00253828333311, 1.93439408887
4.99, 1.02290063308, -7.67714280342, -0.0023474922571, 1.95063949247
5.0, 1.02291977305, -7.65758088904, 0.00695268499198, 1.96639680804
5.01, 1.02300958359, -7.63786380082, 0.00991897873247, 1.9816898991
5.02, 1.02306088959, -7.61796320038, 0.00146368409056, 2.00259435934
5.03, 1.02302743235, -7.59785971917, -0.00437867287562, 2.02263788832
5.04, 1.02300487082, -7.57755889383, 0.00228669647125, 2.04208096403
5.05, 1.02307270164, -7.55706674672, 0.0105366942361, 2.06092640915
5.06, 1.02316025054, -7.53638914742, 0.00654493269036, 2.07919384329
5.07, 1.02316258259, -7.51553182326, -0.00317913205311, 2.09689510747
5.08, 1.023116203, -7.49450040622, -0.0023908025295, 2.11403684545
5.09, 1.02314046547, -7.47330045689, 0.00782343113592, 2.13062214027
5.1, 1.02323847287, -7.45193900343, 0.0104920072004, 2.14538494957
5.11, 1.02328991628, -7.43047567806, 0.00102071939098, 2.15246849657
5.12, 1.02326184492, -7.40894117975, -0.00334700007177, 2.15939955613
5.13, 1.02323447266, -7.3873388333, 0.000949744704232, 2.16605661504
5.14, 1.02328872021, -7.36567117735, 0.00959443701737, 2.17247309442
5.15, 1.02337854155, -7.34394049755, 0.00770433791794, 2.1786702922
5.16, 1.0233964737, -7.32214893593, -0.00176477726264, 2.18465831748
5.17, 1.0233536074, -7.30029857925, -0.00306419378113, 2.19043849306
5.18, 1.02336332869, -7.27839148388, 0.00613931831079, 2.19601609532
5.19, 1.02345265527, -7.25642957584, 0.0105590810227, 2.20140870092
5.2, 1.02351512593, -7.23441568109, 0.00265084398081, 2.20558564266
5.21, 1.02348716537, -7.21240472582, -0.00454725071916, 2.20217267417
5.22, 1.02345571583, -7.19042540083, 0.00103560887032, 2.19899280851
5.23, 1.02351498678, -7.16847746182, 0.0102441612681, 2.19589792471
5.24, 1.02360818898, -7.14655988052, 0.00762090031737, 2.19291418309
5.25, 1.02362009482, -7.1246715576, -0.00267129928088, 2.19004042546
5.26, 1.02358402553, -7.10281146527, -0.0034344427836, 2.18726467273
5.27, 1.0235807279, -7.08097864195, 0.00442683047391, 2.18458202352
5.28, 1.02365852265, -7.05917214474, 0.0101938877751, 2.1819947316
5.29, 1.02372839119, -7.03739101131, 0.00404972069772, 2.17950348409
5.3, 1.02371245868, -7.01563431713, -0.00393827782932, 2.17710241353
5.31, 1.02367519047, -6.99390226454, -0.000424202576523, 2.17373784299
5.32, 1.0237177878, -6.97224724929, 0.00887371783944, 2.16303752385
5.33, 1.02380864944, -6.95069538814, 0.00837050046743, 2.15282696255
5.34, 1.02383394721, -6.92924394166, -0.00131578258935, 2.14294544372
5.35, 1.02378741312, -6.90788956432, -0.0041312290633, 2.1333981181
5.36, 1.02378298796, -6.8866289888, 0.00474894058129, 2.12417179429
5.37, 1.02386559463, -6.8654590226, 0.0105837590288, 2.11526197687
5.38, 1.02393426787, -6.8443765353, 0.00345424975598, 2.1066612231
5.39, 1.0239170339, -6.82337850919, -0.00164525289822, 2.09834703979
5.4, 1.02387737204, -6.80246206626, -0.00172359608055, 2.09033317279
5.41, 1.02390330636, -6.78164887687, 0.00734858006025, 2.07637118914
5.42, 1.02398919144, -6.76099124794, 0.0088349897571, 2.06076769051
5.43, 1.02402625521, -6.74048707677, 2.7002254678e-05, 2.04566675486
5.44, 1.0239850799, -6.72013118868, -0.00452890452475, 2.03108950203
5.45, 1.02396663777, -6.69991837745, 0.00284822675189, 2.0170294045
5.46, 1.02403509307, -6.67984347875, 0.00994218677434, 2.00348436889
5.47, 1.02410921504, -6.65990133204, 0.00475872712709, 1.99045534396
5.48, 1.02409618226, -6.64008729062, -0.00427047346569, 1.97784672488
5.49, 1.02404727569, -6.62039746957, -0.00209757198241, 1.96560495487
5.5, 1.02407483954, -6.60082846686, 0.00781724505895, 1.95363197325
5.51, 1.02416417719, -6.58135967192, 0.00887775322776, 1.94645429541
5.52, 1.0241960266, -6.56194931172, -0.00088499110011, 1.94091048098
5.53, 1.0241572236, -6.54259372307, -0.00363612886919, 1.93546108975
5.54, 1.02413308656, -6.52329110412, 0.00142378430767, 1.93028195085
5.55, 1.02418560314, -6.50404009899, 0.00865131061869, 1.92514216592
5.56, 1.02425743363, -6.48483912969, 0.00547241000683, 1.92026577566
5.57, 1.02425661596, -6.46568689883, -0.00303115070987, 1.9154565679
5.58, 1.02421119251, -6.44658201183, -0.00266987699871, 1.91072863718
5.59, 1.02422437618, -6.42752315252, 0.00605534441221, 1.90624193809
5.6, 1.02430232656, -6.40850899834, 0.00859997466868, 1.90184005869
5.61, 1.02434204254, -6.38955176941, 0.000516215217228, 1.89300141298
5.62, 1.0243025524, -6.37071099886, -0.0048267158555, 1.88065326116
5.63, 1.02427458555, -6.35199189606, 0.00150721555861, 1.86864657883
5.64, 1.02433095758, -6.33339141129, 0.00908754601126, 1.85694852794
5.65, 1.02440372157, -6.31490610335, 0.00513526088048, 1.84558463644
5.66, 1.02439548832, -6.29653281207, -0.00398087903952, 1.8345347389
