timestamp, prius1 x posi, prius1 y posi, prius1 x vel, prius1 y vel.
0.0, 0.0, 0.0, 0.0, 0.0
0.00999999999999, 24.9960440504, 1.00000846564, -0.253484624024, 0.000409852488204
0.02, 24.992951993, 1.00003005845, -0.341835226172, 0.00171200691536
0.03, 24.9889840049, 1.00004595014, -0.430091853706, -8.07527499547e-05
0.04, 24.984140769, 1.00004358646, -0.518328467977, -0.00124070307833
0.05, 24.9784224392, 1.0000470308, -0.606569912567, 0.000698162355187
0.06, 24.9718289925, 1.00007514113, -0.694814443174, 0.00290325740679
0.07, 24.9643604043, 1.00010928994, -0.783057544816, 0.00202228595213
0.08, 24.9560167009, 1.0001237584, -0.871297131582, -0.000196635861414
0.09, 24.9467979134, 1.00012854528, -0.959535467148, 0.00025778647337
0.1, 24.9367040237, 1.00015320491, -1.04777724059, 0.00299347139537
0.11, 24.925734992, 1.00019790549, -1.13602217421, 0.00382421568672
0.12, 24.9138908161, 1.00023308777, -1.2242673264, 0.001736919387
0.13, 24.901172062, 1.00024910501, -1.31180376314, 0.000669182957191
0.14, 24.8875852059, 1.0002735607, -1.39809256399, 0.00297882492985
0.15, 24.8731407479, 1.0003256076, -1.48332888146, 0.00534174407248
0.16, 24.8578492217, 1.00038282684, -1.56751572319, 0.00419234367118
0.17, 24.8417210971, 1.00041747364, -1.65066092977, 0.00175957506012
0.18, 24.8247667133, 1.00044281285, -1.73277949457, 0.0024626210991
0.19, 24.8069962264, 1.00049147788, -1.81389009433, 0.00552036200243
0.2, 24.7884196479, 1.00056089227, -1.89400480626, 0.00617619374359
0.21, 24.769046913, 1.00061694283, -1.97313018649, 0.00362659542109
0.22, 24.7488878725, 1.00065082022, -2.05127674388, 0.00245270487671
0.23, 24.7279522207, 1.00069440956, -2.12846167771, 0.00501864848566
0.24, 24.7062494829, 1.0007675122, -2.20470065483, 0.00744629729814
0.25, 24.6837892028, 1.00084429393, -2.27998673976, 0.00600935619789
0.26, 24.6605850066, 1.00089566913, -2.35421939529, 0.00337813388425
0.27, 24.6366493299, 1.00093782414, -2.4276451584, 0.00425992741904
0.28, 24.6119906917, 1.00100579778, -2.50021355637, 0.00754639907647
0.29, 24.58661775, 1.0010948952, -2.57189812246, 0.00805810887909
0.3, 24.5605392683, 1.00116771495, -2.64269714488, 0.00517192487693
0.31, 24.533763993, 1.00121638024, -2.71262050943, 0.00396821306655
0.32, 24.5063005144, 1.00127639784, -2.78168393721, 0.00680129494132
0.33, 24.4781573034, 1.00136783763, -2.84976127455, 0.00928894031935
0.34, 24.4493459612, 1.00146142458, -2.91579501156, 0.00755738368884
0.35, 24.4198841502, 1.00152660495, -2.97997605897, 0.00470922160385
0.36, 24.3897899497, 1.00158268812, -3.04236178851, 0.00578656655026
0.37, 24.3590809327, 1.00166735183, -3.10300915036, 0.00932133922922
0.38, 24.3277741974, 1.00177356445, -3.16196503758, 0.00967602394074
0.39, 24.29588644, 1.00186041448, -3.21926956562, 0.0064358989852
0.4, 24.2634339409, 1.00192110553, -3.27496647686, 0.00521002472
0.41, 24.2304324915, 1.00199492812, -3.329105993, 0.00831952246998
0.42, 24.1968973984, 1.0021020051, -3.38173640387, 0.0108328393885
0.43, 24.1628435698, 1.0022090219, -3.43289428874, 0.00872128118681
0.44, 24.1282855601, 1.00228414786, -3.48261587669, 0.00564611041082
0.45, 24.0932375111, 1.00235053399, -3.53094419432, 0.00695765628665
0.46, 24.0577131019, 1.00244840196, -3.57792540169, 0.0107262786731
0.47, 24.0217256145, 1.00256770655, -3.62359540152, 0.0108520958164
0.48, 23.9852880226, 1.0026639953, -3.66798375384, 0.00723333731446
0.49, 23.9484129763, 1.00273241938, -3.71112489931, 0.0060569048576
0.5, 23.9111127215, 1.00281658426, -3.75306046977, 0.00951618921195
0.51, 23.8733991076, 1.00293611468, -3.79382792958, 0.0120467875049
0.52, 23.8352836876, 1.00305314489, -3.83345342667, 0.00953494814047
0.53, 23.7967777599, 1.00313481806, -3.87196372211, 0.00625724719731
0.54, 23.7578922986, 1.00320857904, -3.90939325441, 0.00785947500746
0.55, 23.7186378989, 1.00331714872, -3.94577979762, 0.011883649374
0.56, 23.6790248501, 1.00344695557, -3.98115000481, 0.0117520017432
0.57, 23.6390632235, 1.00354981788, -4.01552468063, 0.00773886979117
0.58, 23.5987628485, 1.00362323937, -4.04893040705, 0.00664745749856
0.59, 23.5581332236, 1.00371544089, -4.08140164706, 0.0104946199601
0.6, 23.5171835272, 1.00384522562, -4.11296805008, 0.0130284855347
0.61, 23.4759227231, 1.00396975651, -4.1436476014, 0.0100821322753
0.62, 23.4343595967, 1.00405534445, -4.17345984594, 0.00661482688789
0.63, 23.3925026745, 1.00413423101, -4.20243284667, 0.00855798286957
0.64, 23.3503601675, 1.00425161494, -4.23059812745, 0.0128527648161
0.65, 23.3079400503, 1.00438988014, -4.25797509352, 0.012428750358
0.66, 23.26525015, 1.00449695911, -4.28457787199, 0.00800464470659
0.67, 23.2222981121, 1.00457317737, -4.31042727173, 0.00703822213346
0.68, 23.1790913037, 1.00467168182, -4.33555268751, 0.0113128000063
0.69, 23.1356368282, 1.00481007467, -4.35997788082, 0.0138313375474
0.7, 23.0919416369, 1.00494009868, -4.3837145897, 0.0104122572436
0.71, 23.0480125597, 1.00502746544, -4.40677708214, 0.00676970967463
0.72, 23.0038562139, 1.00510974844, -4.42918896797, 0.00910579959853
0.73, 22.9594789455, 1.00523456636, -4.45097732495, 0.0136821317786
0.74, 22.914886917, 1.00537969201, -4.47215594063, 0.0129243674003
0.75, 22.870086197, 1.00548903705, -4.49273393237, 0.0080716096802
0.76, 22.825082717, 1.00556627756, -4.51272793979, 0.00727368413208
0.77, 22.7798821659, 1.0056697987, -4.53216385144, 0.0120150940941
0.78, 22.734490014, 1.00581556284, -4.55106011407, 0.0144930147028
0.79, 22.6889116465, 1.00594940832, -4.56942049222, 0.010557285893
0.8, 22.6431524362, 1.00603675409, -4.58724563304, 0.0067574478567
0.81, 22.5972176819, 1.00612105887, -4.60454542407, 0.00953596007405
0.82, 22.5511125401, 1.00625218247, -4.62133513931, 0.0143892110024
0.83, 22.5048420998, 1.00640266801, -4.63761790615, 0.0132439915051
0.84, 22.4584114516, 1.006512381, -4.65339456632, 0.00794638549088
0.85, 22.4118256239, 1.00658895333, -4.66867463548, 0.00736167201785
0.86, 22.3650894741, 1.00669622016, -4.68347653327, 0.0125950686284
0.87, 22.3182077346, 1.00684795021, -4.69780869181, 0.0149897059585
0.88, 22.2711851545, 1.00698368841, -4.71166669156, 0.010490147178
0.89, 22.224026505, 1.0070689134, -4.72504100537, 0.00654730964017
0.9, 22.1767367416, 1.00715355858, -4.7379098899, 0.00981972656812
0.91, 22.1293209551, 1.00728957407, -4.75026666568, 0.0149463561771
0.92, 22.0817843031, 1.00744361495, -4.76210809078, 0.0133565528681
0.93, 22.0341319245, 1.00755146679, -4.77344309461, 0.00759754512681
0.94, 21.9863687608, 1.00762538776, -4.78429766527, 0.0072782130017
0.95, 21.9384993903, 1.00773492393, -4.79471063291, 0.0130375642907
0.96, 21.89052806, 1.00789105965, -4.80471074275, 0.0153070951933
0.97, 21.8424588322, 1.00802658722, -4.81431221801, 0.0101978492601
0.98, 21.7942956178, 1.00810757136, -4.82353239341, 0.00614715463826
0.99, 21.7460420761, 1.00819103306, -4.83239787782, 0.00997945993501
1.0, 21.6977015818, 1.00833081046, -4.84093635192, 0.0153868567815
1.01, 21.6492773572, 1.00848696114, -4.84915689297, 0.0132982627646
1.02, 21.6007725737, 1.00859107335, -4.85706511164, 0.00705854338971
1.03, 21.552190288, 1.00866073455, -4.8646751913, 0.0070648855382
1.04, 21.5035333284, 1.00877160152, -4.87201154278, 0.0134045317737
1.05, 21.454804349, 1.00893130732, -4.87908739596, 0.0155209695463
1.06, 21.406005969, 1.00906528659, -4.88590298321, 0.00975052641057
1.07, 21.3571407813, 1.00914054351, -4.89246428422, 0.00561624933538
1.08, 21.308211224, 1.00922192667, -4.89878906598, 0.0100791727419
1.09, 21.2592195333, 1.00936497056, -4.9048969855, 0.0157697582508
1.1, 21.2101678748, 1.00952233418, -4.91078926499, 0.0131209412495
1.11, 21.1610584305, 1.00962138155, -4.91646568044, 0.00638895673803
1.12, 21.111893317, 1.00968582436, -4.92193573168, 0.00678883452702
1.13, 21.062674462, 1.00979770034, -4.92722017651, 0.0137503666536
1.14, 21.013403665, 1.0099605639, -4.93232737002, 0.0156656138899
1.15, 20.9640827387, 1.01009196915, -4.93725316795, 0.00918176121321
1.16, 20.9147135062, 1.01016042261, -4.94200009907, 0.00500178372626
1.17, 20.8652976626, 1.01023931928, -4.94658332635, 0.0101671370344
1.18, 20.815836731, 1.01038555586, -4.95101945853, 0.016132182715
1.19, 20.7663322029, 1.0105435439, -4.95530567698, 0.0128523010574
1.2, 20.7167856203, 1.01063647413, -4.95943887265, 0.00561787917341
1.21, 20.6671984826, 1.01069506267, -4.96342615865, 0.00648503826186
1.22, 20.6175721194, 1.01080797108, -4.96728656106, 0.0141080046284
1.23, 20.5679077618, 1.01097385793, -4.97102510843, 0.0157648215108
1.24, 20.5182066856, 1.01110187041, -4.97463482877, 0.00851169755903
1.25, 20.4684702004, 1.01116267098, -4.97811612534, 0.00432960318829
1.26, 20.4186995006, 1.01123895616, -4.98148283828, 0.0102725666325
1.27, 20.3688956279, 1.01138857209, -4.98474959048, 0.0164966126883
1.28, 20.3190596205, 1.01154677153, -4.9879105758, 0.0125071179006
1.29, 20.2691925905, 1.01163268322, -4.99096085987, 0.00476250521785
1.3, 20.2192956202, 1.01168499301, -4.99390611535, 0.00617761968193
1.31, 20.1693696317, 1.01179919706, -4.99676456698, 0.0144997225633
1.32, 20.1194154704, 1.01196814424, -4.99953866324, 0.0158316194234
1.33, 20.0694340498, 1.01209204898, -5.00221948559, 0.00775053383314
1.34, 20.0194263319, 1.01214448323, -5.00480605994, 0.0036170094294
1.35, 19.9693931685, 1.01221823392, -5.00731170552, 0.0104166187134
1.36, 19.9193352713, 1.01237159409, -5.0097496718, 0.0168770157189
1.37, 19.8692533706, 1.01252968216, -5.01211182661, 0.0120917083394
1.38, 19.8191482871, 1.01260774655, -5.01439207543, 0.00383272760002
1.39, 19.7690208176, 1.01265349806, -5.01659526168, 0.00588436580501
1.4, 19.7188716024, 1.01276943743, -5.01873941084, 0.0149412288125
1.41, 19.6687012223, 1.01294158505, -5.02082482577, 0.0158719945532
1.42, 19.6185103445, 1.01306070324, -5.02284124613, 0.00690204714717
1.43, 19.568299693, 1.01310413678, -5.02478678378, 0.00287609460892
1.44, 19.5180698822, 1.01317558267, -5.026674791, 0.0106154915114
1.45, 19.4678213949, 1.01333317751, -5.02851749499, 0.0172817347543
1.46, 19.4175547501, 1.0134908644, -5.03030487895, 0.0116067173098
1.47, 19.3672705695, 1.01356027454, -5.03203012604, 0.00283387214843
1.48, 19.3169694521, 1.01359929329, -5.0336976542, 0.0056193203851
1.49, 19.2666518405, 1.01371754536, -5.03532569032, 0.0154440301888
1.5, 19.2163181323, 1.01389309075, -5.0369126378, 0.0158871055065
1.51, 19.1659688257, 1.01400673398, -5.03844732679, 0.00596579177863
1.52, 19.1156044809, 1.01404057637, -5.0399272358, 0.00211593143104
1.53, 19.0652255447, 1.01411007175, -5.04136615503, 0.0108824629941
1.54, 19.0148323344, 1.01426445228, -5.04258477065, 0.014389065368
1.55, 18.9644252493, 1.01441792372, -5.04414189581, 0.0122263260575
1.56, 18.9140047349, 1.01449820802, -5.04546346014, 0.00388884610902
1.57, 18.8635712502, 1.01453863726, -5.04674071856, 0.00484901955941
1.58, 18.8131251288, 1.01464143167, -5.04798843728, 0.0136322534023
1.59, 18.7626666475, 1.01480556902, -5.0492081182, 0.0155880619125
1.6, 18.7121961631, 1.01492644986, -5.05038956889, 0.00725118640496
1.61, 18.6617141011, 1.01496975674, -5.05152917704, 0.0023955345142
1.62, 18.6112208099, 1.01503050965, -5.05263655526, 0.00921425295298
1.63, 18.5607165214, 1.01517578642, -5.05372342485, 0.0164152411618
1.64, 18.5102014955, 1.01533139314, -5.05478135743, 0.0118614181748
1.65, 18.4596760924, 1.01540384638, -5.0558026563, 0.00292293805719
1.66, 18.4091406735, 1.01543720579, -5.05678905899, 0.00450843107648
1.67, 18.358595471, 1.01554163561, -5.05775596417, 0.0140983745681
1.68, 18.3080406697, 1.01570946693, -5.05870369656, 0.0156823241638
1.69, 18.2574765438, 1.01582578057, -5.0596214343, 0.00638846005744
1.7, 18.206903439, 1.0158595669, -5.06050521642, 0.00158376241879
1.71, 18.1563216175, 1.01591749467, -5.06136520826, 0.00939020366501
1.72, 18.1057312278, 1.01606721822, -5.06221288619, 0.0168689157945
1.73, 18.0551324568, 1.01622287098, -5.06303863973, 0.0114001942564
1.74, 18.0045255979, 1.0162864417, -5.06383457577, 0.00186509744645
1.75, 17.9539109421, 1.01631236865, -5.06460239727, 0.0041822699528
1.76, 17.9032886467, 1.01641893983, -5.06535821681, 0.0146234057751
1.77, 17.852658836, 1.0165762125, -5.06609951711, 0.0156701988396
1.78, 17.8020217231, 1.01670157647, -5.0668191718, 0.00767877292377
1.79, 17.7513775729, 1.01674251519, -5.06751178943, 0.00149419471294
1.8, 17.7007266054, 1.01678860294, -5.06818410736, 0.00755224424868
1.81, 17.6500689272, 1.01692215156, -5.06884850088, 0.0158550351314
1.82, 17.5994046604, 1.01707961653, -5.06949819735, 0.0124554990886
1.83, 17.5487340265, 1.01715556446, -5.07012477373, 0.00278681712613
1.84, 17.498057268, 1.0171791552, -5.07072766579, 0.002951215545
1.85, 17.4473745149, 1.01726769169, -5.07132060969, 0.0128093479624
1.86, 17.3966858394, 1.01743109713, -5.07190632696, 0.0159312954156
1.87, 17.3459913938, 1.01755311976, -5.07247424378, 0.00688843635751
1.88, 17.2952914105, 1.01758435517, -5.07301911041, 0.00059739382827
1.89, 17.2445860626, 1.01762661929, -5.07354815936, 0.00765029787639
1.9, 17.1938754096, 1.01776466885, -5.07407395517, 0.0163862979023
1.91, 17.143159544, 1.01790976471, -5.07458717074, 0.0126924059706
1.92, 17.0924386405, 1.01799535149, -5.07508350092, 0.00397335161192
1.93, 17.0417128909, 1.01802385539, -5.07556047613, 0.00260766438628
1.94, 16.9909824062, 1.01809934129, -5.07602854882, 0.0110035484478
1.95, 16.9402472345, 1.01824853423, -5.07649244225, 0.0151940573937
1.96, 16.8895074821, 1.0183743324, -5.07694352385, 0.00801217396221
1.97, 16.8387633309, 1.01841665215, -5.07737631675, 0.00126277691531
1.98, 16.7880149293, 1.01845417327, -5.07779517859, 0.00626776449682
1.99, 16.7372623251, 1.01857470901, -5.07821165762, 0.0147826143306
2.0, 16.6865055708, 1.01872773723, -5.0786212341, 0.0125222768811
2.01, 16.6357448063, 1.01880663132, -5.07901580125, 0.00301949686801
2.02, 16.5849802018, 1.01882687777, -5.07939349263, 0.002072468256
2.03, 16.5342118356, 1.01890238721, -5.07976549364, 0.0113858027793
2.04, 16.4834397276, 1.0190558773, -5.08013605019, 0.0154512820556
2.05, 16.4326639619, 1.0191788903, -5.0804960979, 0.00728379101941
2.06, 16.3818846991, 1.01921160953, -5.08084000252, 0.000322740112367
2.07, 16.3311020609, 1.01924439461, -5.08117248839, 0.00625713537022
2.08, 16.2803160666, 1.0193687443, -5.08150539856, 0.0152964556467
2.09, 16.229526748, 1.01952348577, -5.08183341837, 0.0122651336002
2.1, 16.1787342271, 1.01959463825, -5.08214839346, 0.0019622274233
2.11, 16.1279386497, 1.01962042967, -5.08244983972, 0.00195607591673
2.12, 16.0771400684, 1.0196843671, -5.08274568785, 0.00966933778221
2.13, 16.026338501, 1.01982368173, -5.08304149242, 0.0146594310286
2.14, 15.9755340028, 1.01994984475, -5.08333019601, 0.00836939405566
2.15, 15.9247266998, 1.01999402147, -5.08360604102, 0.001086494528
2.16, 15.8739166998, 1.02002330621, -5.08387135519, 0.00498864953365
2.17, 15.8231040222, 1.02013055157, -5.08413672617, 0.0136638157115
2.18, 15.7722886813, 1.02027877349, -5.08439979333, 0.0125722274191
2.19, 15.7214707662, 1.02036080582, -5.0846530351, 0.00329620001847
2.2, 15.6706504024, 1.02037816393, -5.08489357066, 0.00122624737709
2.21, 15.6198276424, 1.02044060426, -5.08513020515, 0.00992759804912
2.22, 15.5690024795, 1.02058368753, -5.0853683821, 0.0149245677544
2.23, 15.518174957, 1.02070754544, -5.0856007197, 0.00769581464886
2.24, 15.4673451892, 1.02074217102, -5.08582142356, 9.81738110562e-05
2.25, 15.4165182475, 1.02076576169, -5.08338423936, 0.00487567964015
2.26, 15.3657540209, 1.02087644445, -5.07525594055, 0.0141862996664
2.27, 15.3150692575, 1.02102641399, -5.06739929176, 0.0122999989491
2.28, 15.2644618113, 1.02109996246, -5.05978631316, 0.00213577035238
2.29, 15.2139292314, 1.02110736993, -5.05241878577, 0.000590833824979
2.3, 15.1634690325, 1.0211696646, -5.04529728392, 0.0103470720255
2.31, 15.1130787613, 1.02130525926, -5.03841634778, 0.01349410973
2.32, 15.0627561194, 1.02142835368, -5.03176166389, 0.00841469238992
2.33, 15.0124989304, 1.0214718518, -5.02531968367, 0.000735456011852
2.34, 14.9623142626, 1.02149194831, -5.01535319061, 0.00366024549685
2.35, 14.9122617268, 1.02158506292, -5.00105216569, 0.0124080133417
2.36, 14.8623497684, 1.02172603489, -4.98719272332, 0.0123188361115
2.37, 14.8125741217, 1.02180797619, -4.97377380974, 0.00329068639821
2.38, 14.7629304312, 1.02182042882, -4.96078660089, 0.000259991407381
2.39, 14.713414409, 1.02186881346, -4.9482215625, 0.00836293951873
2.4, 14.6640218654, 1.02199942415, -4.93606885426, 0.0141095769116
2.41, 14.6147488021, 1.02212044154, -4.92430787952, 0.00772236300338
2.42, 14.5655914324, 1.02215363984, -4.91291848784, -0.000378471967397
2.43, 14.5165461024, 1.02216622004, -4.90188746092, 0.00333481141046
2.44, 14.4676178184, 1.02226076362, -4.88635949865, 0.0128371470247
2.45, 14.4189212149, 1.02240500476, -4.85935665382, 0.0122749314751
2.46, 14.3704890602, 1.02247846137, -4.83324739001, 0.00185472027443
2.47, 14.3223137986, 1.02248940535, -4.8079549391, -0.000597013071464
2.48, 14.2743871622, 1.02252188049, -4.78348488295, 0.00656304203318
2.49, 14.2267010307, 1.02264064764, -4.75981528418, 0.0136823963313
2.5, 14.1792475923, 1.02276594153, -4.73691181864, 0.00859719661175
2.51, 14.1320193837, 1.02280414606, -4.71474103135, -0.000504016358594
2.52, 14.0850092209, 1.02280523684, -4.6932753449, 0.00151499404504
2.53, 14.0382101121, 1.02288152699, -4.67249773573, 0.0113600767499
2.54, 13.991615828, 1.0230200569, -4.65185964735, 0.0125436755052
2.55, 13.9453172516, 1.02310270335, -4.61511321327, 0.00288979072482
2.56, 13.899372933, 1.02311367759, -4.58009986894, -0.00075409843116
2.57, 13.853773108, 1.02313192509, -4.54618028724, 0.00442921939086
2.58, 13.8085066683, 1.02323091138, -4.51337167062, 0.0122938773103
2.59, 13.7635626907, 1.02335447616, -4.48164131763, 0.00933996681335
2.6, 13.7189306297, 1.02340230332, -4.45094895649, 0.000162518914965
2.61, 13.6746002867, 1.02339817051, -4.42126000022, -4.17410737689e-05
2.62, 13.6305617276, 1.02345252969, -4.39254950243, 0.00912511517566
2.63, 13.5868053133, 1.02357851021, -4.3647882434, 0.0123226097909
2.64, 13.5433562368, 1.02366820457, -4.32759768026, 0.00402491116543
2.65, 13.5003237761, 1.02367195229, -4.28536936198, -0.00223694304668
2.66, 13.457706775, 1.02368053053, -4.24445407545, 0.00385546038386
2.67, 13.415492876, 1.02377740537, -4.20472602567, 0.0122634818995
2.68, 13.3736706238, 1.0238987091, -4.16598177868, 0.00881631097077
2.69, 13.3322287655, 1.02393670436, -4.1285348223, -0.00112582819862
2.7, 13.2911568255, 1.02393423392, -4.09199953522, -0.000627583772044
2.71, 13.2504441736, 1.02397168891, -4.05669522567, 0.00686748475192
2.72, 13.2100808754, 1.0240788902, -4.02219026284, 0.0111632616168
2.73, 13.1700569274, 1.02416864493, -3.98872511813, 0.00478556510127
2.74, 13.1304116308, 1.0241800168, -3.94386777739, -0.00188178736913
2.75, 13.091245891, 1.02418132953, -3.89598599507, 0.00223415218041
2.76, 13.0525524386, 1.02425765136, -3.84926893405, 0.0102778836556
2.77, 13.0143179739, 1.02436846768, -3.80406934627, 0.00869822159776
2.78, 12.9765298226, 1.02441325337, -3.76000322442, -0.000153241560179
2.79, 12.9391754758, 1.02439917428, -3.71722382654, -0.00170383944537
2.8, 12.9022426074, 1.02443112452, -3.67566384777, 0.00671447669583
2.81, 12.8657194919, 1.02453794052, -3.63531803019, 0.01102379948
2.82, 12.8295945821, 1.02462171421, -3.59599173468, 0.0037680801517
2.83, 12.7938566844, 1.02462039791, -3.557832002, -0.00318864770145
2.84, 12.758524365, 1.0246130319, -3.51122465136, 0.00186315180962
2.85, 12.7237073531, 1.02468985144, -3.45885477332, 0.0104746100864
2.86, 12.6894065716, 1.02479821164, -3.40793607728, 0.00797918149111
2.87, 12.6556078567, 1.0248304273, -3.35843275599, -0.00165170248243
2.88, 12.6222966721, 1.0248041891, -3.31039600978, -0.00248494818035
2.89, 12.5894581535, 1.02483448618, -3.26385619921, 0.00690729334446
2.9, 12.5570772947, 1.02494222996, -3.2188155353, 0.0108124418769
2.91, 12.525139335, 1.0250174369, -3.17523393297, 0.00245606771459
2.92, 12.4936301429, 1.02501159946, -3.13301920022, -0.0022587865919
2.93, 12.4625369152, 1.02499775689, -3.09198552033, 0.000383872688765
2.94, 12.4318859286, 1.02505663173, -3.04117076239, 0.00877391191388
2.95, 12.4017855936, 1.02515712623, -2.98564594047, 0.00809087552282
2.96, 12.3722347828, 1.02519867151, -2.93124462779, -0.000312712140888
2.97, 12.3432222124, 1.02518193719, -2.87797849364, -0.00211619446552
2.98, 12.314736333, 1.02520722672, -2.82588427161, 0.00584356487615
2.99, 12.2867650768, 1.02530488528, -2.77502967479, 0.0101335914866
3.0, 12.2592956045, 1.02538116424, -2.72550418262, 0.00311371078789
3.01, 12.2323140856, 1.02537257037, -2.67742434947, -0.00405694426519
3.02, 12.2058052912, 1.0253529332, -2.6309229538, 0.000326124176465
3.03, 12.1797533281, 1.02541379816, -2.58600882698, 0.00896668013902
3.04, 12.1541488889, 1.02551150453, -2.54046974037, 0.00724456186894
3.05, 12.129007065, 1.02553722511, -2.49446806609, -0.00244235589536
3.06, 12.1043186717, 1.02549851367, -2.4497248354, -0.00414623592576
3.07, 12.0800709965, 1.025509787, -2.40623217481, 0.00499834774897
3.08, 12.0562514848, 1.02560206117, -2.36403459511, 0.00964798589907
3.09, 12.0328481149, 1.02566917935, -2.32299877403, 0.00178088366017
3.1, 12.0098492163, 1.02565382601, -2.2831370829, -0.00357775997101
3.11, 11.9872434298, 1.02562170363, -2.24438902132, -0.00177057210588
3.12, 11.9650197073, 1.02566063831, -2.20665888621, 0.00713264243583
3.13, 11.943167199, 1.02575120745, -2.17005444403, 0.00746876280427
3.14, 11.9216571722, 1.02578461763, -2.13838055253, -0.00164958408276
3.15, 11.9004551793, 1.02574578106, -2.10806310837, -0.00499390203639
3.16, 11.8795518055, 1.02574109123, -2.07863091636, 0.00309267772498
3.17, 11.8589382431, 1.0258205342, -2.05007558359, 0.00915566206027
3.18, 11.8386057787, 1.0258932762, -2.02238893641, 0.00296050560698
3.19, 11.8185458283, 1.02587791202, -1.99555486557, -0.00533324885999
3.2, 11.7987499644, 1.02583949166, -1.96955443567, -0.0018056246108
3.21, 11.7792099165, 1.02588339676, -1.94437250081, 0.00790081955744
3.22, 11.7599177036, 1.02597971353, -1.91996615102, 0.00773372105789
3.23, 11.740845731, 1.02601134145, -1.90036868904, -0.00204112338833
3.24, 11.7219650187, 1.025970773, -1.88152778093, -0.00476822594509
3.25, 11.7032702498, 1.02597604842, -1.86316594553, 0.00462379911275
3.26, 11.6847567918, 1.02605057044, -1.8451320624, 0.00650726613158
3.27, 11.6664203918, 1.02613460416, -1.82773655647, 0.00583066742766
3.28, 11.6482570197, 1.02615004407, -1.81062028694, -0.0030724640081
3.29, 11.6302628221, 1.0261100123, -1.79388438416, -0.00406616337616
3.3, 11.6124339794, 1.02611971952, -1.77752977636, 0.00443801107379
3.31, 11.5947666816, 1.02620109438, -1.76155876596, 0.00825014050203
3.32, 11.5772571496, 1.02625590468, -1.7459686325, 0.000945233561581
3.33, 11.5599016308, 1.02622991529, -1.73075531125, -0.00524611236943
3.34, 11.5426760569, 1.02620557331, -1.72003483971, 0.000304004346995
3.35, 11.5255541397, 1.02626587746, -1.70983620119, 0.00861061055413
3.36, 11.5085327364, 1.02635407875, -1.69992189131, 0.00580698059618
3.37, 11.4916091082, 1.02636532967, -1.6902778022, -0.0036858693723
3.38, 11.4747805361, 1.02632117295, -1.68090566507, -0.00416074877582
3.39, 11.458044194, 1.02633523611, -1.67181872078, 0.0051922334121
3.4, 11.4413971828, 1.02642393166, -1.66302455197, 0.00870482926461
3.41, 11.4248366099, 1.02647733031, -1.65452211672, 0.000274787012242
3.42, 11.4083595948, 1.02644214871, -1.64630955046, -0.00618176613025
3.43, 11.3919632372, 1.02641309005, -1.63838218102, 0.0002818964253
3.44, 11.3756404743, 1.02647690881, -1.63254085874, 0.00907687469246
3.45, 11.3593569292, 1.02656612031, -1.62941783836, 0.00549452323707
3.46, 11.3431043283, 1.02656945822, -1.62637381972, -0.00468236011906
3.47, 11.3268816664, 1.02653233752, -1.62342105726, -0.00403926346691
3.48, 11.3106880762, 1.02653783689, -1.62055303596, 0.00380835702753
3.49, 11.2945227031, 1.02661552583, -1.61777111588, 0.00819394446896
3.5, 11.2783847399, 1.02667460019, -1.61507969058, 0.00157797157534
3.51, 11.2622734704, 1.02665318368, -1.61244652198, -0.00518688247164
3.52, 11.2461881698, 1.02662330304, -1.60987373524, -0.0007250168099
3.53, 11.2301275125, 1.02667240123, -1.60794637571, 0.00764149258013
3.54, 11.2140629392, 1.02675671141, -1.60995922615, 0.00593876591929
3.55, 11.1979796361, 1.02677256328, -1.61182990986, -0.0031577805459
3.56, 11.1818777773, 1.02672952942, -1.61367350671, -0.00447147211334
3.57, 11.165757833, 1.0267365491, -1.61544808908, 0.00435299277994
3.58, 11.1496202653, 1.02682058897, -1.61719328105, 0.00869858038269
3.59, 11.133465589, 1.02687973798, -1.61888199599, 0.0011546969403
3.6, 11.117294314, 1.02685175952, -1.62051041829, -0.00583642022419
3.61, 11.1011069057, 1.02681969429, -1.62210065899, -0.00050605845439
3.62, 11.0849038041, 1.02687504036, -1.62364589299, 0.00840862044446
3.63, 11.0686848568, 1.02696393128, -1.62571333172, 0.00599023444963
3.64, 11.0524227364, 1.02697519247, -1.63157504702, -0.00391129331437
3.65, 11.0361037299, 1.0269260967, -1.63722648041, -0.00476733829541
3.66, 11.0197290233, 1.02693597496, -1.6427336057, 0.00504213881529
3.67, 11.0033001269, 1.02702745131, -1.64806843662, 0.00925971520286
3.68, 10.9868185411, 1.02708657681, -1.65326386856, 0.000686392728422
3.69, 10.9702857801, 1.02705168948, -1.65832076915, -0.00648843930551
3.7, 10.9537033026, 1.0270181617, -1.66322384424, -0.000163341205158
3.71, 10.9370724554, 1.02708097888, -1.6679939587, 0.00928649283983
3.72, 10.920390696, 1.02716136877, -1.67435561889, 0.00660794407251
3.73, 10.9036275833, 1.02718548605, -1.68317388053, -0.00244207240819
3.74, 10.8867776658, 1.02714432868, -1.6917389914, -0.00478693063845
3.75, 10.8698431927, 1.02714479579, -1.70007890791, 0.00362913890582
3.76, 10.8528264862, 1.02722582202, -1.7081894651, 0.00886533486123
3.77, 10.8357298373, 1.02729183555, -1.71607323962, 0.00210283018698
3.78, 10.8185555198, 1.02727107924, -1.72374332912, -0.00549630925488
3.79, 10.8013057656, 1.02723647156, -1.7311728855, -0.0011555946921
3.8, 10.7839826375, 1.02728583179, -1.73841713471, 0.00808442339559
3.81, 10.7665881495, 1.02737790211, -1.74545460743, 0.00679804880664
3.82, 10.7491243084, 1.02739898548, -1.75229630861, -0.00304269119586
3.83, 10.731591567, 1.02735266868, -1.75997702981, -0.00503575957943
3.84, 10.7139617456, 1.0273561837, -1.77079115545, 0.00434002791986
3.85, 10.696225742, 1.02744547071, -1.78128731354, 0.00956050402601
3.86, 10.6783862358, 1.02751318603, -1.79149694613, 0.00179270297136
3.87, 10.6604461366, 1.02748643311, -1.80141727661, -0.00612766244863
3.88, 10.6424083212, 1.02744996091, -1.81104202682, -0.000861197735565
3.89, 10.6242754774, 1.02750680131, -1.82041299073, 0.00901509308497
3.9, 10.6060502541, 1.02759150571, -1.82952349059, 0.00759628919337
3.91, 10.5877352362, 1.02762737194, -1.83839008866, -0.00142194254876
3.92, 10.5693232767, 1.02758894649, -1.84981404836, -0.00517639131695
3.93, 10.5507860605, 1.02758162565, -1.86244615799, 0.00281629019572
3.94, 10.5321241582, 1.02766091267, -1.87474953573, 0.00935706470591
3.95, 10.5133409591, 1.02773813404, -1.88671359008, 0.00347219168133
3.96, 10.4944398893, 1.02772670077, -1.8983389154, -0.00516412941745
3.97, 10.4754242759, 1.02768776827, -1.90963854354, -0.00203419263275
3.98, 10.4562973438, 1.02773020824, -1.92061365333, 0.00784273621664
3.99, 10.4370621106, 1.02782852825, -1.93129160636, 0.00803320886959
4.0, 10.4177216501, 1.02786301458, -1.94166487583, -0.00194413978872
4.01, 10.3982789819, 1.02781926432, -1.95174802468, -0.0054975124743
4.02, 10.3787369392, 1.02781437656, -1.96155341872, 0.00353276187701
4.03, 10.3590982847, 1.02789449055, -1.97098682377, 0.00682822364851
4.04, 10.3393454033, 1.02797127883, -1.98445962005, 0.00449787728448
4.05, 10.3194585669, 1.02797482328, -1.99769869863, -0.00370149699845
4.06, 10.2994411918, 1.02794148502, -2.01057940947, -0.00238169919777
4.07, 10.2792967873, 1.02797267673, -2.02311212545, 0.00644058719116
4.08, 10.2590287914, 1.02806351788, -2.03530383549, 0.00811961184777
4.09, 10.2386406291, 1.02810913802, -2.04715580855, -0.000269816486893
4.1, 10.2181357051, 1.02807898553, -2.05866961533, -0.0047919396758
4.11, 10.1975173296, 1.02806952337, -2.06985508137, 0.00225370464187
4.12, 10.1767886958, 1.02814445976, -2.08072555754, 0.00925452050389
4.13, 10.1559514007, 1.02822701311, -2.09232462449, 0.0044683469959
4.14, 10.134978497, 1.02822631953, -2.10693296179, -0.00427363624546
4.15, 10.1138621738, 1.02819000036, -2.12109328196, -0.00231049496444
4.16, 10.0926062896, 1.02822679103, -2.1348515664, 0.0072838788988
4.17, 10.0712148535, 1.02832491272, -2.14821209618, 0.00856078282566
4.18, 10.0496918337, 1.02836949867, -2.16118134461, -0.000766981356096
4.19, 10.0280411137, 1.02833371821, -2.17376790842, -0.00519613877463
4.2, 10.0062664186, 1.02832558115, -2.18598669495, 0.00284188669659
4.21, 9.98437131817, 1.02840891061, -2.197854545, 0.0100849720821
4.22, 9.96235930681, 1.02849516838, -2.20937794964, 0.00436822193467
4.23, 9.94023383335, 1.02848934599, -2.22056131317, -0.00494229128541
4.24, 9.91798544397, 1.02844960829, -2.23466667212, -0.00222842343496
4.25, 9.8955884841, 1.02849246507, -2.24946605125, 0.00818548963613
4.26, 9.87304563686, 1.02858391069, -2.2638485409, 0.00817241376547
4.27, 9.85036118016, 1.02863627317, -2.2778032711, 0.000706018713633
4.28, 9.82753938898, 1.02861431021, -2.29133339629, -0.00430241766004
4.29, 9.80458442357, 1.02860394786, -2.30445235872, 0.00176063167228
4.3, 9.78150028936, 1.02867368102, -2.31717702804, 0.00893602054676
4.31, 9.75829090107, 1.02875891411, -2.3295156982, 0.00521260076478
4.32, 9.73496011923, 1.02876793442, -2.3414732876, -0.00335119628873
4.33, 9.7115087581, 1.02873558688, -2.35455785316, -0.00242218817906
4.34, 9.68790896047, 1.02876711895, -2.37010546406, 0.00663078229153
4.35, 9.66415631214, 1.028862609, -2.38517500719, 0.00876531902118
4.36, 9.64025543952, 1.02891472583, -2.39976653431, 0.000269155289153
4.37, 9.61621123635, 1.02888714071, -2.4138627683, -0.00476960095811
4.38, 9.59202863608, 1.02887683993, -2.42746545417, 0.00219053274515
4.39, 9.56771248513, 1.02895363239, -2.44058903909, 0.0096777461298
4.4, 9.54326752895, 1.02904233529, -2.45324598887, 0.00513316188697
4.41, 9.51869839063, 1.02904632612, -2.46544953948, -0.00404412607767
4.42, 9.49400950865, 1.02900956061, -2.4772172225, -0.00250220691324
4.43, 9.46920507417, 1.0290453427, -2.48857498937, 0.00736133896583
4.44, 9.44429821734, 1.02914715364, -2.49582355934, 0.00912183232616
4.45, 9.41935418761, 1.02919718997, -2.4981881553, -0.000351986086601
4.46, 9.39438709248, 1.02916223883, -2.50042423798, -0.00536855947465
4.47, 9.36939814443, 1.02915112194, -2.50256413847, 0.00257880436535
4.48, 9.34438814467, 1.02923445121, -2.50463187269, 0.0103471594803
4.49, 9.31935781909, 1.02932515558, -2.50663049984, 0.00485610403213
4.5, 9.29430788938, 1.02932179333, -2.50855886602, -0.00496079372779
4.51, 9.26923904059, 1.0292930845, -2.51041923971, -0.00294822352064
4.52, 9.24415188104, 1.02931603922, -2.51221933441, 0.00576150031364
4.53, 9.21904992766, 1.0294076966, -2.51198280175, 0.00890120533554
4.54, 9.19399128509, 1.02946561918, -2.50533056359, 0.00102235227561
4.55, 9.16899724495, 1.02944157903, -2.49892676143, -0.00489391655381
4.56, 9.1440662367, 1.02942371697, -2.49271900955, 0.0010963059299
4.57, 9.1191961681, 1.02949098651, -2.48672383321, 0.00909466691797
4.58, 9.09438495959, 1.02958024618, -2.48093538287, 0.00565338490932
4.59, 9.06963062657, 1.02958965591, -2.47534242895, -0.00372425989689
4.6, 9.04493126376, 1.02954921203, -2.46993506492, -0.00342092061662
4.61, 9.02028499937, 1.0295728647, -2.46471090497, 0.00618888114842
4.62, 8.99569001816, 1.02966856503, -2.45966595507, 0.00908793682406
4.63, 8.9711446004, 1.02972282508, -2.45479103959, 0.000225998263942
4.64, 8.94666055287, 1.02968919742, -2.44551600062, -0.0057736277409
4.65, 8.92229720493, 1.02966763643, -2.43276633545, 0.00119337966989
4.66, 8.89805928783, 1.02973917937, -2.42040474633, 0.00959698033992
4.67, 8.87394285822, 1.02982935081, -2.40845065308, 0.00529647078212
4.68, 8.84994389148, 1.0298303467, -2.39689726222, -0.00479078124396
4.69, 8.82605846402, 1.02979571452, -2.38572866916, -0.00411321008411
4.7, 8.80228275278, 1.02980445384, -2.37493458241, 0.00442446407089
4.71, 8.77861305574, 1.02988906629, -2.36450556352, 0.0088152899989
4.72, 8.75504581352, 1.02995068491, -2.35442822482, 0.00151968519639
4.73, 8.73157761067, 1.02992653496, -2.34468628329, -0.00549018622948
4.74, 8.70820514441, 1.02989626604, -2.33526701604, -0.000468915604104
4.75, 8.6849722506, 1.02995076597, -2.3174977263, 0.00830076505634
4.76, 8.66190980839, 1.03003952583, -2.30065367015, 0.00609797924586
4.77, 8.63901297807, 1.03005278927, -2.28436170362, -0.00366106619825
4.78, 8.61627613986, 1.03000501538, -2.26863343444, -0.00476254248707
4.79, 8.59369364051, 1.03001297107, -2.25346689072, 0.00474891514004
4.8, 8.57125985667, 1.03010140021, -2.23886211065, 0.00902692801163
4.81, 8.54896970785, 1.03015965183, -2.22472166485, 0.000713826877213
4.82, 8.52681883495, 1.03013515351, -2.21099820071, -0.00427776239769
4.83, 8.50480334525, 1.03009922716, -2.19759631807, -0.00193296693727
4.84, 8.48292500148, 1.03013676735, -2.18181709899, 0.00686286493081
4.85, 8.46124013678, 1.03022182024, -2.16091823993, 0.00665290843426
4.86, 8.43976034181, 1.03024636174, -2.14072503343, -0.00246971779431
4.87, 8.41848036242, 1.03020135789, -2.12096753272, -0.00541535179295
4.88, 8.39739450531, 1.03019397778, -2.10181821403, 0.00285889480114
4.89, 8.37649731933, 1.03026950541, -2.08327168946, 0.00854174543367
4.9, 8.35578357333, 1.03033407101, -2.06513296297, 0.00200007209523
4.91, 8.33524811278, 1.03030994656, -2.0474931066, -0.006076925806
4.92, 8.31488580085, 1.0302664186, -2.03052610759, -0.00219829479933
4.93, 8.29469179174, 1.03030600582, -2.01394011904, 0.00729629486467
4.94, 8.27466440134, 1.03039317866, -1.99581607356, 0.00651103415864
4.95, 8.25485621735, 1.0304110802, -1.97178480116, -0.00349254630599
4.96, 8.2352835092, 1.03036931762, -1.94852444915, -0.00497104912878
4.97, 8.21594022871, 1.03035388559, -1.9258871638, 0.00131426999747
4.98, 8.19681992572, 1.03041336755, -1.90391026385, 0.00734627645242
4.99, 8.17791624771, 1.03047657156, -1.8825553499, 0.00273125043129
5.0, 8.15922301478, 1.03046355965, -1.86181035178, -0.00508372094338
5.01, 8.14073454812, 1.03042057069, -1.84159752483, -0.00303937443541
5.02, 8.12244501406, 1.03044456041, -1.82198714132, 0.00552913912072
5.03, 8.10434889144, 1.03052116258, -1.80285816329, 0.00630403091199
5.04, 8.08647744656, 1.03054701564, -1.77669302298, -0.00218158361264
5.05, 8.06886983365, 1.03050136519, -1.75059164857, -0.00598857995604
5.06, 8.05151973492, 1.03048207533, -1.72523299516, 0.0013298386187
5.07, 8.03441991461, 1.03054415818, -1.70061127242, 0.00763374810016
5.08, 8.01756345205, 1.03060663759, -1.67656450388, 0.00229923802929
5.09, 8.00094342527, 1.03058582081, -1.65326682392, -0.00601099145867
5.1, 7.98455319274, 1.03053575742, -1.63058697786, -0.0034327080311
5.11, 7.9683861646, 1.03056011908, -1.60857410227, 0.00583218126695
5.12, 7.95243624315, 1.0306391297, -1.58716327908, 0.00632690040167
5.13, 7.9366972727, 1.03066004935, -1.56632173613, -0.00304148653317
5.14, 7.92116693502, 1.03060530186, -1.54390288234, -0.00671368810273
5.15, 7.9058975174, 1.03058399696, -1.51596244726, 0.00154309271577
5.16, 7.89090273738, 1.03065004438, -1.48889598074, 0.00794980111599
5.17, 7.87617545015, 1.03071058862, -1.46249022899, 0.00165752722571
5.18, 7.8617080604, 1.03068037076, -1.43683938495, -0.00701729216288
5.19, 7.84749318757, 1.03062419383, -1.41193572528, -0.00362938797785
5.2, 7.83352375832, 1.03065149089, -1.387723431, 0.00635253403278
5.21, 7.8197926244, 1.0307186747, -1.36424299887, 0.0060916296514
5.22, 7.8062929157, 1.03074673786, -1.34143314223, -0.00187197755212
5.23, 7.79301793655, 1.03069918018, -1.31928177392, -0.00672708850562
5.24, 7.77996070206, 1.03066670537, -1.29784862417, -0.000236413871506
5.25, 7.76713046209, 1.03071709145, -1.27210215215, 0.00695607837703
5.26, 7.75458039821, 1.03077935512, -1.24380499365, 0.00264669053662
5.27, 7.74230906164, 1.03076043697, -1.21633254603, -0.00617796442949
5.28, 7.73030820311, 1.03070202537, -1.18968322411, -0.00473719689582
5.29, 7.7185696427, 1.03071290273, -1.16384241526, 0.00469553093741
5.3, 7.70708540226, 1.03078668092, -1.13879371635, 0.0063440320263
5.31, 7.69584769682, 1.03081068304, -1.11451928073, -0.0027036820239
5.32, 7.68484895718, 1.03075438315, -1.09099145483, -0.00733268282214
5.33, 7.67408186873, 1.03072297634, -1.06818286943, 0.000482168855363
5.34, 7.66353936669, 1.03078340612, -1.04606808557, 0.00799991744898
5.35, 7.6532467693, 1.03085103183, -1.01809801919, 0.00270263029859
5.36, 7.64323361442, 1.03082841823, -0.990461893376, -0.00665484184445
5.37, 7.63349343529, 1.030784361, -0.963501550414, -0.00431025687536
5.38, 7.62401935771, 1.03079385675, -0.937220232575, 0.00430404217672
5.39, 7.61480463004, 1.03086807235, -0.911601733442, 0.00684240702211
5.4, 7.60584274891, 1.03090269304, -0.886621313123, -0.00148789780887
5.41, 7.59712745874, 1.03085394452, -0.862255858692, -0.00727062312114
5.42, 7.58865269416, 1.03081396561, -0.83848786719, -0.000997682291136
5.43, 7.58041254891, 1.03085968701, -0.815306153447, 0.00687323691743
5.44, 7.57239589448, 1.03092458571, -0.794759156267, 0.00313619628568
5.45, 7.56456503885, 1.03090895556, -0.777016445858, -0.00604074345177
5.46, 7.55690943083, 1.03084850337, -0.759716488968, -0.0051182028774
5.47, 7.54942463845, 1.03085657722, -0.742845184842, 0.00464864247286
5.48, 7.54210639803, 1.03093450289, -0.726396261649, 0.00707006670988
5.49, 7.53495051739, 1.03096651968, -0.710364188225, -0.0020894318214
5.5, 7.52795286555, 1.03091130607, -0.694740634121, -0.00775324198558
5.51, 7.52110934531, 1.03087221004, -0.679521373939, -0.000465646035455
5.52, 7.51441589854, 1.03091808467, -0.664691993899, 0.00434459457783
5.53, 7.50786853708, 1.03098200884, -0.650288228091, 0.00398193960688
5.54, 7.50146332775, 1.03097842903, -0.636264663887, -0.0050158321728
5.55, 7.49517174129, 1.03091803144, -0.62716581529, -0.00608774408965
5.56, 7.48897208341, 1.03090918432, -0.61813613995, 0.00277706378424
5.57, 7.48286134198, 1.03097635298, -0.609371450074, 0.00693351727745
5.58, 7.47683698332, 1.03101730782, -0.600856536629, -0.000646475352978
5.59, 7.47089656725, 1.0309723453, -0.59258165974, -0.00743032595546
5.6, 7.46503769553, 1.03092517646, -0.584541527374, -0.00199867589353
5.61, 7.4592579954, 1.03096458727, -0.576735358566, 0.00669839070963
5.62, 7.45355514678, 1.03103501472, -0.569161019794, 0.0040552389875
5.63, 7.44792688524, 1.03102706002, -0.561812523905, -0.00577073596376
5.64, 7.44236666171, 1.03096047837, -0.556516998655, -0.00643867676325
5.65, 7.43684036299, 1.03095347105, -0.553905894968, 0.00332890914518
5.66, 7.43133971554, 1.03102676489, -0.551397258888, 0.00737076229011
5.67, 7.42586367095, 1.03106662171, -0.548983576483, -0.00122610051969
5.68, 7.42041136777, 1.03102361289, -0.5466522283, -0.00597358997096
5.69, 7.4149819728, 1.03097298948, -0.544401101406, -0.0032581964698
