timestamp, prius1 x posi, prius1 y posi, prius1 x vel, prius1 y vel.
0.0, 0.0, 0.0, 0.0, 0.0
0.00999999999999, 24.9797881583, 0.99999267372, -0.51523358576, 0.00367606692243
0.02, 24.9742151194, 1.00003466939, -0.581511853819, 0.00509225928506
0.03, 24.9679849492, 1.00005787517, -0.647631694391, 0.00102929927478
0.04, 24.961094945, 1.00004175669, -0.716618775893, -0.0014673155386
0.05, 24.9533990814, 1.00005880378, -0.804922496091, 0.00739265147557
0.06, 24.944837667, 1.00017216151, -0.89294404572, 0.0133601148895
0.07, 24.9354011698, 1.00024323746, -0.981228369711, 0.00139818871806
0.08, 24.9250893154, 1.00023300626, -1.06975309995, -0.00248309033931
0.09, 24.9139022786, 1.00021667562, -1.15799050141, -0.00125332250842
0.1, 24.9018402766, 1.00023990001, -1.24592102931, 0.00395660198916
0.11, 24.8889063056, 1.00030021379, -1.33315091559, 0.0054475397282
0.12, 24.8751071304, 1.00034255696, -1.41918201679, 0.00156847369462
0.13, 24.8604530181, 1.00034936095, -1.50415234502, -0.000473516330124
0.14, 24.8449545154, 1.00036957761, -1.58807630748, 0.00340769993939
0.15, 24.8286219616, 1.00043563218, -1.67097283513, 0.00720111908263
0.16, 24.8114655874, 1.00050668996, -1.75284778664, 0.00476666553277
0.17, 24.7934955817, 1.00053464017, -1.83370750455, 0.000233823894779
0.18, 24.7747220137, 1.00054451474, -1.91356780057, 0.00136098011203
0.19, 24.7551547455, 1.00059427062, -1.99245092442, 0.00661351287432
0.2, 24.7348034929, 1.00067892992, -2.07036794979, 0.00759991980498
0.21, 24.7136779288, 1.00073870021, -2.14732172545, 0.0030192984846
0.22, 24.6917876653, 1.00075908555, -2.22332108665, 0.000944961567296
0.23, 24.6691430075, 1.0007963149, -2.29832704249, 0.00539301211831
0.24, 24.6457578421, 1.00088395071, -2.37236972132, 0.00940878821833
0.25, 24.6216432333, 1.00097427413, -2.44559730272, 0.00644403814426
0.26, 24.5968077786, 1.00101644467, -2.51794415902, 0.0016106554236
0.27, 24.5712602685, 1.00104219252, -2.58939972386, 0.00324162384183
0.28, 24.5450094088, 1.00111346708, -2.65998287161, 0.00890270747288
0.29, 24.5180638008, 1.00121876981, -2.72970240851, 0.00936456782504
0.3, 24.4904320217, 1.00129147218, -2.79855867459, 0.00400090122519
0.31, 24.4621229196, 1.00132121892, -2.86616586519, 0.00202450372887
0.32, 24.4331499011, 1.00137297723, -2.93173284414, 0.00715180865393
0.33, 24.4035308663, 1.00147869278, -2.99547496349, 0.0111444131007
0.34, 24.3732837203, 1.00158275926, -3.05743620754, 0.00753852897606
0.35, 24.3424260165, 1.00163393133, -3.11765878027, 0.00250943804678
0.36, 24.3109748384, 1.00167143314, -3.17619446108, 0.00473160447734
0.37, 24.2789467056, 1.00176051463, -3.23310132951, 0.0108223674122
0.38, 24.2463576693, 1.0018830201, -3.28842060849, 0.0108163906232
0.39, 24.2132234373, 1.00196611653, -3.34218640072, 0.00478501366961
0.4, 24.1795593419, 1.00200357707, -3.39444058264, 0.00292796043168
0.41, 24.1453802075, 1.00206747311, -3.44523590973, 0.00861785266748
0.42, 24.1107003619, 1.00218852004, -3.49461921152, 0.0126065068213
0.43, 24.0755337854, 1.00230365402, -3.54262003955, 0.00832998216677
0.44, 24.0398941659, 1.00236021447, -3.58926996337, 0.00298161473899
0.45, 24.0037947933, 1.00240462175, -3.63461101711, 0.00569609266883
0.46, 23.9672484779, 1.00250613079, -3.67869166096, 0.0122065302338
0.47, 23.9302676598, 1.00264073643, -3.7215430121, 0.0117817968919
0.48, 23.8928645329, 1.00272962809, -3.76318888506, 0.00512625886934
0.49, 23.8550510046, 1.00277057968, -3.8036610777, 0.00343566721555
0.5, 23.8168385631, 1.00284313313, -3.84300343815, 0.00976937285879
0.51, 23.778238296, 1.00297643888, -3.88125307449, 0.0137537032923
0.52, 23.7392610433, 1.00309926435, -3.91842967955, 0.00876732544797
0.53, 23.699917444, 1.00315778786, -3.95455620214, 0.00313188974711
0.54, 23.6602178184, 1.00320639093, -3.98966682723, 0.00642702694722
0.55, 23.6201720843, 1.00331825425, -4.0238023991, 0.0133842550591
0.56, 23.5797898773, 1.00346263889, -4.05698493329, 0.0124835519469
0.57, 23.5390806725, 1.00355448984, -4.08923013441, 0.00517655555707
0.58, 23.4980537336, 1.00359635275, -4.12056240473, 0.00371882369108
0.59, 23.4567179707, 1.00367574077, -4.15101923663, 0.0107596759167
0.6, 23.4150819663, 1.00381961727, -4.18063015257, 0.0147093853653
0.61, 23.3731541348, 1.0039478639, -4.20940701919, 0.00895206331776
0.62, 23.3309427605, 1.00400588023, -4.23736620751, 0.003053089747
0.63, 23.2884558665, 1.00405685327, -4.26453617457, 0.00700964400226
0.64, 23.2457011307, 1.00417775038, -4.29095220362, 0.0144234769423
0.65, 23.2026860165, 1.00433015626, -4.31662909854, 0.012971677815
0.66, 23.1594178934, 1.00442257485, -4.34157654399, 0.0049802896576
0.67, 23.1159039733, 1.00446321818, -4.36581360541, 0.00382469992921
0.68, 23.0721511592, 1.0045480863, -4.38937353927, 0.0116346677276
0.69, 23.0281660805, 1.00470123753, -4.41228010568, 0.0155075328618
0.7, 22.9839552589, 1.004832915, -4.43453924337, 0.00890997543426
0.71, 22.9395251385, 1.00488822499, -4.45616257727, 0.00277577749866
0.72, 22.8948819409, 1.00494008812, -4.47717465454, 0.00748173526395
0.73, 22.8500315824, 1.00506906713, -4.4976068489, 0.0153595202921
0.74, 22.8049798178, 1.00522804712, -4.51746813531, 0.013274968179
0.75, 22.7597323663, 1.00531892357, -4.53676221568, 0.00456698968052
0.76, 22.7142948614, 1.00535655519, -4.55549837765, 0.0037910211472
0.77, 22.6686727499, 1.00544593689, -4.57369609543, 0.0124310787069
0.78, 22.6228713532, 1.0056073481, -4.59136462458, 0.0161674132621
0.79, 22.5768960214, 1.00574057007, -4.60849771688, 0.00864628865871
0.8, 22.5307521321, 1.00579104052, -4.62509794007, 0.00230970276145
0.81, 22.4844449179, 1.00584246002, -4.64118254412, 0.0078599398959
0.82, 22.4379793835, 1.00597869152, -4.65677505604, 0.0161979454616
0.83, 22.3913604746, 1.00614274704, -4.67187323053, 0.0133802298127
0.84, 22.3445932137, 1.00622982684, -4.68647039863, 0.00392487393143
0.85, 22.2976825867, 1.00626257931, -4.70057073949, 0.00361359991132
0.86, 22.2506335609, 1.00635545146, -4.71416506154, 0.013141049665
0.87, 22.2034512975, 1.00652396232, -4.72723535303, 0.0166703544576
0.88, 22.1561411698, 1.00665663059, -4.73976480675, 0.00814179429617
0.89, 22.108708589, 1.00669999248, -4.75176150567, 0.00164856456074
0.9, 22.0611586997, 1.00674961299, -4.7632583025, 0.0081453814764
0.91, 22.0134962392, 1.00689223115, -4.7742981386, 0.0169321778332
0.92, 21.9657256908, 1.00705973167, -4.78489808025, 0.0132736709154
0.93, 21.9178514059, 1.00714062328, -4.79507267545, 0.00304557849494
0.94, 21.8698775247, 1.00716667231, -4.80484471411, 0.00330798039445
0.95, 21.821807828, 1.00726222569, -4.81425214256, 0.0137892474229
0.96, 21.7736458375, 1.00742287248, -4.82331372789, 0.0162460549312
0.97, 21.7253950125, 1.00756268872, -4.83203614891, 0.00948824334226
0.98, 21.6770587192, 1.00761714359, -4.84042767899, 0.00216454837284
0.99, 21.6286401571, 1.00766039694, -4.84850753549, 0.00667773868732
1.0, 21.5801422609, 1.00778679915, -4.85630346442, 0.0156367518592
1.01, 21.5315678386, 1.00795249794, -4.86382141413, 0.014049844646
1.02, 21.4829196959, 1.00804642868, -4.87106197568, 0.00434188355597
1.03, 21.4342005768, 1.00807575509, -4.87803403657, 0.00265511452913
1.04, 21.3854130056, 1.00815607806, -4.8847618684, 0.0119444232398
1.05, 21.3365593215, 1.008319152, -4.89126110433, 0.0167677839406
1.06, 21.2876418475, 1.00845784101, -4.89752853884, 0.00889534030752
1.07, 21.2386629214, 1.00850354483, -4.9035663704, 0.00127053382636
1.08, 21.1896247522, 1.00854229581, -4.90938896809, 0.00669092344729
1.09, 21.1405293304, 1.00867307001, -4.9150199285, 0.0162408236085
1.1, 21.0913785729, 1.00884162811, -4.92045979679, 0.0139144120311
1.11, 21.0421744409, 1.00892870087, -4.92570522227, 0.00333665228272
1.12, 20.9929188623, 1.0089637197, -4.93076324833, 0.00252634048335
1.13, 20.9436135792, 1.00903238986, -4.93565030692, 0.010241861327
1.14, 20.8942602125, 1.00918186041, -4.94038081614, 0.0160663731982
1.15, 20.8448603635, 1.00932464421, -4.94495099305, 0.0100619983156
1.16, 20.795415672, 1.0093821336, -4.94935953762, 0.00202691455002
1.17, 20.7459277049, 1.00941705508, -4.95361509517, 0.00538790012137
1.18, 20.6963978537, 1.00953073978, -4.95773719337, 0.0146487052191
1.19, 20.6468274409, 1.00969352031, -4.96172782103, 0.0143090506159
1.2, 20.5972178374, 1.00979205605, -4.96558163929, 0.00469257804334
1.21, 20.5475704221, 1.00981831152, -4.96930017641, 0.00174099976656
1.22, 20.4978864356, 1.00988510692, -4.97289922733, 0.0104942642818
1.23, 20.4481669863, 1.01003876877, -4.97639082126, 0.0164059624481
1.24, 20.3984132005, 1.01017994632, -4.97976859593, 0.00943624073663
1.25, 20.3486262637, 1.01022782475, -4.98302946094, 0.000991578337788
1.26, 20.2988073007, 1.01025639301, -4.98618052196, 0.00520433462556
1.27, 20.248957276, 1.01037301825, -4.9892400468, 0.0151710557541
1.28, 20.1990771092, 1.01053858448, -4.9922073736, 0.0142059895176
1.29, 20.1491677891, 1.0106303887, -4.99507561329, 0.0036566243374
1.3, 20.0992303206, 1.01066125808, -4.99784642667, 0.00145586111094
1.31, 20.0492655828, 1.01071490105, -5.00053027516, 0.00867487436976
1.32, 19.999274363, 1.01085461247, -5.00313954106, 0.0157333058816
1.33, 19.9492574486, 1.01100044352, -5.00566896883, 0.0106487513489
1.34, 19.8992156936, 1.01105987539, -5.00811370094, 0.00165887509763
1.35, 19.8491499275, 1.01108325866, -5.01047707066, 0.00375516109427
1.36, 19.7990608458, 1.01118192578, -5.0127747998, 0.0135573385874
1.37, 19.7489490897, 1.01134220837, -5.01500878143, 0.0146838010305
1.38, 19.6988153632, 1.01144598206, -5.01717151748, 0.00500920933087
1.39, 19.6486604118, 1.01146728441, -5.01926079896, 0.000536045499435
1.4, 19.5984848877, 1.01151776389, -5.02128739468, 0.008834872207
1.41, 19.5482893311, 1.01166162159, -5.02326272148, 0.0161367006285
1.42, 19.4980743062, 1.01180675156, -5.0251800671, 0.0101005253987
1.43, 19.4478404535, 1.01185655962, -5.02703385081, 0.000548580069625
1.44, 19.3975883856, 1.0118865293, -5.02882833999, 0.00317700103377
1.45, 19.3473186009, 1.01197102439, -5.03057421988, 0.0117985606458
1.46, 19.2970315621, 1.01211933703, -5.03227530672, 0.0142590840486
1.47, 19.2467277751, 1.01222913899, -5.03392494056, 0.0062178536111
1.48, 19.1964077923, 1.01226018844, -5.03551991721, 0.000924491838181
1.49, 19.1460721048, 1.01230325567, -5.03706732016, 0.00727719141403
1.5, 19.0957211053, 1.01243005243, -5.03857789174, 0.014751186437
1.51, 19.0453551959, 1.01257230936, -5.04004728332, 0.0107526459445
1.52, 18.9949748467, 1.01263384065, -5.04146969858, 0.00171294606869
1.53, 18.9445805273, 1.01265176841, -5.04284569905, 0.00268806427691
1.54, 18.8941726051, 1.01273668098, -5.04418747566, 0.0121677190215
1.55, 18.8437514013, 1.01288813302, -5.04549762375, 0.0143279267007
1.56, 18.7933172946, 1.01299322526, -5.04676895071, 0.00533622790496
1.57, 18.742870714, 1.01301426899, -5.04799774214, 3.8468630406e-05
1.58, 18.6924120261, 1.01305362426, -5.0491910784, 0.0073659039355
1.59, 18.6419415044, 1.01318429944, -5.05035924632, 0.0151789592714
1.6, 18.5914594418, 1.01332663572, -5.05149702531, 0.0103071548263
1.61, 18.5409662034, 1.01337926231, -5.05259829058, 0.000628084868384
1.62, 18.4904621542, 1.01338915574, -5.05366323347, 0.00228276456371
1.63, 18.4399475569, 1.01347550948, -5.05470423525, 0.0126433993195
1.64, 18.3894226384, 1.01361679607, -5.05572182051, 0.0136226794486
1.65, 18.3388876929, 1.01372624552, -5.05671092131, 0.00643443144553
1.66, 18.2883430393, 1.0137568089, -5.05766763315, 0.000469591558047
1.67, 18.2377889649, 1.01378937356, -5.05859620927, 0.00585476019993
1.68, 18.1872256754, 1.01390273643, -5.05950605736, 0.0137042119538
1.69, 18.1366533812, 1.01404093795, -5.06039431487, 0.0108323844679
1.7, 18.0860723545, 1.01410469233, -5.06125518401, 0.0018024106012
1.71, 18.0354828805, 1.01411749974, -5.06208747307, 0.00163907201947
1.72, 17.9848851658, 1.01418848667, -5.06290060867, 0.0107333930873
1.73, 17.9342793735, 1.01433057994, -5.06369811914, 0.013926316653
1.74, 17.8836657148, 1.01443688233, -5.06447385056, 0.00568340646152
1.75, 17.8330444517, 1.01445808571, -5.06522337794, -0.000413497391287
1.76, 17.782415806, 1.01448650219, -5.0659509982, 0.00588521206988
1.77, 17.7317799203, 1.01460357953, -5.06666607609, 0.0141660227251
1.78, 17.6811369489, 1.01474275292, -5.06736523022, 0.0105029630365
1.79, 17.63048711, 1.01479846803, -5.06804248846, 0.000757603470536
1.8, 17.5798306336, 1.0148029356, -5.06869636188, 0.0011567948457
1.81, 17.5291676697, 1.01487462427, -5.06933657937, 0.0111643456656
1.82, 17.4784983307, 1.0150207515, -5.06996615528, 0.0140916450686
1.83, 17.4278227817, 1.01512296891, -5.07057878457, 0.0048242141627
1.84, 17.3771412395, 1.01514423391, -5.07117043459, 0.000931197040935
1.85, 17.3264538647, 1.01516838342, -5.07174441112, 0.00452680557184
1.86, 17.2757607749, 1.01526889318, -5.07230866731, 0.0126966227227
1.87, 17.2250620805, 1.01540347508, -5.07286191391, 0.0109691268603
1.88, 17.1743579452, 1.01547022936, -5.07339874184, 0.00198007164417
1.89, 17.123648553, 1.01547868942, -5.07391668671, 0.000647019908384
1.9, 17.0729340279, 1.01553597321, -5.07442286437, 0.0092955201808
1.91, 17.0222144524, 1.01566858855, -5.07492167013, 0.0135182911839
1.92, 16.9714899462, 1.01577630354, -5.07540831761, 0.00607393769242
1.93, 16.9207606767, 1.01579822882, -5.07587808244, -0.00081078149244
1.94, 16.8700267879, 1.01581598681, -5.07633302685, 0.00440507950359
1.95, 16.819288356, 1.0159192261, -5.07678156745, 0.0131189775493
1.96, 16.7685454616, 1.01605506117, -5.07722218112, 0.010703556405
1.97, 16.717798239, 1.01611420655, -5.07764945689, 0.000937719265062
1.98, 16.6670468409, 1.0161136699, -5.07806069153, 5.4276822264e-05
1.99, 16.6162913591, 1.01617059315, -5.07846323689, 0.00965116306657
2.0, 16.5655318482, 1.01630724176, -5.07886117428, 0.0137429255222
2.01, 16.5147684029, 1.01641171469, -5.07924971236, 0.00529051997751
2.02, 16.4640011645, 1.01642349651, -5.07962388388, -0.00179812251104
2.03, 16.4132302482, 1.01643622408, -5.07998579945, 0.00437997707958
2.04, 16.3624557037, 1.0165432178, -5.08034389081, 0.0136272119175
2.05, 16.3116775941, 1.01666697934, -5.08069548126, 0.0109933547703
2.06, 16.2608960249, 1.01673601557, -5.08103748903, 0.00210768392424
2.07, 16.2101111171, 1.01673963661, -5.08136645598, -0.000400726884868
2.08, 16.1593229503, 1.01678250756, -5.08168735118, 0.00777734811985
2.09, 16.108531565, 1.01690492512, -5.08200505739, 0.0130525821226
2.1, 16.057737029, 1.0170137689, -5.08231635175, 0.00645828107554
2.11, 16.006939452, 1.01703646014, -5.08261658173, -0.00120440518638
2.12, 15.9561389326, 1.01704340308, -5.0829059699, 0.00289105146996
2.13, 15.905335513, 1.01713234926, -5.08319179585, 0.012025111884
2.14, 15.8545292338, 1.01726457413, -5.08347423542, 0.0108977068259
2.15, 15.8037201783, 1.01732730633, -5.08374876588, 0.00114411327446
2.16, 15.7529084517, 1.0173219278, -5.08401181515, -0.00104813576615
2.17, 15.7020941139, 1.01736385045, -5.08426852914, 0.00809947838063
2.18, 15.6512771899, 1.01749067325, -5.08452367359, 0.0133717407311
2.19, 15.6005050806, 1.01759739581, -5.07604211725, 0.00577294949733
2.2, 15.5498124444, 1.01761480029, -5.06808278325, 0.00241633113201
2.21, 15.4991973854, 1.01762362608, -5.06049616602, 0.00187428867096
2.22, 15.4486575875, 1.01769636623, -5.05309609508, 0.0103244639857
2.23, 15.3981904738, 1.01781969044, -5.04594485644, 0.0108933595746
2.24, 15.3477936483, 1.01789099784, -5.03902945461, 0.00238022692663
2.25, 15.2974648266, 1.01789238155, -5.03233745827, -0.00115155978275
2.26, 15.2472017809, 1.01792242684, -5.02586343971, 0.00626292539982
2.27, 15.1970023338, 1.01803272712, -5.01960396647, 0.0122937461617
2.28, 15.1468644078, 1.018140241, -5.01354939293, 0.00671204374656
2.29, 15.0968105764, 1.01816430308, -5.00144350256, -0.00140336581569
2.3, 15.0468944649, 1.0181622674, -4.98757733961, 0.00148276727079
2.31, 14.9971148454, 1.01823568425, -4.9741312207, 0.01064168661
2.32, 14.9474673945, 1.01836044693, -4.96112178293, 0.010730963372
2.33, 14.8979478397, 1.01842486795, -4.94853540744, 0.00134166339748
2.34, 14.8485520666, 1.018415805, -4.93635213233, -0.00199501075006
2.35, 14.7992760819, 1.01844269111, -4.92455988987, 0.00637619231161
2.36, 14.7501160102, 1.01855592041, -4.91314906665, 0.0125301641187
2.37, 14.7010681382, 1.01866097501, -4.90210421654, 0.00601350999179
2.38, 14.6521289219, 1.01867453582, -4.89140735334, -0.00254338879618
2.39, 14.6033321061, 1.01866480445, -4.87023214938, 0.00114164271761
2.4, 14.5547925749, 1.01873963763, -4.84380223106, 0.0110228602995
2.41, 14.5065132662, 1.01886590721, -4.81816152612, 0.0105241697716
2.42, 14.4584860946, 1.01892241879, -4.79334336601, 0.000188396421329
2.43, 14.4107029292, 1.01891597892, -4.76932938177, -0.00247427163877
2.44, 14.3631558526, 1.01892802849, -4.74609122958, 0.00442075071598
2.45, 14.3158372159, 1.01902605886, -4.72360482676, 0.0117381098189
2.46, 14.2687396588, 1.01913417967, -4.70184289489, 0.00704031609501
2.47, 14.221856118, 1.01915702412, -4.68077532524, -0.00211249304143
2.48, 14.1751797938, 1.01913987335, -4.66037384064, -0.000492329380691
2.49, 14.1287309802, 1.01919527344, -4.63149311931, 0.00928495603625
2.5, 14.0826252795, 1.019315025, -4.59597476241, 0.0108514405944
2.51, 14.0368690946, 1.01938146691, -4.5615390414, 0.0013029632018
2.52, 13.9914515511, 1.01937586954, -4.52820724664, -0.00248467758134
2.53, 13.9463616454, 1.01937604227, -4.4959648708, 0.00256254056246
2.54, 13.9015886339, 1.01945648697, -4.46478132355, 0.0104719135869
2.55, 13.8571221099, 1.01956284912, -4.43462396725, 0.00770429000998
2.56, 13.8129520142, 1.01959485939, -4.40545778283, -0.00140881595122
2.57, 13.7690686204, 1.01957435033, -4.37724704641, -0.00175284344126
2.58, 13.7254683889, 1.01961095653, -4.34600127427, 0.00731815158429
2.59, 13.6822568149, 1.01971942154, -4.30301641949, 0.0106400045238
2.6, 13.6394658758, 1.01979287545, -4.26156155711, 0.00241201405493
2.61, 13.5970833074, 1.01978022218, -4.22132985279, -0.0038603052978
2.62, 13.5550971037, 1.01977301066, -4.18225763211, 0.00230920596812
2.63, 13.5134960655, 1.01985459321, -4.14427969597, 0.0107010252631
2.64, 13.4722692272, 1.01995955271, -4.10737558514, 0.00713533555108
2.65, 13.431406224, 1.01998092362, -4.07143724828, -0.00272438723407
2.66, 13.3908967685, 1.01996273395, -4.03663879314, -0.00276319459966
2.67, 13.3507309137, 1.0199820122, -4.00275466524, 0.00536381407316
2.68, 13.3108989355, 1.02007779181, -3.96983488686, 0.0101951478657
2.69, 13.2714403589, 1.02015656985, -3.92530266044, 0.0034450782302
2.7, 13.232456043, 1.02015066116, -3.87793218076, -0.00385515461369
2.71, 13.1939388575, 1.0201324051, -3.83197914024, 0.000451614435066
2.72, 13.1558759475, 1.02019500559, -3.78713344598, 0.00922443039422
2.73, 13.1182545831, 1.02029645689, -3.74352378544, 0.00769624664065
2.74, 13.0810621736, 1.02032769338, -3.70128324617, -0.00181478386093
2.75, 13.0442867763, 1.0202947797, -3.66011168691, -0.00362563612053
2.76, 13.0079165305, 1.02031060894, -3.62021916091, 0.00540664878672
2.77, 12.9719402298, 1.02040757467, -3.5813217644, 0.0101963286002
2.78, 12.9363466339, 1.020481458, -3.54364023685, 0.00253359769593
2.79, 12.9012023931, 1.02046834585, -3.49120581963, -0.000518296379971
2.8, 12.8665823547, 1.0204504862, -3.43940020365, -0.000689297179024
2.81, 12.8324734421, 1.02049553355, -3.38897719517, 0.00736038262961
2.82, 12.7988613977, 1.02058606321, -3.33999065931, 0.00747808399912
2.83, 12.765731657, 1.02062364002, -3.29247979323, -0.00080733997542
2.84, 12.7330693635, 1.02059595262, -3.24646167308, -0.003822690585
2.85, 12.7008595904, 1.02059930891, -3.2019296186, 0.00351697931
2.86, 12.6690876761, 1.02067886362, -3.15884409207, 0.00898546146548
2.87, 12.6377396099, 1.02075176212, -3.11711268279, 0.00329243150906
2.88, 12.6068028558, 1.02074448619, -3.07652448354, -0.00420684849184
2.89, 12.576322663, 1.02071603554, -3.02364329285, -0.00112398022951
2.9, 12.5463950768, 1.02076043798, -2.96855153632, 0.0075321152377
2.91, 12.5170127286, 1.02085306676, -2.91457778375, 0.0076584974546
2.92, 12.4881643212, 1.02089090487, -2.8617402592, -0.000884570858057
2.93, 12.4598383743, 1.02086213728, -2.81006754145, -0.00391065205026
2.94, 12.4320228743, 1.02086567752, -2.75963000329, 0.00359173518302
2.95, 12.4047049389, 1.02094576331, -2.71052847113, 0.00893690197568
2.96, 12.3778706384, 1.02101583829, -2.66288785568, 0.00278129183761
2.97, 12.3515046788, 1.02100141157, -2.6168234825, -0.00500700933605
2.98, 12.3255912879, 1.02096712324, -2.57233102661, -0.00145112696944
2.99, 12.3001213567, 1.02101104261, -2.52715644965, 0.00752988150331
3.0, 12.2751101725, 1.02109984683, -2.4815223304, 0.00676481200096
3.01, 12.250548581, 1.02112215562, -2.43722450852, -0.00283738443374
3.02, 12.2264240718, 1.02107519941, -2.39406603836, -0.00537191377506
3.03, 12.2027243159, 1.02107142612, -2.35221491336, 0.00341942386271
3.04, 12.1794373729, 1.02115174431, -2.3115113718, 0.00887392217961
3.05, 12.1565515805, 1.02121557196, -2.27191919855, 0.00167012516412
3.06, 12.1340556538, 1.02119184775, -2.23346846387, -0.00187623827818
3.07, 12.111938656, 1.02115626085, -2.19610889019, -0.00270538000597
3.08, 12.0901899655, 1.0211826359, -2.15979203803, 0.00573828733671
3.09, 12.068775572, 1.02126158314, -2.1289366162, 0.0066422620004
3.1, 12.0476664612, 1.02129179886, -2.0988730827, -0.00166755565202
3.11, 12.0268533035, 1.02125160965, -2.06971953866, -0.00541961900263
3.12, 12.0063272643, 1.02123722864, -2.04142816262, 0.00173725905219
3.13, 11.9860797134, 1.02130268431, -2.01399658654, 0.00793848112785
3.14, 11.9661021155, 1.02136878047, -1.98741406292, 0.00275562073077
3.15, 11.9463861268, 1.02135380592, -1.96165567986, -0.00531484755052
3.16, 11.9269236613, 1.02131077863, -1.93669080655, -0.00275595019789
3.17, 11.9077069591, 1.02134079057, -1.912478522, 0.00632757891255
3.18, 11.8887288109, 1.02142432989, -1.88896001382, 0.00686112735838
3.19, 11.8699652881, 1.02145314634, -1.86986807789, -0.00196479942969
3.2, 11.8513851707, 1.0214124952, -1.85181855338, -0.0051154748727
3.21, 11.8329832405, 1.02140660897, -1.83421252031, 0.00288308962614
3.22, 11.8147552206, 1.02148241502, -1.81701673828, 0.00859122596977
3.23, 11.7966971181, 1.021547922, -1.80021123696, 0.00209033808536
3.24, 11.7788051164, 1.0215237832, -1.78378243289, -0.00621683159312
3.25, 11.7610754809, 1.0214772401, -1.76772325377, -0.00260406873808
3.26, 11.743504499, 1.02151273033, -1.75203504368, 0.00696134121902
3.27, 11.7260884681, 1.02159819732, -1.73672122, 0.00652754565005
3.28, 11.7088139744, 1.02161739935, -1.72460206565, -0.00328586039738
3.29, 11.6916465271, 1.02156443566, -1.71430716279, -0.00602825816634
3.3, 11.6745806357, 1.02155591, -1.70428464892, 0.00315647567369
3.31, 11.6576135947, 1.02163683719, -1.69452897322, 0.00909796195465
3.32, 11.6407427427, 1.02170286933, -1.6850415036, 0.00172384431063
3.33, 11.6239654318, 1.02167680084, -1.67579295481, -0.00226926299979
3.34, 11.6072788393, 1.02163551499, -1.6668781835, -0.0033003224411
3.35, 11.5906802622, 1.02165836484, -1.65821332727, 0.00560138426061
3.36, 11.5741668428, 1.0217383675, -1.6498347515, 0.0068101065415
3.37, 11.5577357362, 1.02176843623, -1.64174444008, -0.0019103986974
3.38, 11.5413814887, 1.02172309361, -1.63531325491, -0.00609406863781
3.39, 11.5250702359, 1.02170319007, -1.63210470054, 0.00139654415631
3.4, 11.5087908306, 1.02176908841, -1.62898840483, 0.00822935601629
3.41, 11.4925420834, 1.02183852506, -1.62596938522, 0.00293778055508
3.42, 11.4763231283, 1.02182164699, -1.62302459762, -0.00585786225018
3.43, 11.4601331118, 1.02177177554, -1.62017880527, -0.00343810193156
3.44, 11.4439712434, 1.0217986643, -1.61738262427, 0.00632120287184
3.45, 11.4278367089, 1.02188493873, -1.61469427965, 0.00714745506081
3.46, 11.4117287561, 1.02191274453, -1.61207708076, -0.00257036312228
3.47, 11.3956466452, 1.02185998826, -1.60952928121, -0.00670838376377
3.48, 11.3795896353, 1.02183952961, -1.60705303626, 0.0018074409034
3.49, 11.3635396894, 1.02191191134, -1.60844783688, 0.00885397872577
3.5, 11.3474709923, 1.02198280747, -1.61035252598, 0.00262273729574
3.51, 11.3313833476, 1.02195911562, -1.61222877827, -0.0066599954826
3.52, 11.3152772298, 1.02191910029, -1.61404280431, -0.00369730507154
3.53, 11.2991531008, 1.02193465814, -1.61583535609, 0.00481305251249
3.54, 11.2830114827, 1.02201134341, -1.61756124726, 0.00696597179348
3.55, 11.2668528564, 1.02204816288, -1.61923130171, -0.00101450420501
3.56, 11.2506777134, 1.02200892227, -1.62085886014, -0.00593331234558
3.57, 11.234486549, 1.02198456818, -1.62242709438, 0.000537774997532
3.58, 11.2182797835, 1.02204241153, -1.62398278685, 0.00769648567247
3.59, 11.2020415258, 1.02211290947, -1.62916482629, 0.00354641791902
3.6, 11.1857461629, 1.02210392182, -1.63486279715, -0.0051566402125
3.61, 11.1693944532, 1.02205527262, -1.6404234554, -0.0038576697302
3.62, 11.1529879232, 1.02207434317, -1.6458281298, 0.00546788159338
3.63, 11.1365281093, 1.02215690064, -1.65108371218, 0.00730448197024
3.64, 11.1200165046, 1.02219202492, -1.65619227874, -0.00157264052501
3.65, 11.1034545781, 1.02214640978, -1.66114611529, -0.00644241415026
3.66, 11.0868437327, 1.02212187843, -1.66596746589, 0.000963951499442
3.67, 11.0701853217, 1.02218683468, -1.67066721349, 0.00844126586032
3.68, 11.0534806762, 1.0222605412, -1.67523946517, 0.00341538063211
3.69, 11.0367147789, 1.02224601416, -1.68335426314, -0.00589977173745
3.7, 11.0198628464, 1.02219289307, -1.69191097448, -0.00391261647944
3.71, 11.0029264477, 1.02221678151, -1.70024434903, 0.00627060769874
3.72, 10.9859078812, 1.02230624197, -1.70834979689, 0.00769293607797
3.73, 10.9688094329, 1.02233949836, -1.71622937359, -0.002171393551
3.74, 10.9516333616, 1.02228709958, -1.72387609508, -0.00696072234404
3.75, 10.9343818536, 1.0222631469, -1.73131298737, 0.00150199672469
3.76, 10.9170569878, 1.02232815667, -1.7385299949, 0.00590042908399
3.77, 10.8996608321, 1.02240158779, -1.7455870813, 0.00443420716807
3.78, 10.882191981, 1.02240144127, -1.7540337495, -0.00454895272793
3.79, 10.8646207463, 1.02235209852, -1.7649916592, -0.00445289491647
3.8, 10.8469416112, 1.02236345035, -1.77564624968, 0.00481523622875
3.81, 10.8291574006, 1.02244583457, -1.78600822706, 0.00784935921422
3.82, 10.8112710472, 1.02249033803, -1.79608306239, -0.000560223949732
3.83, 10.7932854149, 1.02244990695, -1.8058657251, -0.00646509568681
3.84, 10.7752033027, 1.0224196511, -1.81538683613, 0.000131173369767
3.85, 10.7570274049, 1.02247953735, -1.82462696296, 0.00840337511452
3.86, 10.7387603352, 1.02255977426, -1.83362726719, 0.00448996362752
3.87, 10.7204046486, 1.02255509776, -1.84236941739, -0.0052600928758
3.88, 10.7019500554, 1.02250115492, -1.85411354685, -0.00453382240299
3.89, 10.6833700908, 1.0225172735, -1.86663041025, 0.00565732306118
3.9, 10.6646666325, 1.02260754746, -1.87881530808, 0.00839741549393
3.91, 10.6458430731, 1.02265162885, -1.89066172878, -0.00104705479517
3.92, 10.6269027848, 1.02261509306, -1.90217419659, -0.00471272140697
3.93, 10.6078490341, 1.02258455397, -1.91335322187, -0.00083542124268
3.94, 10.5886850018, 1.02263173491, -1.92422868061, 0.00729760584938
3.95, 10.5694137653, 1.02271104255, -1.93480855862, 0.00534032042272
3.96, 10.5500383174, 1.02272129842, -1.94509160029, -0.00364813946638
3.97, 10.5305616358, 1.02267543657, -1.95507288397, -0.00463588180931
3.98, 10.5109787905, 1.02268093492, -1.96726643789, 0.00412611008931
3.99, 10.4912610008, 1.02276111968, -1.98098858301, 0.00817336461688
4.0, 10.4714078979, 1.02281469781, -1.99435096364, 0.000628857855162
4.01, 10.4514230623, 1.02278320233, -2.00734693898, -0.00605990784602
4.02, 10.4313102486, 1.0227501175, -2.0199585, -0.00057070353918
4.03, 10.411073206, 1.02280371216, -2.0322009264, 0.00808548823665
4.04, 10.3907154789, 1.02288795706, -2.04410340787, 0.00544164371241
4.05, 10.3702404557, 1.02289460012, -2.05567286174, -0.00425953972117
4.06, 10.3496514421, 1.02284384824, -2.0669139366, -0.00483390187116
4.07, 10.3289516385, 1.0228528498, -2.07783766349, 0.00486781623309
4.08, 10.3081437373, 1.02294075899, -2.08886746167, 0.00876119419284
4.09, 10.2872037365, 1.02299489907, -2.10364109327, 0.000243783297284
4.1, 10.2661195449, 1.02295724321, -2.11789312653, -0.00664410657458
4.11, 10.244894887, 1.02292300168, -2.13174339371, -0.000239644425971
4.12, 10.2235337586, 1.02298394914, -2.1451947623, 0.008972146814
4.13, 10.2020401091, 1.02306005531, -2.15825703275, 0.00616664895871
4.14, 10.1804178177, 1.02308105025, -2.17093691853, -0.00265001358083
4.15, 10.1586706836, 1.02303853076, -2.18323982486, -0.00491069352201
4.16, 10.1368023968, 1.02303709941, -2.19517697725, 0.00335219696016
4.17, 10.1148165316, 1.02311459459, -2.20676274964, 0.00847259168246
4.18, 10.0927165632, 1.02317710994, -2.2180087163, 0.00180694255031
4.19, 10.0705058708, 1.02315430328, -2.22892196958, -0.00565414863594
4.2, 10.0481674425, 1.02311812511, -2.24362509268, -0.00135136726697
4.21, 10.0256820379, 1.02316460266, -2.25814330663, 0.00771624548524
4.22, 10.003053567, 1.02325286067, -2.27224547543, 0.00642416182309
4.23, 9.98028627011, 1.02327113503, -2.28592551741, -0.00325107521304
4.24, 9.95738435311, 1.02322333334, -2.29918738863, -0.00518197270569
4.25, 9.9343519102, 1.02322467655, -2.31204321849, 0.00403942747474
4.26, 9.91119292304, 1.02331011217, -2.32450696983, 0.00913559648494
4.27, 9.88791128566, 1.02337397716, -2.3365888565, 0.00147263327174
4.28, 9.86451081179, 1.02334491437, -2.34829374246, -0.00631260579047
4.29, 9.84097055885, 1.02330654064, -2.36417198228, -0.00110962419206
4.3, 9.81727627666, 1.02335982812, -2.37937711619, 0.00857670080989
4.31, 9.7934323967, 1.0234536995, -2.39410150635, 0.00657173586446
4.32, 9.76944388789, 1.02346788933, -2.40832507826, -0.00399343568193
4.33, 9.74531578399, 1.02342832669, -2.42204515457, -0.00507833845613
4.34, 9.7210530296, 1.02342024086, -2.43527493446, 0.00255981333325
4.35, 9.6966604166, 1.02349455801, -2.44803440825, 0.00870530292024
4.36, 9.67214255875, 1.02356542666, -2.46034442706, 0.00293448434211
4.37, 9.6475038805, 1.0235509097, -2.47222168138, -0.00530480290369
4.38, 9.6227486104, 1.02351093311, -2.48368268789, -0.00220685670177
4.39, 9.59785605477, 1.02354927844, -2.49930416598, 0.00721854317587
4.4, 9.57281213423, 1.02363998585, -2.51423366824, 0.00724762592007
4.41, 9.54762143543, 1.02366847948, -2.5286791269, -0.00236445815688
4.42, 9.52228880501, 1.02362250485, -2.54264370456, -0.00564731821359
4.43, 9.49681893177, 1.02361470939, -2.55614521623, 0.00303484986992
4.44, 9.47121631704, 1.02369564967, -2.56920572274, 0.00930381949328
4.45, 9.44548529051, 1.02376757583, -2.58184468621, 0.00257156114867
4.46, 9.41963001716, 1.02374588932, -2.59407511678, -0.00611611513888
4.47, 9.39365450115, 1.02370165585, -2.60590974185, -0.00218718020782
4.48, 9.36757172684, 1.02374509341, -2.61364231637, 0.00796781191507
4.49, 9.34144692426, 1.02384098327, -2.61649223061, 0.00739188746248
4.5, 9.31529408836, 1.02386496173, -2.61923230713, -0.00318962622608
4.51, 9.28911433881, 1.0238252611, -2.62188228695, -0.00577056534135
4.52, 9.26290845658, 1.02380592522, -2.62445784681, 0.00139521933211
4.53, 9.23667714456, 1.02387482985, -2.62696496106, 0.00883610554284
4.54, 9.21042107633, 1.02395328658, -2.62940926895, 0.00395945544309
4.55, 9.18414089822, 1.02394453579, -2.63179094797, -0.00532620484658
4.56, 9.15783723568, 1.02389620946, -2.63410835139, -0.00351676023572
4.57, 9.13151069013, 1.02392303711, -2.63636443933, 0.00651382136429
4.58, 9.10516184884, 1.02401526374, -2.63856481992, 0.00803235022073
4.59, 9.07882082993, 1.02405286647, -2.63386164975, -0.00166544406544
4.6, 9.05253950649, 1.02401812448, -2.62780739513, -0.00541230531835
4.61, 9.0263178191, 1.02398930494, -2.62193301786, -0.000314017240371
4.62, 9.00015378076, 1.02404202416, -2.61626290106, 0.00776194848594
4.63, 8.97404535068, 1.02412194171, -2.61079893247, 0.00505260286247
4.64, 8.94799053366, 1.02412707305, -2.60553284446, -0.00417248506766
4.65, 8.92198740652, 1.0240786362, -2.60045313683, -0.00457248987393
4.66, 8.89603412156, 1.02408784629, -2.59555212032, 0.00464358559173
4.67, 8.87012890958, 1.02417068782, -2.59082606321, 0.00812234522323
4.68, 8.84427006584, 1.02421917674, -2.58627088833, -0.000142586635632
4.69, 8.8184744923, 1.02418053268, -2.57648030269, -0.00653480641649
4.7, 8.7927995462, 1.02414698663, -2.56406546496, -0.000305401222317
4.71, 8.76724676492, 1.02420345972, -2.55203113209, 0.00825287643189
4.72, 8.7418122078, 1.0242846696, -2.54040190894, 0.00476139154973
4.73, 8.71649186922, 1.02428196041, -2.52917168484, -0.00520478001412
4.74, 8.6912818531, 1.0242394118, -2.5183215948, -0.00463191223017
4.75, 8.66617841275, 1.02423753799, -2.50783732196, 0.00296145523082
4.76, 8.64117794838, 1.02430614643, -2.49770700611, 0.00730152425079
4.77, 8.61627699098, 1.02435739018, -2.48792090608, 0.000916442484071
4.78, 8.59147218911, 1.02433025306, -2.47846367854, -0.00573047463517
4.79, 8.56680741764, 1.02429377279, -2.46064319105, -0.00151499980831
4.8, 8.5423136585, 1.02433343737, -2.44373867067, 0.00661927101963
4.81, 8.51798612608, 1.02440777855, -2.42738014254, 0.0050242115471
4.82, 8.4938192921, 1.02441565646, -2.41157673776, -0.00386767577224
4.83, 8.46980769191, 1.0243651923, -2.39631115939, -0.00529323950607
4.84, 8.44594602281, 1.02436224353, -2.38156513201, 0.0032331293522
4.85, 8.42222914745, 1.02443432374, -2.36732684818, 0.00751583035508
4.86, 8.39865205309, 1.02448281676, -2.35358793821, 0.000224317747038
4.87, 8.37520982869, 1.0244463563, -2.34033417038, -0.00666127958503
4.88, 8.35192208266, 1.02440477895, -2.32135159455, -0.00159087932881
4.89, 8.32883899552, 1.02444756457, -2.30093439578, 0.00707872541466
4.9, 8.30595714344, 1.02452355875, -2.28104692759, 0.00480068199033
4.91, 8.28327078606, 1.02452410101, -2.26182306332, -0.00488361483573
4.92, 8.26077435076, 1.02446506038, -2.24304071874, -0.00583545825989
4.93, 8.23846243493, 1.02446224396, -2.22490131771, 0.00364445308845
4.94, 8.21632997215, 1.02453856256, -2.20715333606, 0.00774603881959
4.95, 8.19437179723, 1.02458401924, -2.18996173945, -0.000524946598159
4.96, 8.17258297663, 1.02454796667, -2.17332285311, -0.0053536990961
4.97, 8.15095887188, 1.02450161162, -2.15708474941, -0.00297901742726
4.98, 8.12949476055, 1.02452803559, -2.14123969637, 0.00567865669685
4.99, 8.10818769444, 1.02460065651, -2.12457394121, 0.00541205182074
5.0, 8.08708740253, 1.0246138518, -2.10137994749, -0.00354668716659
5.01, 8.0662150723, 1.02455855008, -2.07885698487, -0.0064678561735
5.02, 8.04556496605, 1.02453995148, -2.05694232658, 0.0016665654595
5.03, 8.02513075606, 1.024603375, -2.03564611061, 0.0073649991452
5.04, 8.00490646812, 1.02465693478, -2.01488811064, 0.000980154346951
5.05, 7.98488610105, 1.02462280881, -1.99478469326, -0.00708690702335
5.06, 7.96506385872, 1.02456876834, -1.97524195394, -0.00328700751423
5.07, 7.94543440404, 1.02459703141, -1.9561735599, 0.0061538535115
5.08, 7.92599203265, 1.02467271451, -1.93779522863, 0.00539938679631
5.09, 7.90673265631, 1.02468044419, -1.91875273257, -0.00445270233576
5.1, 7.88770415465, 1.02462911386, -1.8929342994, -0.00596150124992
5.11, 7.86892862521, 1.02460315806, -1.8678820897, 0.000204019760648
5.12, 7.85039957792, 1.02465137853, -1.84362635085, 0.00623120893856
5.13, 7.83211030324, 1.024704106, -1.81997115347, 0.00177443632939
5.14, 7.81405388166, 1.02468199266, -1.79696665136, -0.00597823881663
5.15, 7.79622376103, 1.02462944101, -1.77475729016, -0.00408069270383
5.16, 7.77861361956, 1.02464255757, -1.753065114, 0.00442522945702
5.17, 7.76121732291, 1.02470849971, -1.73191544556, 0.00530150185882
5.18, 7.7440289279, 1.02472477766, -1.71137335708, -0.00311482352471
5.19, 7.72704892229, 1.02467024771, -1.68845546778, -0.00684131588551
5.2, 7.71033211019, 1.02464240952, -1.66080072148, 0.000425693129865
5.21, 7.69388693986, 1.02469442366, -1.63403907862, 0.00653580984574
5.22, 7.67770626607, 1.02474587507, -1.60795810555, 0.00123923588706
5.23, 7.66178258065, 1.02471582897, -1.58259231696, -0.00680052290059
5.24, 7.64610854488, 1.02465833617, -1.55797413599, -0.00418756679077
5.25, 7.63067729453, 1.02467424083, -1.53399179913, 0.00486766036286
5.26, 7.61548192065, 1.02474247913, -1.51073512664, 0.00523125182235
5.27, 7.60051581933, 1.02475343327, -1.48813634561, -0.00394620759907
5.28, 7.58577245569, 1.02469096409, -1.46617141732, -0.00744476381505
5.29, 7.57124916656, 1.0246621325, -1.44267935708, 0.000730391212695
5.3, 7.55699778135, 1.02471944708, -1.41360588983, 0.00702822735954
5.31, 7.54303160774, 1.02477055843, -1.38544591667, 0.000683691538721
5.32, 7.52934238244, 1.02473047684, -1.35817776978, -0.00790936427988
5.33, 7.51592170366, 1.02466692441, -1.33172909431, -0.00424944890159
5.34, 7.50276135666, 1.02468774017, -1.30608246235, 0.00561732566351
5.35, 7.48985340175, 1.02474645521, -1.28122189675, 0.00513987052661
5.36, 7.47719014681, 1.02476491201, -1.2571178173, -0.00276925164634
5.37, 7.46476416532, 1.02471019129, -1.23374461834, -0.00729054245098
5.38, 7.45256828298, 1.02467273452, -1.21107590191, -0.000769681705682
5.39, 7.44061996533, 1.02471571557, -1.1828971246, 0.0060980876665
5.4, 7.4289673109, 1.02476937944, -1.15348731042, 0.00193214203446
5.41, 7.4176043875, 1.02474608349, -1.1249532094, -0.00632530430359
5.42, 7.40652244951, 1.02468786004, -1.09728211579, -0.00462222488552
5.43, 7.39571330065, 1.0246985331, -1.07037475214, 0.00454641462775
5.44, 7.38516971208, 1.02476982707, -1.04416025527, 0.00611103377938
5.45, 7.37488493856, 1.02479489716, -1.01860303895, -0.00230393894083
5.46, 7.36485251112, 1.02474592632, -0.993676483186, -0.00657841887543
5.47, 7.35506615716, 1.02471864677, -0.96936103945, 0.000328326717536
5.48, 7.34551982763, 1.02477080044, -0.945636518232, 0.00661098683466
5.49, 7.3362112767, 1.02482364119, -0.921117488662, 0.00133747931083
5.5, 7.32715619037, 1.02479245027, -0.895668464295, -0.00712592339367
5.51, 7.31835236307, 1.02472981157, -0.870837627335, -0.00472748976115
5.52, 7.30979370615, 1.02474185477, -0.84661612551, 0.00477538877511
5.53, 7.3014741603, 1.02481240166, -0.823002404597, 0.00572071920407
5.54, 7.29338771614, 1.02482847701, -0.799989177715, -0.0034578361764
5.55, 7.28552844788, 1.02476846654, -0.777560764042, -0.00735939297192
5.56, 7.27789053274, 1.0247396696, -0.755705544961, 0.000759754764708
5.57, 7.27046823574, 1.02479939954, -0.734418000952, 0.00744950923434
5.58, 7.26325589127, 1.02485663139, -0.713696467285, 0.00133425044804
5.59, 7.25624788871, 1.02482145036, -0.693532219662, -0.00771454158114
5.6, 7.24943870181, 1.02475606109, -0.673912926356, -0.00466713793169
5.61, 7.24282292745, 1.02477334876, -0.654826930763, 0.00547532436215
5.62, 7.2363952657, 1.02483444431, -0.636272223709, 0.00569233599351
5.63, 7.23015046906, 1.02485891873, -0.618242096671, -0.00225345554435
5.64, 7.22408337253, 1.02480571326, -0.60072276357, -0.00741883905955
5.65, 7.21818893632, 1.02476589202, -0.583698092895, -0.000947072734608
5.66, 7.21246225516, 1.02481060055, -0.567157311244, 0.00655727047285
5.67, 7.20689852024, 1.02487072522, -0.551096332691, 0.00252798547178
5.68, 7.20149299784, 1.02484995615, -0.535504165415, -0.00651258361287
5.69, 7.19624106259, 1.02478586181, -0.520365230021, -0.00549459452775
5.7, 7.19113822841, 1.02478906111, -0.505665751978, 0.00399834296002
5.71, 7.18618013461, 1.02485858844, -0.491400204696, 0.00612143770471
5.72, 7.1813624872, 1.02488143358, -0.47756501022, -0.00287688776908
