timestamp, prius0 x posi, prius0 y posi, prius0 x vel, prius0 y vel.
0.0, 0.0, 0.0, 0.0, 0.0
0.01, 0.999944106071, -24.9975165787, -0.00829153953282, 0.175286226227
0.02, 0.999905580404, -24.9953079981, 0.000184196948755, 0.245427331296
0.03, 0.999969234276, -24.992403051, 0.00882914202984, 0.314790670469
0.04, 1.00004371986, -24.9888102849, 0.00303751397358, 0.383051534357
0.05, 1.00004383285, -24.9845456769, 0.000488082683435, 0.450353046589
0.06, 1.0000276709, -24.9796179984, -0.00157919811961, 0.516866837281
0.0700000000001, 1.00000930794, -24.9740106303, 0.000210903733261, 0.591011025762
0.08, 1.00004769649, -24.9675725482, 0.00427559297172, 0.678592709635
0.09, 1.00007369279, -24.9602644867, 0.000229245806899, 0.766706133861
0.1, 1.00011039019, -24.9520811544, 0.00581854355491, 0.855019820906
0.11, 1.00014178555, -24.943022481, 0.00127941008406, 0.94327594586
0.12, 1.00011721631, -24.9330885524, -0.00327155005505, 1.03152175996
0.13, 1.00009189039, -24.9222794771, 0.000650638137475, 1.11976115824
0.14, 1.00013132048, -24.9105953332, 0.00748011932291, 1.20799833904
0.15, 1.00020232656, -24.898036305, 0.00667198237526, 1.29578226648
0.16, 1.00022524887, -24.8846073382, -9.3671712193e-06, 1.38227815839
0.17, 1.00020369291, -24.8703187737, -0.00117070586056, 1.46770735028
0.18, 1.00021777916, -24.8551812827, 0.00527701122989, 1.55207412997
0.19, 1.00028864856, -24.8392053532, 0.0085007114256, 1.63540415593
0.2, 1.00034090871, -24.8224012315, 0.00288320007218, 1.71771774829
0.21, 1.0003282041, -24.8047790617, -0.002302786628, 1.79901868058
0.22, 1.00031333541, -24.7863489856, 0.00185591005385, 1.8793072987
0.23, 1.00036674049, -24.767121043, 0.00892475999305, 1.95860248656
0.24, 1.00044969729, -24.7471050318, 0.00754739338409, 2.03693001187
0.25, 1.00047798236, -24.7263105644, 0.00037501858958, 2.11430197306
0.26, 1.00046228144, -24.7047472209, -0.0002396363745, 2.19071492452
0.27, 1.00049089614, -24.6824248481, 0.00712883430875, 2.26614926607
0.28, 1.00058083331, -24.6593563304, 0.0102720867329, 2.34060643603
0.29, 1.00064608103, -24.6355535827, 0.00382197735697, 2.41417363366
0.3, 1.00064148465, -24.611026299, -0.00141636260204, 2.48689981276
0.31, 1.00063936535, -24.5857831988, 0.00343871948436, 2.55873726132
0.32, 1.00070992552, -24.5598330793, 0.0105228680466, 2.62968736136
0.33, 1.00080408002, -24.5331846041, 0.00816111271813, 2.69977406734
0.34, 1.00083449159, -24.5058462887, 0.000397280676956, 2.76900600168
0.35, 1.00082182583, -24.4778266849, 0.000424500695556, 2.83726961875
0.36, 1.00086214072, -24.4491367338, 0.0085998109066, 2.90366690942
0.37, 1.00096595873, -24.4197933416, 0.0114312339763, 2.9681451413
0.38, 1.00103817219, -24.389814615, 0.0041648832577, 3.03082283753
0.39, 1.00103615712, -24.3592182895, -0.00106003921938, 3.09173675201
0.4, 1.00104239026, -24.328021808, 0.00468058392135, 3.15091907732
0.41, 1.00112811843, -24.2962421893, 0.0120553960547, 3.20842327823
0.42, 1.00123332365, -24.2638958963, 0.00879103693469, 3.26430462921
0.43, 1.00126516708, -24.2309989489, 0.000291091421944, 3.31859918862
0.44, 1.00125351374, -24.1975671003, 0.00085624668936, 3.37132937853
0.45, 1.00130318494, -24.1636158368, 0.00984222585703, 3.422528366
0.46, 1.0014191392, -24.129160199, 0.0124154650195, 3.47225074413
0.47, 1.00149611526, -24.0942146377, 0.00423253842145, 3.52055420025
0.48, 1.00149335915, -24.0587932807, -0.00106291381361, 3.56745265775
0.49, 1.00150425064, -24.0229101514, 0.0055656478187, 3.6129561439
0.5, 1.00160190352, -23.9865790602, 0.0132990711593, 3.65709554929
0.51, 1.001715822, -23.9498135039, 0.00922700424421, 3.69990016386
0.52, 1.00174758546, -23.9126267184, 5.13702211404e-05, 3.74139442822
0.53, 1.00173568964, -23.8750318364, 0.00115660326705, 3.78156406676
0.54, 1.00179345613, -23.8370421475, 0.0109556687712, 3.8204106453
0.55, 1.00191987397, -23.7986706816, 0.0131915470061, 3.8579754596
0.56, 1.0019990265, -23.7599300242, 0.004009858049, 3.89430309897
0.57, 1.00199268925, -23.7208323772, -0.00132763444573, 3.92942654488
0.58, 1.00200606741, -23.6813896158, 0.0062631080639, 3.96337933759
0.59, 1.00211366535, -23.6416131438, 0.0143164887907, 3.99621864707
0.6, 1.00223335119, -23.6015137824, 0.00931881759886, 4.02800083945
0.61, 1.00226136646, -23.5611019069, -0.000541966823645, 4.05876227771
0.62, 1.00224629073, -23.520387622, 0.00122681865503, 4.08852363738
0.63, 1.00231032436, -23.4793807536, 0.0119080112076, 4.11732074343
0.64, 1.00244519292, -23.438090664, 0.0137213172057, 4.14520474464
0.65, 1.00252349123, -23.3965262807, 0.00345905386578, 4.17221271044
0.66, 1.00252278572, -23.3546962783, -0.000154597741017, 4.19836138018
0.67, 1.00253307736, -23.3126091321, 0.00509355910992, 4.22367511406
0.68, 1.00262762447, -23.2702730189, 0.01332490382, 4.24818784766
0.69, 1.00274826326, -23.2276957243, 0.0103246274442, 4.27193976169
0.7, 1.0027912153, -23.1848847217, 0.000908477199495, 4.29495610971
0.71, 1.00278109581, -23.1418473083, 0.000754204503621, 4.31724895833
0.72, 1.00283205472, -23.0985906172, 0.0102891988247, 4.33883995274
0.73, 1.00295756687, -23.0551214624, 0.0136459962112, 4.35976663191
0.74, 1.00304580834, -23.0114463307, 0.00503667717267, 4.38005730542
0.75, 1.00304521118, -22.9675715135, -0.00131629663494, 4.39972552116
0.76, 1.0030523229, -22.9235031956, 0.00527892913169, 4.41878071587
0.77, 1.0031523647, -22.8792473587, 0.0139704041006, 4.43725181172
0.78, 1.00327568518, -22.8348096699, 0.0101433395579, 4.45516957227
0.79, 1.0033118543, -22.7901955725, -2.86602981848e-05, 4.47255123549
0.8, 1.00330917799, -22.7454104155, 0.000471230550559, 4.4894017232
0.81, 1.00334769227, -22.7004594073, 0.00859281609952, 4.50573897838
0.82, 1.00346118821, -22.6553475504, 0.0131950419483, 4.52158848887
0.83, 1.00355602055, -22.6100795993, 0.00638670363615, 4.53697235507
0.84, 1.00356756897, -22.5646601577, -0.000649901573731, 4.55190118998
0.85, 1.00356949209, -22.5190937564, 0.00385436212171, 4.56637994055
0.86, 1.0036526057, -22.4733848003, 0.0125145939394, 4.58042765542
0.87, 1.00377250423, -22.4275374651, 0.010792446782, 4.59406802164
0.88, 1.00382160574, -22.3815557536, 0.0013429829862, 4.60731470296
0.89, 1.00380877917, -22.3354435867, -0.000152126683159, 4.6201714626
0.9, 1.00384671926, -22.2892048271, 0.00893201365156, 4.63264676097
0.91, 1.00396447563, -22.2428431671, 0.0134792466135, 4.64476268019
0.92, 1.00405697704, -22.1963621101, 0.00570208462988, 4.65653550164
0.93, 1.00405907413, -22.149765057, -0.00160614731688, 4.66797180763
0.94, 1.00405583755, -22.1030553711, 0.00379005454251, 4.67907303532
0.95, 1.00414246898, -22.0562363248, 0.0130269127406, 4.68985446502
0.96, 1.00426440033, -22.009311009, 0.0105836729431, 4.70033451338
0.97, 1.00430613867, -21.9622823915, 0.000300151006838, 4.71052270619
0.98, 1.00429829693, -21.9151533961, 4.77436808547e-05, 4.72041942104
0.99, 1.00432658478, -21.8679268915, 0.00726970456972, 4.73003298338
1.0, 1.00442877867, -21.8206056336, 0.0124176086022, 4.7393775861
1.01, 1.00452187215, -21.7731922422, 0.00661445120026, 4.74846572782
1.02, 1.00453574563, -21.7256892569, -0.000656076092987, 4.75730310968
1.03, 1.00453144068, -21.6780991843, 0.00272741755474, 4.76589063042
1.04, 1.00460112466, -21.6304244742, 0.0112302649973, 4.77423779133
1.05, 1.00471372332, -21.5826674506, 0.0105843539829, 4.78235822556
1.06, 1.0047647915, -21.5348303446, 0.00164278848005, 4.79025950983
1.07, 1.00475067921, -21.4869153428, -0.000788541205567, 4.79794333103
1.08, 1.00477665101, -21.4389246084, 0.00744575133179, 4.80541252508
1.09, 1.00488202115, -21.3908602163, 0.0126506779817, 4.81267949713
1.1, 1.00497276768, -21.3427241391, 0.00594932875749, 4.81975323331
1.11, 1.00497702355, -21.2945182947, -0.00167501136586, 4.82663780459
1.12, 1.00496632506, -21.2462445789, 0.0025072331443, 4.83333287936
1.13, 1.00503815311, -21.1979048459, 0.0116456520146, 4.83984606036
1.14, 1.00515251641, -21.1495008518, 0.0103999400403, 4.84618767573
1.15, 1.00519653108, -21.101034291, 0.000610896990111, 4.85236311501
1.16, 1.0051727725, -21.0525068238, -0.00149741294538, 4.85837333015
1.17, 1.00519721315, -21.0039200952, 0.00771158026419, 4.86422001621
1.18, 1.00530643324, -20.9552756802, 0.0129152388087, 4.86991312722
1.19, 1.00539456881, -20.9065750823, 0.00521908174787, 4.87545876929
1.2, 1.00539659595, -20.8578197687, 0.000598523020645, 4.88085427551
1.21, 1.00538312396, -20.8090111839, 0.00115943940429, 4.88611709813
1.22, 1.00543738183, -20.7601507391, 0.00999616126775, 4.89123498924
1.23, 1.00554534741, -20.7112397816, 0.0107245793005, 4.89622095659
1.24, 1.00560008678, -20.6622796153, 0.00188900231992, 4.90107913589
1.25, 1.00558133047, -20.6132715122, -0.00191513312133, 4.90581160591
1.26, 1.00559128092, -20.5642167264, 0.00573483519573, 4.91041890194
1.27, 1.0056851809, -20.5151164681, 0.0121374214174, 4.91490760137
1.28, 1.0057775216, -20.465971899, 0.00642739481144, 4.91928205725
1.29, 1.00578309254, -20.4167841541, -0.00208608070232, 4.92354564762
1.3, 1.00576024198, -20.3675543407, 0.000778993331374, 4.92769864299
1.31, 1.00581560507, -20.3182835443, 0.0103742790723, 4.93174431446
1.32, 1.00592573631, -20.2689728025, 0.0106238321555, 4.93568779891
1.33, 1.00597401778, -20.2196231324, 0.00086898091162, 4.93953187077
1.34, 1.00594490216, -20.1702355199, -0.00275144743875, 4.94327904213
1.35, 1.00595203693, -20.1208109304, 0.00590505826507, 4.94692960219
1.36, 1.00604970354, -20.0713502952, 0.0124654605275, 4.95048842413
1.37, 1.00614038912, -20.0218545216, 0.0057858671539, 4.95395760206
1.38, 1.00613579413, -19.9723245001, -0.00321193498463, 4.95734064748
1.39, 1.00611909889, -19.9227610863, -0.000101529452121, 4.96063831773
1.4, 1.00615846512, -19.873165117, 0.00857020000276, 4.96385294321
1.41, 1.00625787043, -19.8235373995, 0.0104109884912, 4.96698748318
1.42, 1.00631367571, -19.773878735, 0.00211004495224, 4.97004349868
1.43, 1.0062927664, -19.7241898978, -0.00264599878436, 4.97302436986
1.44, 1.00628964603, -19.6744716323, 0.00413343429994, 4.97593085104
1.45, 1.00637005827, -19.6247246599, 0.0112133299042, 4.9787655638
1.46, 1.00645989149, -19.5749496941, 0.00661800203191, 4.98152919676
1.47, 1.00646708811, -19.5251474434, -0.00220925036531, 4.98422475658
1.48, 1.00643606127, -19.475318575, -0.000586491021106, 4.98685464246
1.49, 1.00647571471, -19.4254637331, 0.00890661838587, 4.98942005073
1.5, 1.00657758091, -19.375583548, 0.0103905442537, 4.99192202307
1.51, 1.00662779117, -19.3256786631, 0.00115406239218, 4.99436109965
1.52, 1.00659646414, -19.2757496914, -0.00354619547786, 4.99674171973
1.53, 1.00658959043, -19.2257972067, 0.00421347576578, 4.99906489083
1.54, 1.00667348379, -19.1758217662, 0.0115742427459, 5.00133184409
1.55, 1.00676250159, -19.1258239405, 0.00607802665957, 5.00354126893
1.56, 1.006760096, -19.0758043026, -0.00333458632777, 5.00569668636
1.57, 1.00672090648, -19.0257633717, -0.000990747386366, 5.00780154341
1.58, 1.00676187108, -18.9757016413, 0.00934798076421, 5.00985648963
1.59, 1.00686680259, -18.9256196068, 0.0103819814005, 5.01186041132
1.6, 1.006911031, -18.8755177959, 0.000135041513923, 5.01381306182
1.61, 1.00688284388, -18.8253966936, -0.00365683802849, 5.01572048104
1.62, 1.00686331775, -18.7752567468, 0.00233806344795, 5.01758332797
1.63, 1.00693152029, -18.725098385, 0.0106602003161, 5.01940227535
1.64, 1.00702318909, -18.6749220603, 0.0071687071754, 5.02117457008
1.65, 1.00703249557, -18.6247282447, -0.00255836237174, 5.02290262502
1.66, 1.00698929021, -18.5745173516, -0.00237018643462, 5.0245918129
1.67, 1.00701160921, -18.5242897572, 0.0075498577479, 5.02624269645
1.68, 1.00710893006, -18.4740458454, 0.010640237664, 5.0278529649
1.69, 1.00716414624, -18.4237860479, 0.00150563673589, 5.02942049488
1.7, 1.0071360331, -18.3735107669, -0.0014689094045, 5.030965407
1.71, 1.00711478329, -18.3232203404, 0.00113639833397, 5.03244984234
1.72, 1.00716602169, -18.2729151053, 0.00896884278941, 5.03391309069
1.73, 1.00724970141, -18.2225954184, 0.00727608143377, 5.03533859197
1.74, 1.00726810573, -18.1722616681, -0.00135212287772, 5.0367274765
1.75, 1.00723060672, -18.1219141899, -0.0026232473792, 5.03808595967
1.76, 1.00724004555, -18.0715532715, 0.00567701360253, 5.03941524688
1.77, 1.00732165411, -18.0211792101, 0.00971100517689, 5.04071227716
1.78, 1.0073791388, -17.9707923564, 0.00254284602603, 5.04197381499
1.79, 1.00735422822, -17.9203930475, -0.0040534446604, 5.04320577886
1.8, 1.00732538708, -17.8699815478, 0.000950054850882, 5.04441270815
1.81, 1.00737858192, -17.8195581028, 0.00931335643154, 5.04559305581
1.82, 1.00746287645, -17.7691230055, 0.00696571013049, 5.04674130559
1.83, 1.007473429, -17.7186765895, -0.0024072212893, 5.04785894393
1.84, 1.00742669666, -17.6682191199, -0.00325499458058, 5.04895389378
1.85, 1.00743515327, -17.6177508051, 0.00595706214508, 5.05002725919
1.86, 1.00752004429, -17.5672718753, 0.00987255917796, 5.05107404212
1.87, 1.0075738965, -17.5167826341, 0.00174037478048, 5.05208989797
1.88, 1.00753870882, -17.4662833649, -0.00505726769076, 5.05308247653
1.89, 1.00750442707, -17.4157742612, 0.000863216456659, 5.05405732734
1.9, 1.00756061873, -17.3652554995, 0.00974582690163, 5.05501164597
1.91, 1.00764585179, -17.3147273252, 0.00663861654657, 5.05593778471
1.92, 1.00764806293, -17.2641900332, -0.00351653788314, 5.05683788516
1.93, 1.0075919605, -17.2136438306, -0.00385580568835, 5.05772186714
1.94, 1.00760017439, -17.1630888583, 0.00632914569999, 5.05859061529
1.95, 1.00767581286, -17.1125253021, 0.00886708049095, 5.05943613565
1.96, 1.00773226242, -17.061953414, 0.00274331784852, 5.06025647869
1.97, 1.00770686831, -17.0113734377, -0.0045194549914, 5.06105668377
1.98, 1.00766687822, -16.9607855268, -0.000587121859758, 5.06184417941
1.99, 1.00770514048, -16.9101898044, 0.00810880033197, 5.06261673939
2.0, 1.00778422374, -16.8595864602, 0.00697773649783, 5.0633660928
2.01, 1.00779680567, -16.8089757498, -0.0023157469153, 5.06409220042
2.02, 1.00774472087, -16.7583578532, -0.00436745086426, 5.06480557646
2.03, 1.00773800582, -16.7077328688, 0.0043589559774, 5.06550880756
2.04, 1.00781198217, -16.6571009215, 0.00934513706897, 5.06619472513
2.05, 1.00786640523, -16.6064622369, 0.00207065169508, 5.06685624614
2.06, 1.00783136564, -16.5558170343, -0.00552324924587, 5.06750166668
2.07, 1.00778540101, -16.5051654173, -0.000746018597797, 5.06813971456
2.08, 1.0078263606, -16.4545074597, 0.00856404810773, 5.06876693673
2.09, 1.00790723791, -16.4038433234, 0.00676899280036, 5.06937276397
2.1, 1.00791240114, -16.3531732476, -0.00337886330536, 5.06995767836
2.11, 1.00785064558, -16.3024973748, -0.00504984054674, 5.07053457751
2.12, 1.00784285062, -16.2518157533, 0.00467466055365, 5.07110603035
2.13, 1.0079106085, -16.20112848, 0.00732588782099, 5.07166075307
2.14, 1.00796228409, -16.1504357529, 0.00273294630577, 5.07219680593
2.15, 1.00793748529, -16.0997377586, -0.00462585872017, 5.07271770957
2.16, 1.00789087171, -16.0490345841, -0.00172291237577, 5.07323377427
2.17, 1.00791519603, -15.9983262712, 0.00672334810797, 5.07374281671
2.18, 1.00798523899, -15.947612941, 0.00656003877067, 5.07423444554
2.19, 1.00799789801, -15.8968948003, -0.00215356394303, 5.07470704544
2.2, 1.00794398715, -15.8461719809, -0.0049928319777, 5.07517281458
2.21, 1.00792550773, -15.7954445104, 0.00287389659237, 5.07563617652
2.22, 1.00798630428, -15.7447124426, 0.00837454275182, 5.0760885204
2.23, 1.00803720153, -15.6939759512, 0.00214931622942, 5.07652051262
2.24, 1.00800334673, -15.643235219, -0.0056135361334, 5.07694032173
2.25, 1.00795031797, -15.5924902962, -0.00196281669363, 5.07735942009
2.26, 1.00797662121, -15.5417411871, 0.00713730605959, 5.07777444477
2.27, 1.00804868623, -15.4909879966, 0.00642191142859, 5.0781726127
2.28, 1.00805475205, -15.4402309289, -0.0031495340937, 5.07855267243
2.29, 1.00799122892, -15.3894700914, -0.00572333192372, 5.07892942241
2.3, 1.00797085476, -15.3387054725, 0.0031051036763, 5.07930746888
2.31, 1.00803540601, -15.2879370995, 0.00865629773271, 5.07967582779
2.32, 1.00808407149, -15.2371651452, 0.00146492068792, 5.08002368901
2.33, 1.00804017797, -15.1863897837, -0.00667734196161, 5.08036151699
2.34, 1.00798055497, -15.1356110309, -0.00217304516878, 5.08070259507
2.35, 1.00800937601, -15.0848288562, 0.00760350886793, 5.08104205935
2.36, 1.00806933161, -15.0340433717, 0.00649984637895, 5.08136450192
2.37, 1.00808438199, -14.9832547374, -0.00195719217789, 5.08167142171
2.38, 1.00802622622, -14.9324630691, -0.00602648292302, 5.08197462941
2.39, 1.00799242278, -14.881668345, 0.00118354036168, 5.08228158932
2.4, 1.00804101588, -14.8308705593, 0.0077258885415, 5.08258267021
2.41, 1.00809211457, -14.7800698505, 0.00252517178061, 5.08286524209
2.42, 1.008059521, -14.7292663923, -0.00594761092312, 5.08313665412
2.43, 1.00799549949, -14.6784602065, -0.00357884180979, 5.08341208953
2.44, 1.00800561306, -14.6276512404, 0.00581320594979, 5.08368932825
2.45, 1.00807224371, -14.5768415544, 0.00650691629972, 5.08344301188
2.46, 1.00808182195, -14.5260368771, -0.00288754890647, 5.0827646995
2.47, 1.00801388731, -14.4752416333, -0.00683375855478, 5.08151513801
2.48, 1.00797731798, -14.4244611972, 0.00134910164307, 5.07988058519
2.49, 1.00802978205, -14.3736985005, 0.00808167208491, 5.0779653544
2.5, 1.0080797301, -14.3229574595, 0.00194398908462, 5.07550181198
2.51, 1.00803747646, -14.2722432082, -0.00704193900538, 5.07268404491
2.52, 1.00796600004, -14.2215581278, -0.00389752831776, 5.06966121702
2.53, 1.00797804457, -14.1709044597, 0.0062786867567, 5.06640385815
2.54, 1.00803319211, -14.120284861, 0.00601809432967, 5.0628664734
2.55, 1.00804828622, -14.0697021246, -0.00177650240753, 5.05905810169
2.56, 1.00798860266, -14.0191583268, -0.00662679621706, 5.05506656178
2.57, 1.00794311306, -13.9686563486, -0.00031415843928, 5.05063663372
2.58, 1.00797826123, -13.9182005348, 0.00671879197123, 5.0459056682
2.59, 1.00802561939, -13.8677920621, 0.0025961617277, 5.04122591315
2.6, 1.00799444778, -13.8174346802, -0.00599972300972, 5.0356973485
2.61, 1.00792371488, -13.7671329562, -0.00478016108529, 5.03005888312
2.62, 1.00791903862, -13.7168883115, 0.00434620643608, 5.02427637004
2.63, 1.0079764857, -13.6667023721, 0.00613208257028, 5.01832158967
2.64, 1.00798706752, -13.6165780444, -0.00262436697455, 5.01192064312
2.65, 1.00791785897, -13.5665185198, -0.00746344047501, 5.0053905061
2.66, 1.00786888384, -13.5165253069, -0.000235814782562, 4.99868020913
2.67, 1.00790748936, -13.4666008112, 0.007089140659, 4.99158871331
2.68, 1.00795450045, -13.4167487902, 0.00212993899252, 4.98426074652
2.69, 1.00791450707, -13.3669705378, -0.00706002231639, 4.97683100536
2.7, 1.00783592547, -13.3172666163, -0.00518335377708, 4.9693752614
2.71, 1.00783242253, -13.2676384402, 0.00477325820994, 4.96172282225
2.72, 1.00787880939, -13.2180880612, 0.00573927025733, 4.95373882285
2.73, 1.00789594114, -13.168618793, -0.00142886317652, 4.94556501758
2.74, 1.00783512666, -13.119231722, -0.00730134366692, 4.93730471933
2.75, 1.00777644346, -13.0699277354, -0.00197675881747, 4.92895877382
2.76, 1.00779756807, -13.0207069729, 0.00577413330017, 4.92062225686
2.77, 1.00784302259, -12.9715699519, 0.00290780765513, 4.912143688
2.78, 1.00781485326, -12.9225202681, -0.00600338618391, 4.90324745746
2.79, 1.00773646477, -12.8735600434, -0.00615525264387, 4.89426380371
2.8, 1.00771564159, -12.8246898869, 0.00283230557085, 4.88523020558
2.81, 1.00776497136, -12.7759117864, 0.00597484342833, 4.87582467403
2.82, 1.00777881014, -12.7272284277, -0.00218606582989, 4.86631551438
2.83, 1.00770852114, -12.6786414198, -0.00820094407118, 4.85650476903
2.84, 1.00764545214, -12.6301533745, -0.00197311665221, 4.84658567
2.85, 1.00767008137, -12.5817646401, 0.00622203838456, 4.83663589515
2.86, 1.00771645156, -12.5334753836, 0.0025771403408, 4.8265862718
2.87, 1.00768023177, -12.4852888803, -0.00705224439078, 4.81620205415
2.88, 1.00759336532, -12.4372063977, -0.0066578884372, 4.80579175597
2.89, 1.00757304595, -12.3892291613, 0.0032476825825, 4.79510347458
2.9, 1.00761331621, -12.3413591307, 0.00496298310454, 4.78437338684
2.91, 1.00762963573, -12.29359683, -0.00118068402967, 4.77357580726
2.92, 1.00756961707, -12.2459425163, -0.00758002172213, 4.76277374889
2.93, 1.00750183457, -12.1983971898, -0.00332898365645, 4.75172219052
2.94, 1.00750909563, -12.1509630772, 0.00460348025078, 4.74058805124
2.95, 1.00754922758, -12.1036403576, 0.00289926561319, 4.72943862569
2.96, 1.00752353136, -12.0564286202, -0.00579956563723, 4.71831355725
2.97, 1.0074416259, -12.0093294965, -0.00705587255821, 4.70706848623
2.98, 1.00740729497, -11.962342914, 0.00133494939692, 4.69567437092
2.99, 1.00744585618, -11.9154709795, 0.00540824455159, 4.68419498038
3.0, 1.00746011542, -11.868713895, -0.00181854292697, 4.6727034203
3.01, 1.00739135904, -11.8220727121, -0.00845867996878, 4.6609633088
3.02, 1.00731880278, -11.7755494471, -0.00339386350967, 4.64917751358
3.03, 1.00732911486, -11.7291439455, 0.00504749921578, 4.63740575352
3.04, 1.00737078141, -11.6828561362, 0.00267562173118, 4.62563298234
3.05, 1.00733809354, -11.6366860658, -0.00676916255376, 4.61386052613
3.06, 1.00724779885, -11.5906325944, -0.00760334023335, 4.6023681785
3.07, 1.00721333396, -11.5446979251, 0.00169901868936, 4.59017399709
3.08, 1.007255972, -11.498883782, 0.00564346533638, 4.57812863483
3.09, 1.00726728762, -11.453189985, -0.00255385103249, 4.56609880401
3.1, 1.00718893574, -11.4076170342, -0.00939402533369, 4.5538849594
3.11, 1.0071116183, -11.3621672103, -0.00341399574558, 4.54156334168
3.12, 1.00712096495, -11.3168403246, 0.000908358991711, 4.52933031504
3.13, 1.00715637849, -11.2716368845, 0.00329941633189, 4.51681245153
3.14, 1.00713522123, -11.2265592246, -0.00562187242691, 4.5042043393
3.15, 1.00704699746, -11.1816076426, -0.0083559420246, 4.49161422278
3.16, 1.00699652404, -11.1367829328, -0.000216632241208, 4.47879074778
3.17, 1.00702684493, -11.0920864064, 0.00529026887523, 4.46598890708
3.18, 1.007045615, -11.0475187878, -0.00119208787573, 4.4529523786
3.19, 1.00697770721, -11.0030810913, -0.00903027206967, 4.44012604244
3.2, 1.0068918327, -10.9587707128, -0.00512614619058, 4.42724485679
3.21, 1.00688782726, -10.9145912206, 0.00415316978111, 4.41419390627
3.22, 1.00692937626, -10.8705412773, 0.00325599145451, 4.40125986756
3.23, 1.00690243331, -10.8266210754, -0.00654244244254, 4.38816453464
3.24, 1.00680543085, -10.7828327734, -0.00899274823943, 4.37497480585
3.25, 1.00675412063, -10.7391762506, 0.000125644993389, 4.36182294365
3.26, 1.00677626719, -10.6956509855, 0.00449415967845, 4.34871468207
3.27, 1.00680007706, -10.6522568563, 4.08049328954e-05, 4.33548566844
3.28, 1.00674319678, -10.6089960685, -0.00846845857488, 4.32214351582
3.29, 1.00665110572, -10.5658682806, -0.00664581110945, 4.30888080132
3.3, 1.0066292966, -10.5228726332, 0.00262365153221, 4.2956103259
3.31, 1.00666678812, -10.4800116472, 0.00385293164726, 4.28207255984
3.32, 1.00665225581, -10.4372855743, -0.00521910055147, 4.26860545827
3.33, 1.00655930689, -10.3946938693, -0.00957515325031, 4.2552016164
3.34, 1.00649250754, -10.3522367761, -0.00184229178965, 4.241623028
3.35, 1.00650392588, -10.3099158688, 0.00292994916952, 4.22801618986
3.36, 1.00652850396, -10.2677307667, 0.00103833145491, 4.21445774191
3.37, 1.00648389885, -10.2256807993, -0.00750487004194, 4.20089300076
3.38, 1.00639048772, -10.1837671253, -0.00774722007179, 4.1873655768
3.39, 1.00635162463, -10.141988537, 0.000857683348746, 4.17374736099
3.4, 1.00638064329, -10.1003465619, 0.00397889302054, 4.16009689726
3.41, 1.00637666689, -10.058841177, -0.00377384185635, 4.14645036287
3.42, 1.00629197054, -10.0174719655, -0.00960989335329, 4.13286548114
3.43, 1.00621323495, -9.97623840688, -0.00372517803389, 4.1192108233
3.44, 1.006218429, -9.93514222878, 0.00418553593712, 4.10547180319
3.45, 1.00624552918, -9.89418334334, 0.000810943479068, 4.09175705778
3.46, 1.00619408772, -9.8533610004, -0.00842311331401, 4.07805634603
3.47, 1.00609333959, -9.81267727589, -0.0081565402914, 4.06414583834
3.48, 1.00605559717, -9.7721322886, 0.00131562468933, 4.05030810303
3.49, 1.00607606074, -9.73172623217, 0.00303314149198, 4.03628713102
3.5, 1.00607542048, -9.69146083504, -0.00266897253188, 4.02223641748
3.51, 1.00600198248, -9.65133575696, -0.00889656031641, 4.00823732875
3.52, 1.00591926263, -9.61135032406, -0.00502371663625, 3.99431441796
3.53, 1.00590757095, -9.57150206309, 0.00261499272978, 3.98084024142
3.54, 1.00592904403, -9.53178569084, 0.0012094481503, 3.96792288735
3.55, 1.00588900023, -9.49219584322, -0.00707798209077, 3.95551469482
3.56, 1.00579398941, -9.45272711867, -0.00848972932161, 3.94372000569
3.57, 1.00574271924, -9.41337276199, -0.000554548312236, 3.93262692288
3.58, 1.00576187279, -9.37412624125, 0.00352850206189, 3.92209352214
3.59, 1.00575983388, -9.33498255562, -0.00322540120978, 3.91204019597
3.6, 1.00567840925, -9.29593626543, -0.00970812606696, 3.90266839903
3.61, 1.00559129623, -9.25697926896, -0.00506766869401, 3.89418072691
3.62, 1.00558273139, -9.21810328938, 0.00307262267371, 3.88636774299
3.63, 1.00560604496, -9.17930190967, 0.00104042223029, 3.87931431518
3.64, 1.00555961879, -9.14056761422, -0.00798330486723, 3.87298361462
3.65, 1.00545658433, -9.10189313823, -0.0090225414234, 3.86722907804
3.66, 1.00540497796, -9.06327251033, -0.000223226037179, 3.86218242564
3.67, 1.00542795242, -9.02470006918, 0.00376322505647, 3.85758375047
3.68, 1.0054232259, -8.98617060431, -0.00391424696365, 3.85365478523
3.69, 1.00533254337, -8.94767606659, -0.0106240703244, 3.85056950132
3.7, 1.00524045804, -8.90920932242, -0.00513154049733, 3.84801465044
3.71, 1.00523497199, -8.8707649818, 0.00352205218241, 3.84612800594
3.72, 1.00524546531, -8.83233690836, 0.00103369042085, 3.84468457366
3.73, 1.00520773514, -8.79392159324, -0.00674636444822, 3.84357338134
3.74, 1.00511123922, -8.75551455311, -0.00916839629842, 3.8430850447
3.75, 1.00504734838, -8.71710979557, -0.00208959567361, 3.8430394687
3.76, 1.00505390476, -8.678703559, 0.00272475619482, 3.84334458377
3.77, 1.00505049954, -8.64029332408, -0.00292528463914, 3.84386851851
3.78, 1.00497133428, -8.60187613059, -0.00979285512354, 3.84472157823
3.79, 1.00487615283, -8.56344724624, -0.00641754608473, 3.84622026057
3.8, 1.00485221786, -8.52500270294, 0.00167238003351, 3.84776150147
3.81, 1.00486804494, -8.48653921499, 0.000893440190398, 3.84994659827
3.82, 1.00482404321, -8.44805453814, -0.0076741983623, 3.85213630568
3.83, 1.00471862229, -8.40954490524, -0.00984651673735, 3.85497097684
3.84, 1.00465276858, -8.37100477161, -0.00191174765739, 3.8581620893
3.85, 1.00466222743, -8.33243165759, 0.00291974336919, 3.86156257876
3.86, 1.00465612388, -8.29382238165, -0.00360990327173, 3.86544264402
3.87, 1.00456728088, -8.25517252197, -0.0108059164009, 3.86961795112
3.88, 1.00446559963, -8.21648000213, -0.0066640442245, 3.87407771069
3.89, 1.00444321864, -8.17773936147, 0.00201188640018, 3.879090367
3.9, 1.0044599759, -8.13894659303, 0.000633973981244, 3.88454512288
3.91, 1.00440838015, -8.10009823695, -0.00873565330638, 3.8901803567
3.92, 1.00429307699, -8.06119265246, -0.0105793981897, 3.89599524098
3.93, 1.00422512837, -8.02222851085, -0.00172739734549, 3.9019768971
3.94, 1.00423735504, -7.98320235958, 0.00306965538858, 3.90822142977
3.95, 1.00422764207, -7.9441140305, -0.00441485648917, 3.91448724647
3.96, 1.00412800143, -7.90496208718, -0.0119056940828, 3.92093064913
3.97, 1.00401952434, -7.86574405891, -0.00689781283762, 3.92778269135
3.98, 1.00399895847, -7.82645577285, 0.00236567065505, 3.93489215429
3.99, 1.00400204293, -7.78709605618, 0.00055823998226, 3.94208275646
4.0, 1.00395825957, -7.74766285473, -0.00762106008632, 3.94964403421
4.01, 1.00384786743, -7.70815251778, -0.0109149760333, 3.95743717168
4.02, 1.00376587335, -7.66856368069, -0.00374532106769, 3.96535053723
4.03, 1.00376069053, -7.62889492106, 0.00196699233283, 3.97339513957
4.04, 1.00375176675, -7.58914551144, -0.00349260828791, 3.98149189764
4.05, 1.00366254113, -7.5493134681, -0.0112264435464, 3.98997129924
4.06, 1.00354920337, -7.50939532671, -0.00836471464168, 3.99865084994
4.07, 1.00350874017, -7.46939009992, 0.000407814103687, 4.00739994592
4.08, 1.00351661385, -7.42929683884, 0.000366753861785, 4.01623657202
4.09, 1.00346576469, -7.38911514142, -0.00866396704709, 4.02510612006
4.1, 1.00334492225, -7.34884378022, -0.0117667836237, 4.03426462749
4.11, 1.00325940388, -7.30847868629, -0.00369671690972, 4.04372684653
4.12, 1.00325631277, -7.26801835124, 0.00211211296255, 4.05341338395
4.13, 1.00324419527, -7.22746079697, -0.00424704042998, 4.0630164919
4.14, 1.00314410542, -7.18680676387, -0.0123983738162, 4.0728456422
4.15, 1.00302256285, -7.14605322388, -0.00877337250405, 4.082852289
4.16, 1.00298254825, -7.1051992764, 0.000681707648279, 4.09292137909
4.17, 1.00299102125, -7.0642432378, 7.86436998087e-05, 4.10330724448
4.18, 1.00293187375, -7.02318256093, -0.00984437380272, 4.1137912214
4.19, 1.00279954503, -6.98201696431, -0.0126767181546, 4.12431114534
4.2, 1.00271051236, -6.94074472698, -0.00361187783342, 4.13517195627
4.21, 1.00269646488, -6.89936281884, 0.00104817151325, 4.14615985745
4.22, 1.00268708707, -6.85787088866, -0.00322212828672, 4.15716315616
4.23, 1.0025958467, -6.81626926617, -0.0120742256479, 4.168133587
4.24, 1.00246529373, -6.77455664896, -0.0106013677093, 4.17942460105
4.25, 1.00240430696, -6.73273049137, -0.00115481277172, 4.19078754307
4.26, 1.00240603759, -6.69079027173, 0.000444939458987, 4.20220828291
4.27, 1.00235720548, -6.64873591169, -0.00872851092029, 4.21372901229
4.28, 1.0022264119, -6.60656456097, -0.0135552420993, 4.22550216759
4.29, 1.00211848997, -6.56427532251, -0.00593672202209, 4.23730913485
4.3, 1.00209615897, -6.52186747469, -0.00327561679156, 4.24926772464
4.31, 1.00207678007, -6.47934072288, -0.00299212946219, 4.26122282384
4.32, 1.00199415196, -6.43669262597, -0.0111118193058, 4.2733487416
4.33, 1.00186474895, -6.39392322518, -0.0114104608443, 4.28549039024
4.34, 1.0017863764, -6.35103212502, -0.00330950787577, 4.29767236858
4.35, 1.00177207088, -6.30801966712, -0.000357445759938, 4.30978190362
4.36, 1.00172649034, -6.26488621756, -0.00771153413275, 4.32186952426
4.37, 1.00160408216, -6.22163078481, -0.013298571024, 4.33424004437
4.38, 1.00148661403, -6.17825058068, -0.00779417835458, 4.34674470922
4.39, 1.00144816486, -6.13474544396, -0.000326843787879, 4.35922892649
4.4, 1.00143039815, -6.09111569478, -0.00352310301184, 4.3716666026
4.41, 1.00133806914, -6.04736152332, -0.012307509413, 4.38410346639
4.42, 1.00119841934, -6.00348218415, -0.0121298822497, 4.39678719959
4.43, 1.00111777012, -5.95947481983, -0.00321017772778, 4.40961153069
4.44, 1.00110427134, -5.91534061449, -0.00048252630444, 4.42218443371
4.45, 1.00105230748, -5.87107777149, -0.0087547264783, 4.43528279388
4.46, 1.00091782748, -5.82668454794, -0.014438358547, 4.44831334346
4.47, 1.00079355859, -5.7821606604, -0.00804069487634, 4.46139249559
4.48, 1.00075584838, -5.73750539222, -0.000172339203819, 4.4746677542
4.49, 1.00073594855, -5.69271680584, -0.00415772141536, 4.48798039468
4.5, 1.00063267355, -5.6477951753, -0.0136273009549, 4.5012685181
4.51, 1.00048195728, -5.60273981132, -0.0128861000561, 4.51480353279
4.52, 1.00039915046, -5.55754844383, -0.00307274566677, 4.52840522313
4.53, 1.00037332934, -5.51222137895, -0.00182549347768, 4.54193971196
4.54, 1.00032090649, -5.46675933431, -0.00801362229643, 4.55540527551
4.55, 1.00019419992, -5.4211618705, -0.01406479597, 4.56909468998
4.56, 1.00006246613, -5.37542677389, -0.00969967660582, 4.58286580969
4.57, 1.00000402645, -5.32955460178, -0.00214378248355, 4.59651885119
4.58, 0.999974486606, -5.28354693844, -0.00414944267793, 4.60988842818
4.59, 0.999878978129, -5.2374078181, -0.0126253530406, 4.62283398322
4.6, 0.999730664224, -5.19114114462, -0.0135565650239, 4.63541831405
4.61, 0.999630725211, -5.14475033793, -0.00532967934434, 4.64766563483
4.62, 0.999599943652, -5.09823892151, -0.00170303416769, 4.65954210992
4.63, 0.999542196386, -5.05161076159, -0.00896998852308, 4.6710303346
4.64, 0.999403795976, -5.004869523, -0.0152224714251, 4.68218006078
4.65, 0.999264580757, -4.95801825527, -0.0100390134671, 4.69304542241
4.66, 0.999206301307, -4.91105982112, -0.00200421659306, 4.70361150148
4.67, 0.999175193626, -4.86399745589, -0.00468450980049, 4.71383743437
4.68, 0.999069755715, -4.81683455389, -0.013873250875, 4.72373962384
4.69, 0.99891046451, -4.76957398929, -0.0143573797189, 4.73338511859
4.7, 0.998807749964, -4.72221815547, -0.00524707193273, 4.74279304385
4.71, 0.998778070356, -4.67476963639, -0.00177476226225, 4.75191932298
4.72, 0.998714418988, -4.62723143943, -0.00998905639195, 4.76074225149
4.73, 0.99856383954, -4.57960636083, -0.0163996545287, 4.7693154093
4.74, 0.998417516944, -4.53189655388, -0.0102991376195, 4.77769291204
4.75, 0.998355559453, -4.48410392112, -0.00652220476832, 4.78596694147
4.76, 0.998315068082, -4.43623135552, -0.00434215233797, 4.7937423315
4.77, 0.998218787575, -4.38828100516, -0.0129355233052, 4.80138752418
4.78, 0.998059504243, -4.34025524562, -0.0153307273819, 4.80883846106
4.79, 0.997938185541, -4.29215580088, -0.00745578642093, 4.81612367573
4.8, 0.997893114372, -4.24398449742, -0.00243270034215, 4.82320397743
4.81, 0.997834265713, -4.19574361801, -0.00885452257538, 4.83004689034
4.82, 0.997692163662, -4.14743538747, -0.0162257146148, 4.8366918626
4.83, 0.99753507252, -4.09906143476, -0.0122695155979, 4.84319679821
4.84, 0.997456917775, -4.05062315999, -0.00349439181162, 4.84954858597
4.85, 0.997419839905, -4.002122383, -0.00465997992044, 4.85569543561
4.86, 0.997315294316, -3.95356123062, -0.0140806820958, 4.86163923795
4.87, 0.99714515741, -3.90494139085, -0.0161734807119, 4.86744560549
4.88, 0.997020737653, -3.85626402449, -0.00736339848422, 4.87314050846
4.89, 0.996967399024, -3.80753050051, -0.00462986786689, 4.87866597386
4.9, 0.996904651896, -3.75874261351, -0.00826886916786, 4.88401989168
4.91, 0.996772006469, -3.70990208322, -0.0154318136582, 4.88921173765
4.92, 0.99661263633, -3.66101018773, -0.013457527221, 4.89429892949
4.93, 0.996515570007, -3.61206792067, -0.00555406266757, 4.89927898177
4.94, 0.996466039877, -3.56307660411, -0.00497920196441, 4.9041043675
4.95, 0.99636827142, -3.51403790992, -0.0129189421897, 4.9087658761
4.96, 0.996204912291, -3.46495321042, -0.0162731494797, 4.91331755744
4.97, 0.99606772886, -3.41582336762, -0.00939740391824, 4.91779193993
4.98, 0.996005435498, -3.36664930828, -0.00373184135283, 4.92215134134
4.99, 0.995940936298, -3.3174324477, -0.00891723304354, 4.9263555845
5.0, 0.995798503426, -3.26817424737, -0.0165223610509, 4.93043427578
5.01, 0.995631110135, -3.21887561804, -0.0139021946763, 4.93444592691
5.02, 0.995533889849, -3.16953719843, -0.0053382924112, 4.93838282865
5.03, 0.995484987787, -3.12016002876, -0.0052068035827, 4.94219027621
5.04, 0.995380039061, -3.07074553499, -0.0139724924101, 4.94585968433
5.05, 0.995206022989, -3.02129479376, -0.0171585539931, 4.94945159156
5.06, 0.995064943306, -2.97180833781, -0.00938493066526, 4.9529979589
5.07, 0.995004567678, -2.92228681632, -0.0035885822849, 4.95645316468
5.08, 0.994937050872, -2.87273143673, -0.00964625180172, 4.95977319039
5.09, 0.994784001693, -2.8231434362, -0.0176785533176, 4.96299309709
5.1, 0.994608454686, -2.77352343831, -0.0143148348836, 4.9661759774
5.11, 0.994511667058, -2.72387180494, -0.00506124281219, 4.96930838461
5.12, 0.994449197108, -2.67418944065, -0.00588217494696, 4.97232522404
5.13, 0.99434851473, -2.624477437, -0.0129318205193, 4.97523738563
5.14, 0.994182296898, -2.57473670351, -0.0169980389915, 4.97808283199
5.15, 0.994031271466, -2.52496765107, -0.011204836149, 4.9808986039
5.16, 0.993951553124, -2.47517070205, -0.00516677630086, 4.98365122462
5.17, 0.993879713697, -2.42534676929, -0.00911375542475, 4.98629571806
5.18, 0.993737086744, -2.37549689593, -0.0166725017829, 4.98885272482
5.19, 0.993561708047, -2.32562162252, -0.0152910377243, 4.99138062628
5.2, 0.993446643124, -2.27572117162, -0.0071895827436, 4.9938784966
5.21, 0.993384562321, -2.22579612583, -0.00594372452926, 4.99629165983
5.22, 0.993278109844, -2.17584750494, -0.0138594736837, 4.99860297442
5.23, 0.993101826531, -2.12587606491, -0.0178872572305, 5.00086724699
5.24, 0.992946354, -2.07588200847, -0.0112636088088, 5.00312219873
5.25, 0.992868300243, -2.02586558961, -0.00499293725336, 5.00532716388
5.26, 0.992794387247, -1.97582762052, -0.00971542012372, 5.00743299717
5.27, 0.992642135966, -1.92576903319, -0.0177772216241, 5.0094653867
5.28, 0.992458345184, -1.87569019055, -0.0157807920624, 5.01148829558
5.29, 0.992342945146, -1.82559113502, -0.00695932245753, 5.01349633308
5.3, 0.992281998723, -1.77547234003, -0.00610095926592, 5.01542752635
5.31, 0.992168926993, -1.72533475339, -0.0148816055803, 5.01726552331
5.32, 0.991981891137, -1.67517900119, -0.0188089816346, 5.01907286479
5.33, 0.991822166875, -1.62500510884, -0.0112695166189, 5.02088794218
5.34, 0.99174156195, -1.57481306247, -0.00949825079276, 5.02279852434
5.35, 0.991657314683, -1.52460408897, -0.00948989591577, 5.02434504581
5.36, 0.991514121046, -1.47437842146, -0.0167271709679, 5.025970551
5.37, 0.991332719188, -1.42413657718, -0.0164556204087, 5.02758611305
5.38, 0.991200998212, -1.37387855035, -0.00904457706152, 5.0291979667
5.39, 0.991124330785, -1.32360463812, -0.00688978966022, 5.03075389739
5.4, 0.991014900936, -1.27331560262, -0.0137902546931, 5.03222983968
5.41, 0.990837517539, -1.22301202662, -0.0183937210241, 5.03367379578
5.42, 0.990669791674, -1.17269394515, -0.0129968542962, 5.03512807452
5.43, 0.990573840809, -1.12236137563, -0.00654980487724, 5.03655869452
5.44, 0.990491526329, -1.07201487025, -0.00995843857409, 5.03791373508
5.45, 0.99033986588, -1.02165517656, -0.0177544352816, 5.03920971299
5.46, 0.990150051061, -0.971282531047, -0.0170033464307, 5.04050948979
5.47, 0.990017239981, -0.920896800395, -0.00887484518913, 5.04181600888
5.48, 0.98994179557, -0.870498217794, -0.00697647758335, 5.04306985154
5.49, 0.989826832624, -0.82008752348, -0.0147006076392, 5.04424693824
5.5, 0.989639214454, -0.769665227474, -0.0193270253729, 5.04540275121
5.51, 0.989466506475, -0.719231238301, -0.0131020995326, 5.04658146938
5.52, 0.989372107876, -0.668785481919, -0.00635415449455, 5.04774190935
5.53, 0.98928817212, -0.618328490418, -0.0105088828066, 5.04882753334
5.54, 0.989127135476, -0.56786098289, -0.0188641459089, 5.04986007431
5.55, 0.988928540296, -0.517383093, -0.0175447574568, 5.05090905194
5.56, 0.988795046594, -0.466894573729, -0.00865294388887, 5.0519734135
5.57, 0.988721039226, -0.416395616274, -0.00707853247854, 5.05298597806
5.58, 0.988599968085, -0.365886961394, -0.015689584708, 5.0539231505
5.59, 0.988401522814, -0.315369058971, -0.0202870281533, 5.05484887971
5.6, 0.988224081646, -0.264841699902, -0.0131480503635, 5.05580898234
5.61, 0.988127115886, -0.214304588534, -0.0108229497366, 5.05690032685
5.62, 0.988033398636, -0.16375876693, -0.0102257829692, 5.0576260938
5.63, 0.987881673669, -0.113204274722, -0.0178222867852, 5.05845525018
5.64, 0.987685058221, -0.0626414781311, -0.018274119856, 5.05929394251
