timestamp, prius1 x posi, prius1 y posi, prius1 x vel, prius1 y vel.
0.0, 0.0, 0.0, 0.0, 0.0
0.00999999999999, -0.999906309757, 24.9781963751, -0.000162959609293, -0.534990222153
0.02, -0.999941879606, 24.9724286011, -0.00406618301623, -0.60128876181
0.03, -0.999970135285, 24.9660034578, 0.00038703468625, -0.667431515644
0.04, -0.999945177074, 24.9588484343, 0.00348152778359, -0.750201141836
0.05, -0.999961736928, 24.9508333143, -0.00499691391651, -0.837930260691
0.06, -1.00003385186, 24.9419443865, -0.0053394287444, -0.92617271878
0.07, -1.00003735148, 24.9321800848, 0.0055271062269, -1.01443190241
0.08, -1.00001839405, 24.9215405915, 7.61063391119e-05, -1.1026313168
0.09, -1.00001561468, 24.9100259272, -0.000610042388788, -1.19086623556
0.1, -1.00001069874, 24.8976368253, 0.000183140718536, -1.27856075086
0.11, -0.99999806768, 24.8843776264, 0.000584865058599, -1.36535117767
0.12, -0.999989703332, 24.870256838, -0.000464615682586, -1.45098716382
0.13, -0.999993750104, 24.8552849849, -0.00150200043123, -1.53557233288
0.14, -0.999999692023, 24.8394725561, -0.000894826564316, -1.61911318815
0.15, -0.999993878567, 24.822829929, 0.000436998960374, -1.70162251979
0.16, -0.999980854445, 24.8053673374, 0.000455303315489, -1.78311510383
0.17, -0.999975345367, 24.7870948757, -0.000687702828214, -1.86360384682
0.18, -0.999977868649, 24.7680225266, -0.000940201307724, -1.94309937614
0.19, -0.999974350883, 24.7481601668, 0.000198470415362, -2.02161385427
0.2, -0.99996045126, 24.7275175344, 0.000809251419414, -2.09916256513
0.21, -0.999949810269, 24.7061042151, -0.000232627207943, -2.17575959915
0.22, -0.99995180403, 24.6839297884, -0.00130314692275, -2.25140078945
0.23, -0.99995570578, 24.6610063725, -0.000688397438662, -2.32601194998
0.24, -0.99994750471, 24.6373477881, 0.000693179668439, -2.39976339992
0.25, -0.999931965285, 24.6129632193, 0.00065540521746, -2.472672177
0.26, -0.999925613039, 24.5878613518, -0.000720877915474, -2.54469640069
0.27, -0.999929088258, 24.5620509451, -0.00102693428547, -2.61583180524
0.28, -0.999925116503, 24.5355408077, 0.00038998908807, -2.68609013376
0.29, -0.999908137202, 24.508339683, 0.00118662299799, -2.75548505039
0.3, -0.999894320305, 24.4804563617, 2.63437856359e-05, -2.82370156296
0.31, -0.999894469284, 24.4519044507, -0.00111850240509, -2.88967761003
0.32, -0.999895257952, 24.4227034758, -0.000223013641624, -2.95365539994
0.33, -0.999881138004, 24.392873067, 0.00132776535016, -3.01566507223
0.34, -0.99986055609, 24.3624327051, 0.00101842324822, -3.07573907815
0.35, -0.999852218778, 24.3314014818, -0.000588251710255, -3.13392347081
0.36, -0.999853836655, 24.2997980013, -0.000736268702202, -3.19027058555
0.37, -0.999845548401, 24.2676403154, 0.000933409386391, -3.24483869444
0.38, -0.999822948493, 24.2349458647, 0.00173285467473, -3.29769282489
0.39, -0.999804781867, 24.2017314593, 0.000386095619068, -3.34889458052
0.4, -0.999801867122, 24.1680133365, -0.000798382471654, -3.39849758323
0.41, -0.999798740386, 24.1338072227, 0.000261606122845, -3.44655242211
0.42, -0.999779133025, 24.099128324, 0.00191536321814, -3.49311293778
0.43, -0.999753299274, 24.0639912977, 0.00148326562227, -3.53823326473
0.44, -0.999741285053, 24.0284102908, -0.000259547416175, -3.58196074806
0.45, -0.99973940595, 23.9923990136, -0.000317601136413, -3.62433706722
0.46, -0.999725971978, 23.955970757, 0.00153051289357, -3.66540590894
0.47, -0.999697397147, 23.919138349, 0.00230650929601, -3.70521497343
0.48, -0.999674576119, 23.8819141498, 0.000777100404469, -3.74380846447
0.49, -0.999668225271, 23.8443101196, -0.000438673856604, -3.78122289626
0.5, -0.999660660806, 23.8063378719, 0.00080299918178, -3.81749323474
0.51, -0.999634972965, 23.7680086444, 0.00255559241334, -3.85265970288
0.52, -0.999603467145, 23.7293332571, 0.00197684278775, -3.88676363112
0.53, -0.999587541597, 23.6903221492, 8.81543265828e-05, -3.91983913123
0.54, -0.999581883035, 23.6509854569, 0.000134461466825, -3.95191466502
0.55, -0.999562876983, 23.6113330222, 0.00217013693286, -3.98302212012
0.56, -0.99952795131, 23.5713743345, 0.00290649550946, -4.01319862386
0.57, -0.999500309552, 23.5311185218, 0.00117530057169, -4.0424774515
0.58, -0.999490419024, 23.4905744258, -6.57862242917e-05, -4.07088352257
0.59, -0.999478161816, 23.4497506551, 0.00137519795636, -4.09844094588
0.6, -0.999446062533, 23.4086555428, 0.00322274933994, -4.12518063852
0.61, -0.999408719848, 23.3672970932, 0.00247452401821, -4.15113493157
0.62, -0.999388887344, 23.3256830255, 0.000432829393169, -4.17632800109
0.63, -0.99937937508, 23.2838208569, 0.000601207091206, -4.20077828779
0.64, -0.999354555431, 23.2417179044, 0.00283468043636, -4.2245090888
0.65, -0.999313091038, 23.1993812103, 0.00351399520183, -4.24755003279
0.66, -0.999280657847, 23.1568175329, 0.00156198487987, -4.26992624855
0.67, -0.999267302717, 23.1140334313, 0.000304364253643, -4.29165366705
0.68, -0.999250247533, 23.0710353189, 0.00196461397218, -4.31274820533
0.69, -0.999211548048, 23.0278294061, 0.00390266008482, -4.33323420883
0.7, -0.999168358106, 22.9844216378, 0.00296097229289, -4.35313757054
0.71, -0.999144775291, 22.9408177444, 0.000760677324321, -4.37247484689
0.72, -0.9991314609, 22.8970233332, 0.00107181342134, -4.39125673307
0.73, -0.999100692465, 22.8530438809, 0.0035139845102, -4.40950033674
0.74, -0.999052615969, 22.8088846443, 0.00411721092881, -4.42723016674
0.75, -0.999015546141, 22.7645506507, 0.00192523692151, -4.4444653305
0.76, -0.998998911141, 22.7200467951, 0.000662582430782, -4.46121474979
0.77, -0.998977034949, 22.675377894, 0.00256413328434, -4.47748823118
0.78, -0.99893162515, 22.6305486122, 0.00458714237361, -4.49330571756
0.79, -0.998882673034, 22.5855633909, 0.00342647725078, -4.50868864982
0.8, -0.998855591751, 22.540426509, 0.00106348001653, -4.52364770918
0.81, -0.998838595602, 22.4951421843, 0.00154099589324, -4.53818760099
0.82, -0.998801794339, 22.4497145553, 0.00420312020607, -4.55232114506
0.83, -0.998747095419, 22.4041475758, 0.00470919256055, -4.56606959306
0.84, -0.998705620541, 22.3584450077, 0.00225782593748, -4.57944762222
0.85, -0.998685951868, 22.3126105324, 0.00100434615702, -4.59245860971
0.86, -0.99865926644, 22.2666478049, 0.00317113517556, -4.60510785153
0.87, -0.998607070483, 22.2205603627, 0.00527213186119, -4.61741258719
0.88, -0.998552495759, 22.1743515459, 0.00386518002489, -4.62939130323
0.89, -0.998522223276, 22.128024571, 0.00133684907304, -4.641050059
0.9, -0.99850169464, 22.0815826425, 0.00200730321899, -4.6523888518
0.91, -0.998458790288, 22.0350289233, 0.0049005270451, -4.66341769644
0.92, -0.998397490686, 21.9883664117, 0.00528575565099, -4.6741560084
0.93, -0.998351891422, 21.9415979394, 0.00255528242566, -4.6846151667
0.94, -0.99832946674, 21.8947262988, 0.00132823565157, -4.6947940288
0.95, -0.998297987719, 21.8477542968, 0.00378594034921, -4.7046945774
0.96, -0.998238938169, 21.8006846445, 0.00595584993871, -4.71433265811
0.97, -0.998178914498, 21.7535198693, 0.0042732171433, -4.72372489097
0.98, -0.998145792347, 21.7062624044, 0.00157874281629, -4.73287355496
0.99, -0.998121885097, 21.6589147117, 0.00247175975139, -4.74177485871
1.0, -0.998072797696, 21.6114792387, 0.00560689250241, -4.75043713589
1.01, -0.99800492966, 21.5639582775, 0.00584479294332, -4.75887903574
1.02, -0.997955514796, 21.5163539691, 0.00281519042235, -4.76710940228
1.03, -0.997930621991, 21.46866845, 0.00163488331317, -4.77512324817
1.04, -0.997894347985, 21.4209039045, 0.00441080776829, -4.78292012986
1.05, -0.997828366343, 21.3730624326, 0.00663826759625, -4.79051551235
1.06, -0.997763083391, 21.3251459553, 0.0046483553392, -4.79792491827
1.07, -0.997727469705, 21.2771563229, 0.00178874782504, -4.80514737151
1.08, -0.997700324397, 21.2290954495, 0.00293705724901, -4.81217591946
1.09, -0.997644947892, 21.1809652543, 0.00632426029779, -4.81901809037
1.1, -0.997570542354, 21.1327675011, 0.0063851254483, -4.82569257446
1.11, -0.997517639084, 21.0845038123, 0.00303611783183, -4.83220615878
1.12, -0.997490564176, 21.0361758365, 0.00192623376301, -4.83855042235
1.13, -0.997449463508, 20.9877852979, 0.0050492184448, -4.84472316073
1.14, -0.997376450691, 20.9393338402, 0.00732009269114, -4.85074026167
1.15, -0.99730610853, 20.890822926, 0.00498892195083, -4.85661667982
1.16, -0.997268371183, 20.8422539669, 0.00196733013589, -4.86234846192
1.17, -0.997238105341, 20.7936284703, 0.00340689200384, -4.86792592078
1.18, -0.997176299329, 20.7449479623, 0.0070553164258, -4.87335648541
1.19, -0.997095381551, 20.6962138065, 0.00690588052972, -4.87865950588
1.2, -0.997039331841, 20.6474272308, 0.00321707242845, -4.88383997177
1.21, -0.997010352541, 20.5985895175, 0.00220495316853, -4.88888624476
1.22, -0.996964355886, 20.5497020494, 0.005705238642, -4.89379487613
1.23, -0.996884188123, 20.5007661253, 0.00800219796076, -4.89858283835
1.24, -0.996808995844, 20.4517828568, 0.00529331563921, -4.90326486949
1.25, -0.996769509375, 20.4027533214, 0.00211536075888, -4.90783413278
1.26, -0.996736211483, 20.3536787232, 0.00388553705855, -4.91227848858
1.27, -0.996667796344, 20.3045602938, 0.00780300388529, -4.9166058636
1.28, -0.996580384914, 20.2553990896, 0.00740612503197, -4.92083675362
1.29, -0.996521545042, 20.2061960339, 0.00335719059296, -4.92497445517
1.3, -0.996490926925, 20.1569521325, 0.00247419816781, -4.92900419346
1.31, -0.996439922153, 20.1076685138, 0.0063833247512, -4.93292169505
1.32, -0.996352449173, 20.0583462137, 0.00868541725338, -4.93674558959
1.33, -0.996272625935, 20.0089860698, 0.00555982384797, -4.94049061784
1.34, -0.996231770463, 19.9595889029, 0.00223398771531, -4.94414702614
1.35, -0.996195495604, 19.9101556905, 0.00437771079602, -4.94770041689
1.36, -0.99612024957, 19.8606874423, 0.0085703429312, -4.95115975031
1.37, -0.996026357592, 19.8111849745, 0.0078846771893, -4.95454706422
1.38, -0.995965099595, 19.7616489721, 0.00345559535697, -4.95786393184
1.39, -0.995933093735, 19.7120802309, 0.00273749375974, -4.96109241989
1.4, -0.995876922353, 19.6624796898, 0.00708815802767, -4.96422780219
1.41, -0.995781967602, 19.6128481817, 0.00937034933075, -4.96729088824
1.42, -0.995697745629, 19.5631863264, 0.00578645929991, -4.97029653782
1.43, -0.995655907243, 19.5134947454, 0.00232451458456, -4.97323193008
1.44, -0.995616674075, 19.4637742473, 0.00488844322065, -4.97608053946
1.45, -0.995534331966, 19.4140256734, 0.00936025609813, -4.97885286967
1.46, -0.995433970161, 19.3642496498, 0.00833993029292, -4.98157282967
1.47, -0.995370684876, 19.3144466711, 0.00351126700577, -4.9842401345
1.48, -0.995337526653, 19.264617374, 0.00299863355582, -4.98683359544
1.49, -0.995275981393, 19.2147625567, 0.00782452006472, -4.98934837944
1.5, -0.995173343709, 19.164882893, 0.0100572025465, -4.99180796975
1.51, -0.995084972747, 19.1149788269, 0.00597083090264, -4.99422737392
1.52, -0.995042544854, 19.0650508236, 0.00238833078802, -4.99659046749
1.53, -0.995000333172, 19.0150995668, 0.00542301563829, -4.99887869249
1.54, -0.994910585941, 18.9651257704, 0.0101754694695, -5.0011046028
1.55, -0.994803766794, 18.915129906, 0.00876975432155, -5.00329425807
1.56, -0.994738867587, 18.8651123145, 0.00352300484686, -5.00544528868
1.57, -0.994704775627, 18.8150735122, 0.00326167481147, -5.00753309884
1.58, -0.994637598271, 18.7650141944, 0.00859724951807, -5.00955309505
1.59, -0.994527054253, 18.7149349087, 0.0107457188747, -5.01153192032
1.6, -0.994434806674, 18.6648359538, 0.00611010592042, -5.01348468313
1.61, -0.994392191437, 18.6147176712, 0.00242692739711, -5.01539164496
1.62, -0.994346939626, 18.5645806548, 0.00598696081075, -5.01723229547
1.63, -0.994249434243, 18.5144255217, 0.0110184582606, -5.01902176336
1.64, -0.994136176807, 18.4642526155, 0.0091714383938, -5.0207884997
1.65, -0.994070103602, 18.4140621509, 0.00348942631848, -5.02252774002
1.66, -0.994035278566, 18.3638545542, 0.0035309628599, -5.02421128962
1.67, -0.993962157761, 18.3136304472, 0.00941122087627, -5.02583515976
1.68, -0.993843464631, 18.2633902757, 0.0114351140825, -5.02742964403
1.69, -0.993747641003, 18.2131342152, 0.00620098586379, -5.02900983353
1.7, -0.993705250693, 18.16286251, 0.00244192894813, -5.0305519998
1.71, -0.993656852901, 18.1125756912, 0.00658607947116, -5.03203375968
1.72, -0.99355119241, 18.0622743029, 0.0118914058839, -5.03347337441
1.73, -0.993431527615, 18.0119585798, 0.00954164879071, -5.03490189303
1.74, -0.993364751032, 17.961628631, 0.00340898802098, -5.03631176559
1.75, -0.993329373992, 17.9112848175, 0.00381117711042, -5.03767097701
1.76, -0.993249942871, 17.8609277113, 0.0102713378235, -5.03897654236
1.77, -0.993122841689, 17.8105576735, 0.0121240306183, -5.04026290998
1.78, -0.993023776667, 17.7601747737, 0.00623970134299, -5.0415449635
1.79, -0.99298203472, 17.7097791786, 0.00243514718602, -5.04279454877
1.8, -0.99293033755, 17.6593713795, 0.00722647195082, -5.0439875013
1.81, -0.992816081182, 17.6089518653, 0.0127961713599, -5.0451458181
1.82, -0.992690057554, 17.5585207757, 0.00987639720825, -5.04630331922
1.83, -0.992623083009, 17.50807813, 0.00328002249483, -5.04744919805
1.84, -0.992587313264, 17.4576242439, 0.00410739051777, -5.04854737662
1.85, -0.99250114677, 17.4071596584, 0.0111825319772, -5.04959631995
1.86, -0.992365365981, 17.3566846632, 0.0128104932692, -5.05063515434
1.87, -0.992263434442, 17.3061992333, 0.00622201519512, -5.0516782904
1.88, -0.992222776108, 17.2557034746, 0.00240864581118, -5.05269265631
1.89, -0.99216757474, 17.2051978575, 0.00791457415939, -5.0536524206
1.9, -0.992044238088, 17.1546828292, 0.0137342546059, -5.0545839758
1.91, -0.991911927892, 17.104158444, 0.0101710095787, -5.05552404984
1.92, -0.991845299609, 17.0536246434, 0.00310078201201, -5.05645802583
1.93, -0.991809271875, 17.0030817151, 0.00442513391271, -5.05734550666
1.94, -0.991715883782, 16.9525301844, 0.012149758372, -5.058186913
1.95, -0.991571143134, 16.9019702784, 0.0134918597737, -5.05902659487
1.96, -0.991466766583, 16.851401886, 0.00614322760255, -5.05987814253
1.97, -0.991427639114, 16.800825066, 0.00236481089906, -5.06070302107
1.98, -0.991368672845, 16.7502402838, 0.00865719272618, -5.06147387975
1.99, -0.991235728131, 16.6996479558, 0.0147067549315, -5.06222223267
2.0, -0.99109723399, 16.6490480561, 0.0104200922873, -5.06298781137
2.01, -0.991031538911, 16.5984404584, 0.00286948778213, -5.06375154908
2.02, -0.990995359816, 16.5478254372, 0.00477046403523, -5.06446846653
2.03, -0.990894199464, 16.4972035148, 0.0131779866374, -5.06514151761
2.04, -0.990740214351, 16.4465748616, 0.014164766235, -5.06582084607
2.05, -0.990633867593, 16.3959392856, 0.00599818464799, -5.06651878431
2.06, -0.99059672991, 16.3452968103, 0.00230642922802, -5.06719073764
2.07, -0.990533677044, 16.2946479106, 0.00946154124234, -5.06780802751
2.08, -0.990390553518, 16.2439929794, 0.0157143246443, -5.06840809148
2.09, -0.99024601553, 16.1933319142, 0.0106174986428, -5.06903371137
2.1, -0.990181887056, 16.1426645278, 0.00258438834534, -5.06966064071
2.11, -0.990145630861, 16.0919910953, 0.00515003858814, -5.07023905513
2.12, -0.990036079565, 16.0413121467, 0.014272190281, -5.0707751036
2.13, -0.98987256584, 15.9906277983, 0.0148250696485, -5.07132531774
2.14, -0.989764783903, 15.9399377809, 0.00578129328632, -5.07190023407
2.15, -0.989730105627, 15.8892420933, 0.00223677725437, -5.07244855228
2.16, -0.989662577658, 15.8385412323, 0.0103352789127, -5.07294051173
2.17, -0.989508662143, 15.7878355729, 0.0167571179751, -5.07342036025
2.18, -0.989358265528, 15.7371249365, 0.0107562959054, -5.07393391736
2.19, -0.989291680117, 15.6864521112, 0.00694071257342, -5.0662433494
2.2, -0.989247450053, 15.6358566483, 0.00466577368298, -5.05845157291
2.21, -0.989148737885, 15.5853367946, 0.0131549909657, -5.05097948394
2.22, -0.9889872222, 15.5348903203, 0.0155992277013, -5.04377224838
2.23, -0.988862789925, 15.4845144246, 0.00780637841495, -5.03684606624
2.24, -0.988814516607, 15.434206543, 0.00271787116113, -5.03014763102
2.25, -0.988753742451, 15.3839647067, 0.00899232511808, -5.02362998924
2.26, -0.988610637114, 15.3337870397, 0.0163406107601, -5.01731689566
2.27, -0.988451940299, 15.2836712235, 0.0124888593279, -5.01125159991
2.28, -0.98837141278, 15.2336148449, 0.00373467850283, -5.00540873959
2.29, -0.988332692797, 15.183663345, 0.00475936713744, -4.99099952187
2.3, -0.988228111124, 15.1338497186, 0.014047336728, -4.97734112892
2.31, -0.988058413517, 15.0841704357, 0.0161748542068, -4.96412866077
2.32, -0.987933556567, 15.0346207753, 0.0074570846252, -4.95138984141
2.33, -0.9878769329, 14.9851963522, 0.00354188874259, -4.93905478322
2.34, -0.987821257394, 14.9358933254, 0.00771996057333, -4.92709097448
2.35, -0.987690041815, 14.8867080936, 0.015670224803, -4.91549273199
2.36, -0.987526168313, 14.8376367508, 0.0139303553978, -4.90430141849
2.37, -0.987428256028, 14.7886752492, 0.00525294037267, -4.89349908394
2.38, -0.98738566112, 14.7398200541, 0.00412796583024, -4.88301740822
2.39, -0.987294208218, 14.6911053612, 0.0126209681955, -4.86201331862
2.4, -0.987129731578, 14.6426462989, 0.0166348534551, -4.83575989222
2.41, -0.986990697986, 14.5944455147, 0.00930688885521, -4.81033240839
2.42, -0.986924925623, 14.5464947159, 0.00492720500775, -4.7857146154
2.43, -0.986871746682, 14.4987860081, 0.00656322719178, -4.76187801304
2.44, -0.986754505908, 14.4513118529, 0.014530554201, -4.7387842811
2.45, -0.986591441674, 14.4040646488, 0.0147974492756, -4.71646221944
2.46, -0.986479167179, 14.3570367024, 0.00674263595857, -4.69489358437
2.47, -0.986430906392, 14.3102208626, 0.00373901028615, -4.6740012324
2.48, -0.986352589073, 14.2636107221, 0.0109299062512, -4.65373154846
2.49, -0.986198882179, 14.2172058866, 0.0164168273646, -4.63013885462
2.5, -0.986050382716, 14.1711148407, 0.0109291431058, -4.59449065174
2.51, -0.985976584048, 14.1253723859, 0.00791460443034, -4.56020044853
2.52, -0.985921580004, 14.0799689056, 0.00557433812142, -4.52671927782
2.53, -0.985820095779, 14.0348933315, 0.012931476845, -4.49442290726
2.54, -0.985663885942, 13.990135168, 0.0150742185183, -4.46320082295
2.55, -0.985540108555, 13.9456836746, 0.0082404236134, -4.43304086787
2.56, -0.985483557201, 13.9015285902, 0.00369746275598, -4.40386762648
2.57, -0.985417069606, 13.8576625559, 0.00909733067172, -4.37352630235
2.58, -0.985279042768, 13.8141826117, 0.0154998498909, -4.3293189118
2.59, -0.985127905173, 13.771132874, 0.0120600030924, -4.28690038627
2.6, -0.985046229666, 13.7284998317, 0.00429837571586, -4.24586261825
2.61, -0.984988790303, 13.686270525, 0.00481644696132, -4.20600534841
2.62, -0.984903164508, 13.6444332451, 0.0110394912535, -4.16746335975
2.63, -0.984759400152, 13.6029772774, 0.0146899182276, -4.12981383454
2.64, -0.98462911707, 13.561891451, 0.00947245274241, -4.09339591478
2.65, -0.984563543048, 13.521165124, 0.00395385477532, -4.05788815674
2.66, -0.984506675903, 13.480788402, 0.0072936827259, -4.02345521952
2.67, -0.984387710184, 13.4407518573, 0.013999154754, -3.98991108405
2.68, -0.984239258124, 13.4010457796, 0.0128000216397, -3.9573425285
2.69, -0.984144870541, 13.3617035156, 0.0054869965086, -3.91400948469
2.7, -0.984099570055, 13.3228293433, 0.0041347935582, -3.86701358149
2.71, -0.984017179444, 13.2844192382, 0.0110054640304, -3.82127096809
2.72, -0.983873511315, 13.2464606234, 0.0145956071275, -3.77676011252
2.73, -0.983747911151, 13.2089404516, 0.00870568864562, -3.73348617077
2.74, -0.983691936326, 13.17184614, 0.00295572903321, -3.69148830633
2.75, -0.983642171558, 13.1351658615, 0.00687390045677, -3.65069235297
2.76, -0.983524826306, 13.09888842, 0.0139431486532, -3.61098525004
2.77, -0.983379091513, 13.0630023294, 0.0122683039487, -3.57235519293
2.78, -0.983293639665, 13.0274962131, 0.00440644196904, -3.53488924996
2.79, -0.983244626238, 12.9923863119, 0.00373093531417, -3.48934933659
2.8, -0.983177673016, 12.9577838959, 0.00881762680446, -3.43758137023
2.81, -0.983053152527, 12.9236923229, 0.0132908396034, -3.38717326572
2.82, -0.982928622462, 12.8900974905, 0.00947598233887, -3.33820530132
2.83, -0.98286362136, 12.8569847584, 0.00351429366917, -3.29070508203
2.84, -0.982820267657, 12.8243395972, 0.00522324676574, -3.2446479997
2.85, -0.982725233021, 12.7921476238, 0.0117042271622, -3.20003655198
2.86, -0.982592333478, 12.7603942999, 0.011977860292, -3.1568732927
2.87, -0.982501569046, 12.7290656369, 0.00518375310814, -3.11504200514
2.88, -0.982466074011, 12.698197903, 0.0024017066924, -3.06200204088
2.89, -0.982408356641, 12.6678897543, 0.00810334591427, -3.00618672351
2.9, -0.982290551824, 12.6381331777, 0.012358460013, -2.95165752175
2.91, -0.982183884519, 12.6089155952, 0.00670727627016, -2.89834570433
2.92, -0.982144099383, 12.5802252558, 0.00542900531063, -2.84625755871
2.93, -0.982086764181, 12.5520516663, 0.00667577129646, -2.79514239776
2.94, -0.982032647739, 12.5243832314, 0.00544920421252, -2.74520874499
2.95, -0.981990482422, 12.497207808, 0.00482683956093, -2.69652316937
2.96, -0.981939871242, 12.4705124442, 0.00682404534104, -2.64920001078
2.97, -0.981864449193, 12.4442826711, 0.00902690326033, -2.60338684506
2.98, -0.981783542942, 12.418503129, 0.00796739803211, -2.55912459129
2.99, -0.981725229373, 12.3931952742, 0.00538073960794, -2.50565358548
3.0, -0.98167976793, 12.368462249, 0.00565542837576, -2.44791101272
3.01, -0.981612711124, 12.3442981113, 0.00872527070978, -2.39177643594
3.02, -0.981524597755, 12.3206871005, 0.0093108533712, -2.33725651128
3.03, -0.98145395869, 12.2976134742, 0.00604543591059, -2.28431356408
3.04, -0.981414681199, 12.2750619794, 0.00389765748485, -2.23279527255
3.05, -0.98137343509, 12.2530180292, 0.00594580768477, -2.18272213161
3.06, -0.981305198731, 12.2314673802, 0.00826993346007, -2.13407586979
3.07, -0.981234696458, 12.2103959513, 0.00657079384625, -2.08684505114
3.08, -0.981194606634, 12.1897889873, 0.00327117338339, -2.04137725602
3.09, -0.981171093341, 12.1696225084, 0.00346156499906, -1.99839465112
3.1, -0.981126103221, 12.1498792947, 0.00656127389182, -1.95670308368
3.11, -0.981059884288, 12.130546499, 0.00714119344221, -1.91627182643
3.12, -0.981011812784, 12.1116117079, 0.00380576899191, -1.87706861805
3.13, -0.980994925187, 12.093062892, 0.00186410855716, -1.83904644751
3.14, -0.980970868844, 12.0748887879, 0.00467861970995, -1.80209167073
3.15, -0.980909888963, 12.0570792323, 0.00810214888522, -1.76610885615
3.16, -0.980836429356, 12.0396248344, 0.00720894943549, -1.73103135915
3.17, -0.980789316249, 12.0225168371, 0.0038933958215, -1.69679759199
3.18, -0.980761869929, 12.0057471109, 0.00358482428798, -1.66334934346
3.19, -0.980717168408, 11.9893079007, 0.006376124608, -1.63070970882
3.2, -0.98065226975, 11.9731830343, 0.00699672813289, -1.60030350817
3.21, -0.980604722453, 11.9573590603, 0.00372653863504, -1.57058595325
3.22, -0.980589311146, 11.9418285113, 0.0015486897211, -1.54159685856
3.23, -0.980570467797, 11.9265842087, 0.0039559553589, -1.51332337631
3.24, -0.980518631004, 11.9116188953, 0.00702814984761, -1.48578846237
3.25, -0.980458072424, 11.8969250093, 0.00579233171403, -1.45902220316
3.26, -0.980426141537, 11.8824948354, 0.00245368376331, -1.43302467119
3.27, -0.980410896031, 11.8683208066, 0.00271666204627, -1.4077735228
3.28, -0.980371272953, 11.8543948877, 0.00620818422032, -1.38361163648
3.29, -0.980306988156, 11.840699548, 0.00698164165319, -1.36134466305
3.3, -0.980261023595, 11.8272232319, 0.00345244209473, -1.33981237622
3.31, -0.980249076961, 11.8139586172, 0.00117754111398, -1.31897558716
3.32, -0.980232502006, 11.800899162, 0.0038256128241, -1.29875409843
3.33, -0.98018112024, 11.7880387916, 0.00691199064964, -1.27914383266
3.34, -0.980124284225, 11.7753717534, 0.00512187692683, -1.2600797974
3.35, -0.980101773048, 11.7628923336, 0.00137074914896, -1.24159573427
3.36, -0.980096209764, 11.7505953873, 0.00196566803907, -1.22356572495
3.37, -0.980061231514, 11.7384759313, 0.00596776193189, -1.20607950919
3.38, -0.979999265193, 11.7265271674, 0.00668883052938, -1.18976740313
3.39, -0.97995860713, 11.7147333438, 0.00277850328535, -1.17469838764
3.4, -0.979953363377, 11.7030881459, 0.000643487409924, -1.1600310877
3.41, -0.979939396057, 11.6915875226, 0.00379163612459, -1.14574965811
3.42, -0.979887550154, 11.6802275324, 0.00692070757981, -1.13189463714
3.43, -0.979832990817, 11.6690040937, 0.00466226575694, -1.11844226295
3.44, -0.979816953678, 11.6579131744, 0.000636026248445, -1.10539137036
3.45, -0.979817417298, 11.6469511188, 0.00151895824694, -1.09265788376
3.46, -0.979784620976, 11.6361145594, 0.00589154595408, -1.08027496043
3.47, -0.97972405483, 11.6254000037, 0.00643108357942, -1.06825102262
3.48, -0.979688226821, 11.6148037898, 0.00215443027958, -1.05659135897
3.49, -0.979689335813, 11.6043212319, 0.000102971066049, -1.04582422529
3.5, -0.979678199519, 11.5939387334, 0.00373282785336, -1.03619835684
3.51, -0.979625629074, 11.5836510413, 0.00701499722369, -1.02685498563
3.52, -0.979572141705, 11.5734552591, 0.00435122553839, -1.01781556388
3.53, -0.979561250349, 11.5633485838, 3.94453380178e-05, -1.00903221637
3.54, -0.97956624897, 11.5533285873, 0.00125320214912, -1.00047207569
3.55, -0.979533725975, 11.5433931178, 0.00599800128779, -0.992139606655
3.56, -0.979472695542, 11.5335398354, 0.00634706127273, -0.984021842776
3.57, -0.979440596885, 11.5237661275, 0.00159299761496, -0.976184408115
3.58, -0.979447643543, 11.5140695424, -0.000393633225454, -0.968736851148
3.59, -0.979438569469, 11.504438858, 0.00376968452739, -0.962765146014
3.6, -0.979384402091, 11.4948674476, 0.00716781314093, -0.956943925127
3.61, -0.979331576454, 11.4853533221, 0.00406173685416, -0.951298889822
3.62, -0.979325511653, 11.4758946539, -0.000500378191157, -0.9458309151
3.63, -0.979334207187, 11.4664899879, 0.00110428735812, -0.940491547346
3.64, -0.979300514161, 11.4571381168, 0.0062541049785, -0.935288252746
3.65, -0.979237801167, 11.4478375331, 0.00634331790551, -0.930231636912
3.66, -0.979208741255, 11.4385865262, 0.00107882484551, -0.925351947541
3.67, -0.979220873351, 11.4293836114, -0.000792189984906, -0.920602392409
3.68, -0.979212861187, 11.4202267534, 0.00390800401302, -0.916457319856
3.69, -0.979156123131, 11.4111043263, 0.0074050505031, -0.913373177302
3.7, -0.979103552564, 11.4020121253, 0.00377754449301, -0.910414349885
3.71, -0.979102237727, 11.3929489954, -0.00101728510952, -0.907550664622
3.72, -0.97911404227, 11.3839142536, 0.00104654885049, -0.904734100259
3.73, -0.979078192782, 11.3749074179, 0.00662116952802, -0.901974955993
3.74, -0.979013111974, 11.3659276798, 0.00637437983887, -0.899315187018
3.75, -0.978986741841, 11.3569739706, 0.000610222796503, -0.89675107139
3.76, -0.979003537675, 11.3480454826, -0.00111926972327, -0.894252257965
3.77, -0.978995540596, 11.3391418328, 0.00416864527104, -0.891796162512
3.78, -0.978935253309, 11.3302625045, 0.00771334717044, -0.889393419023
3.79, -0.978882659159, 11.3213983438, 0.00351077042277, -0.888626251015
3.8, -0.978886055513, 11.3125424726, -0.00152794651182, -0.887813387507
3.81, -0.97890048235, 11.3036947021, 0.00106035402853, -0.886996238201
3.82, -0.978861638936, 11.2948550882, 0.00706254960684, -0.886185932908
3.83, -0.978793524358, 11.2860233707, 0.00644938147024, -0.8854326709
3.84, -0.978769936752, 11.277198983, 0.00011227139997, -0.884720238694
3.85, -0.97879123494, 11.2683816387, -0.00140432470671, -0.884014780297
3.86, -0.978782411047, 11.259571503, 0.00452987223628, -0.883286793599
3.87, -0.978717651248, 11.2507685444, 0.00808633155888, -0.882586141646
3.88, -0.97866475079, 11.241972291, 0.00323201833225, -0.881942060146
3.89, -0.978672927306, 11.2331740597, -0.00203272846693, -0.882832651313
3.9, -0.978689552272, 11.2243679141, 0.00114130628287, -0.883603950679
3.91, -0.978646842501, 11.2155543155, 0.00758626455832, -0.88433217244
3.92, -0.978575330828, 11.2067333502, 0.00653031853192, -0.885086455253
3.93, -0.978554510739, 11.197904863, -0.000375751085639, -0.885831608456
3.94, -0.97858021651, 11.1890689786, -0.00165957839614, -0.886556327388
3.95, -0.978569989342, 11.1802263236, 0.00496467890481, -0.887206738134
3.96, -0.97850008059, 11.1713772425, 0.00851963756706, -0.887839660603
3.97, -0.978446626748, 11.1625215817, 0.00295908248611, -0.888515785904
3.98, -0.978459593305, 11.1536592544, -0.00253101822755, -0.889173100184
3.99, -0.978478186725, 11.1447839234, 0.00127724626464, -0.891129872189
4.0, -0.978430868493, 11.1358886587, 0.00818527358417, -0.8931004497
4.01, -0.978355398615, 11.1269737664, 0.00664015955559, -0.895065624043
4.02, -0.978337620695, 11.1180393754, -0.000924841395418, -0.897010169291
4.03, -0.978367867545, 11.1090860132, -0.00187882391924, -0.898857709052
4.04, -0.978355489283, 11.1001146285, 0.00549992502206, -0.90060686184
4.05, -0.978279701818, 11.0911258761, 0.00898252967763, -0.902345852965
4.06, -0.978225806623, 11.082119915, 0.00264216124288, -0.904048167538
4.07, -0.978243918983, 11.0730968894, -0.00304339491588, -0.905744470268
4.08, -0.978263992099, 11.064057598, 0.00150027711285, -0.907308174971
4.09, -0.9782112451, 11.055000519, 0.00884323530453, -0.909631294182
4.1, -0.978131756329, 11.0459153356, 0.00671171562417, -0.912580752403
4.11, -0.978117318849, 11.0368008853, -0.00149534055412, -0.915476673518
4.12, -0.978152107405, 11.0276579358, -0.00207344571124, -0.918267689311
4.13, -0.97813689971, 11.018487759, 0.00611539856828, -0.920934285966
4.14, -0.978054594843, 11.0092912693, 0.00947534728943, -0.923540938685
4.15, -0.978000447533, 11.0000687995, 0.0022827376868, -0.926133082214
4.16, -0.97802408035, 10.9908207842, -0.00357090755473, -0.92864957197
4.17, -0.978045395531, 10.9815482387, 0.00178962458784, -0.931035191303
4.18, -0.977986272032, 10.9722522787, 0.00959765383808, -0.933341648184
4.19, -0.977902408315, 10.9629317611, 0.00675804477071, -0.936276108801
4.2, -0.977891987167, 10.9535761566, -0.00212804017282, -0.939971662556
4.21, -0.977916990302, 10.9441843614, -0.00215582038931, -0.943529652202
4.22, -0.977912639193, 10.9347576585, 0.00457193638341, -0.946952263246
4.23, -0.977840575229, 10.9252972496, 0.00925292023483, -0.950281196952
4.24, -0.977777010679, 10.915803762, 0.00394925679702, -0.953566094371
4.25, -0.977785391348, 10.9062777871, -0.00260736873948, -0.956772601324
4.26, -0.977809411086, 10.8967204313, 0.000576364274779, -0.959844075648
4.27, -0.977765287482, 10.8871330098, 0.00835538252507, -0.962800213851
4.28, -0.977682130011, 10.877516275, 0.00773860419693, -0.9657107571
4.29, -0.977655155744, 10.8678638429, -0.000385144800177, -0.969951133611
4.3, -0.977686822273, 10.8581689794, -0.00249272702596, -0.974133540038
4.31, -0.977680901517, 10.848433163, 0.00509576999754, -0.978152062021
4.32, -0.977602294769, 10.8386577643, 0.00983144270189, -0.982063503482
4.33, -0.977537229312, 10.8288435152, 0.00370591391989, -0.985911555914
4.34, -0.977550708725, 10.8189911388, -0.00316372851972, -0.989679616605
4.35, -0.977576798515, 10.8091019712, 0.000754441629658, -0.993290603038
4.36, -0.977526876644, 10.7991775122, 0.00911877275265, -0.996762488483
4.37, -0.977438264395, 10.789218625, 0.00795334358724, -1.00016533131
4.38, -0.977413909163, 10.7792257669, -0.000950382829058, -1.00354692266
4.39, -0.977436657868, 10.7691989293, -0.00196936594336, -1.00727784712
4.4, -0.977437776176, 10.7591288333, 0.00368606633751, -1.01183387577
4.41, -0.977371741331, 10.7490139679, 0.00913574462139, -1.01626418052
4.42, -0.977301582667, 10.7388552724, 0.00512747053343, -1.0206010751
4.43, -0.97729855877, 10.7286535993, -0.00179701310195, -1.02485204552
4.44, -0.97732237023, 10.7184102807, -2.61360841414e-05, -1.02893904957
4.45, -0.977286586035, 10.7081269294, 0.00764303995412, -1.03286116708
4.46, -0.977203261238, 10.6978046391, 0.00843386578328, -1.03673064533
4.47, -0.977164477828, 10.6874440947, 0.00090107391156, -1.04052181768
4.48, -0.977189080931, 10.6770462308, -0.0024334944682, -1.04418516132
4.49, -0.977189580899, 10.666609217, 0.00411549014008, -1.0486442662
4.5, -0.977117269733, 10.6561240633, 0.00975988736354, -1.05349702203
4.51, -0.977044536215, 10.6455908912, 0.00501465802258, -1.05825766481
4.52, -0.977045790757, 10.6350106101, -0.00233141226084, -1.06290988016
4.53, -0.97707226585, 10.6243847179, 4.25518031341e-05, -1.06738598141
4.54, -0.977031628207, 10.6137149339, 0.00835943331988, -1.07170371267
4.55, -0.976942372796, 10.6030024743, 0.00876681874948, -1.07592983718
4.56, -0.976904901587, 10.5922480769, 0.000446277798143, -1.08008424726
4.57, -0.976934362682, 10.5814527645, -0.00276607477841, -1.08410766513
4.58, -0.976933437451, 10.5706181022, 0.00464812049939, -1.08796460335
4.59, -0.976853933683, 10.5597390608, 0.0104369934212, -1.0930473136
4.6, -0.976778603196, 10.5488085883, 0.00487055924341, -1.09815799094
4.61, -0.976784408342, 10.5378275439, -0.00287644272632, -1.10315129772
4.62, -0.976799552416, 10.5267976041, -0.000393629326656, -1.10794944809
4.63, -0.976771416624, 10.5157204024, 0.00686005237646, -1.11258643154
4.64, -0.976689484387, 10.504597358, 0.00896216143058, -1.11713426793
4.65, -0.976639335323, 10.4934293973, 0.00227476704591, -1.12158355413
4.66, -0.97665475463, 10.4822175348, -0.00212239252373, -1.1259069079
4.67, -0.976659839333, 10.4709633165, 0.00321772339502, -1.13004829023
4.68, -0.976594447931, 10.4596672598, 0.00952421665135, -1.1345912101
4.69, -0.976515632321, 10.4483198377, 0.0062220709404, -1.13998634855
4.7, -0.976503926461, 10.436919063, -0.00129556718911, -1.14524772066
4.71, -0.976528409303, 10.4254664352, -0.000458308596944, -1.15035697231
4.72, -0.976496477387, 10.4139638553, 0.0075185985117, -1.15526181757
4.73, -0.976408453633, 10.4024127778, 0.00936973146131, -1.16006600232
4.74, -0.976358689778, 10.3908141677, 0.00189821211948, -1.16477403935
4.75, -0.976378866428, 10.3791690929, -0.00250263854528, -1.1693498063
4.76, -0.976383502847, 10.3674792373, 0.00364388995941, -1.17374229024
4.77, -0.976311360531, 10.3557461582, 0.0102361485469, -1.17800678242
4.78, -0.976228911924, 10.3439708359, 0.00620869428461, -1.18219600325
4.79, -0.976221072266, 10.3321457658, -0.00184663404417, -1.18781410205
4.8, -0.976248755016, 10.3202662928, -0.000447618197179, -1.19316940173
4.81, -0.976212131221, 10.308334255, 0.00826920702671, -1.19833914744
4.82, -0.976117317548, 10.2963512065, 0.00981131651212, -1.20337966698
4.83, -0.976068187633, 10.2843180673, 0.00145991467598, -1.20834756741
4.84, -0.976081619294, 10.2722360972, -0.00123335459582, -1.21314347964
4.85, -0.976088958601, 10.2601069619, 0.00246472322569, -1.21778625578
4.86, -0.976030322361, 10.2479322854, 0.00920921522409, -1.22227275921
4.87, -0.975946641501, 10.2357132281, 0.00731599251183, -1.22665683147
4.88, -0.975922152396, 10.2234496049, -0.000183547424853, -1.2314784746
4.89, -0.975943099887, 10.2111321522, -0.000787833245382, -1.2370805845
4.9, -0.975918889764, 10.1987598267, 0.00668460626253, -1.24246738924
4.91, -0.97583289181, 10.1863342041, 0.00984186467394, -1.2477470845
4.92, -0.975771883703, 10.1738564074, 0.00330590230151, -1.25291389853
4.93, -0.975782102301, 10.1613276219, -0.00208686369091, -1.25793360293
4.94, -0.975790747543, 10.1487495659, 0.0027544708036, -1.26276848349
4.95, -0.975726074155, 10.1361239848, 0.00992244626815, -1.26745812546
4.96, -0.975637971069, 10.123452045, 0.00742368554451, -1.27205273936
4.97, -0.975616495814, 10.1107346139, -0.000703757103569, -1.27654506008
4.98, -0.975641295345, 10.097972972, -0.000896739821349, -1.28088560115
4.99, -0.975613586494, 10.0851686253, 0.00735308621251, -1.28524946035
5.0, -0.975520740319, 10.0723136394, 0.010355796212, -1.29079926426
5.01, -0.975459189462, 10.0594040328, 0.00298776064599, -1.29621305963
5.02, -0.975474366679, 10.0464409194, -0.00254156436307, -1.30148490577
5.03, -0.975483343837, 10.0334261221, 0.00312385248856, -1.30656251989
5.04, -0.975411781722, 10.0203614955, 0.0107043148278, -1.31147583675
5.05, -0.97531906578, 10.0072482179, 0.00750494395147, -1.31629830715
5.06, -0.975301084326, 9.9940871754, -0.00127331531904, -1.32101427225
5.07, -0.975315279358, 9.98087982858, -0.000891446932078, -1.3255628876
5.08, -0.975297709079, 9.96762777966, 0.00585646314057, -1.32995932191
5.09, -0.975214853162, 9.95433247947, 0.0101376102291, -1.33423271922
5.1, -0.975143740476, 9.94098768878, 0.0046831410644, -1.33983931404
5.11, -0.975143098263, 9.92758719236, -0.0015144065522, -1.34533944059
5.12, -0.975154262739, 9.91413261914, 0.00195250110821, -1.35064472319
5.13, -0.975097313174, 9.90062586203, 0.00949079118493, -1.35578980729
5.14, -0.975005101038, 9.88706829281, 0.00850459787558, -1.36082680402
5.15, -0.974970221806, 9.87346089193, 0.000512009901328, -1.36575685106
5.16, -0.974990497852, 9.85980499255, -0.0011704211199, -1.37052547668
5.17, -0.974970790051, 9.84610238501, 0.00642744280626, -1.3751117592
5.18, -0.974881113204, 9.83235407391, 0.0107388981595, -1.37991741169
5.19, -0.974808367583, 9.81855092805, 0.0044591484869, -1.38575398902
5.2, -0.974812418602, 9.80469021789, -0.00201349970297, -1.39144418504
5.21, -0.974824955967, 9.79077373268, 0.00220367415628, -1.39692774327
5.22, -0.974761757068, 9.77680346664, 0.0102718488274, -1.40222505723
5.23, -0.974664156616, 9.76278079254, 0.00870202587219, -1.40741544248
5.24, -0.974631850465, 9.74870669616, -1.23749116398e-05, -1.41250266153
5.25, -0.974656438516, 9.73458257524, -0.00134978104725, -1.41741867669
5.26, -0.974633575206, 9.72041030527, 0.00710469796718, -1.42214603858
5.27, -0.974536361279, 9.70619143966, 0.0113566006175, -1.42675286528
5.28, -0.974462197874, 9.69192686298, 0.00418264999675, -1.43128669294
5.29, -0.974463420521, 9.6776170282, 0.000795599939142, -1.43586311019
5.3, -0.974473568771, 9.66325342654, 0.00133516417878, -1.44173297176
5.31, -0.974423924075, 9.64883398601, 0.00898348470271, -1.44722866889
5.32, -0.974329003424, 9.63436016764, 0.00943458315265, -1.45261445054
5.33, -0.974281270682, 9.61983306293, 0.00178633419649, -1.45788766866
5.34, -0.974295544244, 9.60525400974, -0.0012450740569, -1.46300644157
5.35, -0.974282483959, 9.59062486861, 0.00554941732013, -1.46792345435
5.36, -0.974196809645, 9.57594732623, 0.0109457148253, -1.47270233888
5.37, -0.974114336878, 9.56122241551, 0.00585760874857, -1.47739754325
5.38, -0.974106767049, 9.54645106534, -0.00134007493672, -1.48198154976
5.39, -0.97412106821, 9.53163051175, 0.00142469204419, -1.48747368379
5.4, -0.974066221338, 9.51675284515, 0.00972563351197, -1.49314839264
5.41, -0.973965437621, 9.50181906269, 0.00973433730872, -1.49870467334
5.42, -0.973919369677, 9.48683023401, 0.00130404181429, -1.50415113343
5.43, -0.973938391369, 9.47178778577, -0.00153053106122, -1.50942572873
5.44, -0.973923386513, 9.45669368216, 0.00612194790775, -1.51449617422
5.45, -0.973830368257, 9.44154964502, 0.0116237815334, -1.51942791394
5.46, -0.973745394738, 9.42635670931, 0.00569900103026, -1.52427547384
5.47, -0.973742476792, 9.41111583384, -0.00188671705453, -1.52900698878
5.48, -0.973745267223, 9.39582864447, 0.00101899085214, -1.53355781215
5.49, -0.973702493673, 9.38049472915, 0.00826927194549, -1.53867094145
5.5, -0.973608879808, 9.36510478078, 0.00992781105143, -1.54439473898
5.51, -0.973550354679, 9.34965814612, 0.00311290537556, -1.55000751345
5.52, -0.97355539856, 9.33415616305, -0.000866670699972, -1.55545990184
5.53, -0.973546005296, 9.31860070293, 0.0047494377047, -1.5607123049
5.54, -0.973466748294, 9.30299356937, 0.0107277042528, -1.56580962362
5.55, -0.973378419987, 9.28733597081, 0.00703357084698, -1.57080804016
5.56, -0.973358069036, 9.27162892126, -0.000285346909474, -1.57569265842
5.57, -0.973369783613, 9.25587390039, 0.00101649203137, -1.58040375162
5.58, -0.973322843222, 9.24007268398, 0.00894394159429, -1.58494650957
5.59, -0.973223193335, 9.22422642422, 0.0103077962022, -1.58956664955
5.6, -0.973165327062, 9.20832669065, 0.00271170725274, -1.59539945531
5.61, -0.973175075764, 9.19236982161, -0.00122273835949, -1.60103637871
5.62, -0.973164834623, 9.17635766243, 0.00521302038744, -1.60646710655
5.63, -0.973078652341, 9.16029206638, 0.011430397976, -1.61173988223
5.64, -0.972986941994, 9.14417424983, 0.0069866599464, -1.6169132584
5.65, -0.972970551732, 9.12800525408, -0.000823881370179, -1.62196759221
5.66, -0.972985059558, 9.11178664548, 0.00107753190676, -1.62683788465
5.67, -0.972933000072, 9.0955202866, 0.00971326168938, -1.63153382553
5.68, -0.972826730966, 9.07920752262, 0.0107088228633, -1.63612879645
5.69, -0.972769784366, 9.06284916759, 0.00226579905277, -1.64064568135
5.7, -0.972772576031, 9.04643961403, 7.46528798078e-05, -1.64638350398
5.71, -0.972764711394, 9.02997297088, 0.00405903070717, -1.6520170322
5.72, -0.972691978897, 9.01345099484, 0.0103872347788, -1.65747284983
5.73, -0.972599306559, 8.99687505939, 0.00806707466757, -1.66281402193
5.74, -0.972566339996, 8.98024627809, 0.000850008616488, -1.66803605716
5.75, -0.972573751111, 8.96356615213, 0.000784023837109, -1.67308300512
5.76, -0.972533789991, 8.94683652946, 0.00813803244429, -1.67794891032
5.77, -0.972436508127, 8.93005889996, 0.0107040226319, -1.68269573847
5.78, -0.972367989084, 8.91323421883, 0.00408919431053, -1.68735617781
5.79, -0.972367481578, 8.89636075643, -0.000745657225454, -1.69275541517
5.8, -0.972360448793, 8.87942966389, 0.00438233483789, -1.69853764086
