timestamp, prius0 x posi, prius0 y posi, prius0 x vel, prius0 y vel.
0.0, 0.0, 0.0, 0.0, 0.0
0.00999999999999, -1.00000139778, 24.9961055266, 0.00461372434416, -0.251370855641
0.02, -0.999973784503, 24.9930332808, 0.00169858101677, -0.339723957834
0.03, -0.999991822478, 24.9890850475, -0.00289412432815, -0.427987006168
0.04, -1.00002613332, 24.984261523, -0.00149568700444, -0.516221872268
0.05, -1.00001939487, 24.9785629197, 0.00365415439966, -0.604455543259
0.06, -0.999982168643, 24.9719892368, 0.00397234342633, -0.692695744102
0.07, -0.999976481838, 24.9645404023, -0.00116350118098, -0.780942411008
0.08, -1.00001254613, 24.956216398, -0.00322509818513, -0.869186563947
0.09, -1.00003056252, 24.9470172904, 0.00131156839853, -0.957422544367
0.1, -0.999999892531, 24.9369431211, 0.0049490998657, -1.04565862017
0.11, -0.999971154067, 24.9259938392, 0.00155187427508, -1.13390257712
0.12, -0.999992706132, 24.9141693834, -0.00330174672173, -1.22215174174
0.13, -1.00002931574, 24.9014702046, -0.00148857423669, -1.30972993897
0.14, -1.00001979142, 24.8879026835, 0.00407457399672, -1.39603760875
0.15, -0.999979262174, 24.8734773641, 0.00411007013008, -1.4812937365
0.16, -0.999975251328, 24.8582047326, -0.00154796059837, -1.56550727806
0.17, -1.00001520577, 24.842095213, -0.00349990387481, -1.64868041293
0.18, -1.00003279099, 24.8251591851, 0.00160801799891, -1.73081999953
0.19, -0.999997980155, 24.8074068713, 0.00532626776976, -1.81194809809
0.2, -0.999968261481, 24.788848271, 0.0013711639006, -1.89208538112
0.21, -0.999993695544, 24.7694932551, -0.0037558615365, -1.97123886969
0.22, -1.00003260194, 24.7493516679, -0.00146297965167, -2.0494091415
0.23, -1.00001982585, 24.7284332751, 0.00454375354779, -2.12661084445
0.24, -0.999975837801, 24.7067476323, 0.00423221714828, -2.20286774317
0.25, -0.999973988655, 24.6843042082, -0.0019957234253, -2.27818212011
0.26, -1.00001819565, 24.661116456, -0.00377997804354, -2.35243982058
0.27, -1.00003486876, 24.6371970041, 0.00198295320588, -2.42588228041
0.28, -0.999995179005, 24.6125544475, 0.00575396754734, -2.49846538329
0.29, -0.999964527562, 24.5871974194, 0.00114486841269, -2.57017083018
0.3, -0.999994445802, 24.5611346105, -0.00426038367103, -2.64099640658
0.31, -1.00003567752, 24.5343747656, -0.00139889897511, -2.71094107825
0.32, -1.00001900638, 24.5069265545, 0.00508099554156, -2.78001852052
0.33, -0.999971255869, 24.4787984622, 0.00434427583523, -2.8481332442
0.34, -0.999972099109, 24.4500018573, -0.00251699518136, -2.91421423551
0.35, -1.00002107, 24.4205543075, -0.00408471633086, -2.9784420244
0.36, -1.00003672313, 24.3904739539, 0.00238082936518, -3.04086511798
0.37, -0.999992052266, 24.3597784478, 0.00616258551485, -3.10154578903
0.38, -0.99996097553, 24.3284848692, 0.000842301900497, -3.16054082985
0.39, -0.999996019388, 24.296609845, -0.00481179079554, -3.21788975315
0.4, -1.00003958956, 24.2641696652, -0.00130912177443, -3.27362443415
0.41, -1.00001864391, 24.2311802129, 0.00564305657043, -3.32779368527
0.42, -0.999967214981, 24.1976568256, 0.00441258140779, -3.38045572128
0.43, -0.999971271225, 24.1636143461, -0.00308963661718, -3.43165350042
0.44, -1.00002519774, 24.1290672817, -0.00437996364725, -3.48141421355
0.45, -1.00003943189, 24.094029841, 0.00283184967529, -3.52977205183
0.46, -0.999989416399, 24.0585157781, 0.00658336244128, -3.57677965758
0.47, -0.999958159997, 24.0225383435, 0.000493231492098, -3.62248345341
0.48, -0.999998770932, 23.9861104287, -0.0053896654025, -3.66691157635
0.49, -1.00004458678, 23.9492446918, -0.00118006955557, -3.71008550402
0.5, -1.00001890476, 23.9119534708, 0.0062458345645, -3.75204644659
0.51, -0.999963768106, 23.8742486331, 0.00445346648485, -3.79284283364
0.52, -0.999971583399, 23.8361416484, -0.00371996346302, -3.83250726339
0.53, -1.00003075221, 23.7976437575, -0.00466640036603, -3.8710561083
0.54, -1.00004312407, 23.7587659997, 0.00334686183943, -3.90851495438
0.55, -0.999987341805, 23.7195190359, 0.0070173013415, -3.9449293076
0.56, -0.99995624907, 23.6799131021, 8.25987795969e-05, -3.98033702318
0.57, -1.00000301861, 23.6399581683, -0.0060036277398, -4.01475662232
0.58, -1.00005098277, 23.5996640645, -0.00100297276496, -4.04820063005
0.59, -1.00001998819, 23.5590403744, 0.00689854698207, -4.08070406192
0.6, -0.999961113346, 23.5180962744, 0.00445834428531, -4.11230858083
0.61, -0.999973335145, 23.4768406201, -0.00441757061574, -4.14303858727
0.62, -1.00003806987, 23.4352821241, -0.00494364955606, -4.17290166396
0.63, -1.00004810252, 23.3934293733, 0.00392912018658, -4.20191698835
0.64, -0.999986136602, 23.3512906305, 0.00745968156521, -4.23012499297
0.65, -0.999955627188, 23.3088737942, -0.000398480599801, -4.25755679501
0.66, -1.00000919758, 23.2661865709, -0.00665512923938, -4.28422304502
0.67, -1.000059175, 23.2232366031, -0.000771873701178, -4.31012914179
0.68, -1.00002224398, 23.1800313417, 0.00760253616927, -4.33530588487
0.69, -0.99995963557, 23.1365778753, 0.00441984768487, -4.35978983143
0.7, -0.999976980615, 23.0928830327, -0.00518764214643, -4.38359875344
0.71, -1.00004759926, 23.04895357, -0.00520722357927, -4.40673294706
0.72, -1.00005474978, 23.0047961775, 0.00458420915833, -4.42920694984
0.73, -0.999986173663, 22.9604172582, 0.00790648797757, -4.45105773051
0.74, -0.99995673863, 22.9158228964, -0.000958313768368, -4.47231105569
0.75, -1.00001779393, 22.8710190455, -0.00734423947575, -4.49297102112
0.76, -1.00006959885, 22.8260116572, -0.000479607538963, -4.51303733243
0.77, -1.00002605606, 22.7808065304, 0.00835893054099, -4.53253817354
0.78, -0.999959761559, 22.7354091327, 0.00432971429171, -4.55150623972
0.79, -0.999983021948, 22.6898247213, -0.00603545220574, -4.56995386474
0.8, -1.00004514386, 22.6440585556, -0.00536894978708, -4.58787474424
0.81, -1.00006336965, 22.598115812, 0.00303317173831, -4.60528404448
0.82, -1.00000539143, 22.5520014757, 0.00759012681538, -4.62220899296
0.83, -0.999968121417, 22.5057202541, 0.000511092136415, -4.63867309326
0.84, -1.00001576306, 22.4592767344, -0.00653934624359, -4.65468009398
0.85, -1.00007117135, 22.4126755213, -0.0017307905959, -4.67022601681
0.86, -1.00004276025, 22.3659211335, 0.00708153144157, -4.68533073756
0.87, -0.999978218207, 22.3190178179, 0.00513556120786, -4.70002327068
0.88, -0.99998701427, 22.2719696267, -0.00450769476921, -4.71431547076
0.89, -1.00005756389, 22.224780601, -0.00580360751634, -4.72820109774
0.9, -1.00007431506, 22.1774548014, 0.0035848831966, -4.74168457458
0.91, -1.0000100101, 22.1299960965, 0.00807105864231, -4.75479454357
0.92, -0.99997323175, 22.0824081008, 3.36287774117e-06, -4.76755131234
0.93, -1.00002037516, 22.0346943559, -0.0039409399782, -4.77991470043
0.94, -1.00007522447, 21.9868584463, -0.00275270849436, -4.79199657984
0.95, -1.00006149514, 21.9389038762, 0.00568316152419, -4.8036963146
0.96, -1.00000108465, 21.8908339537, 0.0056810193168, -4.81507647315
0.97, -0.999996616152, 21.8426518041, -0.00294155806372, -4.82614892057
0.98, -1.00005888667, 21.7943605355, -0.00587595857979, -4.83690821559
0.99, -1.00008683216, 21.7459633, 0.00190912909326, -4.84735346718
1.0, -1.00003521755, 21.697463121, 0.00753350077249, -4.85750719767
1.01, -0.999991705597, 21.6488627987, 0.00148945470547, -4.86738887583
1.02, -1.00003205343, 21.6001650453, -0.00627961762362, -4.87699928202
1.03, -1.00009252069, 21.5513726342, -0.00275702681325, -4.88632899065
1.04, -1.00007424818, 21.5024883273, 0.00636864372699, -4.89538932505
1.05, -1.00000887, 21.4535146742, 0.00584982355528, -4.9042052763
1.06, -1.00000781231, 21.4044540625, -0.00361808776113, -4.91278591387
1.07, -1.00007658948, 21.3553088967, -0.00631021878129, -4.92112201716
1.08, -1.00010349116, 21.3060816547, 0.00243565080287, -4.92921061854
1.09, -1.00004504033, 21.2567746916, 0.0081304195966, -4.93707460629
1.1, -1.00000047402, 21.2073901461, 0.00113653764516, -4.94473170299
1.11, -1.0000476273, 21.1579300961, -0.00702939021225, -4.95217952237
1.12, -1.00011164324, 21.108396712, -0.0026704088746, -4.95940530651
1.13, -1.00008782798, 21.0587921653, 0.00714328188779, -4.96642129249
1.14, -1.00001711855, 21.0091184182, 0.00600507215351, -4.97325072061
1.15, -1.00002007908, 20.9593772852, -0.00437535665342, -4.97990127945
1.16, -1.00008176753, 20.9095706422, -0.00593790062883, -4.98635874846
1.17, -1.00011642387, 20.8597004105, 0.00100254503333, -4.99262487366
1.18, -1.00007044427, 20.8097684357, 0.00743785843887, -4.99871455228
1.19, -1.0000214871, 20.7597763753, 0.00240860102198, -5.00464568607
1.2, -1.00005399403, 20.7097258156, -0.00585620933773, -5.0104172789
1.21, -1.00011720316, 20.659618426, -0.0035438053923, -5.01601674258
1.22, -1.00010781848, 20.6094559113, 0.00566693508512, -5.02144993277
1.23, -1.00004265255, 20.5592398087, 0.00641063097712, -5.02673879486
1.24, -1.00003267831, 20.5089715086, -0.00272773058622, -5.03189150036
1.25, -1.00009827627, 20.4586524291, -0.00658097680261, -5.03689747517
1.26, -1.00013317986, 20.4082840952, 0.00142867741702, -5.04174885368
1.27, -1.00008067751, 20.3578679577, 0.00806957774196, -5.04646377056
1.28, -1.00002992818, 20.3074052726, 0.00213855343482, -5.05106051956
1.29, -1.00006888628, 20.2568972429, -0.00662692571922, -5.05553467146
1.3, -1.00013641231, 20.2063451792, -0.00355753618415, -5.05987139665
1.31, -1.0001221258, 20.155750437, 0.00642976057883, -5.0640771882
1.32, -1.00005105884, 20.1051141982, 0.00666695028248, -5.06817409412
1.33, -1.00004419326, 20.0544375046, -0.00342796236952, -5.07216899546
1.34, -1.00010296847, 20.0037214632, -0.00629582120836, -5.07604719252
1.35, -1.00014664316, 19.9529672543, -8.35774671653e-05, -5.07980587518
1.36, -1.00010668868, 19.9021760282, 0.00743275544064, -5.08345625546
1.37, -1.00005059446, 19.8513487622, 0.00351044257723, -5.08701574315
1.38, -1.00007454606, 19.8004863618, -0.00548049180386, -5.09048325521
1.39, -1.00014213741, 19.7495898244, -0.0045422505091, -5.09384559891
1.4, -1.0001429533, 19.6986602257, 0.0049432708172, -5.09710191819
1.41, -1.00007676023, 19.6476985051, 0.00718272868031, -5.10027275264
1.42, -1.00005603492, 19.5967054509, -0.00173215469806, -5.103368771
1.43, -1.00011903148, 19.5456818828, -0.00703149561082, -5.10637646035
1.44, -1.000164019, 19.4946287486, 0.000257049331382, -5.10928632323
1.45, -1.00011757909, 19.4435469664, 0.00813181333696, -5.11211134712
1.46, -1.0000586303, 19.3924372678, 0.00334653933116, -5.11487041978
1.47, -1.00008868475, 19.3413003248, -0.00628851306174, -5.1175604572
1.48, -1.00014717788, 19.2901369389, -0.00460469715289, -5.12016354691
1.49, -1.00015826357, 19.2389479351, 0.00344168545319, -5.12268560688
1.5, -1.00010284329, 19.1877340613, 0.00680830563682, -5.12514098677
1.51, -1.00007490615, 19.1364971948, -0.000299268370085, -5.12725217671
1.52, -1.0001242098, 19.0852412457, -0.00614220773498, -5.12896716715
1.53, -1.00017171158, 19.033971483, -0.000887437503286, -5.12999510726
1.54, -1.00013990858, 18.9826941558, 0.00684995745387, -5.13056376091
1.55, -1.00008320738, 18.9314125524, 0.00409044009927, -5.13082700037
1.56, -1.00009897476, 18.8801301168, -0.00472329683483, -5.13074350517
1.57, -1.00016466093, 18.8288501165, -0.00490207174841, -5.13022913301
1.58, -1.00017337605, 18.7775796412, 0.00402344752402, -5.12890579366
1.59, -1.00011198969, 18.7263249725, 0.00721818724155, -5.12716271368
1.6, -1.00008498153, 18.6750891742, -0.000803864239232, -5.1251383744
1.61, -1.00014111729, 18.6238752125, -0.00677310973654, -5.1228154355
1.62, -1.00019033334, 18.5726850979, -0.00062240193128, -5.1203214111
1.63, -1.00015245738, 18.5215227972, 0.00755325177966, -5.11723255507
1.64, -1.00009217913, 18.4703939536, 0.00403476209444, -5.11374872384
1.65, -1.00011310892, 18.41930115, -0.00547867003154, -5.11002972063
1.66, -1.00018434629, 18.3682467281, -0.00511976095235, -5.10594667219
1.67, -1.00018979312, 18.3172358781, 0.00470865562536, -5.10143863471
1.68, -1.0001217137, 18.266271113, 0.00765955356668, -5.09662082698
1.69, -1.00009586253, 18.2153575594, -0.00136065242268, -5.09134749241
1.7, -1.00014729091, 18.1644975742, -0.00576367149649, -5.08589651957
1.71, -1.00020121004, 18.1136933576, -0.00193180339323, -5.08022183113
1.72, -1.00017720305, 18.062946559, 0.00653759142345, -5.0743927684
1.73, -1.00011580482, 18.0122590656, 0.00507783430678, -5.06837951099
1.74, -1.00012174431, 17.9616325265, -0.00405469354126, -5.06220501207
1.75, -1.00018866856, 17.91106974, -0.00566193880138, -5.0555866412
1.76, -1.00020754128, 17.86057456, 0.00310675605919, -5.04873944968
1.77, -1.00014795637, 17.8101498061, 0.00772250821623, -5.04146829034
1.78, -1.00011076006, 17.7597983504, 0.00033711887884, -5.03400324811
1.79, -1.00016118084, 17.7095232048, -0.00686753108537, -5.02637351665
1.8, -1.00021848471, 17.6593258699, -0.00179018429993, -5.01836862702
1.81, -1.00018884618, 17.6092094235, 0.00727646012839, -5.01022292678
1.82, -1.0001228709, 17.559175465, 0.00514684672149, -5.00191629869
1.83, -1.00013323816, 17.5092259656, -0.00479821490627, -4.99326794477
1.84, -1.00019266119, 17.4593642686, -0.00522560772842, -4.9844266171
1.85, -1.00021871729, 17.4095913626, 0.00170358221409, -4.97549919484
1.86, -1.00017198304, 17.3599082526, 0.00694133323923, -4.96649440457
1.87, -1.00013136605, 17.3103138526, 0.00153247498457, -4.95776729967
1.88, -1.00016721352, 17.260804687, -0.00563615896609, -4.94948812459
1.89, -1.00022276579, 17.2113760249, -0.00256156381722, -4.94161248961
1.9, -1.00020705577, 17.1620244107, 0.00579504831883, -4.93406850823
1.91, -1.00014719662, 17.1127461035, 0.00547330525652, -4.92695435263
1.92, -1.00014511274, 17.0635370941, -0.00315557777841, -4.92018310587
1.93, -1.00020764211, 17.0143942394, -0.00575480805936, -4.91371382402
1.94, -1.0002331668, 16.9653147266, 0.00215940199416, -4.90751562817
1.95, -1.00018034769, 16.9162955584, 0.00748708914553, -4.90162527828
1.96, -1.00013878053, 16.8673334412, 0.00121169997631, -4.8961106361
1.97, -1.00018093019, 16.8184249423, -0.00633565413594, -4.89087746419
1.98, -1.00023990997, 16.7695673044, -0.00249637810871, -4.88593788794
1.99, -1.00021920473, 16.7207578951, 0.00650830444348, -4.8812118501
2.0, -1.0001543813, 16.6719960605, 0.00563289810784, -4.87639345972
2.01, -1.00015586681, 16.6232834828, -0.00383961361841, -4.87124604216
2.02, -1.00022480937, 16.574624905, -0.0061583112706, -4.86571218403
2.03, -1.00024898156, 16.5260219498, 0.00271233646778, -4.86008613441
2.04, -1.00018926229, 16.4774772676, 0.00807957310877, -4.85413724952
2.05, -1.00014677688, 16.4289931356, 0.000849092021792, -4.84787452955
2.06, -1.00019563048, 16.3805736381, -0.00706032045964, -4.84129869921
2.07, -1.00024431128, 16.332220797, -0.0029494073516, -4.83455223942
2.08, -1.00023581689, 16.283937498, 0.00502643748343, -4.82736137269
2.09, -1.00017908122, 16.235727261, 0.00565332611116, -4.81998600471
2.1, -1.00017037462, 16.1875914115, -0.00228361604062, -4.81248607984
2.11, -1.00022721994, 16.1395322341, -0.00561843497441, -4.8046003314
2.12, -1.00025735774, 16.0915535781, 0.00133512336799, -4.79647182335
2.13, -1.00021171419, 16.0436562674, 0.00708273748622, -4.78829589135
2.14, -1.00016770192, 15.9958414666, 0.001933726534, -4.77998626125
2.15, -1.00020147899, 15.9481117692, -0.00566380584664, -4.77126302462
2.16, -1.00025997464, 15.9004704057, -0.00299708176153, -4.76237206071
2.17, -1.00024752948, 15.8529184097, 0.00565868473887, -4.75338851923
2.18, -1.00018595218, 15.8054568718, 0.00585042713363, -4.74425024505
2.19, -1.0001801116, 15.7580865219, -0.00290053992881, -4.7351944315
2.2, -1.00024320086, 15.710807285, -0.00606063085405, -4.72600278543
2.21, -1.00027277283, 15.6636201102, 0.00179560095283, -4.71679708237
2.22, -1.00022070036, 15.6165276436, 0.00767945621474, -4.70707559509
2.23, -1.00017521353, 15.5695326427, 0.00164844205731, -4.69731707645
2.24, -1.00021518782, 15.5226372197, -0.00637689342685, -4.68715984094
2.25, -1.00027736438, 15.4758450554, -0.00295944486448, -4.6766347832
2.26, -1.00025992175, 15.4291588988, 0.00639501659976, -4.66602095358
2.27, -1.00019288236, 15.3825789381, 0.00606365160886, -4.65526680386
2.28, -1.00019028932, 15.3361089507, -0.00358505088147, -4.64410036409
2.29, -1.00026008156, 15.2897511324, -0.00651012868506, -4.63287826489
2.3, -1.00028858051, 15.2435055623, 0.00234132581002, -4.62165328372
2.31, -1.00022934225, 15.1973718821, 0.00831572745131, -4.61047964572
2.32, -1.00018255824, 15.1513512189, 0.00130729823895, -4.59904094102
2.33, -1.00022144286, 15.1054452991, -0.00385710792771, -4.58753463495
2.34, -1.00028374109, 15.0596539778, -0.00402295330769, -4.57613053567
2.35, -1.00028055107, 15.013977759, 0.00511675060914, -4.56451424613
2.36, -1.0002160089, 14.9684177688, 0.00677640334689, -4.55291718638
2.37, -1.00019918142, 14.9229734064, -0.00199172123351, -4.54138512408
2.38, -1.00026114187, 14.8776440955, -0.00665623845145, -4.52990375484
2.39, -1.00030116383, 14.8324304307, 0.000696441350776, -4.51823049478
2.4, -1.00025347925, 14.7873328272, 0.007942926956, -4.5067040769
2.41, -1.00019853291, 14.742350409, 0.0028849886854, -4.49521718861
2.42, -1.00023055073, 14.6974828725, -0.00620189541477, -4.48361254124
2.43, -1.00029941831, 14.6527331346, -0.00413473692948, -4.47178407422
2.44, -1.00029207991, 14.6081015782, 0.00584284769924, -4.45995876896
2.45, -1.00022139708, 14.5635871035, 0.00709911144225, -4.44833277625
2.46, -1.00020701123, 14.5191912689, -0.0026464138145, -4.43625261607
2.47, -1.00026250612, 14.4749166766, -0.00644467053659, -4.42409538188
2.48, -1.00031197622, 14.4307640115, -0.000859296360344, -4.41189184953
2.49, -1.00027673668, 14.3867345317, 0.00735853245795, -4.3994145229
2.5, -1.00021578331, 14.3428301922, 0.00431402554479, -4.38690473867
2.51, -1.00023272132, 14.2990508473, -0.00509307894851, -4.37441325633
2.52, -1.00030233431, 14.2553970087, -0.00519240499881, -4.36172027698
2.53, -1.0003104179, 14.2118712394, 0.00437121057466, -4.34889409429
2.54, -1.00024397708, 14.1684733495, 0.00770181285563, -4.33612364319
2.55, -1.00021512677, 14.1252032726, -0.000930528259769, -4.32335008245
2.56, -1.00026322114, 14.0820621095, -0.00561005872247, -4.31030605127
2.57, -1.00031832223, 14.0390520888, -0.00224262374201, -4.29719188618
2.58, -1.00029736936, 13.996172827, 0.00633753136497, -4.28412885011
2.59, -1.00023507083, 13.9534244985, 0.00539246728337, -4.27091437384
2.6, -1.00023687341, 13.9108093585, -0.00367990009958, -4.25758743878
2.61, -1.00030263325, 13.8683275783, -0.0058015433297, -4.24426158358
2.62, -1.00032473712, 13.8259794623, 0.00272995884045, -4.2307601594
2.63, -1.00026690109, 13.7837666687, 0.00777496622406, -4.21724651609
2.64, -1.00022659972, 13.7416894189, 0.00077188619518, -4.2036985935
2.65, -1.00027376645, 13.6997469914, -0.00673453788881, -4.19024330426
2.66, -1.00033267329, 13.657940852, -0.00214660071181, -4.17645776795
2.67, -1.00030638398, 13.6162728593, 0.00706809782663, -4.16265786689
2.68, -1.00023934344, 13.5747422758, 0.00549339391974, -4.14894622974
2.69, -1.00024542713, 13.5333500932, -0.00443296758347, -4.13496937213
2.7, -1.00030406035, 13.4920977021, -0.00540109594823, -4.12100841861
2.71, -1.00033345139, 13.4509849511, 0.00134526341369, -4.10706173497
2.72, -1.00028800404, 13.41001211, 0.00705266043175, -4.09294488393
2.73, -1.00024390288, 13.3691811451, 0.00197823254852, -4.07877500231
2.74, -1.00027677213, 13.3284913307, -0.00555559902042, -4.06469040967
2.75, -1.00033440116, 13.2879420618, -0.00295175860106, -4.05065755383
2.76, -1.00032203049, 13.2475341765, 0.00561185384558, -4.03638236938
2.77, -1.00026079158, 13.207269481, 0.00584250596085, -4.02208811933
2.78, -1.00025443039, 13.1671471329, -0.00281055370211, -4.0078882369
2.79, -1.00031647253, 13.1271662172, -0.00597125429857, -3.99377568371
2.8, -1.00034568753, 13.0873264281, 0.00177597957964, -3.97967950528
2.81, -1.00029412793, 13.0476260597, 0.00761926052885, -3.96592425547
2.82, -1.00024872979, 13.0080612025, 0.00168953557752, -3.95256457584
2.83, -1.00028774435, 12.9686301696, -0.00626058023947, -3.93884181072
2.84, -1.00034904339, 12.9293401104, -0.00291755339807, -3.9246428922
2.85, -1.00033180728, 12.8901922144, 0.00633071737032, -3.91043827687
2.86, -1.00026530681, 12.8511873021, 0.00603933232997, -3.89601188935
2.87, -1.00026220116, 12.8123259194, -0.00347979995078, -3.88172624507
2.88, -1.0003307601, 12.7736079217, -0.00640545064252, -3.86737699765
2.89, -1.00035890485, 12.7350344525, 0.00231238884553, -3.85278788796
2.9, -1.00030031862, 12.6966070785, 0.00824599072122, -3.83820711981
2.91, -1.00025358696, 12.6583250186, 0.00136257267234, -3.82371448688
2.92, -1.00029132805, 12.6201887879, -0.00372835788072, -3.80896759857
2.93, -1.00035267571, 12.5822003006, -0.00398409549666, -3.79411792239
2.94, -1.00034980907, 12.5443603404, 0.00503933927154, -3.77943083301
2.95, -1.00028584298, 12.5066671153, 0.00675914588544, -3.76465206084
2.96, -1.00026836436, 12.469121718, -0.00187100070296, -3.74982407942
2.97, -1.00032902616, 12.4317267303, -0.00655439940072, -3.73472104108
2.98, -1.00036879829, 12.3944821965, 0.000652879046924, -3.71970970284
2.99, -1.00032186734, 12.3573873894, 0.0078677770098, -3.70477579056
3.0, -1.00026697986, 12.3204414534, 0.00294383424876, -3.68993165501
3.01, -1.00029782556, 12.2836425476, -0.00606877882218, -3.6752771917
3.02, -1.00036583492, 12.2469925984, -0.00410981303742, -3.66024044549
3.03, -1.00035894374, 12.2104926746, 0.0057564428326, -3.64526856169
3.04, -1.00028888795, 12.1741415974, 0.00707829223768, -3.63034853348
3.05, -1.00027388456, 12.1379411599, -0.00252805056982, -3.61524709254
3.06, -1.00033007182, 12.1018924553, -0.00549202814546, -3.59995317564
3.07, -1.00037345343, 12.0659974878, -0.000534926256823, -3.58460071051
3.08, -1.0003398996, 12.0302565921, 0.00682723799511, -3.56907861078
3.09, -1.00028493357, 11.9946710045, 0.0038483966908, -3.55359161017
3.1, -1.00030172439, 11.9592395398, -0.00467009114162, -3.53823000828
3.11, -1.00036472225, 11.9239616427, -0.00452759094223, -3.52290837441
3.12, -1.00037021789, 11.8888365774, 0.00420661880436, -3.50766378057
3.13, -1.00030925125, 11.8538634169, 0.00700240290178, -3.49251867491
3.14, -1.00028447664, 11.819042246, -0.00095656201323, -3.4772077292
3.15, -1.00033969693, 11.7843743447, -0.00649719995548, -3.46191662457
3.16, -1.00038511691, 11.749859142, -0.000267360022557, -3.44668140348
3.17, -1.00034568598, 11.7154962941, 0.00749612208192, -3.43134246
3.18, -1.00028757006, 11.6812873338, 0.00375845749277, -3.41598490789
3.19, -1.0003096326, 11.6472315956, -0.005409078378, -3.40070735368
3.2, -1.00037789418, 11.6133281533, -0.00471285011026, -3.38551585747
3.21, -1.0003800219, 11.5795774562, 0.00488205624971, -3.37011930181
3.22, -1.00031266092, 11.545981012, 0.00741169069625, -3.35473355043
3.23, -1.00028923295, 11.5125388556, -0.00151438094407, -3.33919656855
3.24, -1.00033974378, 11.4792523658, -0.0054796171355, -3.32366607725
3.25, -1.00038971455, 11.4461218699, -0.00156041518597, -3.30794967998
3.26, -1.00036411243, 11.4131483913, 0.00647907007125, -3.2922907787
3.27, -1.00030496401, 11.3803309552, 0.00479209717399, -3.27673802341
3.28, -1.0003120847, 11.3476697684, -0.00398176979887, -3.2610033022
3.29, -1.00037595496, 11.3151659901, -0.00524716905099, -3.24530182105
3.3, -1.0003915102, 11.2828190304, 0.00327234293561, -3.22966066252
3.31, -1.0003328983, 11.2506295503, 0.0074382903783, -3.21379983874
3.32, -1.0002985197, 11.218598087, 0.000152595359298, -3.19805243597
3.33, -1.00034798713, 11.1867231355, -0.0065546586398, -3.18245748408
3.34, -1.00040114516, 11.1550042147, -0.00140825725553, -3.16688694729
3.35, -1.00037008688, 11.1234414539, 0.00718004494609, -3.15116126698
3.36, -1.00030677707, 11.0920362969, 0.00483174152473, -3.13544337427
3.37, -1.00031835767, 11.0607871877, -0.00470656306981, -3.11990076138
3.38, -1.00038821524, 11.0296944396, -0.00555567830323, -3.10414236081
3.39, -1.00040143869, 10.9987594477, 0.00389387220194, -3.08840225887
3.4, -1.00033602457, 10.9679813348, 0.00795656555736, -3.07276517336
3.41, -1.00030177982, 10.9373608995, -0.000309700227295, -3.05688526279
3.42, -1.00035038271, 10.90689865, -0.0039740036856, -3.04107885279
3.43, -1.0004023203, 10.8765931733, -0.00232182046988, -3.02549460358
3.44, -1.00038479037, 10.8464451162, 0.00588735308177, -3.00962690898
3.45, -1.00032510364, 10.8164557106, 0.0053817870471, -2.99381016325
3.46, -1.00032367375, 10.7866239002, -0.00316467109534, -2.97810469645
3.47, -1.00038500555, 10.7569485655, -0.00554878693923, -2.96250235003
3.48, -1.00040821892, 10.7274301035, 0.00235228007962, -2.94669706199
3.49, -1.00035465104, 10.6980697203, 0.00744755075794, -2.93093442484
3.5, -1.00031402782, 10.6688663072, 0.00111019209359, -2.91529167303
3.51, -1.00035605359, 10.6398177421, -0.00622172383075, -2.89998658645
3.52, -1.00041288561, 10.6109205171, -0.00225453349052, -2.88501092823
3.53, -1.00039048217, 10.5821716863, 0.00657164579515, -2.87027616065
3.54, -1.00032620974, 10.5535698917, 0.00550100978479, -2.85562656176
3.55, -1.00032855326, 10.5251140302, -0.00385053286043, -2.84105044399
3.56, -1.00039613441, 10.496803332, -0.00592977896901, -2.82662256164
3.57, -1.00041785682, 10.4686358631, 0.00290590224623, -2.81238871678
3.58, -1.00035754431, 10.4406106458, 0.00801626153142, -2.79803726711
3.59, -1.00031625025, 10.4127289878, 0.000729663089225, -2.78383606444
3.6, -1.00036502812, 10.3849879977, -0.00693617593248, -2.76987664823
3.61, -1.00042488066, 10.3573854719, -0.00210872848327, -2.75602899524
3.62, -1.00039661515, 10.3299216722, 0.00735291072486, -2.74226299205
3.63, -1.00032728581, 10.3025942104, 0.00561607257421, -2.72873441641
3.64, -1.00033389206, 10.2754019038, -0.00460267472321, -2.71523225316
3.65, -1.00039379122, 10.2483437362, -0.00621643122672, -2.70191001335
3.66, -1.00042748562, 10.221417268, 0.00133911512949, -2.68881387702
3.67, -1.00037683325, 10.194622043, 0.00787439332266, -2.67571232203
3.68, -1.00032599122, 10.1679573188, 0.00233124535121, -2.66267530345
3.69, -1.00036121671, 10.1414222919, -0.00620505435409, -2.64981598793
3.7, -1.00042584193, 10.1150147463, -0.00346012347522, -2.63717745495
3.71, -1.00041271567, 10.0887326202, 0.00617710091878, -2.62471762983
3.72, -1.00034338646, 10.0625742076, 0.00662348979365, -2.61244499963
3.73, -1.00033434699, 10.0365373198, -0.00304676343807, -2.60039214074
3.74, -1.00038927094, 10.0106207207, -0.00599753054669, -2.58837997112
3.75, -1.00043210135, 9.98482352717, -0.000199437671791, -2.57650906702
3.76, -1.00039420889, 9.9591439113, 0.00722315360204, -2.56483943328
3.77, -1.00033815048, 9.93357989103, 0.00369348647457, -2.55342514602
3.78, -1.00035848625, 9.9081292963, -0.00506911710138, -2.54213974138
3.79, -1.00042329192, 9.88279030165, -0.00445241092693, -2.53109858091
3.8, -1.0004253193, 9.85756055155, 0.00469108951966, -2.52027801455
3.81, -1.00036084876, 9.83243776264, 0.00714424937965, -2.5097145621
3.82, -1.0003379345, 9.80741917024, -0.00135026106139, -2.49942870833
3.83, -1.00039690707, 9.78250219985, -0.0067249007232, -2.48937668352
3.84, -1.00044123437, 9.7576857243, 0.000110531148802, -2.47929696646
3.85, -1.00039713032, 9.73297163611, 0.00790962814155, -2.46887065935
3.86, -1.00033809187, 9.70836254421, 0.00356230317086, -2.45834710514
3.87, -1.00036415532, 9.68385879978, -0.00584327691433, -2.44779342363
3.88, -1.00041993963, 9.65946036513, -0.00452589115066, -2.43716774809
3.89, -1.00043230182, 9.63517072692, 0.00318951547429, -2.42616846789
3.9, -1.00037849847, 9.61099130971, 0.00678641682528, -2.41513042382
3.91, -1.00034820644, 9.58692229683, 9.64824925017e-05, -2.40407988615
3.92, -1.0003934411, 9.56296519822, -0.00583854373524, -2.39271411073
3.93, -1.00044036471, 9.53912213652, -0.0010430312957, -2.38129519623
3.94, -1.00041092865, 9.51539368841, 0.00663289508483, -2.36981616332
3.95, -1.00035400791, 9.49177955297, 0.00432514477339, -2.35831114414
3.96, -1.00036568353, 9.46828286032, -0.00427754549057, -2.34646628707
3.97, -1.0004286136, 9.4449046105, -0.00484078956349, -2.33461306244
3.98, -1.00043892902, 9.42164532075, 0.00374237453507, -2.32270542441
3.99, -1.00037926199, 9.39850624561, 0.00720948780287, -2.31052479896
4.0, -1.00034959957, 9.37548937544, -0.000368129933379, -2.29830459723
4.01, -1.00040136239, 9.35259525626, -0.00645247827853, -2.28588387776
4.02, -1.0004500726, 9.32982753317, -0.000800703203968, -2.27306820899
4.03, -1.00041478511, 9.30718725636, 0.00732579466174, -2.26048241899
4.04, -1.00035415689, 9.284673523, 0.00430348804568, -2.24768382444
4.05, -1.00037060426, 9.26228997481, -0.0049957309353, -2.23450786724
4.06, -1.00043898889, 9.24003761148, -0.00507176087715, -2.22140708949
4.07, -1.00044635209, 9.21791653763, 0.00439352273064, -2.20827746806
4.08, -1.0003800952, 9.19592659965, 0.00767044611525, -2.19517991686
4.09, -1.00035115745, 9.1740686954, -0.000873143856488, -2.18183518171
4.1, -1.0004019894, 9.15234484053, -0.00382140043986, -2.1684000535
4.11, -1.00044886253, 9.13075455259, -0.00165986882178, -2.15509544948
4.12, -1.00042702824, 9.10929897094, 0.00599527573482, -2.1414780869
4.13, -1.00037064786, 9.0879785886, 0.00479175860934, -2.12804401278
4.14, -1.00037424933, 9.06679336892, -0.00342658805814, -2.11448353428
4.15, -1.00043350542, 9.045743863, -0.00499703832695, -2.10092450006
4.16, -1.00045051878, 9.02483078309, 0.00284650583159, -2.08713911342
4.17, -1.00039656465, 9.00405578983, 0.00709555596638, -2.07334930351
4.18, -1.00036172245, 8.98341840036, 0.000528147604611, -2.05961556354
4.19, -1.0004057274, 8.96291936668, -0.00602136714564, -2.04564238991
4.2, -1.00045694645, 8.94256034245, -0.00155190573292, -2.03165536278
4.21, -1.00043023048, 8.92234070183, 0.00664532830508, -2.01774588657
4.22, -1.00036982485, 8.90226139694, 0.0048500145615, -2.00357494485
4.23, -1.00037747602, 8.88232378741, -0.00410567961729, -1.98943437389
4.24, -1.00044250489, 8.86252777774, -0.00531166820386, -1.9752916312
4.25, -1.00045756195, 8.84287275808, 0.003412564472, -1.96121638563
4.26, -1.00039722408, 8.82336001176, 0.00759575740785, -1.94685317356
4.27, -1.0003623027, 8.80399009338, 0.000113128175658, -1.93261182627
4.28, -1.00041285418, 8.78476151425, -0.00667670033767, -1.91852214873
4.29, -1.00046641136, 8.76567648057, -0.00135376812473, -1.90400429508
4.3, -1.00043382948, 8.74673625061, 0.00738067474939, -1.88955112033
4.31, -1.00036906059, 8.72794205623, 0.00489574588605, -1.87481841024
4.32, -1.00038120902, 8.70929492212, -0.00483726215294, -1.86014863093
4.33, -1.00045218968, 8.69079512771, -0.00560426625091, -1.8452873874
4.34, -1.00046463094, 8.67244411151, 0.00406609844905, -1.83043595802
4.35, -1.00039729762, 8.65424069818, 0.00811692351658, -1.81573026102
4.36, -1.0003626582, 8.63618465034, -0.000373506078735, -1.80089025563
4.37, -1.00040861488, 8.6182784147, -0.00573562179409, -1.78590563417
4.38, -1.00046773124, 8.60052109585, -0.00273502320917, -1.77105590798
4.39, -1.00044913413, 8.58291349107, 0.00641444314015, -1.75595271737
4.4, -1.00038235476, 8.56545707563, 0.0060377387383, -1.74087156628
4.41, -1.00037904389, 8.54815056215, -0.00342178741386, -1.725932545
4.42, -1.00044642546, 8.530993635, -0.00624990319038, -1.71100010652
4.43, -1.00047307167, 8.51398668151, 0.00243291467298, -1.69587750471
4.44, -1.00041392684, 8.49713100202, 0.0082507959621, -1.68078687633
4.45, -1.00036734679, 8.48042589241, 0.00135489688974, -1.66577357417
4.46, -1.00040460205, 8.46387159189, -0.00362827535193, -1.65053696213
4.47, -1.0004645345, 8.44746937966, -0.00383259065586, -1.6353972616
4.48, -1.00046060956, 8.43121879228, 0.00509203157439, -1.62026945575
4.49, -1.00039667439, 8.41511910367, 0.00672911638399, -1.60522247524
4.5, -1.00037923442, 8.39917082213, -0.00183330384842, -1.58996493598
4.51, -1.00043882712, 8.38337395802, -0.00640148057625, -1.57489143811
4.52, -1.00047710691, 8.36772754814, 0.000770275406999, -1.55987634398
4.53, -1.00042974851, 8.35223283673, 0.00785314877357, -1.54456059257
4.54, -1.00037519184, 8.33689123408, 0.00292429827052, -1.5292924042
4.55, -1.00040554104, 8.32170182532, -0.00595645428186, -1.51411728051
4.56, -1.00047199425, 8.30666505859, -0.00394962340134, -1.4987290297
4.57, -1.00046410327, 8.29178152828, 0.00579210242731, -1.48346913899
4.58, -1.00039430008, 8.27705107495, 0.00702889710108, -1.46817674887
4.59, -1.00037934997, 8.26247251379, -0.0024764326063, -1.45304283377
4.6, -1.0004342734, 8.24804642127, -0.00532202483312, -1.43766802241
4.61, -1.00047615558, 8.23377444808, -0.000431108272707, -1.42228776569
4.62, -1.0004424081, 8.21965554956, 0.0067872291138, -1.40702540813
4.63, -1.00038789613, 8.20569004277, 0.00383165238042, -1.391573372
4.64, -1.00040400193, 8.19187900253, -0.00453056279312, -1.37616937025
4.65, -1.00046527248, 8.17822188709, -0.0043623975448, -1.36081377512
4.66, -1.00046988902, 8.16471793756, 0.00421966594584, -1.34553626205
4.67, -1.00040938558, 8.15136711929, 0.00693752472681, -1.33011447611
4.68, -1.00038467488, 8.13817081865, -0.000892654020102, -1.31470186277
4.69, -1.00043841868, 8.12512721972, -0.00630521431261, -1.29950548044
4.7, -1.00048223061, 8.11223721549, -0.000164511888322, -1.28399345439
4.71, -1.00044274501, 8.09950234904, 0.00743543813386, -1.268519315
4.72, -1.00038524064, 8.08692169455, 0.0037340852494, -1.25314762596
4.73, -1.00040657595, 8.07449537343, -0.0052591370003, -1.23760443666
4.74, -1.00047297713, 8.06222457914, -0.00453579070074, -1.22197625961
4.75, -1.00047419085, 8.05011176974, 0.0048908978049, -1.20616223744
4.76, -1.00040739277, 8.03815632461, 0.00733486909773, -1.19047957389
4.77, -1.0003840984, 8.02635818131, -0.00145236299199, -1.17464653969
4.78, -1.00044484674, 8.01471843951, -0.00690694418761, -1.15884723879
4.79, -1.00048961956, 8.00323648896, 0.000199812258719, -1.14310856079
4.8, -1.0004433283, 7.99191120772, 0.00817448961272, -1.12749198139
4.81, -1.00038254702, 7.98074325575, 0.00360920272034, -1.11164799261
4.82, -1.00040969059, 7.96973317045, -0.00604399533202, -1.09591325664
4.83, -1.00046790177, 7.95887999221, -0.00523380238016, -1.08026722108
4.84, -1.00048267396, 7.94818200978, 0.00341322351866, -1.06476158213
4.85, -1.00042227718, 7.93764148372, 0.00761841130032, -1.04892634171
4.86, -1.00038673893, 7.92725837249, 0.000201621495326, -1.03324029658
4.87, -1.00043635533, 7.9170319019, -0.00659648114701, -1.01762156411
4.88, -1.0004895133, 7.90696215756, -0.00135026712852, -1.00183277289
4.89, -1.00045710417, 7.89705029332, 0.00736040693263, -0.986087585605
4.9, -1.00039220761, 7.88729531481, 0.00494142712846, -0.970452207392
4.91, -1.00040358411, 7.87769595102, -0.0047486168461, -0.95483963245
4.92, -1.00047392624, 7.86825439859, -0.00557351096335, -0.939037593477
4.93, -1.00048645043, 7.85897019943, 0.00403528685636, -0.923347325663
4.94, -1.00041929822, 7.84984268873, 0.00812260121265, -0.907726319571
4.95, -1.00038417047, 7.84087177365, -0.000296035609646, -0.891962505452
4.96, -1.00042934177, 7.83205843939, -0.00567357135069, -0.876247367995
4.97, -1.00048824547, 7.82340179999, -0.00274816043842, -0.860621501875
4.98, -1.00046993585, 7.81490170277, 0.00638849132438, -0.844864224744
4.99, -1.00040304336, 7.80655994207, 0.00608442026609, -0.829063905568
5.0, -1.00039897458, 7.79837529332, -0.00333778106873, -0.813408718022
5.01, -1.00046579096, 7.79034859311, -0.00622751826708, -0.797493642987
5.02, -1.00049260842, 7.78248037891, 0.002393394991, -0.781691783429
5.03, -1.00043369148, 7.7747697357, 0.00825661965753, -0.765983884806
5.04, -1.00038657466, 7.76721573919, 0.00143978261312, -0.750371606496
5.05, -1.00042302341, 7.75981860789, -0.00357109620065, -0.734536317957
5.06, -1.00048283438, 7.75257820533, -0.00385495590718, -0.718994540489
5.07, -1.00047921362, 7.74549644503, 0.00507195346587, -0.702956709166
5.08, -1.00041507177, 7.73857404144, 0.00678416545027, -0.687075478486
5.09, -1.00039684057, 7.73180985043, -0.00175101799303, -0.671309251139
5.1, -1.00045595193, 7.72520279919, -0.00639156301957, -0.655642879332
5.11, -1.00049449329, 7.7187532565, 0.000729604059584, -0.639774046154
5.12, -1.00044728963, 7.71246236162, 0.00787047896384, -0.623954775329
5.13, -1.00039212015, 7.7063290731, 0.00301053940566, -0.608248683141
5.14, -1.00042170071, 7.7003521105, -0.00590426450022, -0.592564627523
5.15, -1.00048810199, 7.69453345388, -0.00397861708145, -0.576714847518
5.16, -1.0004805567, 7.68887299113, 0.00577064905285, -0.560939375022
5.17, -1.00041051811, 7.68336969724, 0.00709006843464, -0.545278917311
5.18, -1.0003947277, 7.67802099664, -0.00239141021105, -0.530033180804
5.19, -1.00044917428, 7.67282257879, -0.0053138168561, -0.515208694165
5.2, -1.00049133887, 7.66777032465, -0.000473395268688, -0.500789337885
5.21, -1.00045775892, 7.66286022262, 0.00680653926086, -0.486768983463
5.22, -1.00040260193, 7.65808825146, 0.00392393001113, -0.473150691054
5.23, -1.00041790487, 7.65345044995, -0.00447582038316, -0.459921598718
5.24, -1.0004791473, 7.64894307121, -0.00439437552229, -0.447054812358
5.25, -1.00048415841, 7.64456257718, 0.00419687723641, -0.434536730041
5.26, -1.00042338393, 7.64030544222, 0.00701103500775, -0.422373462018
5.27, -1.0003977316, 7.63616811908, -0.000799623263814, -0.410562263512
5.28, -1.00045105866, 7.63214719514, -0.00630916095822, -0.399082122397
5.29, -1.00049531702, 7.62823949537, -0.000217699508354, -0.38790951741
5.3, -1.00045600062, 7.62444194346, 0.00746725364006, -0.377045824383
5.31, -1.00039769072, 7.62075140361, 0.00384410932915, -0.366497030411
5.32, -1.0004181608, 7.61716477816, -0.00520498091579, -0.356251867007
5.33, -1.00048465555, 7.61367917304, -0.00458210363923, -0.346284198528
5.34, -1.00048639144, 7.61029188324, 0.00486256294575, -0.336583596409
5.35, -1.00041931681, 7.60700017725, 0.00741651515187, -0.32716011876
5.36, -1.00039499012, 7.60380127399, -0.00134703334294, -0.318012987045
5.37, -1.00045527373, 7.60069251578, -0.00691131295154, -0.309121729699
5.38, -1.00050058995, 7.59767147427, 0.000135493879809, -0.300464174213
5.39, -1.00045457561, 7.59473579006, 0.00820185008257, -0.292045741648
5.4, -1.00039294354, 7.59188300986, 0.00373343426237, -0.283875059844
5.41, -1.00041912713, 7.58911070132, -0.00598715541569, -0.275943358849
5.42, -1.00047745395, 7.5864165418, -0.00530378561197, -0.268241151257
5.43, -1.00049305259, 7.58379828027, 0.00336225519921, -0.260759549736
5.44, -1.00043239007, 7.58125355097, 0.00771908540627, -0.253537880755
5.45, -1.00039555084, 7.57877932405, 0.000333128143857, -0.246639775061
5.46, -1.00044463752, 7.57637255835, -0.00660984118841, -0.24004302034
5.47, -1.00049859411, 7.57403048587, -0.00144445565996, -0.233688416348
5.48, -1.00046664545, 7.5717507344, 0.00738733308529, -0.227571946734
5.49, -1.00040074434, 7.56953063867, 0.0050911769694, -0.221759214022
5.5, -1.00041097086, 7.56736726885, -0.00468115917864, -0.216206434661
5.51, -1.00048160012, 7.56525803806, -0.00565669111384, -0.210933873093
5.52, -1.00049505516, 7.56319987039, 0.00398088033148, -0.205976329605
5.53, -1.00042761857, 7.56118978669, 0.00823170260921, -0.201343667436
5.54, -1.00039112931, 7.55922453504, -0.000160177036503, -0.196993406719
5.55, -1.00043960091, 7.55730024568, -0.00401947471242, -0.193105542561
5.56, -1.00049245218, 7.55541161026, -0.00237308951855, -0.189863266521
5.57, -1.00047422502, 7.55355362628, 0.00607770931334, -0.18697615517
5.58, -1.00041203442, 7.55172170981, 0.00564548967806, -0.184829337031
5.59, -1.00040914693, 7.54990477919, -0.00312437340517, -0.183800476223
5.6, -1.00047125962, 7.54809547724, -0.00566255251139, -0.183244747862
5.61, -1.00049497112, 7.54628963704, 0.00241454878577, -0.183100067063
5.62, -1.00043949533, 7.54448199685, 0.00773112912421, -0.183698206885
5.63, -1.00039641901, 7.54266279321, 0.00129060323988, -0.185355598035
5.64, -1.00043829953, 7.54082314572, -0.00631130868261, -0.187862523199
5.65, -1.0004964123, 7.53895214618, -0.0023310591826, -0.191566074237
5.66, -1.00047336732, 7.53703968389, 0.00678131963664, -0.195996839876
5.67, -1.00040633457, 7.53508008001, 0.00579351701236, -0.200982439349
5.68, -1.00040718028, 7.53306387862, -0.00382302556346, -0.207252059541
