timestamp, prius0 x posi, prius0 y posi, prius0 x vel, prius0 y vel.
0.0, 0.0, 0.0, 0.0, 0.0
0.00999999999999, 0.999919094742, -24.9961603765, -0.00183681027443, 0.223789157622
0.02, 0.999953998244, -24.9934694949, 0.00604070950423, 0.293139397209
0.03, 1.00001858352, -24.990092334, 0.00383585453599, 0.361358312416
0.04, 1.00001804982, -24.9860448589, -0.000138363148607, 0.428726064602
0.05, 1.00002724014, -24.9813318677, 0.00210534473538, 0.495404871109
0.06, 1.00003247906, -24.9759569912, 0.00039264740191, 0.561750056719
0.07, 1.00001888167, -24.9699243311, -0.000974581527344, 0.627933259198
0.08, 1.00000831638, -24.9632355199, 0.000735922526276, 0.693947796068
0.09, 1.000022446, -24.9558928452, 0.00318365317919, 0.759687366489
0.1, 1.00004682038, -24.9478999931, 0.00278033931699, 0.824985379872
0.11, 1.00005444288, -24.9392622788, 0.000631874998673, 0.889678359279
0.12, 1.00005029532, -24.9299863169, 0.000715349465438, 0.953660310946
0.13, 1.00007028282, -24.9199974131, 0.0058049826157, 1.03576545083
0.14, 1.00016866983, -24.9091496794, 0.0129621037573, 1.12346682672
0.15, 1.00025490074, -24.8974290649, 0.00391813570293, 1.21142576295
0.16, 1.00024415923, -24.8848354455, -0.0027256669419, 1.29912330967
0.17, 1.0002170571, -24.8713729656, -0.00301580468618, 1.38556711663
0.18, 1.00021977732, -24.8570514026, 0.00199894204445, 1.47094296853
0.19, 1.00026612396, -24.8418813485, 0.00459674374865, 1.55527087251
0.2, 1.00030359317, -24.8258731977, 0.00120933316357, 1.63856739072
0.21, 1.00030309894, -24.8090372346, -0.00158519188653, 1.7208395411
0.22, 1.00030803236, -24.7913836892, 0.00172246551215, 1.80209346104
0.23, 1.00035978889, -24.772922683, 0.00613520309973, 1.88234527597
0.24, 1.00042467511, -24.7536641316, 0.00437052824519, 1.96161499121
0.25, 1.00044619312, -24.7336177938, -0.000844931010504, 2.03991190452
0.26, 1.00043804912, -24.7127933788, -0.000991253654303, 2.11723912362
0.27, 1.00046251128, -24.6912005368, 0.00417036513496, 2.1936079058
0.28, 1.00052793307, -24.6688490195, 0.00613270890686, 2.26901341015
0.29, 1.00057595766, -24.6457520933, 0.0018889383344, 2.34344223381
0.3, 1.00058067589, -24.6219214754, -0.00112180193793, 2.41697515537
0.31, 1.00059157909, -24.5973668075, 0.00243806614593, 2.48965501566
0.32, 1.00065151977, -24.5720968432, 0.00701401232668, 2.56146024902
0.33, 1.00072467709, -24.5461202947, 0.00518888368941, 2.63238923038
0.34, 1.00075406464, -24.5194458491, 1.62506700048e-05, 2.70244909293
0.35, 1.00075572822, -24.4920821764, 0.000157243125731, 2.77164290375
0.36, 1.00079266654, -24.4640383252, 0.00545743519165, 2.83962729201
0.37, 1.00086943784, -24.4353272418, 0.00709450090777, 2.90556029287
0.38, 1.00092472182, -24.4059670506, 0.00242928202328, 2.96957580017
0.39, 1.00093401316, -24.3759765837, -0.000655116573562, 3.03171021646
0.4, 1.00095081029, -24.3453744893, 0.00314033850257, 3.09198854485
0.41, 1.00101751286, -24.314179183, 0.00760048736356, 3.15044224433
0.42, 1.00109372076, -24.2824085925, 0.00527452642763, 3.207120547
0.43, 1.00112264225, -24.2500803841, -2.33856760488e-05, 3.262031785
0.44, 1.00112610786, -24.2172121283, 0.000573409890854, 3.3151989609
0.45, 1.00116928575, -24.183821059, 0.0061890321887, 3.36666718511
0.46, 1.00125199682, -24.1499238622, 0.00749717257794, 3.41649594087
0.47, 1.00130766629, -24.1155366217, 0.00221792829519, 3.46474219249
0.48, 1.00131385383, -24.0806748828, -0.000907391671946, 3.51145718836
0.49, 1.00133076693, -24.045353696, 0.00340793363842, 3.55669222831
0.5, 1.00140158532, -24.0095875768, 0.00803270927058, 3.60050307081
0.51, 1.00147947769, -23.9733904864, 0.00517772487509, 3.64294209797
0.52, 1.00150452098, -23.9367758986, -0.000536239173003, 3.68405417316
0.53, 1.00150415286, -23.8997568665, 0.000412655411298, 3.72388054601
0.54, 1.00154868669, -23.8623460272, 0.00651620512354, 3.76246543755
0.55, 1.00163388758, -23.8245555565, 0.00757212276078, 3.79985466145
0.56, 1.00168658618, -23.7863971941, 0.00165700980005, 3.83608823995
0.57, 1.00168631894, -23.7478823013, -0.00147208922144, 3.87120225967
0.58, 1.00170072339, -23.7090218931, 0.00344633601692, 3.90523263099
0.59, 1.00177349625, -23.6698266087, 0.00823683133554, 3.93821863372
0.6, 1.00185042782, -23.6303066988, 0.00478408821064, 3.97019627963
0.61, 1.00186859569, -23.5904720716, -0.00133896342193, 4.00119778494
0.62, 1.00186196883, -23.5503323268, 4.69886668982e-05, 4.03125389039
0.63, 1.00190614633, -23.5098967589, 0.00668132347868, 4.06039711337
0.64, 1.00199204525, -23.4691743292, 0.00744143259078, 4.08865963621
0.65, 1.00203948633, -23.4281736923, 0.000855423264653, 4.11606959774
0.66, 1.0020305988, -23.3869032242, -0.00222534991032, 4.14265455526
0.67, 1.00204105952, -23.3453710388, 0.00336780957115, 4.16844162719
0.68, 1.00211465822, -23.3035849747, 0.00831350627267, 4.19345888252
0.69, 1.00218903744, -23.2615526005, 0.00420395987775, 4.21773058946
0.7, 1.00219843984, -23.2192812408, -0.00232068144659, 4.24128087084
0.71, 1.00218419816, -23.1767779817, -0.00041873665342, 4.26413384318
0.72, 1.00222730374, -23.1340496799, 0.00678057517709, 4.28631342572
0.73, 1.00231300581, -23.0911029587, 0.00719079886776, 4.3078409387
0.74, 1.00235372163, -23.0479442349, -0.000105638000065, 4.32873584028
0.75, 1.00233486979, -23.0045797128, -0.00308282795582, 4.34902038667
0.76, 1.00234079658, -22.9610153901, 0.00325646629151, 4.36871553947
0.77, 1.00241488196, -22.9172570663, 0.00833733884363, 4.38784041368
0.78, 1.00248580173, -22.8733103654, 0.00350273206537, 4.40640996447
0.79, 1.00248519355, -22.8291807389, -0.00341536913052, 4.4244430967
0.8, 1.00246266137, -22.784873443, -0.000914659354318, 4.44195980553
0.81, 1.00250465576, -22.7403935578, 0.00687889675668, 4.45897744146
0.82, 1.00258985081, -22.6957460106, 0.00687426225071, 4.4755083658
0.83, 1.00262287936, -22.6509356004, -0.00117598279196, 4.49156579347
0.84, 1.00259324156, -22.6059669552, -0.00398941642592, 4.50716911495
0.85, 1.00259460443, -22.5608445302, 0.00316816845999, 4.52233505963
0.86, 1.00266934695, -22.5155726417, 0.008354919222, 4.53707537114
0.87, 1.00273630927, -22.4701555089, 0.00271860512818, 4.55139756085
0.88, 1.00272482872, -22.4245972283, -0.00458245146987, 4.56531763219
0.89, 1.00269376584, -22.3789017228, -0.00139493302486, 4.57885334036
0.9, 1.00273504953, -22.3330727766, 0.00701757874102, 4.59201690904
0.91, 1.00281977724, -22.2871140882, 0.00652247961659, 4.60481310586
0.92, 1.00284443512, -22.2410292886, -0.0023275297261, 4.61725086883
0.93, 1.00280350115, -22.1948218597, -0.00491041335356, 4.62934862851
0.94, 1.00280063197, -22.148495128, 0.00313914483246, 4.6411202554
0.95, 1.00287651568, -22.1020523293, 0.00839314045541, 4.65257118503
0.96, 1.00293923805, -22.0554966677, 0.00187078936723, 4.66370291997
0.97, 1.00291622762, -22.0088312576, -0.00579846711441, 4.67453043294
0.98, 1.00287666762, -21.962059045, -0.00182954084107, 4.68507061648
0.99, 1.00291792388, -21.9151828633, 0.00722194113578, 4.695331526
1.0, 1.00300241431, -21.8682055181, 0.00615007343629, 4.70531125305
1.01, 1.00301814455, -21.8211297965, -0.0035468694479, 4.71501605199
1.02, 1.00296558091, -21.7739583413, -0.005824069355, 4.72446486473
1.03, 1.00295904902, -21.7266936461, 0.00319299096011, 4.73366963051
1.04, 1.00303674461, -21.6793381546, 0.00846583137605, 4.7426301178
1.05, 1.00309503232, -21.631894336, 0.000965844068393, 4.75134288825
1.06, 1.0030599208, -21.5843645886, -0.00705123415074, 4.7598234106
1.07, 1.00301206548, -21.5367511353, -0.00219876038105, 4.76808869238
1.08, 1.00305415814, -21.4890561051, 0.00750687862581, 4.77614318503
1.09, 1.0031387262, -21.4412816525, 0.0057610552724, 4.78397885727
1.1, 1.00314499637, -21.3934299518, -0.00483027901533, 4.79160060082
1.11, 1.00309502111, -21.3455030143, -0.00628860110894, 4.7990297104
1.12, 1.00307345906, -21.29750274, 0.0011680322363, 4.80627292613
1.13, 1.00313476729, -21.2494309795, 0.00752423401321, 4.81333052318
1.14, 1.003194978, -21.2012896381, 0.00191912965495, 4.82019484114
1.15, 1.0031692071, -21.1530805935, -0.00657079809704, 4.82687770091
1.16, 1.00311447309, -21.1048055547, -0.00381578157408, 4.83339705206
1.17, 1.00313660257, -21.0564661294, 0.00566180684535, 4.83975734732
1.18, 1.00321329296, -21.0080639659, 0.00597177450668, 4.84594832052
1.19, 1.00322910741, -20.9596007726, -0.00368720860588, 4.8519697574
1.2, 1.00316777839, -20.9110781354, -0.00735979757339, 4.85784156778
1.21, 1.00314149632, -20.8624974768, 0.00115482468217, 4.86357574047
1.22, 1.00320479569, -20.8138602038, 0.00768177512685, 4.86916624864
1.23, 1.00326175654, -20.7651678269, 0.00112720013043, 4.87460138473
1.24, 1.00322433591, -20.7164218374, -0.00784524111444, 4.87989466038
1.25, 1.00316058077, -20.6676235371, -0.00427191333238, 4.88506560223
1.26, 1.00318324364, -20.6187741318, 0.0059815118598, 4.89011633097
1.27, 1.00324660389, -20.5698749259, 0.00564979335627, 4.89503089804
1.28, 1.00326855224, -20.5209272547, -0.00264679854288, 4.89981205464
1.29, 1.00321259358, -20.4719323821, -0.00757427173321, 4.90447542774
1.3, 1.00317329515, -20.4228914008, -0.000820410562237, 4.90903472138
1.31, 1.00321835051, -20.3738053759, 0.00640444201565, 4.91348460762
1.32, 1.00327419328, -20.3246754882, 0.00189513448401, 4.91781068077
1.33, 1.00324689548, -20.2755029405, -0.00708528416533, 4.92202209027
1.34, 1.00317970705, -20.2262887589, -0.00559276741728, 4.92613938205
1.35, 1.00318298206, -20.1770338539, 0.00397743560354, 4.93016647965
1.36, 1.00324995991, -20.1277392129, 0.0056190418398, 4.93408767451
1.37, 1.00326582629, -20.0784059446, -0.00366749812904, 4.93789709265
1.38, 1.00319865686, -20.0290350548, -0.00856300241432, 4.94161588071
1.39, 1.00315470485, -19.9796273583, -0.000827204318166, 4.94525827946
1.4, 1.00320244251, -19.9301836607, 0.00669005578957, 4.94881545221
1.41, 1.00325671448, -19.880704924, 0.00127591410561, 4.9522691633
1.42, 1.00321889585, -19.8311921392, -0.00831310643031, 4.9556306669
1.43, 1.00314247882, -19.7816460915, -0.00610289240005, 4.9589229789
1.44, 1.00314607647, -19.7320674476, 0.00432723554152, 4.96214846747
1.45, 1.00320080907, -19.6824570071, 0.0054497439288, 4.96528602961
1.46, 1.00322420272, -19.6328156462, -0.0025290726809, 4.96833370054
1.47, 1.0031625608, -19.5831442003, -0.00882415425088, 4.97130731719
1.48, 1.00310496775, -19.5334433007, -0.00284679328251, 4.97422423587
1.49, 1.00313479371, -19.4837135404, 0.00551337513838, 4.97707791632
1.5, 1.00318936793, -19.4339556732, 0.00218784700394, 4.979847456
1.51, 1.00316245781, -19.3841705295, -0.00754434217413, 4.98253869906
1.52, 1.00308204638, -19.3343587507, -0.00750749679805, 4.98517625334
1.53, 1.0030658678, -19.284520826, 0.0023446627737, 4.98776598245
1.54, 1.00312521781, -19.2346573387, 0.00556848556339, 4.99028800725
1.55, 1.00314386787, -19.1847690548, -0.00346113705768, 4.99272986599
1.56, 1.00307099907, -19.1348566616, -0.00988142668814, 4.99511421674
1.57, 1.00300792396, -19.0849206145, -0.00291356538344, 4.99745971969
1.58, 1.00303265958, -19.0349613527, 0.00257118029626, 4.99970354368
1.59, 1.00308358631, -18.9849794963, 0.00289163256683, 5.00198163565
1.6, 1.00306724454, -18.9349757248, -0.00665358623698, 5.00414144255
1.61, 1.00298512381, -18.8849505816, -0.0086638328751, 5.00625847289
1.62, 1.00295029739, -18.8349044222, 0.000325003437977, 5.00834265237
1.63, 1.00299788916, -18.7848376676, 0.00534739044503, 5.01037571453
1.64, 1.00302446649, -18.734750946, -0.00218127211311, 5.01233967989
1.65, 1.00295922105, -18.6846448588, -0.00992555918187, 5.01425380173
1.66, 1.00288366008, -18.6345197649, -0.0049272691034, 5.0161405549
1.67, 1.00289750466, -18.5843759542, 0.00457368948748, 5.01799409651
1.68, 1.00293693928, -18.5342139358, 0.00255258346297, 5.01978677207
1.69, 1.00292685454, -18.4840342654, -0.00554384795944, 5.0215250919
1.7, 1.00285173423, -18.4338374043, -0.00865601902666, 5.02322785498
1.71, 1.00280602172, -18.3836236235, -0.0014832519046, 5.02490732205
1.72, 1.00283598713, -18.3333932276, 0.00404962018277, 5.02654868341
1.73, 1.00286093252, -18.2831467182, -0.00145023210207, 5.0281326078
1.74, 1.00280636325, -18.2328846116, -0.00902593045962, 5.02967300183
1.75, 1.00272936002, -18.1826072053, -0.00603848827238, 5.03119275947
1.76, 1.00272514158, -18.1323147003, 0.00261633583696, 5.03268969063
1.77, 1.00276772595, -18.0820074626, 0.00243676409816, 5.03413895904
1.78, 1.00275122429, -18.0316860156, -0.00652459470571, 5.0355366311
1.79, 1.0026663283, -17.9813507333, -0.00943903024165, 5.03690897581
1.8, 1.00261782895, -17.9310017793, -0.00135968196069, 5.03826857179
1.81, 1.00265065417, -17.880639372, 0.00426907578659, 5.03959687466
1.82, 1.00267316577, -17.8302639616, -0.00212889392643, 5.04087208719
1.83, 1.00260855804, -17.7798760049, -0.010112131666, 5.04211154303
1.84, 1.00252429904, -17.7294757044, -0.00634904815712, 5.0433406031
1.85, 1.00252148622, -17.6790631674, 0.00297872310469, 5.04455500784
1.86, 1.00256554862, -17.6286387038, 0.00223644893153, 5.04572548346
1.87, 1.00254170165, -17.5782027981, -0.0076047606987, 5.04684916345
1.88, 1.00244639641, -17.5277557528, -0.0102417052101, 5.04795645021
1.89, 1.00239544133, -17.4772976369, -0.00117328140747, 5.04906011076
1.9, 1.00241965737, -17.4268286209, 0.00285054928859, 5.05013362189
1.91, 1.00244291667, -17.3763490805, -0.00120445438985, 5.05116664332
1.92, 1.0023885098, -17.3258594144, -0.00945752248106, 5.05216477988
1.93, 1.00229948715, -17.2753598061, -0.00776724599704, 5.05315580468
1.94, 1.00227777784, -17.2248503003, 0.00115172092373, 5.05414052723
1.95, 1.00231353045, -17.1743311099, 0.00238995104425, 5.0550912426
1.96, 1.00229945336, -17.1238026556, -0.00635197805728, 5.05599826446
1.97, 1.00220930488, -17.0732652297, -0.0106350650361, 5.0568894976
1.98, 1.00214357677, -17.0227188711, -0.00323376566671, 5.05778233398
1.99, 1.00216299184, -16.972163647, 0.00356193168414, 5.05865868651
2.0, 1.00218563704, -16.9215998909, -0.00174380364736, 5.05949085383
2.01, 1.00212188119, -16.8710279918, -0.0105458952603, 5.06029342556
2.02, 1.00202494178, -16.8204480661, -0.00816976873387, 5.06109662323
2.03, 1.002004167, -16.7698600866, 0.00152708379328, 5.06189960353
2.04, 1.00204230149, -16.7192642325, 0.00232411407032, 5.06266988525
2.05, 1.00202200517, -16.668660914, -0.00736777217824, 5.06339823888
2.06, 1.00192120532, -16.6180503796, -0.0115252477609, 5.06411723044
2.07, 1.00185205662, -16.5674325952, -0.00311718162173, 5.0648450491
2.08, 1.00186696185, -16.5168075917, 0.000564628387843, 5.06548460309
2.09, 1.00188455211, -16.4661756771, -0.00119837959496, 5.06623132965
2.1, 1.00183079835, -16.4155371737, -0.00959710221326, 5.06687817671
2.11, 1.0017339381, -16.3648922059, -0.00908961301817, 5.06752565472
2.12, 1.0016962499, -16.3142407191, -0.000416382819612, 5.0681778787
2.13, 1.00172194728, -16.2635828181, 0.00194397702446, 5.06880602263
2.14, 1.00170813828, -16.2129188534, -0.00616355165278, 5.06939530712
2.15, 1.00161572224, -16.1622490749, -0.0113773905337, 5.0699735714
2.16, 1.00153636177, -16.1115734496, -0.00493377060836, 5.07056243928
2.17, 1.00154089738, -16.0608919415, 0.00248644648496, 5.07114541306
2.18, 1.00155984243, -16.0102047985, -0.00162954968145, 5.07169069668
2.19, 1.00149744903, -15.9595123697, -0.0106647670097, 5.0722091704
2.2, 1.00139219795, -15.9088147288, -0.00958055141007, 5.07273440513
2.21, 1.00135469011, -15.8581117627, -7.97491788184e-05, 5.07326926434
2.22, 1.00138311399, -15.8074035551, 0.00196618648391, 5.07378000442
2.23, 1.00136408005, -15.7566904628, -0.00709928847073, 5.07425167366
2.24, 1.00126109934, -15.7059727113, -0.0123207080068, 5.07471703688
2.25, 1.00117742995, -15.6552502083, -0.00490714615634, 5.0751990608
2.26, 1.00117715872, -15.6045228928, -0.000477821546712, 5.07559543452
2.27, 1.00119194046, -15.5537909992, -0.000973664951127, 5.07611812229
2.28, 1.00114023034, -15.5030548219, -0.00970430119534, 5.07653494164
2.29, 1.00103445583, -15.452314465, -0.0106022199707, 5.07695654103
2.3, 1.00097920874, -15.4015698012, -0.00206276353648, 5.07739201085
2.31, 1.00099559863, -15.3508208434, 0.00168267990001, 5.07781166947
2.32, 1.00098409463, -15.3000678976, -0.00581621678838, 5.07819386467
2.33, 1.0008895, -15.2493112104, -0.0122390531914, 5.07856586443
2.34, 1.00079461276, -15.1985546144, -0.00682144508321, 5.07820012326
2.35, 1.00078368969, -15.1478029822, 0.00148485562106, 5.07758197641
2.36, 1.00080082914, -15.0970594767, -0.0012823069669, 5.07652561226
2.37, 1.00074120219, -15.0463299231, -0.0107608854591, 5.0748871969
2.38, 1.00062637653, -14.9956181612, -0.0111993139831, 5.07297623644
2.39, 1.00057049809, -14.944926829, -0.00175463077331, 5.07076976242
2.4, 1.00059019749, -14.8942588579, 0.00182630795461, 5.06831485251
2.41, 1.00057475157, -14.8436189188, -0.00664961566655, 5.06521830594
2.42, 1.00046971681, -14.7930110572, -0.0132417159794, 5.06190302463
2.43, 1.00036953506, -14.7424393543, -0.00688522552187, 5.05801415658
2.44, 1.00035374606, -14.6919073645, -0.00139059259922, 5.05386026916
2.45, 1.00036813024, -14.6414172719, -0.000468742954262, 5.0496445957
2.46, 1.00032011642, -14.5909697673, -0.00977928710511, 5.04541172367
2.47, 1.00020416129, -14.5405646421, -0.0123198233205, 5.04116092754
2.48, 1.00012993564, -14.4902036188, -0.00373442739466, 5.03662629735
2.49, 1.00013858856, -14.4398883171, 0.00170506939199, 5.03200216726
2.5, 1.00013221768, -14.3896205245, -0.00525259954118, 5.02711185974
2.51, 1.00003575222, -14.3394050485, -0.0132145814387, 5.02156929877
2.52, 0.999923534862, -14.289245793, -0.00886547360466, 5.01580035667
2.53, 0.99989725657, -14.2391475162, 0.000658972128344, 5.00948362011
2.54, 0.999902107849, -14.1891139161, -1.64752872304e-05, 5.00286757983
2.55, 0.999865332447, -14.1391498614, -0.00853575113291, 4.99553454536
2.56, 0.999753048996, -14.0892640503, -0.012909398615, 4.98734573978
2.57, 0.999663226822, -14.0394610342, -0.00572734652068, 4.97894976165
2.58, 0.999657586415, -13.98974325, 0.00111111231553, 4.97024722391
2.59, 0.999657078194, -13.9401166347, -0.00393363518189, 4.96075376903
2.6, 0.999572022367, -13.8905858373, -0.0126669194825, 4.95111687678
2.61, 0.999452700622, -13.8411525416, -0.0105113781168, 4.94122349209
2.62, 0.999407510496, -13.7918214178, -0.000935978851878, 4.93075393818
2.63, 0.999407574937, -13.7425957608, -1.2748434108e-05, 4.9201207267
2.64, 0.999380209643, -13.6934772948, -0.00718411135096, 4.9093158256
2.65, 0.999275741369, -13.6444682867, -0.01293823987, 4.89810626503
2.66, 0.999174326441, -13.5955753097, -0.00756904314217, 4.88625113316
2.67, 0.999152267758, -13.5468006177, 7.28598035375e-05, 4.87439844559
2.68, 0.999153562841, -13.4981446066, -0.00284913564551, 4.86254931677
2.69, 0.999081447321, -13.4496066298, -0.0116732616702, 4.85068920331
2.7, 0.998960333298, -13.4011879869, -0.0117117427986, 4.83875054474
2.71, 0.998897038216, -13.3528886006, -0.00277811608618, 4.82686870811
2.72, 0.99890285166, -13.3047082571, 0.000245465415103, 4.81494576225
2.73, 0.9988726714, -13.2566460745, -0.00788256578849, 4.80302718439
2.74, 0.998759429156, -13.2087066292, -0.0137605974638, 4.79060250907
2.75, 0.998654391785, -13.1608910459, -0.00749409178013, 4.77822926939
2.76, 0.998636357651, -13.1132007923, 0.000559852563642, 4.76558798381
2.77, 0.998625519871, -13.0656382797, -0.00256254783352, 4.75269833712
2.78, 0.998563800948, -13.0182052719, -0.0104020394029, 4.73968006321
2.79, 0.998448210853, -12.9709014276, -0.0120206156304, 4.72684571432
2.8, 0.99837187884, -12.9237244568, -0.00459869859162, 4.71428066561
2.81, 0.998363466847, -12.8766719192, -0.000469275219823, 4.7019361339
2.82, 0.998337644833, -12.8297412659, -0.00667654628516, 4.68990053462
2.83, 0.998236299079, -12.7829329597, -0.0130281415821, 4.67751859524
2.84, 0.998126816821, -12.736247992, -0.00887513019706, 4.66518219716
2.85, 0.998091213845, -12.6896859965, -0.00104099210223, 4.65293264783
2.86, 0.998088519528, -12.643247926, -0.00265590305503, 4.64037742966
2.87, 0.998021185382, -12.5969337733, -0.0112442673973, 4.62815503325
2.88, 0.99789801596, -12.5507437661, -0.0125341769429, 4.61556527006
2.89, 0.997821498465, -12.5046789967, -0.00425444903086, 4.60307704766
2.9, 0.997817309595, -12.4587389143, -0.000177894615176, 4.59064704663
2.91, 0.997789586454, -12.4129230449, -0.00728364589077, 4.57822521438
2.92, 0.997679732396, -12.3672314467, -0.0138885170236, 4.56581475104
2.93, 0.997565714065, -12.3216655721, -0.0089080601855, 4.55308031535
2.94, 0.997533630515, -12.276226435, -0.000538567923876, 4.54045460519
2.95, 0.997533089601, -12.2309135718, -0.00282006948558, 4.52782891608
2.96, 0.99745924738, -12.1857269857, -0.0121735819336, 4.51517064895
2.97, 0.997328089233, -12.1406666147, -0.0130408087832, 4.50257733181
2.98, 0.997251872805, -12.0957317925, -0.00384445174513, 4.49005114304
2.99, 0.997238507054, -12.0509240083, -0.000669516291285, 4.47722153215
3.0, 0.997217719384, -12.0062443515, -0.00594597158499, 4.46439149378
3.01, 0.997118524191, -11.9616928116, -0.0134629466207, 4.45162477137
3.02, 0.996996740959, -11.9172678412, -0.0105413955196, 4.43889028789
3.03, 0.996947107794, -11.8729724108, -0.00192204551473, 4.42590647647
3.04, 0.996944631048, -11.8288063936, -0.00201027174084, 4.41295176008
3.05, 0.996884206484, -11.7847702134, -0.0108651154988, 4.39995720624
3.06, 0.996755809241, -11.740863624, -0.0137976087378, 4.38706575745
3.07, 0.996663164098, -11.6970875711, -0.00579633206103, 4.37385577202
3.08, 0.996643664866, -11.6534431141, -0.00341487098277, 4.36058912027
3.09, 0.996619211992, -11.6099300627, -0.00525278843345, 4.34760956833
3.1, 0.996532085954, -11.5665475168, -0.0122594498384, 4.33457561401
3.11, 0.996413152125, -11.5232952294, -0.0111911427598, 4.32158282324
3.12, 0.99634867331, -11.480174501, -0.00371824344286, 4.30829383227
3.13, 0.996334772452, -11.4371862808, -0.00230108704253, 4.29505443219
3.14, 0.996282199248, -11.3943303835, -0.00946937353397, 4.2818326064
3.15, 0.996164702479, -11.3516065771, -0.0133686471106, 4.26853748416
3.16, 0.996064367315, -11.3090187348, -0.00740714018566, 4.25476791304
3.17, 0.996035713643, -11.2665680963, -0.00145164507244, 4.241074133
3.18, 0.996013501716, -11.224256162, -0.00553938384281, 4.22705588846
3.19, 0.995920071767, -11.182083494, -0.013032169954, 4.21320205029
3.2, 0.995795682605, -11.140046538, -0.0114228592812, 4.19987947243
3.21, 0.995733078967, -11.0981398232, -0.00328320182131, 4.18712140795
3.22, 0.995722597882, -11.0563588088, -0.00219930730481, 4.17479803955
3.23, 0.995666391587, -11.0146936907, -0.0101733036045, 4.16379489512
3.24, 0.995541184326, -10.9731351649, -0.0140176386975, 4.15349908623
3.25, 0.995438807466, -10.9316752349, -0.00723306627984, 4.14405691197
3.26, 0.995414029826, -10.8903026287, -0.00107064130713, 4.1359314239
3.27, 0.995391843303, -10.8490076659, -0.00593250118769, 4.12853042876
3.28, 0.995290949941, -10.8077788721, -0.0139264147936, 4.12262085576
3.29, 0.995160209587, -10.7666013223, -0.0117244113221, 4.11823651652
3.3, 0.995099018941, -10.7254636338, -0.00289927484466, 4.11465614543
3.31, 0.995091198743, -10.6843578274, -0.00221279782673, 4.11187081557
3.32, 0.995029891801, -10.6432764128, -0.011047813371, 4.10974158587
3.33, 0.994895449759, -10.6022082296, -0.0147996232787, 4.10928727163
3.34, 0.99479011583, -10.5611372872, -0.00713198048195, 4.11029601636
3.35, 0.994768449878, -10.5200486944, -0.000795926396436, 4.11260851141
3.36, 0.99474463736, -10.4789288221, -0.0065425512688, 4.11646528322
3.37, 0.994633970955, -10.4377674039, -0.0150419668586, 4.12096128679
3.38, 0.994495289772, -10.3965574275, -0.0121312784449, 4.12616304306
3.39, 0.994434810726, -10.355291927, -0.0025813175864, 4.13204314395
3.4, 0.99441396255, -10.313959301, -0.00248078140567, 4.13949839358
3.41, 0.994359662556, -10.2725493788, -0.00992200866869, 4.14756203971
3.42, 0.994231099256, -10.2310553772, -0.01501797388, 4.15656868412
3.43, 0.994112246899, -10.1894585904, -0.00919585569842, 4.16773438115
3.44, 0.994071555933, -10.1477474627, -0.00213951851154, 4.17945087352
3.45, 0.99404637085, -10.1059184165, -0.005784471107, 4.19148051191
3.46, 0.993945710223, -10.0639669072, -0.0143221179981, 4.20454222066
3.47, 0.993802698828, -10.0218702804, -0.0135937362011, 4.21972291905
3.48, 0.993721158099, -9.97961948252, -0.00476932645126, 4.2353462705
3.49, 0.993702366446, -9.93721035066, -0.00264788233098, 4.25134779364
3.5, 0.993640981893, -9.89463402936, -0.0110373667995, 4.26869714768
3.51, 0.993499962967, -9.85187787581, -0.016182815161, 4.28733738376
3.52, 0.993374165953, -9.80893327667, -0.00947456358854, 4.30638406049
3.53, 0.993333521086, -9.76579625987, -0.00210167253144, 4.32650131522
3.54, 0.993304739775, -9.72245232432, -0.00658512137012, 4.34713403279
3.55, 0.993191654904, -9.67889755031, -0.015776616111, 4.36855311791
3.56, 0.993036684039, -9.63513258847, -0.0144213590099, 4.38927639456
3.57, 0.992952200998, -9.59116357481, -0.00474329669511, 4.40937928525
3.58, 0.992932828761, -9.54699694725, -0.00298642827466, 4.42881897638
3.59, 0.992862237807, -9.50263941582, -0.012395069683, 4.44759390462
3.6, 0.992706640261, -9.45809722332, -0.0174979923093, 4.46578436063
3.61, 0.992573213589, -9.4133758309, -0.00975594459656, 4.48345086066
3.62, 0.992524493515, -9.36848057451, -0.00545023194714, 4.50042641259
3.63, 0.992487863281, -9.32341713894, -0.00629059704067, 4.51711280971
3.64, 0.992382068727, -9.27819110528, -0.0151311133501, 4.53311397851
3.65, 0.992223517025, -9.23280752954, -0.0157433010472, 4.54864485663
3.66, 0.992118141284, -9.18727089042, -0.00704906154704, 4.5637362649
3.67, 0.992083436202, -9.14158577409, -0.00359386054651, 4.57835025444
3.68, 0.992017290279, -9.09575711707, -0.0114002886464, 4.59246796286
3.69, 0.991867337149, -9.04978957709, -0.0176796154905, 4.60615326681
3.7, 0.99171997925, -9.00368709945, -0.0119481068137, 4.61946762605
3.71, 0.991657808832, -8.95745341659, -0.00373050544057, 4.63239783749
3.72, 0.991620689167, -8.91109266929, -0.00689514649336, 4.64489413316
3.73, 0.991504061062, -8.86460912813, -0.0164656697241, 4.65698217218
3.74, 0.991333911007, -8.81800644649, -0.0165757651873, 4.6687396721
3.75, 0.991225609718, -8.77128773363, -0.00697286893357, 4.68019069257
3.76, 0.991177616381, -8.72445637447, -0.00451743559337, 4.69127966264
3.77, 0.991114235519, -8.67751599973, -0.0104530674969, 4.70200407474
3.78, 0.990971393853, -8.63047012981, -0.0175810936078, 4.71240068344
3.79, 0.990813013271, -8.58332166699, -0.013916775758, 4.7225324307
3.8, 0.990729566269, -8.53607322816, -0.00551392121122, 4.73239520426
3.81, 0.99068635756, -8.48872780415, -0.00649497718082, 4.74193608359
3.82, 0.990579379079, -8.44128864972, -0.0154985796246, 4.75116111486
3.83, 0.990408846536, -8.39375854803, -0.0176352197499, 4.76014102939
3.84, 0.990280849476, -8.34613971157, -0.00927869652212, 4.76890842901
3.85, 0.990231046847, -8.29843447759, -0.00437436619392, 4.77741922514
3.86, 0.990163335454, -8.25064567746, -0.0113291017751, 4.78563485999
3.87, 0.990008857834, -8.20277603528, -0.0187871881902, 4.79360702792
3.88, 0.989842324038, -8.15482759932, -0.0143061287872, 4.80139934542
3.89, 0.989759180772, -8.10680217306, -0.00529686693791, 4.80899986191
3.9, 0.989701021762, -8.05870209934, -0.00698531259175, 4.81634393688
3.91, 0.989599205098, -8.01052978163, -0.0144778392941, 4.82345307868
3.92, 0.989434591802, -7.96228737601, -0.0177628664635, 4.83037512133
3.93, 0.989293940529, -7.91397650338, -0.0112866210046, 4.83714667364
3.94, 0.989224611721, -7.8655988158, -0.00583598393036, 4.84373441793
3.95, 0.989154114747, -7.81715642534, -0.0106762278625, 4.85009543275
3.96, 0.989009624817, -7.76865146693, -0.0179658018957, 4.85626413099
3.97, 0.988840426188, -7.7200855112, -0.0155764736843, 4.86230074781
3.98, 0.988737403029, -7.67145982811, -0.00743497847905, 4.86820398409
3.99, 0.988681055853, -7.62277606293, -0.00720076897916, 4.87391731035
4.0, 0.988572112352, -7.57403622245, -0.0155175793925, 4.87943313832
4.01, 0.988396896416, -7.52524195339, -0.0186569221119, 4.8848151912
4.02, 0.988251981906, -7.47639434181, -0.0113294063248, 4.89009887196
4.03, 0.988183970566, -7.42749456367, -0.00574545488568, 4.89524223692
4.04, 0.988110169561, -7.3785443316, -0.0114115775757, 4.90019718171
4.05, 0.987955095433, -7.32954537246, -0.0191195622509, 4.90500346093
4.06, 0.987777547879, -7.28049879488, -0.0160293525816, 4.90972467766
4.07, 0.987674347138, -7.23140542258, -0.0072264123835, 4.91435397398
4.08, 0.987618311513, -7.18226653883, -0.00748052316496, 4.91882583851
4.09, 0.98750152019, -7.13308382596, -0.0166377101228, 4.92313411176
4.1, 0.987315214121, -7.08385855275, -0.0195602993426, 4.92734921985
4.11, 0.987166446622, -7.03459139549, -0.0113021511379, 4.93150560587
4.12, 0.987092302955, -6.98528321403, -0.00895693690867, 4.93538500829
4.13, 0.987011483793, -6.93593541357, -0.0110225334374, 4.93944039135
4.14, 0.986865625706, -6.8865493168, -0.0181908644321, 4.9432142134
4.15, 0.986688096269, -6.83712583007, -0.0169730467695, 4.94692320974
4.16, 0.98656700102, -6.78766552255, -0.00933156366399, 4.95057110489
4.17, 0.986496524559, -6.73816930467, -0.00806209663842, 4.95410198679
4.18, 0.986384833433, -6.688638506, -0.0155058545495, 4.9574979672
4.19, 0.986206797525, -6.63907419173, -0.0193982836658, 4.96081609772
4.2, 0.986047527654, -6.58947687347, -0.0132049189838, 4.96409547275
4.21, 0.985961411678, -6.53984709675, -0.00723058632462, 4.96729927908
4.22, 0.985880072466, -6.49018594761, -0.0116009889827, 4.97037399195
4.23, 0.985724920299, -6.44049462193, -0.0192622220906, 4.97334848262
4.24, 0.985539104409, -6.39077375472, -0.0174728616378, 4.9762861027
4.25, 0.985417316102, -6.34102365013, -0.00915002001541, 4.97918663826
4.26, 0.985347602326, -6.29124502649, -0.00823807778711, 4.98198587587
4.27, 0.985229364845, -6.24143906014, -0.0165038204357, 4.98466674047
4.28, 0.985040785262, -6.19160661045, -0.0203124929701, 4.98729355699
4.29, 0.984877038884, -6.14174793927, -0.0132560743603, 4.98990597231
4.3, 0.98479255225, -6.09186338933, -0.00707721223559, 4.99245926
4.31, 0.984708707216, -6.04195391739, -0.0122588214974, 4.99489484493
4.32, 0.984543416608, -5.99202057497, -0.0204047978333, 4.99724814435
4.33, 0.984349094766, -5.94206378271, -0.0179508011463, 4.99958765471
4.34, 0.984227131878, -5.89208363147, -0.00891103199487, 5.00190865818
4.35, 0.984158400371, -5.84208070599, -0.00843198540866, 5.00413800475
4.36, 0.984033042891, -5.79205608571, -0.0175765397233, 5.00626038675
4.37, 0.983833431337, -5.74201046917, -0.0212390406357, 5.00834842492
4.38, 0.983665595299, -5.69194390946, -0.0132374672512, 5.0104421649
4.39, 0.983571383293, -5.64185664913, -0.00854630127999, 5.0124785395
4.4, 0.983488398248, -5.59174945391, -0.0112964993991, 5.01442995601
4.41, 0.983333315291, -5.5416232349, -0.0198036958006, 5.01629874566
4.42, 0.9831329425, -5.49147840468, -0.0195434413859, 5.01815780769
4.43, 0.982990468898, -5.44131492611, -0.0108595798227, 5.02001828105
4.44, 0.982913022581, -5.391133138, -0.0082591168605, 5.02181233866
4.45, 0.982797772386, -5.34093395973, -0.0163106135912, 5.02350630002
4.46, 0.98260267162, -5.29071808957, -0.0217650734088, 5.02516359134
4.47, 0.982418327507, -5.24048554651, -0.0154738279524, 5.02683683441
4.48, 0.982318224779, -5.19023632197, -0.00787467708069, 5.02848732989
4.49, 0.98222122431, -5.13997114898, -0.0112104697345, 5.03004411516
4.5, 0.982074870238, -5.08969070188, -0.018677556485, 5.03153783204
4.51, 0.981878522774, -5.03939541306, -0.0200228944318, 5.03301952995
4.52, 0.98172087562, -4.98908522149, -0.0129276363531, 5.03451078209
4.53, 0.981626592947, -4.9387602974, -0.00922879308704, 5.03595780326
4.54, 0.981513545549, -4.88842136546, -0.0152839295462, 5.03731898033
4.55, 0.981328794073, -4.83806907984, -0.0211836795631, 5.03864092157
4.56, 0.981138160439, -4.78770349079, -0.0170763389878, 5.03997851812
4.57, 0.981017847606, -4.73732450261, -0.00975963046688, 5.04130938855
4.58, 0.980926525123, -4.68693256993, -0.0115445634115, 5.04256605621
4.59, 0.980772501069, -4.63652847818, -0.0196956629413, 5.04375410721
4.6, 0.980566919381, -4.58611253678, -0.0207073168833, 5.04494304659
4.61, 0.980407007339, -4.53568455453, -0.0128246288084, 5.04615305338
4.62, 0.980314288789, -4.48524463294, -0.0092085922, 5.047321895
4.63, 0.980196910082, -4.43479348481, -0.0161023426693, 5.04840618112
4.64, 0.980001865095, -4.38433170958, -0.022207282466, 5.04946066249
4.65, 0.979804880301, -4.3338592355, -0.0173183549728, 5.05054370926
4.66, 0.979685587111, -4.28337586758, -0.00953301700215, 5.05162653905
4.67, 0.979593727629, -4.23288204157, -0.0119574732473, 5.05263434735
4.68, 0.97943109937, -4.18237853119, -0.0208065977213, 5.05357786019
4.69, 0.979215756382, -4.13186555594, -0.0214020038244, 5.05453428936
4.7, 0.979053900474, -4.08134280567, -0.012669955018, 5.05552189985
4.71, 0.97895108705, -4.03081039296, -0.0108475006834, 5.05645881453
4.72, 0.978832423729, -3.98026891758, -0.0153217558333, 5.05733859957
4.73, 0.978647385341, -3.92971889578, -0.0214791850534, 5.05818191821
4.74, 0.978446612475, -3.87916032633, -0.0186678708432, 5.05904867759
4.75, 0.978307910219, -3.82859298174, -0.0115163100112, 5.05992589925
4.76, 0.978205524255, -3.77801712919, -0.0120314542415, 5.06074694976
4.77, 0.978051379855, -3.72743343402, -0.0195777666971, 5.06150595067
4.78, 0.977841950308, -3.67684217107, -0.0216781816055, 5.06226885736
4.79, 0.977665810603, -3.62624307779, -0.0147743768945, 5.06306424053
4.8, 0.977556501593, -3.57563609186, -0.0103795556281, 5.06383730839
4.81, 0.977435054514, -3.52502176942, -0.0160082052812, 5.06453715537
4.82, 0.977240558739, -3.47440065917, -0.0224790751441, 5.06520833518
4.83, 0.977032931879, -3.42377266742, -0.0190024153504, 5.06591321581
4.84, 0.976894513261, -3.37313748646, -0.0113199662301, 5.06663357946
4.85, 0.976792075183, -3.32249538036, -0.0123405400984, 5.06729510029
4.86, 0.976630414213, -3.27184702958, -0.0206070993259, 5.06789561974
4.87, 0.97641122991, -3.2211926514, -0.0224396030176, 5.06850916474
4.88, 0.976232140804, -3.17053188618, -0.0147163100867, 5.06916366623
4.89, 0.976124430451, -3.11986463477, -0.0103200650012, 5.06979546317
4.9, 0.975999151792, -3.06919148142, -0.0167865051032, 5.07035092532
4.91, 0.975794328797, -3.01851296245, -0.0235446119703, 5.07088327805
4.92, 0.975579696923, -2.96782889489, -0.0193115427262, 5.07145944751
4.93, 0.975442003571, -2.91713889748, -0.0110833520859, 5.07205502339
4.94, 0.975339507223, -2.86644324649, -0.0126898809067, 5.07258735244
4.95, 0.975169629342, -2.81574264953, -0.0217138481017, 5.07305906503
4.96, 0.974940262477, -2.76503726805, -0.0232039375702, 5.07355299249
4.97, 0.974758635485, -2.71432664678, -0.0145948815285, 5.07409589856
4.98, 0.974641011253, -2.66361072426, -0.011904217896, 5.07460327633
4.99, 0.97451505774, -2.61288999646, -0.0159598013892, 5.07506000924
5.0, 0.97432021427, -2.56216494809, -0.0228611656317, 5.07548277037
5.01, 0.974101119287, -2.51143550343, -0.0207280716919, 5.07594122499
5.02, 0.973943771916, -2.46070126943, -0.0130483752522, 5.07642835074
5.03, 0.973831309, -2.40996236684, -0.0126943632768, 5.07686954492
5.04, 0.973670307645, -2.35921942009, -0.020485059771, 5.07724901813
5.05, 0.973446367878, -2.30847268222, -0.0235562117373, 5.07763819281
5.06, 0.97324984274, -2.25772177168, -0.016730324188, 5.07807590155
5.07, 0.973125955291, -2.20696645894, -0.0113749424454, 5.07850633508
5.08, 0.972997878053, -2.15620721844, -0.0165981371262, 5.07886594072
5.09, 0.972793509632, -2.10544460122, -0.0239136568501, 5.07919689019
5.1, 0.97256680575, -2.05467845794, -0.021135382079, 5.07957245841
5.11, 0.972409494571, -2.00390832577, -0.0128294474565, 5.07998063954
5.12, 0.972297602841, -1.95313433987, -0.0129280698255, 5.08033784999
5.13, 0.972129482928, -1.90235716808, -0.0215186397145, 5.08063143536
5.14, 0.97189522071, -1.85157702923, -0.0244028914452, 5.08094218712
5.15, 0.971695079778, -1.8007934549, -0.0167036946379, 5.08130922708
5.16, 0.971565050951, -1.75000622916, -0.0145694322522, 5.08145285443
5.17, 0.971430328154, -1.69921583153, -0.0161529604132, 5.08195388379
5.18, 0.971235829543, -1.64842268204, -0.022923773262, 5.0822172592
5.19, 0.971009518363, -1.59762675468, -0.0220656806113, 5.08251335576
5.2, 0.970834262038, -1.54682762923, -0.0149463632896, 5.08284575735
5.21, 0.970707983596, -1.49602531102, -0.0134844750277, 5.08314491727
5.22, 0.970545453079, -1.44522035133, -0.0203269317674, 5.08338400166
5.23, 0.970319958659, -1.39441303873, -0.0242097918552, 5.08362692259
5.24, 0.970109342857, -1.3436030189, -0.0186235161326, 5.08391994564
5.25, 0.969967144177, -1.29278998067, -0.0128616949231, 5.08421799138
5.26, 0.969832105173, -1.24197428571, -0.0166837090941, 5.08445338966
5.27, 0.969628908584, -1.19115647827, -0.0239399632671, 5.08465514545
5.28, 0.969394549152, -1.14033646841, -0.0225722990311, 5.08489741382
5.29, 0.969218299577, -1.08951376976, -0.0148022133078, 5.08518009434
5.3, 0.969092643777, -1.03868839866, -0.0136474844546, 5.08542469262
5.31, 0.96892400838, -0.987860957026, -0.0212655721509, 5.08560580786
5.32, 0.96868842398, -0.937031716784, -0.025102620523, 5.08579658984
5.33, 0.968473176488, -0.886200246486, -0.0187151864392, 5.0860448813
5.34, 0.968332213675, -0.835366204492, -0.0127331282606, 5.08629706886
5.35, 0.968194796439, -0.784530002124, -0.0172997906314, 5.08648007884
5.36, 0.967981989574, -0.733692211778, -0.0250360168714, 5.08663095011
5.37, 0.967739238611, -0.682852683421, -0.0230718930597, 5.08683069171
5.38, 0.967562363191, -0.632010863383, -0.014614258532, 5.08707464904
5.39, 0.967437451626, -0.581166788031, -0.013834821036, 5.08727443902
5.4, 0.967262090795, -0.530321118416, -0.022283582996, 5.08740695118
5.41, 0.967015849307, -0.479474107553, -0.0260187579489, 5.08755557291
5.42, 0.966796220124, -0.428625241659, -0.0187515066995, 5.08776937021
5.43, 0.96664897664, -0.377774195976, -0.0158990944064, 5.0877575499
5.44, 0.966505443633, -0.326921394926, -0.0168008377677, 5.08812969803
5.45, 0.966302643864, -0.276067287164, -0.0240742376327, 5.08824617926
5.46, 0.966059624639, -0.225211867565, -0.024083147417, 5.08839799889
5.47, 0.965864283554, -0.174354631384, -0.0167453452294, 5.08859792927
5.48, 0.965725333426, -0.123495479285, -0.0143284356502, 5.08877195473
5.49, 0.965556066555, -0.0726349600899, -0.0210706151329, 5.08888089891
