timestamp, prius0 x posi, prius0 y posi, prius0 x vel, prius0 y vel.
0.0, 0.0, 0.0, 0.0, 0.0
0.00999999999999, -24.9959961731, -0.999895576057, 0.228445511955, -0.00209922574661
0.02, -24.9932590688, -0.99996230091, 0.297739624153, -0.01017508248
0.03, -24.9898365794, -1.00002942313, 0.36589878989, -0.00321200729754
0.04, -24.9857443688, -1.00002344402, 0.433195688661, 0.00158366905603
0.05, -24.980986852, -0.999999030266, 0.499844851242, 0.00386850584566
0.0599999999999, -24.9755678594, -0.999973491015, 0.566171776357, 0.00201935567406
0.07, -24.9694911955, -0.999979126114, 0.632346060312, -0.00127563710939
0.08, -24.9627584306, -0.999999618041, 0.698355520024, -0.000824792482952
0.09, -24.9553719136, -0.999996725963, 0.764078485144, 0.00231237158183
0.1, -24.9473355258, -0.999974741093, 0.829335882593, 0.00249886710281
0.11, -24.938654813, -0.999974054339, 0.893966083108, -0.00101010797943
0.12, -24.929332073, -1.00000333691, 0.961181284249, -0.00271232419566
0.13, -24.9192105085, -1.00004920569, 1.04955817022, -0.00557765954681
0.14, -24.9082242077, -1.00011830401, 1.13755341861, -0.00509814703651
0.15, -24.8963636313, -1.00012827921, 1.22552612282, 0.00422075502713
0.16, -24.8836300942, -1.00008967756, 1.31309289696, 0.00484080227126
0.17, -24.8700288696, -1.00004892644, 1.39935602262, 0.00269856519633
0.18, -24.8555702814, -1.00007196303, 1.48455951339, -0.00474459070567
0.19, -24.8402648783, -1.00013319536, 1.56872296729, -0.00437851335191
0.2, -24.8241230561, -1.00014508057, 1.65185805338, 0.00278816105924
0.21, -24.8071550934, -1.00010756328, 1.73396976515, 0.00421128714481
0.22, -24.789371156, -1.00010885414, 1.8150673034, -0.00299684055773
0.23, -24.7707812912, -1.00017600103, 1.89516450532, -0.00695731493764
0.24, -24.7513954292, -1.00022525057, 1.97427513956, -0.000752787527604
0.25, -24.7312233785, -1.0001984997, 2.05240917462, 0.00574047854509
0.26, -24.710274828, -1.0001606765, 2.12957681911, 0.00195538692658
0.27, -24.6885593581, -1.00019359247, 2.20579112512, -0.00571331776043
0.28, -24.6660873695, -1.00026040312, 2.28101660915, -0.00443929645765
0.29, -24.6428723647, -1.0002679425, 2.35531192171, 0.00353030351759
0.3, -24.6189253561, -1.00022377974, 2.42870904363, 0.00469994339365
0.31, -24.594255854, -1.00022385818, 2.50125459744, -0.00313555601772
0.32, -24.5688725987, -1.00029325091, 2.57292363918, -0.00717182789395
0.33, -24.5427843085, -1.00034272515, 2.64371370796, -0.000664560990935
0.34, -24.5159996782, -1.00031453695, 2.7136332263, 0.00577434039815
0.35, -24.4885273835, -1.00027951783, 2.78268975257, 0.00132249238651
0.36, -24.4603768731, -1.00032201202, 2.85013035517, -0.00684765332207
0.37, -24.43156445, -1.00039886501, 2.91540219764, -0.00519912819
0.38, -24.4021098144, -1.00040937937, 2.97870315837, 0.00359810864053
0.39, -24.372032362, -1.00036322273, 3.04006537886, 0.00482072859014
0.4, -24.3413513019, -1.00036621294, 3.09951092455, -0.00381667404161
0.41, -24.310085554, -1.00044458128, 3.15708431014, -0.00808304383761
0.42, -24.2782535529, -1.00049913579, 3.21284207948, -0.000792844364455
0.43, -24.24587316, -1.00046941413, 3.26683949737, 0.0059652124934
0.44, -24.2129616575, -1.00043611065, 3.31913290823, 0.000742898934394
0.45, -24.1795357521, -1.00048814453, 3.36978184465, -0.00796654159933
0.46, -24.1456115766, -1.00057331161, 3.41884831692, -0.00566082629785
0.47, -24.1112046931, -1.00058325791, 3.46638650093, 0.00394960898475
0.48, -24.0763301344, -1.00053454562, 3.51244306051, 0.00478678411101
0.49, -24.0410024406, -1.00054315997, 3.55706587867, -0.00476964715104
0.5, -24.0052356763, -1.00063140706, 3.60030646827, -0.00890116398784
0.51, -23.9690434257, -1.00068856425, 3.64221510827, -0.000601535415189
0.52, -23.9324388067, -1.00065442979, 3.68283226395, 0.00638315433998
0.53, -23.8954345102, -1.00062148493, 3.72219686523, 0.000239260013408
0.54, -23.8580428209, -1.0006823046, 3.76035123199, -0.00897616672329
0.55, -23.8202756181, -1.00077390717, 3.79734127033, -0.005870782349
0.56, -23.7821443667, -1.00078057933, 3.83320550283, 0.00456055720736
0.57, -23.7436601504, -1.00072739945, 3.86797592713, 0.00488825109553
0.58, -23.704833701, -1.00074073736, 3.90168678627, -0.00564431100167
0.59, -23.6656754088, -1.00082335146, 3.93437748003, -0.00874182083193
0.6, -23.6261953057, -1.00089066467, 3.96608460721, -0.00226443321075
0.61, -23.5864030813, -1.00087035307, 3.99683855312, 0.00563718822212
0.62, -23.5463081099, -1.00083273628, 4.02666638556, 0.00156454262718
0.63, -23.5059194742, -1.00087887422, 4.05559822333, -0.00787074458795
0.64, -23.4652459642, -1.00097109351, 4.08366880209, -0.00693016062166
0.65, -23.4242960602, -1.00099357005, 4.11090800131, 0.00300945039415
0.66, -23.3830779569, -1.00094553679, 4.1373381747, 0.00540242516498
0.67, -23.3415995964, -1.00094474537, 4.16298292552, -0.00391650686596
0.68, -23.2998686787, -1.00103175184, 4.18787063311, -0.00949827905914
0.69, -23.257892641, -1.00110020375, 4.21203157302, -0.00188348948339
0.7, -23.2156786561, -1.0010727738, 4.23548643745, 0.0064016208601
0.71, -23.1732336712, -1.00103172614, 4.25825344251, 0.0014404397276
0.72, -23.1305644311, -1.00108364318, 4.28035411692, -0.00865116160969
0.73, -23.0876774673, -1.00116595254, 4.30181643374, -0.00691879084372
0.74, -23.0445790752, -1.00119792044, 4.3226614238, 0.00158285851967
0.75, -23.0012753412, -1.0011597767, 4.34290559323, 0.00512190667601
0.76, -22.9577721699, -1.00115068319, 4.36256479795, -0.00236888474636
0.77, -22.914075297, -1.00122277622, 4.38165921582, -0.00848831520261
0.78, -22.8701902672, -1.00129251893, 4.40021258018, -0.0029085555731
0.79, -22.8261224226, -1.00127847741, 4.41824070107, 0.00524856944848
0.8, -22.7818769392, -1.00123826955, 4.43575558271, 0.00233281724393
0.81, -22.737458854, -1.0012743329, 4.45277162788, -0.0069280617374
0.82, -22.6928730558, -1.00136255344, 4.4693097398, -0.00706417568542
0.83, -22.648124252, -1.00139031484, 4.48538815241, 0.00237056525986
0.84, -22.6032169865, -1.00134413182, 4.50101679674, 0.00573016449417
0.85, -22.5581556825, -1.00133421841, 4.51620563093, -0.00271571564411
0.86, -22.5129446516, -1.0014115582, 4.53096986054, -0.00895184575515
0.87, -22.4675880585, -1.0014810241, 4.54532953757, -0.0024181615156
0.88, -22.4220899056, -1.00145846369, 4.55929549777, 0.00619984670123
0.89, -22.3764540775, -1.0014124134, 4.57287463914, 0.00248170531197
0.9, -22.3306843735, -1.0014517874, 4.58607631054, -0.0075029492858
0.91, -22.2847844872, -1.00154354594, 4.59891836075, -0.0070546810516
0.92, -22.2387579628, -1.00156545836, 4.61141546033, 0.0033305669415
0.93, -22.1926082182, -1.00152320593, 4.62357238631, 0.00522469298711
0.94, -22.1463385998, -1.00150552108, 4.63539689436, -0.00117032625313
0.95, -22.0999523715, -1.00156713362, 4.64689862624, -0.00778736609556
0.96, -22.053452694, -1.00163594124, 4.65809401869, -0.00324499571036
0.97, -22.0068425964, -1.00162547662, 4.66899232688, 0.00510860876076
0.98, -21.960125017, -1.00158028145, 4.67959746135, 0.00335124408007
0.99, -21.9133028417, -1.00160355477, 4.6899146129, -0.00569021866655
1.0, -21.8663788879, -1.00168479704, 4.69995716913, -0.00690389257053
1.01, -21.8193558551, -1.00171524884, 4.70973834091, 0.00196438086025
1.02, -21.772236337, -1.00166887073, 4.71926192326, 0.00625551782867
1.03, -21.725022877, -1.00164773091, 4.72853015845, -0.00128110111186
1.04, -21.677717982, -1.00171286829, 4.73755045416, -0.00813896785683
1.05, -21.6303240728, -1.00178087453, 4.74633820219, -0.002726716308
1.06, -21.5828434537, -1.00176131674, 4.75490003389, 0.00616224681969
1.07, -21.5352783643, -1.00170867802, 4.76323683776, 0.00369401212895
1.08, -21.4876310248, -1.00173353608, 4.7713506479, -0.00613242345418
1.09, -21.4399036105, -1.00181774266, 4.77925389102, -0.0068892524724
1.1, -21.392098189, -1.00184241523, 4.78695846165, 0.00293667742364
1.11, -21.3442167379, -1.0017858885, 4.79446551647, 0.00708542002973
1.12, -21.2962612136, -1.0017620213, 4.80177434142, -0.00147308620443
1.13, -21.2482335629, -1.00183137572, 4.80889045166, -0.00852904140209
1.14, -21.2001356577, -1.0018983573, 4.81582915892, -0.00214022696488
1.15, -21.1519691698, -1.00187362801, 4.82268591584, 0.00255494913256
1.16, -21.1037360953, -1.00182147901, 4.82918615272, 0.00489615226804
1.17, -21.0554378799, -1.00182906154, 4.83560430075, -0.004414246821
1.18, -21.0070763086, -1.0019054547, 4.84185762806, -0.00706294539386
1.19, -20.9586529887, -1.00194026763, 4.84795845857, 0.00161250389126
1.2, -20.9101694406, -1.00189015036, 4.85390779713, 0.0073188192859
1.21, -20.8616271717, -1.00185302377, 4.85970317031, 0.000465195009662
1.22, -20.813027702, -1.00190617902, 4.86534644545, -0.0075903860217
1.23, -20.7643725007, -1.00197594435, 4.87085163144, -0.00327207552929
1.24, -20.715662934, -1.00195861499, 4.87622447191, 0.00647809195507
1.25, -20.6669003234, -1.00189427833, 4.88146248739, 0.00542350625117
1.26, -20.6180860139, -1.00190218414, 4.88656247837, -0.00479751838745
1.27, -20.5692213465, -1.00198179275, 4.89153349757, -0.00711988759644
1.28, -20.5203075718, -1.00201134062, 4.89638793382, 0.00258170310121
1.29, -20.4713458584, -1.0019634418, 4.90112395175, 0.00710208981678
1.3, -20.4223373873, -1.00191547955, 4.90574034899, 0.00227513015257
1.31, -20.3732833482, -1.0019518281, 4.91023537894, -0.00644986843539
1.32, -20.3241849076, -1.00202199207, 4.91462135351, -0.00420864231483
1.33, -20.275043135, -1.00201663143, 4.91890570714, 0.00553042948495
1.34, -20.2258590496, -1.0019505441, 4.92308566959, 0.00660106293665
1.35, -20.1766337015, -1.00194020381, 4.92715619291, -0.00288917640575
1.36, -20.1273681595, -1.0020099152, 4.9311228332, -0.00712002500057
1.37, -20.0780634172, -1.00204916234, 4.93499905341, 0.00119006871126
1.38, -20.0287202612, -1.00200054235, 4.93890369118, 0.00367004485199
1.39, -19.9793399637, -1.00195435101, 4.94247484396, 0.00329330180243
1.4, -19.929923115, -1.00197407668, 4.94606892386, -0.00465707195891
1.41, -19.8804707607, -1.00203416327, 4.94957578466, -0.00408136379776
1.42, -19.8309837472, -1.00203670462, 4.95300363556, 0.00430761208967
1.43, -19.7814628679, -1.00197788335, 4.95635030166, 0.0066272994739
1.44, -19.7319089452, -1.00195624661, 4.95961035599, -0.00106690085575
1.45, -19.6823228315, -1.00200901427, 4.96278649921, -0.00595874972057
1.46, -19.6327053224, -1.00204832062, 4.96589119579, 0.000296092395592
1.47, -19.5830571282, -1.00200653144, 4.96892606758, 0.0074733518466
1.48, -19.5333789565, -1.00195038471, 4.97188592809, 0.00358059024709
1.49, -19.4836715678, -1.00197137473, 4.97476655641, -0.00497407536799
1.5, -19.4339357141, -1.00203241385, 4.97757865827, -0.00384046909106
1.51, -19.3841720554, -1.00202767909, 4.9803304108, 0.00533823228723
1.52, -19.3343812023, -1.00195923621, 4.98301837043, 0.0073447253155
1.53, -19.2845638116, -1.00193565261, 4.98563531558, -0.00126614225829
1.54, -19.2347205811, -1.00199152252, 4.98818402611, -0.00615503639654
1.55, -19.1848521451, -1.00202786145, 4.99067825336, 0.00103134008325
1.56, -19.1349590476, -1.00197594378, 4.99311866338, 0.00851770011524
1.57, -19.0850418412, -1.00191346593, 4.99549859479, 0.00377580705821
1.58, -19.0351011489, -1.00193672945, 4.99781244097, -0.00538093572376
1.59, -18.9851375856, -1.00199909691, 5.00007255591, -0.00358876810337
1.6, -18.9351516634, -1.00198660801, 5.00228714876, 0.00642777508234
1.61, -18.8851438477, -1.00190831665, 5.00445158894, 0.00804289149157
1.62, -18.8351146678, -1.00188344137, 5.00655674152, -0.00155304760602
1.63, -18.7850647046, -1.00194305306, 5.00860578693, -0.00637755066832
1.64, -18.7349944653, -1.00197611266, 5.01061403174, 0.00183525640349
1.65, -18.6849043579, -1.00192373355, 5.01257963383, 0.00731930062807
1.66, -18.6347948297, -1.00185489824, 5.01449854063, 0.00535122789772
1.67, -18.5846663707, -1.00186032807, 5.01636253155, -0.00388121486899
1.68, -18.5345194931, -1.00191873768, 5.01818129106, -0.00415859406261
1.69, -18.4843546126, -1.00191772888, 5.01996555135, 0.00524539376213
1.7, -18.4341720821, -1.00184187326, 5.02171177364, 0.00877807164461
1.71, -18.3839723119, -1.00180056183, 5.02341046737, 0.000456538913968
1.72, -18.3337557815, -1.00184650837, 5.02506091049, -0.00588079917845
1.73, -18.283522916, -1.00188603099, 5.02667882738, 0.000521813170196
1.74, -18.2332740342, -1.00183372723, 5.02826632727, 0.00922653203519
1.75, -18.183009459, -1.00175626759, 5.02981574063, 0.00569597769745
1.76, -18.1327296079, -1.00176323036, 5.03131770334, -0.0042902198162
1.77, -18.0824349126, -1.00182371112, 5.03278371793, -0.00401097992509
1.78, -18.0321256943, -1.00181553525, 5.03422505435, 0.00633955500398
1.79, -17.9818022144, -1.00174331926, 5.03563545161, 0.00918903511355
1.8, -17.9314648059, -1.00168752632, 5.03700891037, 0.00240048084837
1.81, -17.8811138573, -1.00171866044, 5.03834029329, -0.0051554241091
1.82, -17.8307497323, -1.00176254382, 5.03964483146, -0.000665491228367
1.83, -17.7803726819, -1.00172125993, 5.04092753118, 0.00864416997744
1.84, -17.729982941, -1.00163745532, 5.04218146246, 0.00727530222075
1.85, -17.6795808414, -1.00162536422, 5.04339551295, -0.00259515247926
1.86, -17.629166754, -1.00168015141, 5.04457748058, -0.00447209288984
1.87, -17.5787409489, -1.00168372364, 5.04574146419, 0.00502924693317
1.88, -17.5283036133, -1.00161427748, 5.04688260879, 0.0090361552728
1.89, -17.4778550052, -1.00154748189, 5.0479949614, 0.00423278912565
1.9, -17.4273954402, -1.00156134364, 5.04907074592, -0.00394928194758
1.91, -17.3769252337, -1.00160496146, 5.0501232173, -0.00154482136562
1.92, -17.3264445895, -1.00157537734, 5.05116036059, 0.00769827952976
1.93, -17.2759536741, -1.00148996157, 5.05217639527, 0.00843784015985
1.94, -17.2254527444, -1.00145955583, 5.05315957529, -0.000656160161187
1.95, -17.1749421194, -1.00150393995, 5.05411338606, -0.00441382028453
1.96, -17.1244220338, -1.00151681025, 5.05505364009, 0.00365541996856
1.97, -17.0738926222, -1.00144208775, 5.05597943817, 0.0102883729504
1.98, -17.0233540619, -1.00136920882, 5.05688040578, 0.00436283979954
1.99, -16.9728066397, -1.00138556008, 5.05774824928, -0.00432190487797
2.0, -16.9222506272, -1.00142952514, 5.05859875424, -0.00116183731363
2.01, -16.8716861684, -1.00139117343, 5.05943985584, 0.00883935447958
2.02, -16.8211133778, -1.00131056275, 5.06026277421, 0.0086287949313
2.03, -16.7705324759, -1.00126767041, 5.06106009868, 0.0011677708698
2.04, -16.7199437214, -1.00129669572, 5.06183107279, -0.00350194491174
2.05, -16.6693473197, -1.00131167772, 5.06259078389, 0.00265563245545
2.06, -16.6187433739, -1.00124774247, 5.06334078505, 0.00958203462182
2.07, -16.5681320084, -1.00117070439, 5.06407210028, 0.0057108361463
2.08, -16.5175134543, -1.00116894848, 5.06477511682, -0.00257576542461
2.09, -16.4668879496, -1.00120528448, 5.06546188811, -0.00136837636406
2.1, -16.4162556176, -1.00117703413, 5.06614257655, 0.00756553260536
2.11, -16.3656165299, -1.00108743796, 5.06681194714, 0.00941729497065
2.12, -16.3149708508, -1.00104226162, 5.06745719781, 0.00100641667424
2.13, -16.2643188251, -1.00107395825, 5.06807900592, -0.00365512870171
2.14, -16.2136606215, -1.00108567811, 5.06869449544, 0.00340672488348
2.15, -16.162996295, -1.00101160358, 5.06930443188, 0.0106203481892
2.16, -16.1123259339, -1.00092823962, 5.06989837363, 0.00591538817887
2.17, -16.0616497498, -1.00092852349, 5.07046544737, -0.00295012368594
2.18, -16.0109695444, -1.00096589701, 5.07069764442, -0.00109569730103
2.19, -15.9602890939, -1.00092985698, 5.07056170519, 0.00864567905436
2.2, -15.9096098833, -1.00083054335, 5.07037107567, 0.0101051089063
2.21, -15.8589343629, -1.0007840301, 5.06981228849, 0.000735653607432
2.22, -15.8082679038, -1.00081925767, 5.06863467921, -0.00385760294471
2.23, -15.7576147126, -1.00082757866, 5.06714993865, 0.00421226924391
2.24, -15.7069778432, -1.00075308324, 5.0653400401, 0.00941394313008
2.25, -15.656362335, -1.00066352523, 5.06293429446, 0.00747192755927
2.26, -15.6057721825, -1.00064603821, 5.06026044984, -0.00144689968988
2.27, -15.5552099905, -1.00067930198, 5.05739242966, -0.00164930328049
2.28, -15.5046762945, -1.00065465497, 5.05451769175, 0.00745769017346
2.29, -15.4541721859, -1.00055797797, 5.05148062425, 0.0108087333873
2.3, -15.4037003021, -1.00049530388, 5.04813303917, 0.00272492491774
2.31, -15.3532614234, -1.00051685899, 5.04477780659, -0.00334957159819
2.32, -15.3028580147, -1.0005315475, 5.04106646254, 0.00289611465217
2.33, -15.2524934931, -1.00045740645, 5.03704489156, 0.0112731510492
2.34, -15.2021696403, -1.0003595731, 5.0329420329, 0.00779519455151
2.35, -15.1518875114, -1.00034362576, 5.0286857646, -0.00184681630741
2.36, -15.1016484482, -1.00037891391, 5.02432634455, -0.00151027217086
2.37, -15.0514534178, -1.00034740642, 5.01987533332, 0.00850422982486
2.38, -15.0013046343, -1.00025356889, 5.01514163478, 0.0104208405916
2.39, -14.9512035107, -1.00018208364, 5.01029955045, 0.00436628235494
2.4, -14.9011514195, -1.00018704605, 5.00534595232, -0.00210204757891
2.41, -14.8511493222, -1.0002002712, 5.00027409749, 0.00215056501662
2.42, -14.8011994962, -1.00013743111, 4.9948870613, 0.0102603295057
2.43, -14.7513046368, -1.00003974059, 4.98932754652, 0.00873080343534
2.44, -14.701465635, -1.00000711799, 4.98370087797, 1.89072424001e-05
2.45, -14.651683027, -1.00003140408, 4.97805549992, -0.00131084026476
2.46, -14.601957037, -1.00000793412, 4.97236001536, 0.007190929432
2.47, -14.552289228, -0.999909676854, 4.96645158823, 0.0114808713502
2.48, -14.5026805627, -0.999834226438, 4.96054092223, 0.00432022540143
2.49, -14.4531311818, -0.999842119314, 4.95455813019, -0.00240602867081
2.5, -14.4036417734, -0.999854335066, 4.94854683251, 0.00267091489559
2.51, -14.3542125232, -0.999782452705, 4.94251556604, 0.0113130754405
2.52, -14.304844857, -0.999677153776, 4.93624823134, 0.00910735489248
2.53, -14.2555398422, -0.999645692754, 4.93000565886, -0.000379867235264
2.54, -14.2062972534, -0.999672692265, 4.92372794483, -0.00128927989932
2.55, -14.157117622, -0.999643590766, 4.91743668908, 0.00813860573019
2.56, -14.108000997, -0.999535370091, 4.91109592425, 0.0123060134496
2.57, -14.0589488068, -0.99945704513, 4.90457114064, 0.00415781347633
2.58, -14.0099617077, -0.999468874716, 4.89809304473, -0.00277615906179
2.59, -13.9610386072, -0.999480112749, 4.89165881236, 0.00323342541019
2.6, -13.9121816533, -0.999403366004, 4.88514813337, 0.00773041311398
2.61, -13.863393635, -0.99929863235, 4.87801325096, 0.0102998091736
2.62, -13.8146737594, -0.999249999655, 4.87120222051, 0.00132768465112
2.63, -13.76602123, -0.999269326023, 4.86454030204, -0.00147875158624
2.64, -13.717438058, -0.999250559572, 4.8573836993, 0.00679401452993
2.65, -13.668926811, -0.999148969442, 4.85009388498, 0.0125177210568
2.66, -13.6204892768, -0.999057583729, 4.84255936586, 0.0060772358912
2.67, -13.5721292797, -0.999053439321, 4.83467562636, -0.0018645773425
2.68, -13.5238486296, -0.999067802773, 4.82669286454, 0.00206276815312
2.69, -13.4756483226, -0.998998896177, 4.81858718647, 0.0115558113075
2.7, -13.4275294265, -0.998882424823, 4.81039191909, 0.0108046383996
2.71, -13.3794949253, -0.998834210713, 4.80174269418, 0.000936836645298
2.72, -13.331547096, -0.998857012629, 4.79309820159, -0.00158331672919
2.73, -13.2836891736, -0.998833688534, 4.78373279098, 0.00767782634924
2.74, -13.2359273152, -0.998734933727, 4.77376539644, 0.0122481503672
2.75, -13.1882722074, -0.998633290374, 4.76252140884, 0.00782865439438
2.76, -13.1407319361, -0.998612831489, 4.75090053804, -0.000769478907071
2.77, -13.093316882, -0.998628067709, 4.73753957403, 0.00106750490693
2.78, -13.0460380472, -0.998571826959, 4.72346924014, 0.010521693093
2.79, -12.9989086582, -0.998454583757, 4.70775287855, 0.0118722445569
2.8, -12.9519387516, -0.998389130107, 4.69160406842, 0.00274752116905
2.81, -12.9051332373, -0.998402857069, 4.67500841595, -0.00166670529363
2.82, -12.8585026, -0.998390117017, 4.65676421781, 0.00617875537222
2.83, -12.8120599585, -0.99829745357, 4.63713690093, 0.01113115316
2.84, -12.765816475, -0.998190701456, 4.61705885368, 0.00924215573499
2.85, -12.7197802169, -0.99815380662, 4.59586115016, 0.000602846669358
2.86, -12.6739569439, -0.998166103224, 4.57428137548, 0.000395230695049
2.87, -12.6283533903, -0.998122583407, 4.55208413602, 0.00917865542549
2.88, -12.5829708042, -0.998009670098, 4.5299592927, 0.0123916409835
2.89, -12.5378093056, -0.997929883946, 4.50792610571, 0.00455269250385
2.9, -12.4928676011, -0.997931753085, 4.4859673701, -0.00134014975946
2.91, -12.4481434489, -0.997927115566, 4.46437433635, 0.00468989068815
2.92, -12.4036333719, -0.997836720502, 4.4431347781, 0.0127702038502
2.93, -12.3593339687, -0.997723737895, 4.4222135258, 0.00936957093151
2.94, -12.315242071, -0.997690237568, 4.40167049157, 2.61655107232e-05
2.95, -12.2713542225, -0.997706355522, 4.38137057267, 0.000350827417335
2.96, -12.2276677386, -0.997657939789, 4.36134258256, 0.0100215864266
2.97, -12.1841818192, -0.997550946567, 4.3412894195, 0.0125647621915
2.98, -12.140894819, -0.997459072996, 4.32157102518, 0.00626952764133
2.99, -12.0978035517, -0.997448135891, 4.30204752249, -0.000792320110903
3.0, -12.0549062205, -0.997449604613, 4.28284997303, 0.00332274594349
3.01, -12.0122009028, -0.997372299556, 4.26357545125, 0.0119605356774
3.02, -11.9696874292, -0.997255377175, 4.24449388722, 0.0107099731936
3.03, -11.9273634606, -0.997205017738, 4.22570259891, 0.0015245637184
3.04, -11.8852283149, -0.997217225888, 4.20672120019, -0.000279881614051
3.05, -11.8432814296, -0.997182412601, 4.18800536205, 0.00850825752899
3.06, -11.8015203786, -0.997077699666, 4.16955682557, 0.0111164626834
3.07, -11.7599427332, -0.996983286279, 4.15131071495, 0.0074653305166
3.08, -11.7185464893, -0.996956847464, 4.13326257453, 0.000620300350169
3.09, -11.677329616, -0.996954086972, 4.11546239541, 0.00281519501469
3.1, -11.6362917071, -0.996888812463, 4.09746757021, 0.010584135396
3.11, -11.5954323428, -0.996777890159, 4.07974521781, 0.0110037963515
3.12, -11.5547493748, -0.996714904291, 4.06215173696, 0.00326503964038
3.13, -11.514241274, -0.996714315578, 4.04478727148, 0.000254428175385
3.14, -11.4739052476, -0.996685616032, 4.02769429446, 0.00715656521151
3.15, -11.4337373361, -0.996583473454, 4.01118658338, 0.0125987074167
3.16, -11.3937307584, -0.996484826035, 3.99539550218, 0.00742702825399
3.17, -11.3538790708, -0.996461926473, 3.98021163521, 0.000171096652882
3.18, -11.3141745205, -0.996460740416, 3.96592628665, 0.00301739014523
3.19, -11.274609033, -0.996389313832, 3.95241017974, 0.0114217819805
3.2, -11.2351729671, -0.996271662095, 3.94000178049, 0.0113899490343
3.21, -11.1958550744, -0.99620961816, 3.92869372272, 0.00285650916619
3.22, -11.1566464934, -0.99621310607, 3.91816144734, 4.40841768583e-05
3.23, -11.1175392168, -0.996181598144, 3.90844478546, 0.00784035736139
3.24, -11.0785219905, -0.99607104369, 3.90015440688, 0.0133872328143
3.25, -11.0395812228, -0.995968958795, 3.89300966201, 0.00736239749724
3.26, -11.0007080771, -0.995949891547, 3.88665730001, -0.000281690019735
3.27, -10.9618945832, -0.99594977628, 3.88115949756, 0.0033275941682
3.28, -10.9231291016, -0.995870749238, 3.87694458673, 0.0124184517694
3.29, -10.8843986713, -0.995745267926, 3.87401026224, 0.0118401718002
3.3, -10.8456941254, -0.99568404438, 3.87187609293, 0.00244892835112
3.31, -10.8070039542, -0.995691095081, 3.87101940611, -5.38233336437e-05
3.32, -10.7683191383, -0.995655117437, 3.8708644419, 0.00871985664894
3.33, -10.72962859, -0.995534420536, 3.87207814331, 0.0143128011815
3.34, -10.6909231906, -0.99542821309, 3.87387689207, 0.00732785941695
3.35, -10.6521927614, -0.995412509923, 3.87699111588, -0.000647997293357
3.36, -10.6134286235, -0.995411903332, 3.88067038939, 0.00383961168433
3.37, -10.5746206746, -0.995323343597, 3.8856501671, 0.0135829502133
3.38, -10.5357563182, -0.99520302981, 3.89179074893, 0.0126385264389
3.39, -10.496828628, -0.995125437552, 3.89851291993, 0.00440228322026
3.4, -10.4578307024, -0.995119596693, 3.90581856869, 0.000398290151308
3.41, -10.4187528339, -0.995089578611, 3.91444083663, 0.00755483867193
3.42, -10.3795823692, -0.994977201653, 3.92414701349, 0.0141672954305
3.43, -10.3403124962, -0.994860608103, 3.93431230189, 0.00920194920885
3.44, -10.3009360483, -0.994825490006, 3.94592042036, 0.000902140309437
3.45, -10.2614398994, -0.994821170054, 3.95797382397, 0.00325117980708
3.46, -10.2218161273, -0.994743141531, 3.97127483598, 0.0126264155837
3.47, -10.1820572498, -0.994607729692, 3.98509958606, 0.0135011200065
3.48, -10.142153448, -0.994526945018, 4.0001093674, 0.00435897434226
3.49, -10.1020974736, -0.994522010299, 4.01570397873, 0.000488862198534
3.5, -10.0618785848, -0.99448586648, 4.03271198797, 0.00861693808318
3.51, -10.0214836776, -0.99436067716, 4.05067691351, 0.0154347381684
3.52, -9.9809073489, -0.994236017958, 4.06898491116, 0.00956637495758
3.53, -9.94014637932, -0.994201066, 4.08759844699, 0.000770580859542
3.54, -9.89919753345, -0.994194657666, 4.1066508239, 0.00389311842464
3.55, -9.85805165179, -0.994105164048, 4.12685644511, 0.0140559678065
3.56, -9.816702256, -0.99397184794, 4.14743404009, 0.0139951538811
3.57, -9.77514598577, -0.99387530389, 4.16827325037, 0.00653243974621
3.58, -9.73337500065, -0.99385159617, 4.19020891279, 0.00173568127869
3.59, -9.69138380638, -0.993814465829, 4.21225498552, 0.00791952432907
3.6, -9.64916623733, -0.993696985264, 4.23556229037, 0.0150592209505
3.61, -9.60671430901, -0.993564548484, 4.25909964569, 0.0113069905786
3.62, -9.56402648547, -0.993507484331, 4.28265269064, 0.00291991275452
3.63, -9.52110718665, -0.993489682548, 4.30545193036, 0.00404674094018
3.64, -9.47796351277, -0.99340684919, 4.32755731862, 0.013130401005
3.65, -9.43460229113, -0.993260584016, 4.34898397836, 0.0151880611215
3.66, -9.39103031742, -0.993157759199, 4.36972831995, 0.00676478738317
3.67, -9.3472543327, -0.993132897701, 4.38981014813, 0.00195772414298
3.68, -9.30328070269, -0.993088750957, 4.40928425047, 0.00904849474077
3.69, -9.25911534684, -0.992957274377, 4.42817670084, 0.0164851252371
3.7, -9.21476404574, -0.992814636867, 4.44648870154, 0.0118894207191
3.71, -9.17023264452, -0.992755946756, 4.46421455472, 0.00289516849971
3.72, -9.1255268042, -0.992735744215, 4.48139865242, 0.00465421502081
3.73, -9.08065173558, -0.992641706527, 4.49808163366, 0.0145521227046
3.74, -9.03561236356, -0.992482250599, 4.5142723378, 0.0162192948565
3.75, -8.9904136766, -0.992374720957, 4.52995687177, 0.00681826740597
3.76, -8.94506068342, -0.992350221122, 4.54515028335, 0.00206134926218
3.77, -8.89955804938, -0.992299654348, 4.55990509374, 0.0101511908231
3.78, -8.85390958858, -0.992159213444, 4.57468630824, 0.0130976110623
3.79, -8.80812087169, -0.992015568141, 4.58814482891, 0.0132221047047
3.8, -8.76219486898, -0.991937233692, 4.60161881748, 0.00496342072654
3.81, -8.71613621908, -0.991904528255, 4.61468946391, 0.00499866211176
3.82, -8.66994876742, -0.991816167346, 4.62739443176, 0.0135653494836
3.83, -8.6236360968, -0.991661243723, 4.63974136615, 0.0165432235498
3.84, -8.57720185227, -0.991539360354, 4.65171590377, 0.00893436706677
3.85, -8.53064976087, -0.991495328208, 4.66332163455, 0.0034461880953
3.86, -8.48398330743, -0.99144278604, 4.67460260945, 0.00945419261148
3.87, -8.4372056213, -0.991306877003, 4.68557788244, 0.0171994110535
3.88, -8.39031976471, -0.991150373472, 4.6962404467, 0.0137910624318
3.89, -8.34332896822, -0.991070797905, 4.70657249907, 0.00486237026997
3.9, -8.2962364063, -0.991037153418, 4.71660493848, 0.00541559205631
3.91, -8.24904489967, -0.990939541449, 4.72637298604, 0.0148175705224
3.92, -8.20175704009, -0.990772447765, 4.7358790766, 0.0175304692298
3.93, -8.15437554988, -0.990646040613, 4.74510180032, 0.0089667465018
3.94, -8.10690328049, -0.990603186853, 4.75404256779, 0.00341210014344
3.95, -8.059342844, -0.990546079099, 4.7627466992, 0.0103594083166
3.96, -8.01169650495, -0.990397961103, 4.77122912527, 0.0184802456283
3.97, -7.96396651195, -0.990232623882, 4.77947742874, 0.0142298521587
3.98, -7.91615534343, -0.99015323881, 4.78746803318, 0.00462709356476
3.99, -7.8682654366, -0.990119479844, 4.79523423236, 0.00580051733235
4.0, -7.82029886605, -0.990012524662, 4.80280977279, 0.0160944952681
4.01, -7.77225751428, -0.98984781794, 4.81018830684, 0.0180392411947
4.02, -7.72414344562, -0.989705791035, 4.81735669872, 0.0110519663749
4.03, -7.67595882014, -0.989646188798, 4.82430449073, 0.00436450809503
4.04, -7.62770566267, -0.989591138817, 4.83107183714, 0.00938225504015
4.05, -7.57938566416, -0.989452448369, 4.83767750484, 0.018012680443
4.06, -7.53100045797, -0.989279816641, 4.84411138225, 0.0159056635508
4.07, -7.48255191375, -0.989179952939, 4.85034625156, 0.00650683237505
4.08, -7.43404194125, -0.989138293635, 4.85640352477, 0.00556876453698
4.09, -7.38547213838, -0.989041134557, 4.86231991594, 0.0149355693429
4.1, -7.33684386819, -0.988864923637, 4.86809633222, 0.0191519586368
4.11, -7.28815865056, -0.98871762251, 4.87370712908, 0.0111197560669
4.12, -7.23941822327, -0.988659732933, 4.87914157617, 0.00420770508772
4.13, -7.19062415321, -0.9886016616, 4.88444353974, 0.0101428497101
4.14, -7.14177716927, -0.988456163522, 4.89012047457, 0.0145792511923
4.15, -7.09287996946, -0.988282140558, 4.89468109488, 0.0173143796209
4.16, -7.04393250872, -0.988162830419, 4.89958199543, 0.00844158737082
4.17, -6.99493678496, -0.988111426025, 4.90433827358, 0.00556431082358
4.18, -6.9458940605, -0.988022956235, 4.90898869944, 0.0137449769301
4.19, -6.89680533402, -0.987851712697, 4.91353794996, 0.0195464021441
4.2, -6.84767171377, -0.987689304126, 4.91796353724, 0.0132570754055
4.21, -6.79849456332, -0.987613295914, 4.92224544638, 0.00532282298003
4.22, -6.74927515441, -0.987556546127, 4.92642155612, 0.00913486985737
4.23, -6.70001442054, -0.987417285172, 4.9305138354, 0.0186157951284
4.24, -6.65071321144, -0.987229603006, 4.93451184589, 0.0180135639532
4.25, -6.60137265184, -0.987108757466, 4.93838196997, 0.00824399283498
4.26, -6.55199398906, -0.987058971356, 4.94213653866, 0.00564007369785
4.27, -6.50257818464, -0.986964167499, 4.94581659602, 0.0148099422892
4.28, -6.45312593453, -0.986794014764, 4.94941930954, 0.0194642584837
4.29, -6.40363811272, -0.986619153696, 4.95293127928, 0.0152444940459
4.3, -6.3541157636, -0.986524650938, 4.95632494181, 0.00661437215647
4.31, -6.30455994472, -0.98646711802, 4.95963036563, 0.00829301300633
4.32, -6.25497139057, -0.986338923917, 4.96287570406, 0.0177670395185
4.33, -6.20535069261, -0.986148201855, 4.96605426119, 0.0193456479021
4.34, -6.15569869081, -0.986007437985, 4.96913297131, 0.0103180181817
4.35, -6.1060164163, -0.985946379761, 4.97211149703, 0.00574960675167
4.36, -6.05630467199, -0.985860420634, 4.97503287431, 0.0134948952693
4.37, -6.00656343592, -0.985688601715, 4.97842568095, 0.0161569604334
4.38, -5.95679489088, -0.985514012497, 4.98069937908, 0.0164289040414
4.39, -5.90699832068, -0.985401337502, 4.98340358454, 0.00854142762735
4.4, -5.85717510176, -0.985332742588, 4.98603294418, 0.00849421474258
4.41, -5.8073258328, -0.985211732101, 4.98861707321, 0.0166280267587
4.42, -5.75745094265, -0.985027094401, 4.9911530968, 0.0195182910991
4.43, -5.70755105162, -0.984873445829, 4.99361299055, 0.0122957649367
4.44, -5.65762699176, -0.984794211936, 4.99598832125, 0.00700335879582
4.45, -5.60767943849, -0.984707634348, 4.9983166042, 0.012661176724
4.46, -5.55770877675, -0.984541817965, 5.00060960953, 0.0200652586915
4.47, -5.50771541892, -0.984355839939, 5.00284969712, 0.0168772369788
4.48, -5.45770006795, -0.984242949874, 5.00500669476, 0.00834852367278
4.49, -5.40766346337, -0.984174460044, 5.00710436598, 0.00879314868762
4.5, -5.35760604295, -0.984045601144, 5.0091733654, 0.0177303944097
4.51, -5.30752807578, -0.983850232742, 5.01120860129, 0.0203782533167
4.52, -5.25743006293, -0.983693080646, 5.01317769786, 0.0122473375013
4.53, -5.2073127355, -0.983615800983, 5.01507306938, 0.00688759082221
4.54, -5.15717663925, -0.983525715289, 5.01693672078, 0.0134431628022
4.55, -5.10702200773, -0.983349030186, 5.01877899059, 0.0212156926185
4.56, -5.05684912872, -0.983155306179, 5.02057913024, 0.017231682184
4.57, -5.00665861969, -0.983043260922, 5.02230343966, 0.00805741743342
4.58, -4.95645112369, -0.982975364009, 5.0239808778, 0.00909073286508
4.59, -4.90622694628, -0.982838273929, 5.02564314478, 0.0188854187505
4.6, -4.85598623006, -0.982645131347, 5.02727775239, 0.0200316166369
4.61, -4.8057294223, -0.982478530788, 5.02886272242, 0.0139861632257
4.62, -4.75545708694, -0.982383224306, 5.03038421443, 0.00830864678347
4.63, -4.7051697009, -0.982289990257, 5.03187714118, 0.0128461463738
4.64, -4.65486745177, -0.982123584622, 5.03335636655, 0.0202712243244
4.65, -4.60455052431, -0.981929413605, 5.03480622391, 0.0182379576897
4.66, -4.55421939169, -0.981799539511, 5.03619506857, 0.0100796840073
4.67, -4.50387460511, -0.981718815091, 5.03754027277, 0.00947721699567
4.68, -4.45351643811, -0.981588269637, 5.0388744675, 0.0176820763183
4.69, -4.40314497269, -0.981389920479, 5.04019493306, 0.0211537835168
4.7, -4.35276049704, -0.981218590292, 5.04147095229, 0.0140462320854
4.71, -4.30236355491, -0.981124660123, 5.04268908425, 0.00819483241278
4.72, -4.25195454645, -0.981028502207, 5.04388898503, 0.0135400571204
4.73, -4.20153355697, -0.98085183842, 5.04508446897, 0.0214049020161
4.74, -4.15110068993, -0.980649411738, 5.04625707551, 0.0186867941706
4.75, -4.10065637598, -0.980519506618, 5.04737152181, 0.00984413537316
4.76, -4.05020111641, -0.980439549442, 5.04844992836, 0.00970131403548
4.77, -3.99973509789, -0.980301700188, 5.04952677479, 0.0187570785835
4.78, -3.94925831174, -0.980092544188, 5.05059742842, 0.0220429523815
4.79, -3.89877099631, -0.979917479348, 5.05162671583, 0.0140034779973
4.8, -3.84827366548, -0.979825798941, 5.05260174859, 0.00802432762304
4.81, -3.79776665701, -0.979726720235, 5.05356755352, 0.0142745512823
4.82, -3.74724996609, -0.979539300544, 5.05453680742, 0.022575411253
4.83, -3.69672363075, -0.979328754137, 5.05548811045, 0.0190791347009
4.84, -3.64618805799, -0.97919961532, 5.05638215799, 0.00953050709811
4.85, -3.59564371389, -0.979120748488, 5.0572467198, 0.00993947143972
4.86, -3.54509070855, -0.978975042193, 5.05811797469, 0.0199033702499
4.87, -3.49452896955, -0.978769050164, 5.0589834907, 0.0225062919966
4.88, -3.44395870333, -0.978578752454, 5.05982134184, 0.0160439847912
4.89, -3.39338032403, -0.978471133538, 5.06060667843, 0.00886692517795
4.9, -3.34279417532, -0.978375399797, 5.06138022322, 0.0131703364183
4.91, -3.29220024828, -0.978198369768, 5.06216225446, 0.0220464571885
4.92, -3.24159849643, -0.977980839617, 5.06293681441, 0.0207389802374
4.93, -3.19098922565, -0.977831592647, 5.06366273468, 0.0113473024582
4.94, -3.14037288286, -0.977745830923, 5.06435477194, 0.00958765549982
4.95, -3.0897496009, -0.977611032519, 5.06505492562, 0.0186574262189
4.96, -3.0391192451, -0.977404390469, 5.06575660359, 0.0213224691995
4.97, -2.98848197849, -0.977208613766, 5.06643857344, 0.0175488209958
4.98, -2.93783812183, -0.977082298006, 5.06707471218, 0.0105986068171
4.99, -2.88718799883, -0.976979274479, 5.06769593494, 0.0129526983086
5.0, -2.83653162131, -0.976811509555, 5.06832634646, 0.0209394414015
5.01, -2.78586891159, -0.976597180341, 5.06895511923, 0.0213250464217
5.02, -2.73520008134, -0.976432194491, 5.06954636301, 0.0134088535438
5.03, -2.68452552159, -0.976330457948, 5.07010349906, 0.0104277969125
5.04, -2.63384538339, -0.976198907163, 5.07066614013, 0.0175774141516
5.05, -2.58315954937, -0.975991929439, 5.07123846378, 0.0231231915783
5.06, -2.5324680461, -0.975788999362, 5.07179266459, 0.0177878276183
5.07, -2.48177122694, -0.97566346995, 5.0723012526, 0.0104252027178
5.08, -2.43106939292, -0.975559129579, 5.07280030271, 0.0134513401465
5.09, -2.3803624989, -0.975382189698, 5.07331399678, 0.0220737924854
5.1, -2.32965042016, -0.975158283009, 5.07382912348, 0.0219780680011
5.11, -2.2789333642, -0.974991670905, 5.07430531129, 0.0132459574848
5.12, -2.22821172123, -0.974891468637, 5.07474952839, 0.0104728288316
5.13, -2.1774856015, -0.974754460504, 5.07520520338, 0.0185214517485
5.14, -2.12675482994, -0.974536478539, 5.07567484455, 0.0241553866683
5.15, -2.0760194119, -0.974327825746, 5.07612664744, 0.0179304568823
5.16, -2.02527971099, -0.974204034182, 5.07653145625, 0.0101764938971
5.17, -1.97453601114, -0.974098584962, 5.07693179606, 0.0139744281433
5.18, -1.92378821201, -0.973911978045, 5.07735178279, 0.0232577054231
5.19, -1.87303614688, -0.973678425113, 5.07777580855, 0.022595400529
5.2, -1.82228002877, -0.973510903149, 5.07815838472, 0.0129999150774
5.21, -1.77152025395, -0.973412727797, 5.07851083055, 0.0105103824252
5.22, -1.72075689359, -0.973269832137, 5.07888045667, 0.0195364454224
5.23, -1.66998972134, -0.973053442972, 5.07926179612, 0.0240242360347
5.24, -1.61921876642, -0.972832794624, 5.07963545727, 0.019879616724
5.25, -1.56844429668, -0.972690789399, 5.07996410493, 0.0114484236827
5.26, -1.51766662366, -0.972584733115, 5.08028107864, 0.013114225155
5.27, -1.46688568623, -0.97240945283, 5.08061880254, 0.0223776740393
5.28, -1.41610127327, -0.972173202306, 5.08096752917, 0.0238953982781
5.29, -1.36531350882, -0.971986001695, 5.08128374435, 0.0150590431483
5.3, -1.3145227776, -0.971876636275, 5.08156370333, 0.0106151868821
5.31, -1.26372920511, -0.971742683927, 5.0818574667, 0.0182059520554
5.32, -1.21293190863, -0.971524891009, 5.0828296495, 0.0206999288898
5.33, -1.16213280477, -0.971304707683, 5.08247531883, 0.0210513125876
5.34, -1.1113301734, -0.971144582007, 5.08274475956, 0.0133756005628
5.35, -1.06052495073, -0.971027484003, 5.08299756059, 0.0133097918132
5.36, -1.0097171227, -0.97085952458, 5.08326818778, 0.0212202089348
5.37, -0.958906485584, -0.970629545935, 5.08355232419, 0.0240531439288
5.38, -0.908093090187, -0.970429525438, 5.08381382223, 0.0170381700356
5.39, -0.857277266867, -0.970301938046, 5.08403957914, 0.0118738919102
5.4, -0.806459172456, -0.970167390735, 5.08427293912, 0.0173635808175
5.41, -0.755638624875, -0.969955756807, 5.0845276897, 0.0245796541148
5.42, -0.704815491848, -0.969724299513, 5.08478123388, 0.0214998153875
5.43, -0.653990014943, -0.969563851758, 5.08499457813, 0.0131989775194
5.44, -0.603162497114, -0.96944675309, 5.08519393953, 0.0136113519465
5.45, -0.552332887773, -0.969271044653, 5.08541554763, 0.0223055273532
5.46, -0.501500943795, -0.969030488106, 5.08565291674, 0.0249048364484
5.47, -0.450666720982, -0.968826911697, 5.08586508488, 0.0170058286305
5.48, -0.399830571884, -0.968701088367, 5.08604036489, 0.0117748830942
5.49, -0.348992636641, -0.968562992165, 5.0862278567, 0.0181389992765
5.5, -0.298152686772, -0.968340626963, 5.08644012568, 0.0257161520112
5.51, -0.247310572175, -0.968101456609, 5.08665120183, 0.0218629147539
5.52, -0.196466644611, -0.967941657826, 5.0867332381, 0.0129322469335
5.53, -0.145625619368, -0.967824995793, 5.08615192659, 0.0139138711109
5.54, -0.0947918738917, -0.967641151429, 5.08527347818, 0.0234412898032
