timestamp, prius0 x posi, prius0 y posi, prius0 x vel, prius0 y vel.
0.0, 0.0, 0.0, 0.0, 0.0
0.00999999999999, -24.9961039152, -1.00003630008, 0.203431744537, 6.48845115854e-05
0.02, -24.9936187956, -0.999991834386, 0.272646170472, 0.00398353560866
0.03, -24.9904446664, -0.999977264624, 0.341987878093, 0.000194374485814
0.04, -24.9865821163, -1.00000046109, 0.410588650683, -0.00259326533021
0.05, -24.9820425049, -1.00002127917, 0.47809137208, 0.000239295875466
0.06, -24.9768385854, -1.00000030255, 0.544580743309, 0.00423250171051
0.07, -24.9709787923, -0.999968727869, 0.610329862793, 0.00242534864633
0.08, -24.9644685544, -0.99997837879, 0.67566625773, -0.00237589934025
0.09, -24.9572335759, -1.00002025945, 0.758221193788, -0.00456239747768
0.1, -24.9491386668, -1.00008348022, 0.845926749177, -0.00537690337286
0.11, -24.9401702737, -1.00010685011, 0.934153395094, 0.00244911646811
0.12, -24.9303265301, -1.00004998913, 1.02242003083, 0.00807734786396
0.13, -24.9196075296, -1.00000580524, 1.11065733316, 0.00114013898192
0.14, -24.908013433, -1.00005592542, 1.19875792562, -0.0075670584108
0.15, -24.8955459893, -1.0001298732, 1.28635501547, -0.00395249541549
0.16, -24.8822094963, -1.00012128924, 1.37305840172, 0.00558606494537
0.17, -24.8680123443, -1.00006504097, 1.4586010211, 0.004764173612
0.18, -24.8529650908, -1.00007963811, 1.54308861785, -0.00544750711144
0.19, -24.8370782015, -1.00016793702, 1.62653544935, -0.00805591923938
0.2, -24.8203620269, -1.0002078833, 1.70895484335, 0.00166587502408
0.21, -24.8028267935, -1.00015409583, 1.79035586112, 0.00785960764834
0.22, -24.7844825972, -1.00011570075, 1.87075015608, 0.000213597228912
0.23, -24.7653394111, -1.00017691452, 1.95015349175, -0.00864277185942
0.24, -24.7454070847, -1.00024196842, 2.02858366276, -0.0046081468104
0.25, -24.7246953301, -1.00024755696, 2.10605121216, 0.00394256619395
0.26, -24.7032137389, -1.00020038082, 2.18256360573, 0.00472775452846
0.27, -24.6809718223, -1.00020519231, 2.25812731791, -0.00398353844887
0.28, -24.6579816571, -1.00028354289, 2.33264305994, -0.00789550021646
0.29, -24.6342571906, -1.00033449137, 2.40631794289, -0.000325320961931
0.3, -24.6098073141, -1.0003008837, 2.47914351719, 0.00624214069407
0.31, -24.5846407023, -1.000266743, 2.55108052553, 0.000723741738022
0.32, -24.5587661537, -1.00031851942, 2.62213093943, -0.00780577983689
0.33, -24.5321924319, -1.00039977894, 2.69231028246, -0.00508515368628
0.34, -24.5049281934, -1.00040384948, 2.7616287781, 0.00447130859812
0.35, -24.4769820594, -1.00035270713, 2.82994715993, 0.00480846338549
0.36, -24.448365532, -1.00036300092, 2.89626691742, -0.00497061453464
0.37, -24.4190963909, -1.00045132069, 2.96063659425, -0.00866648559834
0.38, -24.3891933329, -1.00050384739, 3.02314688257, -1.43792406325e-05
0.39, -24.3586747403, -1.00046523963, 3.08382861483, 0.00664749313255
0.4, -24.3275587171, -1.00043265531, 3.14270851305, 3.00795234081e-05
0.41, -24.2958631302, -1.00049550098, 3.19981233929, -0.00904466852092
0.42, -24.2636055499, -1.00058507987, 3.25518340375, -0.00544147205615
0.43, -24.2308031242, -1.00058693656, 3.30884318168, 0.004991218103
0.44, -24.1974729386, -1.00053234767, 3.36080264416, 0.00478759430549
0.45, -24.1636318047, -1.00054850357, 3.41109749434, -0.00594746706526
0.46, -24.1292960977, -1.00063188156, 3.45978152235, -0.00858073255119
0.47, -24.0944816527, -1.00069557902, 3.50691143952, -0.00180700816383
0.48, -24.059203744, -1.00067229289, 3.55253931952, 0.00573803135617
0.49, -24.0234771106, -1.00063652048, 3.59671517403, 0.0012228495332
0.5, -23.9873159761, -1.0006856603, 3.63949117994, -0.00801716657266
0.51, -23.9507340673, -1.00077653746, 3.6809213644, -0.00657773968635
0.52, -23.9137446172, -1.00079519628, 3.72105307336, 0.00331467516234
0.53, -23.8763603995, -1.00074709695, 3.7599260105, 0.00516647070361
0.54, -23.8385937617, -1.00075017662, 3.79758103689, -0.00430076475787
0.55, -23.8004566443, -1.00083870456, 3.83406260937, -0.00939714977274
0.56, -23.7619605743, -1.00090401042, 3.86941515966, -0.00148007296366
0.57, -23.7231166726, -1.00087438697, 3.90367346038, 0.00639801676116
0.58, -23.6839356915, -1.00083634464, 3.9368701593, 0.000980142978748
0.59, -23.6444280378, -1.00089216634, 3.96904110126, -0.00886295832056
0.6, -23.6046037737, -1.00098824125, 4.00022661763, -0.00667434598216
0.61, -23.5644726002, -1.00100212976, 4.03046069402, 0.00412197208448
0.62, -23.5240438882, -1.00096186819, 4.05976964088, 0.00510553004826
0.63, -23.4833267112, -1.00095480144, 4.08818327647, -0.00273698259703
0.64, -23.4423298508, -1.00103118363, 4.11573288275, -0.00886621401192
0.65, -23.4010617902, -1.00110252669, 4.14245264536, -0.00286145252894
0.66, -23.3595307071, -1.00108667947, 4.16836840766, 0.00546044025075
0.67, -23.3177445108, -1.00104616671, 4.19350238885, 0.00217374537207
0.68, -23.2757108688, -1.00108584479, 4.21787928237, -0.00737486071459
0.69, -23.2334372034, -1.00117744035, 4.24152938993, -0.00722891620152
0.7, -23.1909306668, -1.00120448302, 4.26447945932, 0.0025961425528
0.71, -23.1481981618, -1.00115643708, 4.28674793626, 0.00579931087466
0.72, -23.105246382, -1.00114844666, 4.30835360261, -0.0030970950131
0.73, -23.0620818243, -1.00123016364, 4.32932017863, -0.00932779803058
0.74, -23.0187107601, -1.00130099153, 4.34967518605, -0.00233493599318
0.75, -22.9751392255, -1.00127629029, 4.36943651024, 0.00643109347047
0.76, -22.9313730656, -1.00123000574, 4.38861839227, 0.00229245203621
0.77, -22.8874179651, -1.00127337572, 4.40723769424, -0.00798601260247
0.78, -22.8432794324, -1.00135393932, 4.42531939058, -0.00713011411097
0.79, -22.7989627662, -1.00138948484, 4.44288242986, 0.00129553526429
0.8, -22.754473082, -1.00134962781, 4.45994051735, 0.00571884596242
0.81, -22.7098153466, -1.0013313863, 4.47650559109, -0.0013762301499
0.82, -22.6649943952, -1.00139700063, 4.49259390334, -0.00824055557417
0.83, -22.6200149008, -1.00146854497, 4.50822747752, -0.00329754860814
0.84, -22.574881352, -1.00145618562, 4.52342044793, 0.00542403262026
0.85, -22.529598095, -1.00140899324, 4.53818174851, 0.00336618318256
0.86, -22.4841693716, -1.001435085, 4.55252182007, -0.00616271230169
0.87, -22.4385993058, -1.00152098335, 4.56645910502, -0.00724544686669
0.88, -22.3928918578, -1.00155188462, 4.58001115004, 0.00215753109201
0.89, -22.3470508386, -1.00150272544, 4.59318579747, 0.00648965396317
0.9, -22.3010799655, -1.00148204738, 4.60598964442, -0.00158232216224
0.91, -22.2549828763, -1.00155207146, 4.61843450751, -0.00866594472807
0.92, -22.2087630824, -1.00162318233, 4.63053981408, -0.00278743934772
0.93, -22.1624239418, -1.00160163576, 4.64231553552, 0.00648852403697
0.94, -22.1159687112, -1.00154711783, 4.65376607129, 0.00367327271163
0.95, -22.0694005919, -1.00157533237, 4.66489716109, -0.00666417553527
0.96, -22.022722705, -1.00166455952, 4.67572494484, -0.00724184469623
0.97, -21.975938031, -1.00168947836, 4.68626434275, 0.0031666327651
0.98, -21.9290494308, -1.00164316472, 4.69651843528, 0.00613048738373
0.99, -21.8820597175, -1.00161332243, 4.70649238626, 7.55908848715e-05
1.0, -21.834971646, -1.00166711695, 4.71619271214, -0.00749844030932
1.01, -21.7877878865, -1.00173771111, 4.72563566594, -0.00361794967899
1.02, -21.7405109802, -1.00172775097, 4.73483046113, 0.00549887760332
1.03, -21.6931433859, -1.00167273882, 4.74377910784, 0.00468350103724
1.04, -21.645687535, -1.00168391921, 4.75248360954, -0.00480877280979
1.05, -21.5981458138, -1.00176272801, 4.76095573083, -0.0071244862716
1.06, -21.5505204962, -1.00179624261, 4.76920962453, 0.00183767264944
1.07, -21.5028137498, -1.00174484963, 4.777248157, 0.00729511065795
1.08, -21.4550277081, -1.00171028254, 4.78507110329, 6.2079235399e-05
1.09, -21.4071644944, -1.00176730163, 4.7926828978, -0.00787123832738
1.1, -21.3592261589, -1.00183748431, 4.80009950314, -0.00312666106862
1.11, -21.3112146316, -1.00181809209, 4.80732799771, 0.0066421690931
1.12, -21.2631317863, -1.00176865371, 4.8143669468, 0.00541712074192
1.13, -21.2149794919, -1.00176414131, 4.82121845465, -0.00293313751534
1.14, -21.1667595878, -1.00183063559, 4.82788954831, -0.00673100328103
1.15, -21.1184738296, -1.00187071357, 4.83439377105, 0.000588740161938
1.16, -21.0701238743, -1.00182868735, 4.84073400845, 0.00701539860482
1.17, -21.0217113528, -1.00178510895, 4.84690845651, 0.00178969076148
1.18, -20.9732379069, -1.00182397711, 4.85291807292, -0.0064460870019
1.19, -20.9247051322, -1.00189159682, 4.85877629255, -0.00384364961784
1.2, -20.8761145175, -1.00188418004, 4.86449111776, 0.00551115671407
1.21, -20.8274674927, -1.00182141812, 4.87006113294, 0.00607910739408
1.22, -20.778765503, -1.00181575918, 4.87548313501, -0.00319179373284
1.23, -20.7300099947, -1.00188515121, 4.88076442766, -0.00683948599594
1.24, -20.6812023276, -1.00192102385, 4.88591871464, 0.00144403880747
1.25, -20.6323437676, -1.00186839023, 4.8909470541, 0.00803438240536
1.26, -20.5834355743, -1.00181935604, 4.89584540597, 0.00187425532554
1.27, -20.5344790416, -1.00186109153, 4.90061293465, -0.00684776778842
1.28, -20.4854754233, -1.00192918429, 4.90526399579, -0.00346270209221
1.29, -20.4364258637, -1.00191297563, 4.90980565651, 0.00665210155115
1.3, -20.387331462, -1.00185517605, 4.91423356792, 0.0062479915353
1.31, -20.3381933541, -1.00183723143, 4.91854623122, -0.00138397946307
1.32, -20.2890126728, -1.00189130729, 4.92274705231, -0.00592363201177
1.33, -20.2397904904, -1.00192919968, 4.92684888977, 0.000452607741792
1.34, -20.190527789, -1.00188734572, 4.93085391283, 0.007320267567
1.35, -20.1412255419, -1.00183428655, 4.93475783563, 0.00320669218142
1.36, -20.0918847645, -1.00185799142, 4.93855772214, -0.00510145570051
1.37, -20.0425064529, -1.00191835142, 4.94226502142, -0.00365439001665
1.38, -19.9930915065, -1.00191212524, 4.94588804403, 0.00538324534479
1.39, -19.9436407716, -1.00184533766, 4.94942399457, 0.00702566973518
1.4, -19.8941551332, -1.0018252667, 4.95286663004, -0.00156054024694
1.41, -19.8446355066, -1.00188204043, 4.95621989142, -0.00606812041595
1.42, -19.7950827367, -1.00191648162, 4.95949761779, 0.0012253051195
1.43, -19.7454975759, -1.00186435677, 4.96270076775, 0.00836042220569
1.44, -19.6958807811, -1.00180507655, 4.96582335148, 0.00339355958031
1.45, -19.6462331709, -1.00183094559, 4.96886094201, -0.00547980523527
1.46, -19.5965555463, -1.00189222884, 4.97182643982, -0.00336055282529
1.47, -19.5468486031, -1.0018779958, 4.97472793551, 0.00647935903881
1.48, -19.4971129888, -1.0018014823, 4.97756126146, 0.00770251041409
1.49, -19.4473494092, -1.00178023124, 4.98031811363, -0.00184349090648
1.5, -19.397558612, -1.00184048629, 4.98300275159, -0.00625108610587
1.51, -19.3477412659, -1.00187128434, 4.98563031505, 0.00205418600638
1.52, -19.2978979402, -1.00181869407, 4.9881991143, 0.00714345939885
1.53, -19.2480292411, -1.00175327733, 4.9907055834, 0.0049526497028
1.54, -19.1981358103, -1.0017612463, 4.9931425824, -0.00395376897026
1.55, -19.1482183028, -1.00181819129, 4.99552029022, -0.00389206476191
1.56, -19.098277276, -1.00181524825, 4.99784907343, 0.00529565823165
1.57, -19.0483132253, -1.00174136877, 5.00012572151, 0.00841023523952
1.58, -18.998326699, -1.00170382014, 5.00234145369, 0.000170057903266
1.59, -18.9483183055, -1.00175013533, 5.00449660905, -0.00571348341945
1.6, -18.8982885942, -1.00178704536, 5.00660659262, 0.000761848167048
1.61, -18.8482380098, -1.00173457125, 5.00867345623, 0.00902857625283
1.62, -18.7981670008, -1.00166079284, 5.01068994904, 0.0052779842604
1.63, -18.7480761025, -1.00167023759, 5.01264778251, -0.00433557016567
1.64, -18.6979658571, -1.00172885695, 5.01455881818, -0.00370475165463
1.65, -18.647836696, -1.00171856406, 5.01643377792, 0.00638591079183
1.66, -18.59768899, -1.00164734979, 5.0182666026, 0.00802699142502
1.67, -18.5475231898, -1.00160090096, 5.02005160868, 0.001830699346
1.68, -18.4973397793, -1.00163026986, 5.02178610701, -0.00441772889103
1.69, -18.4471392121, -1.00166521768, 5.02348375144, 6.29908888837e-05
1.7, -18.396921841, -1.00162372945, 5.02514872457, 0.00803574983392
1.71, -18.3466880081, -1.00154996088, 5.02677475682, 0.00622842649082
1.72, -18.2964381376, -1.00154245305, 5.02835295862, -0.0024276113701
1.73, -18.2461726781, -1.00158952759, 5.02989145477, -0.00344544100152
1.74, -18.1958919837, -1.00158678011, 5.03140213786, 0.00510981068993
1.75, -18.1455963371, -1.00151085331, 5.03288219267, 0.00910785929698
1.76, -18.095286078, -1.00146029233, 5.03432168954, 0.00180366515581
1.77, -18.0449616251, -1.00149221625, 5.03571811267, -0.00466600099911
1.78, -17.9946233505, -1.00152548342, 5.03708711865, 0.0006527924984
1.79, -17.9442715145, -1.00147443017, 5.03843231879, 0.00912410803025
1.8, -17.8939063741, -1.00139284761, 5.03974614571, 0.0066206028997
1.81, -17.8435282869, -1.00138622577, 5.04101804058, -0.00278332086694
1.82, -17.7931376361, -1.00143540164, 5.04225792374, -0.00335157729508
1.83, -17.7427366993, -1.00142634311, 5.04296834815, 0.00611546045428
1.84, -17.6923311579, -1.00134007114, 5.04324974602, 0.00995640943183
1.85, -17.6419236475, -1.00128640807, 5.04342693578, 0.00167006840024
1.86, -17.5915169386, -1.00132178315, 5.04301913034, -0.00497316594004
1.87, -17.5411161323, -1.00135337083, 5.04227810478, 0.00128287102499
1.88, -17.4907242427, -1.00129694844, 5.04141078945, 0.00555236606919
1.89, -17.4403452507, -1.00121573815, 5.03968752819, 0.00783567322485
1.9, -17.3899841081, -1.00119150861, 5.03770770838, -0.00101581886062
1.91, -17.339643933, -1.00123227522, 5.03548484013, -0.00346811294377
1.92, -17.2893278184, -1.00123296778, 5.03294004556, 0.00480859550693
1.93, -17.2390387737, -1.00115311858, 5.02997905705, 0.0101771226298
1.94, -17.1887816976, -1.00108620559, 5.02663548528, 0.00362273714752
1.95, -17.1385591488, -1.00110499236, 5.02306843829, -0.00398341993538
1.96, -17.0883735039, -1.00113890883, 5.0192676169, 0.000179400688652
1.97, -17.0382269856, -1.0010899298, 5.01525477745, 0.00941495320079
1.98, -16.9881217702, -1.00099685722, 5.01102005721, 0.00835194031494
1.99, -16.9380600331, -1.00097269686, 5.00656466151, -0.00135108376298
2.0, -16.8880447207, -1.00101622453, 5.00167230979, -0.00349832977158
2.01, -16.8380798338, -1.0010117383, 4.99653943929, 0.00574148245383
2.02, -16.7881671921, -1.00093157384, 4.99122952593, 0.00884912467004
2.03, -16.738309445, -1.00086029632, 4.98550314073, 0.00499878351036
2.04, -16.6885108276, -1.00086197991, 4.97948931241, -0.00243281631655
2.05, -16.6387725731, -1.00089033376, 4.97339723272, -0.000193854279676
2.06, -16.5890971734, -1.00085177276, 4.96688214588, 0.00822049522847
2.07, -16.5394880787, -1.00076270884, 4.96018616411, 0.00884375754782
2.08, -16.4899466165, -1.00072411208, 4.95335398833, 0.00054713189222
2.09, -16.4404743609, -1.0007534115, 4.94635895218, -0.00282990423326
2.1, -16.3910736141, -1.00075357257, 4.93900048814, 0.00454775641045
2.11, -16.341747708, -1.00067404707, 4.93145650066, 0.0105501064303
2.12, -16.2924975132, -1.0005966927, 4.92384137735, 0.00510954519937
2.13, -16.2433232568, -1.00060070729, 4.9163353157, -0.00277917292584
2.14, -16.1942259118, -1.00062943074, 4.90830705084, 0.00014829476704
2.15, -16.1452107945, -1.00058296217, 4.9000112954, 0.00924863058155
2.16, -16.0962788155, -1.00048531429, 4.89166332219, 0.00938952663946
2.17, -16.0474308047, -1.00044644985, 4.88321741132, 0.000219758262374
2.18, -15.9986681734, -1.00047910851, 4.87450202733, -0.00297221211716
2.19, -15.9499943038, -1.0004754264, 4.86556608085, 0.00535693917034
2.2, -15.9014096431, -1.0003859779, 4.85663605295, 0.0114825523076
2.21, -15.8529150072, -1.0003041047, 4.84758081452, 0.00510305666916
2.22, -15.8045121982, -1.00031166809, 4.83820667053, -0.00322756865061
2.23, -15.7562040544, -1.00034116529, 4.82870861599, 0.000501682233931
2.24, -15.7079911307, -1.00028636764, 4.81916760955, 0.0103212783633
2.25, -15.659874812, -1.00019423072, 4.80932946334, 0.0101344182297
2.26, -15.6118578272, -1.00013988867, 4.79936087348, 0.00203601865078
2.27, -15.5639410048, -1.00016127738, 4.78931533151, -0.00270721782862
2.28, -15.5161244736, -1.00016530132, 4.77928140786, 0.00402174337375
2.29, -15.4684086552, -1.00008558699, 4.76919296204, 0.0112017047447
2.3, -15.4207931256, -0.99999467827, 4.75917502461, 0.00681726830816
2.31, -15.3732787154, -0.999984765282, 4.74900841727, -0.00191495567647
2.32, -15.325867245, -1.00001309729, 4.7385416779, -0.000355693623547
2.33, -15.2785605344, -0.999971222354, 4.72807288941, 0.00914299408063
2.34, -15.2313590024, -0.999866041776, 4.71752989377, 0.0108130189495
2.35, -15.1842619753, -0.999810499622, 4.70713282355, 0.00174914988633
2.36, -15.1372728082, -0.999835735137, 4.69609070906, -0.00296087475194
2.37, -15.0903930288, -0.99983721435, 4.68515694218, 0.00471949025873
2.38, -15.0436222462, -0.999752504142, 4.67448569765, 0.0075355452017
2.39, -14.9969622251, -0.999664014577, 4.66304602222, 0.0077956292075
2.4, -14.9504146184, -0.999638147787, 4.65175957907, -0.000221893101961
2.41, -14.9039794747, -0.999657737202, 4.64053073753, -0.000378312737757
2.42, -14.8576585104, -0.99962509193, 4.62893196352, 0.00781515324867
2.43, -14.8114536234, -0.999527811931, 4.61733197735, 0.0108021205476
2.44, -14.7653646929, -0.999461385562, 4.60573434929, 0.00351056610439
2.45, -14.7193917205, -0.99947075229, 4.5941353952, -0.00194194261327
2.46, -14.6735356438, -0.999473755419, 4.58229943749, 0.00369449486452
2.47, -14.6277985977, -0.999396827429, 4.57039642554, 0.0112155224887
2.48, -14.5821803313, -0.99929889182, 4.55852825034, 0.00805111874689
2.49, -14.536680511, -0.99927482264, 4.54660415001, -0.000623604771377
2.5, -14.491301855, -0.999296642727, 4.53440478317, -0.000291025402764
2.51, -14.4460449844, -0.999258198482, 4.52224372851, 0.00871774932915
2.52, -14.4009086256, -0.99915215305, 4.51028367908, 0.0114654504212
2.53, -14.3558946264, -0.99908424127, 4.49781002867, 0.00325551294962
2.54, -14.3110042659, -0.999097668185, 4.48551574639, -0.00227047435876
2.55, -14.266237763, -0.999099271654, 4.47307562822, 0.00426910685802
2.56, -14.2215962629, -0.999013492965, 4.46044367863, 0.0121666972922
2.57, -14.1770812342, -0.998909798546, 4.44781309501, 0.00820598168358
2.58, -14.132692901, -0.998888627461, 4.43513405124, -0.00112644680366
2.59, -14.0884308864, -0.998913213, 4.42252484986, -0.000213523737085
2.6, -14.0442957085, -0.998868698018, 4.40971147615, 0.00966212253488
2.61, -14.0002886524, -0.99876793561, 4.39693511044, 0.0116856960101
2.62, -13.9564096638, -0.998687353634, 4.38411592593, 0.00504437833715
2.63, -13.9126587064, -0.998686986461, 4.3713226708, -0.00160820583179
2.64, -13.8690355856, -0.998693486905, 4.35855756637, 0.00301365458732
2.65, -13.8255394692, -0.998619917854, 4.34589416787, 0.0114219260847
2.66, -13.7821710035, -0.998511781923, 4.33298109639, 0.00959124280765
2.67, -13.7389320133, -0.998473085479, 4.32004179255, 0.000460215677212
2.68, -13.6958222248, -0.998492616482, 4.30713797331, -0.000719186763169
2.69, -13.6528412659, -0.998460559624, 4.29426903197, 0.00824156691432
2.7, -13.6099881415, -0.998351257168, 4.28163702452, 0.0125167300142
2.71, -13.5672596031, -0.998267998942, 4.26933675343, 0.00486702399347
2.72, -13.5246524225, -0.998271846729, 4.25735158052, -0.00202411493438
2.73, -13.4821635824, -0.998278141286, 4.24564982775, 0.00347997790125
2.74, -13.4397902761, -0.998196010422, 4.23423937668, 0.0124227586109
2.75, -13.3975296985, -0.998095081155, 4.22307437607, 0.0101199371305
2.76, -13.3553797337, -0.998042563457, 4.21212395266, 0.00219342691123
2.77, -13.3133380878, -0.998050483816, 4.20139655011, -0.000341146007438
2.78, -13.2714028174, -0.99802512618, 4.19082910583, 0.00695654460319
2.79, -13.2295722717, -0.997926318964, 4.18046024159, 0.0120658490816
2.8, -13.187844221, -0.997836074953, 4.17029599459, 0.00640067652573
2.81, -13.1462172157, -0.997823073629, 4.16028396059, -0.000661985830019
2.82, -13.1046894604, -0.997826935751, 4.15041409179, 0.00276880351842
2.83, -13.0632594373, -0.997757235611, 4.1407400862, 0.0111885477034
2.84, -13.0219252627, -0.997644994657, 4.13124036132, 0.010577288712
2.85, -12.9806856308, -0.997592876148, 4.12181772792, 0.00184257266547
2.86, -12.939539433, -0.997603971856, 4.11255352092, -0.000441910481511
2.87, -12.898485263, -0.997574642175, 4.10340941062, 0.0077414761994
2.88, -12.8575222725, -0.997466723559, 4.09430403684, 0.0128863998209
2.89, -12.8166500854, -0.997372985661, 4.08522847499, 0.00632417389418
2.9, -12.7758684444, -0.997363680747, 4.07620892311, -0.00108264989475
2.91, -12.7351762919, -0.997367981277, 4.06731081297, 0.00314310177193
2.92, -12.6945729823, -0.997290300414, 4.05846567328, 0.0121819590681
2.93, -12.6540575043, -0.99717059218, 4.04969225836, 0.0109623286708
2.94, -12.6136298483, -0.997119791873, 4.04093849022, 0.00139385697812
2.95, -12.5732893229, -0.997134622183, 4.03225271489, -0.000552839920056
2.96, -12.5330350932, -0.997100903292, 4.02370037194, 0.00859360448673
2.97, -12.4928667404, -0.996993634336, 4.01502719759, 0.011454316419
2.98, -12.452785339, -0.996896669438, 4.00629498266, 0.00759389488284
2.99, -12.4127936297, -0.996871105463, 3.99709295022, 0.000406491201035
3.0, -12.3728944503, -0.996870348465, 3.98780669859, 0.00272167181233
3.01, -12.333088602, -0.996803779314, 3.9784377745, 0.0108988616144
3.02, -12.2933767774, -0.996689120646, 3.96899996823, 0.0113500374819
3.03, -12.2537600272, -0.996624763194, 3.95944197954, 0.00322349552859
3.04, -12.2142395024, -0.996625918731, 3.94965134163, 6.575138646e-05
3.05, -12.1748173833, -0.996597434655, 3.93991209638, 0.00733170392061
3.06, -12.1354931516, -0.996491660501, 3.92995535977, 0.013057352204
3.07, -12.0962695036, -0.996389529247, 3.91985518951, 0.00762383324241
3.08, -12.0571471997, -0.996366954039, 3.90968513725, 5.36666196503e-06
3.09, -12.0181278291, -0.996367113565, 3.89921669472, 0.00300371243263
3.1, -11.9792140078, -0.996293401353, 3.88864082321, 0.0118378557059
3.11, -11.9404060616, -0.996171124238, 3.87803766345, 0.0117997866222
3.12, -11.9017057777, -0.996107343997, 3.86708193551, 0.00282404574023
3.13, -11.8631151009, -0.996112433343, 3.85612539051, -0.000125603129147
3.14, -11.8246344885, -0.996080674599, 3.84509432793, 0.00807071956138
3.15, -11.7862640055, -0.995965887358, 3.83408529738, 0.013885823337
3.16, -11.7480048752, -0.995860244861, 3.82277453296, 0.00752827722312
3.17, -11.7098600124, -0.995841894266, 3.81131376376, -0.000495426843906
3.18, -11.6718294922, -0.995843338191, 3.79988604505, 0.00329971004595
3.19, -11.6339144521, -0.99576209883, 3.78818491391, 0.0128116809811
3.2, -11.5961169581, -0.995646390423, 3.77642321799, 0.0124377404719
3.21, -11.5584372215, -0.995568011402, 3.76463973052, 0.00457234321573
3.22, -11.5208753471, -0.995562378301, 3.75284839223, 8.74063991369e-05
3.23, -11.4834325651, -0.995539010195, 3.74078909095, 0.00665074919703
3.24, -11.4461106062, -0.995434988409, 3.72871766494, 0.0134929895895
3.25, -11.4089081207, -0.995321350296, 3.71691991253, 0.00915126135851
3.26, -11.371822182, -0.995286218246, 3.70538175333, 0.000763043263376
3.27, -11.3348505782, -0.995287020713, 3.6940394013, 0.00238434151938
3.28, -11.2979911729, -0.995219520857, 3.68294507051, 0.0115336579829
3.29, -11.2612415732, -0.995091908385, 3.67204417887, 0.0130073681015
3.3, -11.224599917, -0.99501319647, 3.66138253844, 0.00422284827497
3.31, -11.1880639775, -0.995011894613, 3.65085650822, -0.000208113507595
3.32, -11.1516325379, -0.994986499599, 3.64049953889, 0.00728717056258
3.33, -11.1153033959, -0.994878284473, 3.63067057735, 0.00973606042792
3.34, -11.0790768772, -0.994767966307, 3.62016062031, 0.0100506956082
3.35, -11.042950249, -0.994717479437, 3.61020568885, 0.00241649911636
3.36, -11.0069220972, -0.994709865492, 3.60044595164, 0.00233103785572
3.37, -10.9709911598, -0.994652057021, 3.5907824259, 0.0101473987713
3.38, -10.9351558916, -0.994533057686, 3.58130567928, 0.0129247298054
3.39, -10.8994144324, -0.994444056827, 3.57200440941, 0.00594316563293
3.4, -10.8637653855, -0.99442709495, 3.56279847537, 0.000803633757
3.41, -10.8282077618, -0.994403427978, 3.5537375976, 0.00622533169281
3.42, -10.7927398206, -0.994303586411, 3.54485592595, 0.0133508732838
3.43, -10.7573601114, -0.994184396586, 3.53606626055, 0.010267301721
3.44, -10.7220677936, -0.994135871279, 3.52738667362, 0.00201552927685
3.45, -10.6868615281, -0.994130511455, 3.5188526133, 0.00240697658976
3.46, -10.6517397987, -0.994067248287, 3.51046822718, 0.011002186625
3.47, -10.6167011441, -0.993939978252, 3.50224321272, 0.0135491985623
3.48, -10.581743836, -0.99384965241, 3.49419372164, 0.00569286108297
3.49, -10.5468661468, -0.993836622917, 3.48631384459, 0.000489162041139
3.5, -10.5120662676, -0.993811601706, 3.47862961461, 0.00677953127079
3.51, -10.4773421944, -0.993703269225, 3.47114469913, 0.0142647882194
3.52, -10.4426920557, -0.993578560374, 3.46383231871, 0.0104168337037
3.53, -10.4081152746, -0.99353278612, 3.45641036699, 0.00154261127112
3.54, -10.3736135239, -0.993529933275, 3.44883804434, 0.00250238055355
3.55, -10.3391881068, -0.993460641089, 3.44115027923, 0.011928256674
3.56, -10.3048401499, -0.99332469751, 3.43334499148, 0.0141738550618
3.57, -10.2705724945, -0.993233520147, 3.4250772178, 0.00536863407326
3.58, -10.2363883945, -0.993224983299, 3.4166583553, 0.000149326872151
3.59, -10.2022880682, -0.99319830389, 3.40837886312, 0.00739930684497
3.6, -10.1682694134, -0.993085479329, 3.40052490876, 0.0105602277311
3.61, -10.1343377996, -0.992963393811, 3.39127951363, 0.011379020719
3.62, -10.1004939954, -0.992901975629, 3.38240335711, 0.00318763491801
3.63, -10.0667397286, -0.992891063996, 3.37339728593, 0.0023995448589
3.64, -10.0330765896, -0.992831718483, 3.36410626408, 0.0105422127099
3.65, -9.99950745146, -0.99270402604, 3.35466340859, 0.0141431140827
3.66, -9.96603304306, -0.99260214063, 3.34515094036, 0.00710528387727
3.67, -9.93265432912, -0.992578177685, 3.3355353817, 0.00110534477158
3.68, -9.8993719091, -0.992553834731, 3.32588519132, 0.00628438749845
3.69, -9.86618606354, -0.992449518705, 3.31621300034, 0.0142007999303
3.7, -9.83309642562, -0.992318176579, 3.30659689454, 0.0116248369713
3.71, -9.80010698256, -0.992258853002, 3.29632619175, 0.00273034949477
3.72, -9.76721948222, -0.992251044841, 3.28611336079, 0.00238049041911
3.73, -9.73443422634, -0.992186858477, 3.27588009844, 0.0113702840106
3.74, -9.70175279612, -0.992050787796, 3.2653206638, 0.0147909251338
3.75, -9.66917746961, -0.991947569074, 3.25468472857, 0.00682060557952
3.76, -9.6367087519, -0.991928333759, 3.24399817751, 0.000679507291997
3.77, -9.60434671965, -0.991903700205, 3.23325028397, 0.00674956228601
3.78, -9.57209367993, -0.991795972559, 3.22269248312, 0.0104562220506
3.79, -9.53995197029, -0.991667083841, 3.21116677995, 0.0126338211888
3.8, -9.50792064319, -0.991591967191, 3.20005772062, 0.0043398528372
3.81, -9.47600123667, -0.991577215784, 3.18870695633, 0.00211912836784
3.82, -9.44419627879, -0.991524476709, 3.17725402522, 0.00987172582924
3.83, -9.41250538362, -0.991396961361, 3.16586358883, 0.0147930474912
3.84, -9.38092942777, -0.99128256878, 3.15420738933, 0.0085827162132
3.85, -9.34947083939, -0.991248468857, 3.14245037929, 0.0015101168043
3.86, -9.31812986743, -0.991227820366, 3.13069587663, 0.00547044079936
3.87, -9.28690586122, -0.991129565464, 3.1190292307, 0.0140583366285
3.88, -9.25579959527, -0.990991104281, 3.10709858831, 0.0129396048968
3.89, -9.22481335865, -0.990917895444, 3.09508013329, 0.00384257212163
3.9, -9.19394738566, -0.990907465209, 3.08305567489, 0.00192882269834
3.91, -9.16320135356, -0.990851479893, 3.07108656052, 0.010581470238
3.92, -9.1325756689, -0.990715863577, 3.05891866315, 0.0154840875362
3.93, -9.10207237064, -0.990599516757, 3.04667327225, 0.00833890359163
3.94, -9.07169017497, -0.990570632105, 3.03474485014, 0.000957334817264
3.95, -9.04142483215, -0.990551441235, 3.02330570957, 0.00575939909362
3.96, -9.01127136864, -0.990446113162, 3.01234239129, 0.0149450234144
3.97, -8.98122503135, -0.99031556807, 3.00186948146, 0.0134231894843
3.98, -8.95128112008, -0.990229093198, 2.9918256513, 0.00549583915356
3.99, -8.92143539142, -0.990208317956, 2.98224075731, 0.00214736583594
4.0, -8.89168247985, -0.990160615162, 2.97324030359, 0.00916117411512
4.01, -8.86201717145, -0.990036312857, 2.96469374832, 0.0149952974875
4.02, -8.83243461196, -0.989913170811, 2.95683610526, 0.00985503676817
4.03, -8.80292536966, -0.989868015235, 2.94986306319, 0.0022251377154
4.04, -8.77348298412, -0.98984766124, 2.94347008112, 0.00491941354232
4.05, -8.74409886876, -0.989755659053, 2.93820121392, 0.0136723533213
4.06, -8.71476203151, -0.989613663845, 2.93406631466, 0.0139286069779
4.07, -8.68546188513, -0.989527254305, 2.93073877925, 0.00515649401717
4.08, -8.65619123963, -0.989510013627, 2.92813712851, 0.00198997482155
4.09, -8.62694063053, -0.989458797199, 2.92684038487, 0.00993927605019
4.1, -8.59769383986, -0.989324898632, 2.92727980266, 0.0159148160505
4.11, -8.56843404107, -0.989197131969, 2.9294028377, 0.00989560893841
4.12, -8.53914954466, -0.989154855529, 2.93241342536, 0.00187886476141
4.13, -8.50982528869, -0.989134206565, 2.93704227588, 0.00538946807434
4.14, -8.48045093902, -0.989032999588, 2.94242506705, 0.0148305787647
4.15, -8.45101607124, -0.988881568374, 2.94928257857, 0.0145468507348
4.16, -8.42150393724, -0.988794141023, 2.95784228806, 0.0049477556212
4.17, -8.39189971033, -0.988778464581, 2.96743340413, 0.00209865160153
4.18, -8.36219688986, -0.988720656197, 2.97761432659, 0.0110420596651
4.19, -8.33238902828, -0.98858464207, 2.98871486423, 0.0147968235398
4.2, -8.30246147824, -0.988449775749, 3.00120750744, 0.0116029277306
4.21, -8.27240617108, -0.988387051303, 3.01425774772, 0.00376180856644
4.22, -8.24221520183, -0.988358014062, 3.02853833442, 0.00528700123242
4.23, -8.21187559153, -0.988264434604, 3.04374126514, 0.0139607916942
4.24, -8.18138078984, -0.988113165878, 3.0595276296, 0.0154891604893
4.25, -8.15072607081, -0.988006607199, 3.07574293877, 0.00732707803075
4.26, -8.11990684208, -0.987972369604, 3.09242310742, 0.00317209075304
4.27, -8.08891749143, -0.987915388709, 3.10969990187, 0.0102467779002
4.28, -8.05775349538, -0.987775342578, 3.12738958068, 0.0170508208021
4.29, -8.02640855629, -0.987628706797, 3.14611808795, 0.0123007916013
4.3, -7.99487097642, -0.98756288497, 3.16565025669, 0.00392242330552
4.31, -7.96313603327, -0.987529586434, 3.18558852753, 0.00609008458584
4.32, -7.93119957929, -0.987423031751, 3.20594868121, 0.0155637371795
4.33, -7.89905518364, -0.98725673287, 3.22737096351, 0.0167301404275
4.34, -7.86669259697, -0.98714312386, 3.2493828673, 0.00765065721973
4.35, -7.8341075691, -0.9871064163, 3.27181186108, 0.00357858277277
4.36, -7.80129351204, -0.987040086761, 3.29535325235, 0.0116487195217
4.37, -7.7682392926, -0.986883425208, 3.31957902202, 0.0187265959352
4.38, -7.73494198668, -0.986724474169, 3.34400554846, 0.0130869861428
4.39, -7.70139861127, -0.986654815253, 3.36874047051, 0.00417005174332
4.4, -7.66760813568, -0.986615783956, 3.39353615683, 0.00709072169268
4.41, -7.63356750791, -0.986493990124, 3.41872633629, 0.0173905213516
4.42, -7.59926975191, -0.986325635352, 3.44504713907, 0.017656178563
4.43, -7.56470629608, -0.986191881527, 3.47173365267, 0.010255815331
4.44, -7.52987504255, -0.986132318485, 3.49860526108, 0.0052136538883
4.45, -7.49477166295, -0.986061106821, 3.52636009906, 0.0113596196684
4.46, -7.45938671935, -0.985907842086, 3.55468689395, 0.0187892272776
4.47, -7.42371740288, -0.985736872353, 3.58320964511, 0.0152359110736
4.48, -7.38776242583, -0.985641116633, 3.61183293483, 0.00671813408978
4.49, -7.35152007006, -0.985586494658, 3.64065810891, 0.00768373614618
4.5, -7.31498598291, -0.985466767329, 3.67037898796, 0.0169343700819
4.51, -7.27815463785, -0.985280817913, 3.69974380436, 0.0192971740653
4.52, -7.24102704061, -0.985136494509, 3.72988561196, 0.0109179244855
4.53, -7.20359657385, -0.985071383058, 3.76022319577, 0.00589190920135
4.54, -7.16586147529, -0.98498847649, 3.79076977981, 0.012964636574
4.55, -7.12782375922, -0.984816370559, 3.82070575289, 0.0207234867872
4.56, -7.0894741687, -0.984629752268, 3.85284170782, 0.0163870673487
4.57, -7.0508070784, -0.984526936548, 3.88458028253, 0.00721662624304
4.58, -7.01182190459, -0.984465021662, 3.91644222546, 0.0087815721579
4.59, -6.97251722768, -0.984328908291, 3.94850917829, 0.0189239600278
4.6, -6.93289412143, -0.984123593622, 3.97993154687, 0.0209863149563
4.61, -6.89296177196, -0.983968170525, 4.01038421254, 0.0115833697829
4.62, -6.85272981793, -0.983897792929, 4.03988787352, 0.00653753935459
4.63, -6.81220734082, -0.983802987058, 4.06852716402, 0.0146399691566
4.64, -6.77140206348, -0.983615789716, 4.09701666812, 0.0179320078911
4.65, -6.73032430443, -0.983421857665, 4.12331651387, 0.0183517961052
4.66, -6.68898038486, -0.98329328806, 4.14946123206, 0.00987295361256
4.67, -6.64737911341, -0.983213275438, 4.17481806304, 0.00966145602958
4.68, -6.60552804016, -0.98307757122, 4.19945091614, 0.0184597830228
4.69, -6.56343424955, -0.982871409187, 4.22337928933, 0.0218559810621
4.7, -6.52110486362, -0.982696137896, 4.24658707453, 0.0142368687044
4.71, -6.47854708982, -0.982601121333, 4.26908124786, 0.00840161423193
4.72, -6.43576772716, -0.982499792509, 4.29093264123, 0.0143806703241
4.73, -6.39277298085, -0.982312611934, 4.3121773171, 0.0225466995076
4.74, -6.34956889438, -0.982101004624, 4.33281153029, 0.0193833025965
4.75, -6.3061617257, -0.981966833318, 4.35281088293, 0.0101800837505
4.76, -6.26255761612, -0.981881969502, 4.3722233116, 0.010459261954
4.77, -6.21876213169, -0.981733086565, 4.39110767065, 0.0201141889876
4.78, -6.17478043703, -0.981510610089, 4.40947456425, 0.0232564436878
4.79, -6.13061784733, -0.981326850315, 4.42729633279, 0.014641212257
4.8, -6.0862798451, -0.981229556644, 4.44457509452, 0.00869225292708
4.81, -6.04177152359, -0.981120413638, 4.46138203419, 0.0156152655425
4.82, -5.99709671686, -0.980922305407, 4.47843830611, 0.0194164921681
4.83, -5.95226199518, -0.980706436478, 4.49364873362, 0.0210677933296
4.84, -5.90726997137, -0.9805496037, 4.50907782351, 0.0124819819657
4.85, -5.86212599138, -0.980450805642, 4.52405711051, 0.0108911248378
4.86, -5.81683426549, -0.980306586549, 4.5386437627, 0.0192727178554
4.87, -5.77139860265, -0.980086279248, 4.55285003565, 0.023882191324
4.88, -5.72582292403, -0.979885039239, 4.56665083307, 0.0170413868352
4.89, -5.68011139066, -0.979766319782, 4.58003314733, 0.0101842535833
4.9, -5.63426791172, -0.979654609662, 4.59305662297, 0.0149737230462
4.91, -5.58829587861, -0.979459719775, 4.6057535904, 0.0237333882148
4.92, -5.54219855629, -0.97922819549, 4.6181144799, 0.0219374364711
4.93, -5.4959795242, -0.979067710999, 4.63010184278, 0.0125459672838
4.94, -5.44964240376, -0.97896724688, 4.64174593876, 0.0113279258309
4.95, -5.40319034383, -0.978813319527, 4.65310323831, 0.0206254009558
4.96, -5.3566261168, -0.978578842145, 4.66418032686, 0.0251375601032
4.97, -5.30995268726, -0.97837036208, 4.67494385389, 0.0173078621933
4.98, -5.26317331871, -0.978251510145, 4.68537752952, 0.010195386834
4.99, -5.21629101555, -0.978135201437, 4.69554505007, 0.0158870985082
5.0, -5.16930754758, -0.97793187663, 4.70618408206, 0.0204562801488
5.01, -5.12222749185, -0.977697100734, 4.71514523191, 0.0235448182088
5.02, -5.07505144051, -0.977515215918, 4.72453380004, 0.0146629549975
5.03, -5.0277829287, -0.977403418189, 4.73364776852, 0.0114622652488
5.04, -4.98042441741, -0.977256851389, 4.74254521008, 0.0195696405553
5.05, -4.93297795794, -0.977025789589, 4.75123752232, 0.0257035383505
5.06, -4.88544572825, -0.97680037463, 4.75969591128, 0.0196267352339
5.07, -4.83783026396, -0.97666177564, 4.76789039699, 0.0114516110554
5.08, -4.79013396441, -0.976545571467, 4.77587467813, 0.0149901931937
5.09, -4.74235872515, -0.97634724578, 4.78368426206, 0.0246483903292
5.1, -4.69450630714, -0.976111658115, 4.79130146496, 0.0239809719705
5.11, -4.64657883023, -0.975914588657, 4.79870173493, 0.0167814948741
5.12, -4.5985784839, -0.975784261646, 4.80588281613, 0.0126940756275
5.13, -4.5505072158, -0.975636877343, 4.81289540508, 0.0188279493809
5.14, -4.50236658765, -0.975414391866, 4.81975511713, 0.0251948525484
5.15, -4.45415821535, -0.975182732184, 4.82643953895, 0.021202653382
5.16, -4.40588405277, -0.975023367033, 4.83291631748, 0.0134865361469
5.17, -4.35754601606, -0.974896658501, 4.83922342726, 0.0150521208429
5.18, -4.30914559411, -0.974706164373, 4.84539880375, 0.0235653450589
5.19, -4.26068408018, -0.974459735329, 4.85143648326, 0.0249491123747
5.2, -4.21216306979, -0.974258343688, 4.85729611016, 0.0168486349079
5.21, -4.16358438325, -0.974128126751, 4.86297820525, 0.0128067373775
5.22, -4.11494953512, -0.973974992393, 4.86853715319, 0.0198006899146
5.23, -4.06625964274, -0.973740504725, 4.87398553516, 0.026395153949
5.24, -4.01751592435, -0.973500855415, 4.87929586178, 0.0215882897877
5.25, -3.96871998686, -0.973341355866, 4.88443179346, 0.0133545617259
5.26, -3.91987338688, -0.973213187507, 4.88943710723, 0.0155638226451
5.27, -3.87097722062, -0.973012869642, 4.89434939449, 0.0248156190114
5.28, -3.8220324062, -0.972755226412, 4.89915925747, 0.0257828941888
5.29, -3.77304022572, -0.972550749225, 4.90381974997, 0.016783632054
5.3, -3.72400220427, -0.972421677472, 4.9083337656, 0.0128551975967
5.31, -3.67491952339, -0.972262887164, 4.91276005015, 0.0207991181413
5.32, -3.62579295196, -0.972016185328, 4.91710848086, 0.0275939626135
5.33, -3.57662340893, -0.971769088647, 4.92134639941, 0.021880745903
5.34, -3.52741225177, -0.971610482669, 4.92543358845, 0.0131337891412
5.35, -3.47816076646, -0.971481209133, 4.92942088816, 0.01608769331
5.36, -3.42886973856, -0.971270642776, 4.93334548679, 0.0261131477225
5.37, -3.37953982699, -0.971015972814, 4.93718760637, 0.0268349956759
5.38, -3.330172044, -0.970792825557, 4.94091804785, 0.0189037727707
5.39, -3.28076762536, -0.970650070183, 4.94451973788, 0.0133077755159
5.4, -3.23132758561, -0.970497422694, 4.94805037008, 0.0196207712996
5.41, -3.18185249444, -0.970258362976, 4.9515279889, 0.0275756958501
5.42, -3.13234297391, -0.969999142178, 4.9549269237, 0.0239208978826
5.43, -3.08280009831, -0.969820158687, 4.95819929938, 0.0146908054421
5.44, -3.03322498652, -0.969687835698, 4.96138193637, 0.0153876117342
5.45, -2.98361829, -0.969488470108, 4.96452092832, 0.0251408921589
5.46, -2.93398042879, -0.969232301174, 4.9676023355, 0.0273935425981
5.47, -2.88431217087, -0.968992985532, 4.97059975408, 0.0210495786629
5.48, -2.8346145193, -0.968833081047, 4.9734843884, 0.0142775417192
5.49, -2.78488836782, -0.96868263516, 4.97630737469, 0.0186120332087
5.5, -2.73513416112, -0.968453269873, 4.97909522387, 0.0270980184394
5.51, -2.68535229555, -0.968186550802, 4.98182939288, 0.025640436651
5.52, -2.63554359661, -0.967986628589, 4.98446004558, 0.0166078701292
5.53, -2.58570904233, -0.967846356343, 4.98700697775, 0.0151349939306
5.54, -2.53584920493, -0.967657145307, 4.98952237125, 0.0239476762191
5.55, -2.48596433161, -0.967389609795, 4.99200670462, 0.0285249607134
5.56, -2.43605494674, -0.967144529604, 4.994417095, 0.02117999528
5.57, -2.38612198283, -0.966985918028, 4.99672575186, 0.0141354171057
5.58, -2.33616618908, -0.966832684771, 4.99899119764, 0.0193278395603
5.59, -2.28618782757, -0.966592157658, 5.00123844984, 0.0283708658631
5.6, -2.23618717448, -0.966329925897, 5.0034380631, 0.0264727766743
5.61, -2.18616491574, -0.966112991767, 5.00555975294, 0.0186556714223
5.62, -2.13612184947, -0.965958265426, 5.00760480621, 0.0157637064594
5.63, -2.08605849077, -0.965773491434, 5.00962381332, 0.0228772078144
5.64, -2.03597500776, -0.965514068865, 5.01162401162, 0.0283371312922
5.65, -1.98587174566, -0.965259033315, 5.01357131052, 0.0230251950779
5.66, -1.93574945542, -0.965080570841, 5.01543123918, 0.0157722955272
5.67, -1.88560881051, -0.964922530796, 5.01724930511, 0.018825355602
5.68, -1.83545003946, -0.964692346066, 5.01905716767, 0.0273573125365
5.69, -1.78527326543, -0.964416008637, 5.02083975399, 0.0272154082463
5.7, -1.73507902645, -0.964196662149, 5.0225465971, 0.0185712573348
5.71, -1.68486808126, -0.964042680149, 5.02418653327, 0.0158859688774
5.72, -1.63464082663, -0.963851739865, 5.02581446018, 0.0238852964719
5.73, -1.58439729472, -0.963580736279, 5.02743522212, 0.0294229447825
5.74, -1.5341377419, -0.963319424491, 5.02900961528, 0.023225912881
5.75, -1.48386286936, -0.963142068588, 5.03050116508, 0.0155892123515
5.76, -1.43357326796, -0.962982279571, 5.03196310433, 0.0194084118768
5.77, -1.38326903941, -0.962741897562, 5.03342676002, 0.0285885315278
5.78, -1.33295019892, -0.96245545715, 5.03487395253, 0.0278790813628
5.79, -1.28261723605, -0.962234679337, 5.03624783392, 0.0183820407125
5.8, -1.23227086167, -0.962082124398, 5.03756251554, 0.0159832221144
5.81, -1.18191137092, -0.961884751789, 5.03887738261, 0.0249488405711
5.82, -1.13153868216, -0.961614920854, 5.04018716003, 0.0293311963112
5.83, -1.08115303348, -0.961341168022, 5.04146821635, 0.0252251108509
5.84, -1.03075495454, -0.961145032601, 5.04267411815, 0.0169206656497
5.85, -0.980345023106, -0.960984070252, 5.04384603061, 0.0185995194265
5.86, -0.92992334635, -0.960754578164, 5.04502513047, 0.0277467149687
5.87, -0.87948984065, -0.960465054343, 5.04620076051, 0.0292205430754
5.88, -0.829044838515, -0.960224103769, 5.04731897544, 0.0204964836885
5.89, -0.778588992023, -0.960059782316, 5.04837479885, 0.0161440996588
5.9, -0.728122623886, -0.959870864013, 5.04943035494, 0.0236601661161
5.91, -0.677644785795, -0.959599246995, 5.05132639857, 0.0260425051633
5.92, -0.627158060509, -0.959325558245, 5.05153208021, 0.0264434625521
5.93, -0.57666042743, -0.959110761051, 5.05251124704, 0.018905640177
5.94, -0.526153214685, -0.958938207563, 5.05345406371, 0.0188445390556
5.95, -0.47563655376, -0.958715626274, 5.05440367484, 0.0266242423078
5.96, -0.425110337119, -0.958432022989, 5.05535616072, 0.0294165256543
5.97, -0.374574769713, -0.958177782463, 5.05626723559, 0.0225293609807
5.98, -0.324030399497, -0.957994672862, 5.05712025767, 0.0174580920655
5.99, -0.273479974053, -0.957804721066, 5.05740748009, 0.0228496746309
6.0, -0.22292888989, -0.957538997205, 5.05731237043, 0.0299498156321
6.01, -0.172381119493, -0.957253666848, 5.05666824171, 0.0269327372873
6.02, -0.121844386113, -0.957038136435, 5.05506869101, 0.0187618701007
6.03, -0.071327016502, -0.956865392081, 5.05296164271, 0.0191478667451
