timestamp, prius0 x posi, prius0 y posi, prius0 x vel, prius0 y vel.
0.0, 0.0, 0.0, 0.0, 0.0
0.00999999999999, 24.9787684351, 1.00003408935, -0.596975227481, -0.00598866441901
0.02, 24.9722673885, 1.00001994523, -0.685218934548, 0.00458561741226
0.03, 24.9648911358, 1.00009061744, -0.773470151996, 0.00966647355855
0.04, 24.9566396607, 1.00016542639, -0.861717462445, 0.00505793695263
0.05, 24.9475130566, 1.00015631349, -0.949945806682, -0.00364969792044
0.06, 24.9375114394, 1.00011542422, -1.03817420878, -0.00100688938902
0.07, 24.9266347506, 1.00015545647, -1.12641796031, 0.00928336753672
0.08, 24.914882861, 1.00025931126, -1.21467130639, 0.0103871943162
0.09, 24.9022565166, 1.00030474364, -1.30228146645, 0.000444708529494
0.1, 24.8887614182, 1.00026711541, -1.38867033241, -0.00380774510856
0.11, 24.8744076827, 1.00026449709, -1.47401606674, 0.00527685370819
0.12, 24.8592057288, 1.00035077338, -1.55832018806, 0.0105564117663
0.13, 24.8431659808, 1.00044981796, -1.64158505177, 0.00828022053712
0.14, 24.8262988302, 1.00047382097, -1.72380688436, -0.000691547019539
0.15, 24.8086145872, 1.00045149334, -1.80501312601, -9.30432187752e-05
0.16, 24.7901232748, 1.00049574328, -1.88523315751, 0.00972919543844
0.17, 24.7708347025, 1.00061409308, -1.96447369644, 0.0128381363325
0.18, 24.7507586902, 1.00069333644, -2.04272784935, 0.0042110688517
0.19, 24.7299050708, 1.00068689004, -2.12000437748, -0.00159355457382
0.2, 24.7082834626, 1.00069396684, -2.19633921865, 0.00548148698098
0.21, 24.6859032723, 1.00079549315, -2.27173911592, 0.0140565048743
0.22, 24.6627775, 1.00091775705, -2.34608168398, 0.0100007594851
0.23, 24.6389192461, 1.00095377045, -2.41959267029, 0.000236662079017
0.24, 24.6143372489, 1.00094282539, -2.49224569293, 0.00138045664808
0.25, 24.5890401501, 1.00100697176, -2.56402710139, 0.0120315190161
0.26, 24.5630365852, 1.00114742125, -2.63493251944, 0.0147717012878
0.27, 24.5363352978, 1.00124018663, -2.70495326209, 0.00514277839614
0.28, 24.5089450578, 1.00124189204, -2.77409785819, -0.000627924517674
0.29, 24.4808744658, 1.001264044, -2.84224235745, 0.00748698189186
0.3, 24.452135049, 1.00138345854, -2.90858160297, 0.0113769085577
0.31, 24.422745788, 1.00151551026, -2.97244384442, 0.0122769695765
0.32, 24.3927245675, 1.0015803564, -3.03471863593, 0.00317898822262
0.33, 24.3620899753, 1.00158949196, -3.09519633428, 0.00239879779357
0.34, 24.3308596884, 1.00165420139, -3.15393069294, 0.0116664434352
0.35, 24.2990509731, 1.00179685501, -3.21094834351, 0.015816629755
0.36, 24.2666809343, 1.00191137152, -3.2662578124, 0.00797907841943
0.37, 24.2337665974, 1.00193898618, -3.31987504353, 0.00130485890405
0.38, 24.2003245654, 1.00196783053, -3.37186559462, 0.00721350510036
0.39, 24.166371013, 1.00208752513, -3.42224112775, 0.0162055512623
0.4, 24.1319220583, 1.00223839683, -3.47100898342, 0.0133725267073
0.41, 24.0969936848, 1.00230878591, -3.51818961479, 0.00341210368776
0.42, 24.061601468, 1.00232166261, -3.56384532245, 0.00306550066556
0.43, 24.0257603089, 1.00239854616, -3.60804633485, 0.013242446598
0.44, 23.9894844823, 1.00255699033, -3.65083933281, 0.0171578534613
0.45, 23.9527878691, 1.00267898254, -3.69225802451, 0.008222588221
0.46, 23.9156839842, 1.00270664998, -3.73234697606, 0.00132485453692
0.47, 23.8781857845, 1.00274063323, -3.77117673696, 0.00819140965515
0.48, 23.8403053565, 1.00286902117, -3.80904961739, 0.0127813199536
0.49, 23.8020554145, 1.00302198177, -3.84522867878, 0.0148386865847
0.5, 23.7634468596, 1.00311246347, -3.88050933635, 0.00540403933323
0.51, 23.7244912636, 1.00313566138, -3.91468121289, 0.00309739731006
0.52, 23.6851994449, 1.00320396022, -3.94779999209, 0.0120232529765
0.53, 23.6455817481, 1.0033568815, -3.97989856202, 0.0174674778334
0.54, 23.6056482494, 1.00349313695, -4.0109968696, 0.0102691694361
0.55, 23.5654088204, 1.00353814146, -4.04112033432, 0.00235550585538
0.56, 23.5248729592, 1.00356985371, -4.07032182873, 0.00705996362111
0.57, 23.484049695, 1.00369062501, -4.09863891979, 0.0167790247194
0.58, 23.4429477413, 1.00385551277, -4.12609170326, 0.0153004088501
0.59, 23.4015756644, 1.00394497137, -4.15269258251, 0.00494456565583
0.6, 23.3599418044, 1.00396433969, -4.17847909653, 0.00297926286519
0.61, 23.3180540933, 1.0040372681, -4.20349630871, 0.0129084156426
0.62, 23.2759200929, 1.00418952497, -4.22776354975, 0.0159660406015
0.63, 23.2335472311, 1.00432860414, -4.25129658008, 0.0114938317339
0.64, 23.1909427567, 1.00438939103, -4.27411049193, 0.00377938338751
0.65, 23.1481136768, 1.00442538173, -4.29624424719, 0.00654077537794
0.66, 23.1050666424, 1.00453401025, -4.31772846676, 0.0153831059216
0.67, 23.0618080548, 1.00469277981, -4.33857736635, 0.0155775621474
0.68, 23.0183442174, 1.00479473292, -4.35879794623, 0.00666074040523
0.69, 22.974681295, 1.0048266034, -4.37841503697, 0.00346751085806
0.7, 22.9308251568, 1.00489292115, -4.39746472929, 0.0114971502946
0.71, 22.8867813799, 1.00504252049, -4.41596387619, 0.0174888400303
0.72, 22.8425554179, 1.00518532868, -4.4339183365, 0.0113374641095
0.73, 22.7981526677, 1.00524111467, -4.45133728897, 0.0031756278775
0.74, 22.7535783311, 1.00527454887, -4.46825453338, 0.00668992854509
0.75, 22.7088373132, 1.00538929518, -4.48469345405, 0.0162235474976
0.76, 22.6639343365, 1.00555443966, -4.50066148289, 0.0158660185149
0.77, 22.6188740924, 1.00565387431, -4.51615928952, 0.00604775875157
0.78, 22.5736611874, 1.00567984593, -4.53120762728, 0.00310113080153
0.79, 22.5282999789, 1.00574810916, -4.54583750574, 0.0121277849679
0.8, 22.4827945861, 1.00590569067, -4.56005947815, 0.018199569026
0.81, 22.4371490647, 1.00605048301, -4.57387368149, 0.0110553027955
0.82, 22.3913674662, 1.00610004792, -4.58728473591, 0.00247596235296
0.83, 22.3454536871, 1.00613059533, -4.60032350798, 0.0068599299057
0.84, 22.2994113659, 1.00625195814, -4.61300795319, 0.0171172501351
0.85, 22.2532440185, 1.00640919338, -4.62533875963, 0.0163774614165
0.86, 22.2069551609, 1.0065219168, -4.63731829944, 0.00765552827959
0.87, 22.1605482533, 1.00655722895, -4.6489575209, 0.00317926609864
0.88, 22.1140265818, 1.0066159275, -4.66028337943, 0.0106015153262
0.89, 22.0673932267, 1.00676178818, -4.67130534618, 0.0177114519978
0.9, 22.0206512122, 1.00691355989, -4.68202200884, 0.0125668680067
0.91, 21.9738035905, 1.00697877256, -4.69243254361, 0.00362044273888
0.92, 21.9268533203, 1.0070089761, -4.70256065483, 0.00585694898631
0.93, 21.8798031484, 1.00711588762, -4.7124239363, 0.0157730742879
0.94, 21.8326556971, 1.00728469595, -4.72202358264, 0.0168649052511
0.95, 21.7854136186, 1.0073965307, -4.73135336601, 0.00716036223476
0.96, 21.7380795658, 1.00742630716, -4.74042380837, 0.00279621835695
0.97, 21.6906560261, 1.00748674378, -4.74926024962, 0.0112430499976
0.98, 21.6431451028, 1.00763678821, -4.75806916248, 0.0138494375131
0.99, 21.5955496939, 1.00778445546, -4.76624231819, 0.0133768311001
1.0, 21.5478715211, 1.00786424927, -4.77438383473, 0.00520987592337
1.01, 21.5001130457, 1.00790257134, -4.78230848685, 0.00579388261968
1.02, 21.4522763651, 1.00799979911, -4.79003273934, 0.0143802130392
1.03, 21.4043634632, 1.00815972768, -4.79755763461, 0.0167331979483
1.04, 21.356376351, 1.00828129968, -4.80487678297, 0.00882579802255
1.05, 21.3083170645, 1.00832648263, -4.81199532189, 0.00380610155771
1.06, 21.2601875206, 1.00838544396, -4.81893468861, 0.0102150127136
1.07, 21.2119894767, 1.00852744639, -4.82570126464, 0.0175573318212
1.08, 21.1637246641, 1.00868397432, -4.83229032914, 0.0135467803518
1.09, 21.1153948809, 1.00876128694, -4.83869619384, 0.00476971543089
1.1, 21.0670018876, 1.00879753834, -4.84493618836, 0.00593469701318
1.11, 21.0185472801, 1.00890122413, -4.85102533997, 0.0153403787545
1.12, 20.9700325566, 1.00907011527, -4.85696223428, 0.017382477706
1.13, 20.9214592714, 1.00919288128, -4.86273752234, 0.00854490441454
1.14, 20.8728290244, 1.00923417323, -4.86835569616, 0.00353708892991
1.15, 20.8241432976, 1.00929555591, -4.87383864535, 0.0109103411735
1.16, 20.7754034175, 1.00944741944, -4.8791906534, 0.0185798585792
1.17, 20.7266107078, 1.00961001794, -4.88440452001, 0.0137088000561
1.18, 20.6777665859, 1.00968467466, -4.88947218771, 0.0043235271888
1.19, 20.6288724387, 1.00971932792, -4.89441227251, 0.00617266781282
1.2, 20.5799294835, 1.00983082245, -4.89923893333, 0.0164474866876
1.21, 20.530938857, 1.00999535027, -4.90394668937, 0.0176722240697
1.22, 20.4819017759, 1.01013157092, -4.90853006915, 0.0104325179461
1.23, 20.4328194879, 1.0101880956, -4.9129876896, 0.00437768045416
1.24, 20.383693169, 1.01024653887, -4.91733953981, 0.00985009839372
1.25, 20.3345238442, 1.01038786294, -4.92159209975, 0.0179732912217
1.26, 20.2853125184, 1.01055613561, -4.92573890059, 0.015218732386
1.27, 20.2360602958, 1.01064992929, -4.92976954059, 0.00610703332385
1.28, 20.1867682856, 1.01069196575, -4.93369741638, 0.00591631829899
1.29, 20.1374374488, 1.01079335069, -4.93753870956, 0.0152382165531
1.3, 20.0880686454, 1.0109684657, -4.94129127253, 0.0186720696884
1.31, 20.0386628078, 1.01110892163, -4.94494299994, 0.0104211095515
1.32, 19.9892209561, 1.0111634329, -4.94849275629, 0.00423044812416
1.33, 19.9397440208, 1.01122516963, -4.95196254661, 0.0106364817503
1.34, 19.8902327731, 1.0113779349, -4.95535760119, 0.0192207667697
1.35, 19.8406879803, 1.0115550651, -4.95866938612, 0.0156767158327
1.36, 19.7911105362, 1.01164863146, -4.96188487617, 0.00584037986565
1.37, 19.7415013436, 1.0116901072, -4.96501961517, 0.00621824838767
1.38, 19.691861141, 1.0118002006, -4.968090285, 0.0164858342699
1.39, 19.6421905734, 1.01197322047, -4.97109085059, 0.0192445611159
1.4, 19.5924903802, 1.0121299245, -4.9740137682, 0.012554392877
1.41, 19.5427613717, 1.01220125277, -4.97685163273, 0.00516144914028
1.42, 19.4930043141, 1.01226067209, -4.97962519558, 0.00965024478072
1.43, 19.4432198083, 1.01240440864, -4.9823432141, 0.0188387038365
1.44, 19.3934084239, 1.01258998828, -4.9849982928, 0.0174775821351
1.45, 19.3435708624, 1.01270497062, -4.98757492594, 0.00778147342671
1.46, 19.2937078735, 1.01275463573, -4.99008312137, 0.00600574087502
1.47, 19.2438200579, 1.01285541697, -4.99254297254, 0.015415698906
1.48, 19.1939078868, 1.01303095619, -4.99495030619, 0.0182453296621
1.49, 19.1439719446, 1.01319489611, -4.99729691733, 0.0142257546872
1.5, 19.0940128736, 1.01328655351, -4.99957347859, 0.00705916276561
1.51, 19.0440313052, 1.01335509274, -5.00179689599, 0.00963233364358
1.52, 18.9940277191, 1.01349173163, -5.00397828811, 0.0179574717421
1.53, 18.9440025439, 1.01367633124, -5.00611194757, 0.0182780529728
1.54, 18.8939563252, 1.01380908831, -5.00818294792, 0.0100410521122
1.55, 18.8438896792, 1.01387678788, -5.01019593091, 0.00706408019135
1.56, 18.7938031021, 1.01397671562, -5.01217091299, 0.0145909747848
1.57, 18.743696956, 1.01415522723, -5.01410875053, 0.0203108648886
1.58, 18.6935716593, 1.01432881085, -5.01599656614, 0.0147011856895
1.59, 18.6434277707, 1.01442200008, -5.01782380639, 0.0071214648643
1.6, 18.593265816, 1.01449441773, -5.01961034156, 0.0104071876907
1.61, 18.5430861481, 1.0146431811, -5.02136746902, 0.0193957687027
1.62, 18.4928890738, 1.01484032212, -5.02308782159, 0.0192160587224
1.63, 18.4426750472, 1.01497740872, -5.02475322762, 0.0101415044707
1.64, 18.3924446023, 1.01504630202, -5.02636996201, 0.00739705977873
1.65, 18.3421981297, 1.01515481647, -5.02796059948, 0.0158661717284
1.66, 18.2919358731, 1.01534769842, -5.02952493795, 0.0216762667054
1.67, 18.2416581562, 1.01553016647, -5.03104726291, 0.0151460608135
1.68, 18.1913654697, 1.01562459179, -5.03251528613, 0.00717470763859
1.69, 18.141058259, 1.0157013588, -5.03395290748, 0.0112757681567
1.7, 18.0907367698, 1.01586343256, -5.03537165453, 0.0209524348575
1.71, 18.040401222, 1.01605964971, -5.03675964381, 0.0204404205214
1.72, 17.990051987, 1.01621735608, -5.03810508098, 0.0125012303509
1.73, 17.9396895096, 1.0163030886, -5.03940602127, 0.00822043720616
1.74, 17.8893141324, 1.01640925895, -5.04068618719, 0.0150485292971
1.75, 17.8389260312, 1.01659742592, -5.04194914614, 0.0218956329555
1.76, 17.7885254266, 1.01679413508, -5.04318115622, 0.0174062758276
1.77, 17.7381127197, 1.01691181022, -5.04436552824, 0.00908563199683
1.78, 17.6876883099, 1.01699571592, -5.04552172859, 0.0110055742938
1.79, 17.6372524009, 1.01715045246, -5.0466660591, 0.0203130257089
1.8, 17.5868051167, 1.01736521008, -5.04779192348, 0.0216607520789
1.81, 17.5363467476, 1.01752971632, -5.04887733468, 0.0127988700241
1.82, 17.4858777123, 1.01761771803, -5.0499230716, 0.00859684975558
1.83, 17.4353982882, 1.01773277161, -5.0509566452, 0.0163761922908
1.84, 17.3849085642, 1.01793665369, -5.05198072714, 0.0234657795968
1.85, 17.3344086966, 1.01814466803, -5.05297869981, 0.0180907994386
1.86, 17.2838990561, 1.0182652345, -5.05393110473, 0.00922989146552
1.87, 17.2333800004, 1.0183537341, -5.05486214794, 0.0118737583516
1.88, 17.1828516573, 1.01852228292, -5.05578918906, 0.0219858773579
1.89, 17.1323140844, 1.01873793054, -5.05670042456, 0.0224470538324
1.9, 17.0817675371, 1.01892088515, -5.05758092075, 0.0152076014986
1.91, 17.031212359, 1.01902977837, -5.05842410159, 0.0100385926259
1.92, 16.980648808, 1.01914796637, -5.05925640704, 0.0159111470639
1.93, 16.9300769428, 1.01934676885, -5.0600848109, 0.0233633884681
1.94, 16.8794968487, 1.01956521207, -5.06089542685, 0.0200725280135
1.95, 16.8289088236, 1.01970998348, -5.06166638115, 0.0115597684442
1.96, 16.7783131978, 1.01981168356, -5.06241529021, 0.0122141406892
1.97, 16.7277100886, 1.01997579937, -5.06316359097, 0.0213071041222
1.98, 16.6770994971, 1.020206771, -5.06390609181, 0.0238946392589
1.99, 16.6264815993, 1.02039856844, -5.06461825573, 0.0156862231023
2.0, 16.5758567456, 1.0205108292, -5.06529489623, 0.010463147701
2.01, 16.5252251543, 1.0206380075, -5.06596721884, 0.0172469251535
2.02, 16.4745868162, 1.02085319086, -5.06664160331, 0.0250613133376
2.03, 16.4239417687, 1.02108477833, -5.06730132297, 0.02096321176
2.04, 16.3732903018, 1.02123408468, -5.06792081722, 0.0118127665023
2.05, 16.3226327296, 1.02134073742, -5.06852265824, 0.0130758465209
2.06, 16.2719691133, 1.0215187675, -5.06913025349, 0.0230316118772
2.07, 16.2212994028, 1.02175193836, -5.06973265298, 0.0248683455545
2.08, 16.1706237559, 1.02196413266, -5.07031370186, 0.0182657165611
2.09, 16.1199424623, 1.02209820233, -5.0708592229, 0.0119304829536
2.1, 16.069255748, 1.02222841354, -5.07139887625, 0.01677374245
2.11, 16.0185635951, 1.02243910273, -5.07194481866, 0.0250849818795
2.12, 15.9678659784, 1.02268295652, -5.0724836766, 0.0231493251977
2.13, 15.9171631238, 1.02285800826, -5.07298706962, 0.0142342183485
2.14, 15.8664553403, 1.0229780071, -5.07346914582, 0.0133885558348
2.15, 15.8157427036, 1.02315156246, -5.0739585897, 0.0223976183325
2.16, 15.765025118, 1.02340135106, -5.07445263767, 0.0265047854648
2.17, 15.7143026648, 1.02362431521, -5.07492428462, 0.0189067655994
2.18, 15.6635756632, 1.02376251043, -5.07535972049, 0.0123595906267
2.19, 15.6128443187, 1.02390141026, -5.07579458765, 0.0180851476713
2.2, 15.5621080847, 1.02412429696, -5.07671208189, 0.022210037254
2.21, 15.5113683362, 1.02437512952, -5.07667881514, 0.0251325067625
2.22, 15.4606238395, 1.02457555588, -5.07708990156, 0.0167756580691
2.23, 15.4098753559, 1.0247113406, -5.07747537256, 0.0139823292703
2.24, 15.359122987, 1.02488202229, -5.07786807451, 0.0217793862748
2.25, 15.3083666153, 1.02513256454, -5.07827030971, 0.0274808571231
2.26, 15.2576062499, 1.02537665083, -5.07865826308, 0.0216648931493
2.27, 15.2068421723, 1.02553926859, -5.07900944205, 0.0141083041733
2.28, 15.1560746142, 1.02568304006, -5.07935574306, 0.0176842042357
2.29, 15.1053035138, 1.02590561685, -5.07971641777, 0.0268183876907
2.3, 15.0545287488, 1.02617613684, -5.08007948816, 0.0264605871222
2.31, 15.0037504844, 1.02638463193, -5.08040999078, 0.0172460997008
2.32, 14.9529690374, 1.02652538587, -5.08071569904, 0.0147025378464
2.33, 14.9021844786, 1.02670858882, -5.08103405941, 0.023448844344
2.34, 14.8513966285, 1.0269670046, -5.08136119978, 0.0269324033792
2.35, 14.8006055366, 1.02722365952, -5.08168063016, 0.0238880529468
2.36, 14.7498115242, 1.02741176213, -5.08188508039, 0.0164789545322
2.37, 14.6990173098, 1.02756886547, -5.08173745747, 0.0180603364922
2.38, 14.6482261931, 1.02778844497, -5.08127456165, 0.0263795143286
2.39, 14.5974412399, 1.02806293511, -5.08049485417, 0.0277904948891
2.4, 14.5466676569, 1.02829443523, -5.07905175226, 0.0200009977197
2.41, 14.4959099396, 1.02845753749, -5.07736141537, 0.0161398499692
2.42, 14.4451724034, 1.02864344789, -5.07504978869, 0.0229815668065
2.43, 14.3944592648, 1.02890880992, -5.07244733086, 0.0294293743982
2.44, 14.343773428, 1.02917971722, -5.06955505808, 0.0248246045878
2.45, 14.2931178405, 1.02937352197, -5.06638393186, 0.0169048159713
2.46, 14.2424970558, 1.02953756896, -5.06266248623, 0.0191058529249
2.47, 14.1919144515, 1.02977210527, -5.05873034388, 0.0281257402295
2.48, 14.1413722844, 1.03006270708, -5.0544996074, 0.0291127230086
2.49, 14.0908752098, 1.03030229207, -5.04977924704, 0.0204436933844
2.5, 14.0404263123, 1.03046936096, -5.04488577704, 0.0166942465959
2.51, 13.9900272362, 1.03066580121, -5.0398434257, 0.0244486968169
2.52, 13.9396788133, 1.03094328922, -5.03521318585, 0.0264117874227
2.53, 13.889384595, 1.03121835683, -5.02926434591, 0.0264812917973
2.54, 13.8391464467, 1.03143544214, -5.02327004848, 0.0193742633878
2.55, 13.7889686332, 1.03161619935, -5.01722355237, 0.0198734378524
2.56, 13.7388515024, 1.03184893651, -5.01101885008, 0.0274924601698
2.57, 13.6887994308, 1.03213820419, -5.00430230822, 0.029747019305
2.58, 13.6388151156, 1.03239552847, -4.99742585281, 0.0229343692678
2.59, 13.5889021424, 1.03258623539, -4.99009247486, 0.0185104095964
2.6, 13.5390629395, 1.03278881121, -4.98265805388, 0.0241438255983
2.61, 13.4892984018, 1.03306519948, -4.97519345791, 0.0307501597093
2.62, 13.4396095988, 1.0333562403, -4.96728540107, 0.027411711816
2.63, 13.3900016522, 1.03357877597, -4.95917804149, 0.0197301158985
2.64, 13.3404752884, 1.03376491482, -4.95098250305, 0.0207037243995
2.65, 13.2910312073, 1.03401043483, -4.94269375903, 0.0290567179402
2.66, 13.2416720879, 1.0343149304, -4.93403583239, 0.0310573369601
2.67, 13.192399876, 1.03458051168, -4.92527037474, 0.0233864818908
2.68, 13.1432176243, 1.03477454516, -4.91609786495, 0.0189339990084
2.69, 13.0941273372, 1.03498585993, -4.90690385042, 0.0254229305365
2.7, 13.0451274012, 1.03527771845, -4.89800317346, 0.0323369789009
2.71, 12.9962151368, 1.03558092221, -4.88933773591, 0.028225269453
2.72, 12.9473887662, 1.03580764464, -4.88080248176, 0.0199785785947
2.73, 12.8986475044, 1.03599875762, -4.87233928439, 0.0215557973477
2.74, 12.8499899134, 1.03625766815, -4.86403880915, 0.0306928249647
2.75, 12.8014150717, 1.0365776499, -4.85577202427, 0.0323517522123
2.76, 12.7529235157, 1.03685103293, -4.84740451295, 0.0237908219546
2.77, 12.7045153242, 1.03704829515, -4.83897998121, 0.0193947792617
2.78, 12.6561921523, 1.03726922098, -4.83051448618, 0.0268213974912
2.79, 12.6079527142, 1.03756742697, -4.82205922052, 0.0317503423286
2.8, 12.5597999155, 1.03788338773, -4.81333135055, 0.0304777897835
2.81, 12.5117340636, 1.03813503793, -4.80466017211, 0.022202568058
2.82, 12.4637545998, 1.03833714313, -4.79604825911, 0.0216607833165
2.83, 12.4158606883, 1.03859092287, -4.78754379006, 0.0301229493382
2.84, 12.368051255, 1.03891471198, -4.77911821708, 0.0337386110087
2.85, 12.3203266499, 1.03921151816, -4.7706107543, 0.026535223162
2.86, 12.272687025, 1.03942987929, -4.76204885551, 0.0206254183846
2.87, 12.2251333676, 1.0396512619, -4.75346691204, 0.0261638852705
2.88, 12.1776641734, 1.0399509728, -4.74575565742, 0.0296152922431
2.89, 12.1302808282, 1.04027436202, -4.73656258279, 0.0324370154111
2.9, 12.0829816341, 1.040551496, -4.7280462184, 0.024784773161
2.91, 12.035767119, 1.04076987018, -4.71961459723, 0.0222933958675
2.92, 11.9886367879, 1.0410208201, -4.7111177779, 0.0294806377498
2.93, 11.9415916201, 1.04134497161, -4.70265471924, 0.0346754592109
2.94, 11.8946307247, 1.04166276094, -4.69424701421, 0.0293041832115
2.95, 11.8477537056, 1.04190583722, -4.68589059509, 0.0224089356943
2.96, 11.8009595497, 1.04213226235, -4.67755717056, 0.0257596581486
2.97, 11.7542495283, 1.04243136671, -4.66914602273, 0.0341435774828
2.98, 11.7076230474, 1.04277412005, -4.66084087595, 0.0337633172617
2.99, 11.6610795373, 1.04305963262, -4.65250690711, 0.0253043910773
3.0, 11.614619848, 1.04328340364, -4.64411698333, 0.0230411713033
3.01, 11.5682434298, 1.04354679996, -4.63584597021, 0.0311143431552
3.02, 11.5219489627, 1.04387842374, -4.62771969959, 0.0341020524342
3.03, 11.4757366317, 1.04420868515, -4.61937329969, 0.0315406155818
3.04, 11.4296076545, 1.04447761113, -4.61107796612, 0.0248273046927
3.05, 11.3835612714, 1.04471770851, -4.60284263665, 0.0261501178839
3.06, 11.3375965579, 1.04501367084, -4.59473816388, 0.0336734547288
3.07, 11.2917122908, 1.0453601453, -4.58670800214, 0.0350877970339
3.08, 11.245909746, 1.04566896781, -4.57841720103, 0.0281201672162
3.09, 11.2001906718, 1.04591578676, -4.57002947685, 0.0245454909579
3.1, 11.1545548379, 1.04618223874, -4.56177623516, 0.0306574910872
3.11, 11.1090008001, 1.04652071877, -4.5536057537, 0.0365887541975
3.12, 11.0635279624, 1.0468656983, -4.54556091814, 0.0325763653113
3.13, 11.0181347534, 1.0471416721, -4.53763502666, 0.0254027230824
3.14, 10.972821686, 1.04738986989, -4.52954117856, 0.0272783704335
3.15, 10.9275898373, 1.04770123132, -4.52139723353, 0.0354536742856
3.16, 10.8824397852, 1.04806443945, -4.51317032588, 0.0365162144711
3.17, 10.8373727126, 1.04838294771, -4.5047486758, 0.028761142275
3.18, 10.792392271, 1.04863567295, -4.49591146555, 0.0252732860703
3.19, 10.7475004949, 1.04891382622, -4.48699964004, 0.0322019901926
3.2, 10.7026979419, 1.04926971824, -4.47806441779, 0.0383168153676
3.21, 10.6579870141, 1.04962805591, -4.46869233649, 0.0335189827943
3.22, 10.613370295, 1.0499100356, -4.45917846241, 0.0258783940926
3.23, 10.56884902, 1.05016574376, -4.44960333517, 0.0283799159041
3.24, 10.5244234516, 1.05049245059, -4.4400897133, 0.0372264562189
3.25, 10.4800952785, 1.05085770294, -4.43009443308, 0.037435397859
3.26, 10.4358670115, 1.05119653854, -4.42008942825, 0.0313986299546
3.27, 10.3917393081, 1.05147251698, -4.40995285306, 0.0269319285862
3.28, 10.347714871, 1.05175535524, -4.39952662867, 0.0318354745389
3.29, 10.3037946833, 1.05210675034, -4.38905054813, 0.0382589587068
3.3, 10.2599791643, 1.05247633804, -4.37857050076, 0.0356226648237
3.31, 10.2162688889, 1.05278412973, -4.36795250762, 0.0283825141876
3.32, 10.1726667043, 1.05305445137, -4.35705241995, 0.0288153881927
3.33, 10.1291729874, 1.05337702266, -4.34617303813, 0.0365320000612
3.34, 10.085788279, 1.05375730847, -4.33530578834, 0.0388860537796
3.35, 10.0425138227, 1.05410572819, -4.32402805561, 0.0320013385646
3.36, 9.99935272924, 1.05438640689, -4.31268665601, 0.0274641236164
3.37, 9.95630522588, 1.05467848564, -4.30123614522, 0.0331202377258
3.38, 9.91337350357, 1.05504525378, -4.28960626039, 0.0398443141471
3.39, 9.8705579667, 1.05542743511, -4.27794449605, 0.0365197618301
3.4, 9.82786104223, 1.05574042766, -4.26594156851, 0.028723058191
3.41, 9.78528413452, 1.05601608011, -4.25391513727, 0.0296468677394
3.42, 9.74282713707, 1.05635140291, -4.24192632686, 0.0380842503167
3.43, 9.70049148371, 1.05674657315, -4.22968112391, 0.0401488167394
3.44, 9.65827832169, 1.05710281658, -4.21733442861, 0.0324201404808
3.45, 9.6161903463, 1.05738662651, -4.20473412447, 0.0278759333911
3.46, 9.57422810351, 1.05768727229, -4.19217969588, 0.0343721728607
3.47, 9.53239088527, 1.05805886123, -4.17969637889, 0.0391163632868
3.48, 9.49067829847, 1.05843869673, -4.16721009056, 0.0389434223349
3.49, 9.44909229498, 1.05879204811, -4.15442799853, 0.0331163428516
3.5, 9.40763401246, 1.0590927299, -4.14165429961, 0.0300110205573
3.51, 9.36630321419, 1.05940904929, -4.12889478618, 0.0351012024759
3.52, 9.32510135828, 1.05978617492, -4.11589761943, 0.0401679636936
3.53, 9.28402897343, 1.0601696698, -4.10300763164, 0.0368607855613
3.54, 9.24308476117, 1.06049500942, -4.09008505091, 0.0307462119122
3.55, 9.20227222113, 1.06079582861, -4.07683307561, 0.0322117033171
3.56, 9.16159161623, 1.061149329, -4.06367845738, 0.0391105021505
3.57, 9.12104207474, 1.06154721573, -4.05059162836, 0.040100679714
3.58, 9.08062330753, 1.06190797748, -4.03744592449, 0.033561876068
3.59, 9.04033954547, 1.06221244652, -4.023701037, 0.0304898377426
3.6, 9.0001926284, 1.06253727269, -4.01004120602, 0.0362719601442
3.61, 8.9601816616, 1.06292787749, -3.99646648001, 0.0415083977108
3.62, 8.9203079043, 1.06332139078, -3.98261129065, 0.0375195998046
3.63, 8.88057241783, 1.06365027997, -3.96877855674, 0.0309861532573
3.64, 8.840976781, 1.0639557852, -3.95470261821, 0.0329783301739
3.65, 8.80152120324, 1.06432070128, -3.94072697283, 0.0404620453648
3.66, 8.76220464211, 1.06473094601, -3.92689101801, 0.0410949645344
3.67, 8.72302612042, 1.06509731123, -3.91305318661, 0.0338175347361
3.68, 8.68398774549, 1.06540400845, -3.89896606929, 0.0308535732543
3.69, 8.64508884539, 1.06573672194, -3.88502396358, 0.037413139993
3.7, 8.60632961928, 1.06614043831, -3.87101237141, 0.0427912443769
3.71, 8.56771154806, 1.06654297768, -3.85689490689, 0.0380507926905
3.72, 8.52923477904, 1.06687410418, -3.84270002543, 0.0311100558306
3.73, 8.49089936969, 1.0671836499, -3.8286325812, 0.0337259548487
3.74, 8.45270401813, 1.06756007895, -3.8146464678, 0.0418292413842
3.75, 8.41464961742, 1.0679682701, -3.80049454449, 0.0416075294688
3.76, 8.37673450302, 1.06835117794, -3.78675179078, 0.0361096024535
3.77, 8.33895889977, 1.06867798593, -3.77257358986, 0.0322135659434
3.78, 8.3013261121, 1.06901219451, -3.75821080956, 0.03670199595
3.79, 8.26383611835, 1.06940762811, -3.74398440427, 0.0423379382674
3.8, 8.22648784465, 1.06981757862, -3.7298071031, 0.0397954729168
3.81, 8.18928291774, 1.07017135289, -3.71539538361, 0.0333300177479
3.82, 8.15222146612, 1.0704926927, -3.70104181347, 0.0338662795144
3.83, 8.11530310885, 1.07086165548, -3.68679137859, 0.040772840915
3.84, 8.07852646466, 1.07128106474, -3.67270467491, 0.0426857472231
3.85, 8.0418905196, 1.07167024298, -3.65850420787, 0.0364172542073
3.86, 8.00539627149, 1.07199905073, -3.64441396812, 0.0324810973981
3.87, 7.96904426141, 1.07233955327, -3.63015515369, 0.0376625859377
3.88, 7.93283387734, 1.07274681221, -3.615919117, 0.0435563137067
3.89, 7.89676485835, 1.07316591935, -3.60197458804, 0.0403819191458
3.9, 7.86083234396, 1.07352224435, -3.5885986348, 0.0334357243283
3.91, 7.82503103326, 1.07384656595, -3.57576978673, 0.0344523966092
3.92, 7.78935294312, 1.07422549464, -3.56392332478, 0.0420309702147
3.93, 7.7537874839, 1.07465700896, -3.55314974165, 0.0437077957343
3.94, 7.71832630487, 1.07505221762, -3.54312164286, 0.0367188241484
3.95, 7.68295763365, 1.07538342406, -3.53452725764, 0.0328506399367
3.96, 7.64767148122, 1.0757319924, -3.52667831994, 0.0388660633751
3.97, 7.61245621598, 1.07614917357, -3.52141416726, 0.0404295693472
3.98, 7.57730966536, 1.07657233979, -3.51374831721, 0.0421488521952
3.99, 7.54221419384, 1.07695363781, -3.50910577731, 0.0361081181088
4.0, 7.50716292521, 1.07729623368, -3.50484665238, 0.0353529510322
4.01, 7.47215115818, 1.07767455729, -3.50143657373, 0.0415614061868
4.02, 7.43716611214, 1.07810739986, -3.49922759865, 0.0447276924652
4.03, 7.40220087115, 1.07852520832, -3.49751998818, 0.0397740799081
4.04, 7.36724875758, 1.07888561396, -3.49654340551, 0.0352121615595
4.05, 7.33230225668, 1.07924527448, -3.49634733755, 0.0390489334369
4.06, 7.29735575185, 1.07966654012, -3.49652421496, 0.0453390550103
4.07, 7.26240326704, 1.08011282973, -3.49747303017, 0.0439000070199
4.08, 7.22744016167, 1.08050828349, -3.4986807111, 0.0373590991765
4.09, 7.19246150951, 1.08086460639, -3.50052510411, 0.0369731381354
4.1, 7.15746277647, 1.08126319937, -3.50276387896, 0.0438872848244
4.11, 7.12243806193, 1.08171970304, -3.50562354121, 0.0469905741743
4.12, 7.08738341667, 1.08215645128, -3.50882719188, 0.0413721339957
4.13, 7.05229420707, 1.08253131896, -3.51243516609, 0.0366957120559
4.14, 7.0171677082, 1.08290923601, -3.51636646609, 0.0412261448554
4.15, 6.98199909311, 1.08335520132, -3.520790954, 0.0479252800164
4.16, 6.94678385244, 1.08382495501, -3.52560797292, 0.0459564625621
4.17, 6.91152034001, 1.08423738573, -3.5304539603, 0.0388747367294
4.18, 6.876208141, 1.08461020124, -3.53538000651, 0.0388811905827
4.19, 6.84084457216, 1.0850320795, -3.5406826102, 0.0465100759364
4.2, 6.80542727218, 1.08551489922, -3.54613537521, 0.0494752824053
4.21, 6.76995369159, 1.0859722813, -3.55193737706, 0.0431007806201
4.22, 6.73442090893, 1.08636293221, -3.55794375067, 0.0383270534242
4.23, 6.69882774698, 1.08676101454, -3.56398539879, 0.0436166644128
4.24, 6.66317315869, 1.08723370327, -3.57024850741, 0.0506808567481
4.25, 6.62745513746, 1.08772801757, -3.57674630522, 0.0480665163146
4.26, 6.59166746949, 1.08815758777, -3.5840884277, 0.0403944756649
4.27, 6.55580260017, 1.08854742046, -3.59217312028, 0.0408911059954
4.28, 6.51985543962, 1.08899406841, -3.60046751906, 0.049301936975
4.29, 6.48381646255, 1.08950462391, -3.61057468337, 0.0520671530037
4.3, 6.44767397416, 1.0899833497, -3.62101636455, 0.0448930472644
4.31, 6.41142691329, 1.09039083931, -3.63167237102, 0.0401190069686
4.32, 6.37506995562, 1.09081132863, -3.64357374571, 0.0462872572735
4.33, 6.33857698845, 1.09130901804, -3.65966702985, 0.0490192715639
4.34, 6.30194300263, 1.09182259915, -3.67252139609, 0.0513659592526
4.35, 6.26515705093, 1.09229223344, -3.68781766232, 0.0445550273017
4.36, 6.22821017686, 1.09271495322, -3.70453089465, 0.0432369955386
4.37, 6.19109353772, 1.09317550194, -3.72183060393, 0.0502965692349
4.38, 6.15380059805, 1.09370227009, -3.73996848031, 0.0546035792616
4.39, 6.11631909641, 1.09421893603, -3.75927060174, 0.049485085043
4.4, 6.07864303479, 1.09467070022, -3.77885324912, 0.0439586443658
4.41, 6.04076897908, 1.09511678458, -3.79886622927, 0.047907368391
4.42, 6.00269222742, 1.09563319407, -3.81947818977, 0.055494633635
4.43, 5.96440151791, 1.09618533225, -3.84151113727, 0.0546472590729
4.44, 5.92588962822, 1.09668394045, -3.86369739307, 0.0472408598203
4.45, 5.88715375503, 1.09713435898, -3.88654385269, 0.04625080555
4.46, 5.84818286292, 1.09762950693, -3.91043274288, 0.0541009051682
4.47, 5.80897126819, 1.09819513558, -3.93455505572, 0.0583909715484
4.48, 5.76951680553, 1.09874535681, -3.95895806359, 0.0524782601222
4.49, 5.72981137433, 1.09922501951, -3.98479602409, 0.0467662805383
4.5, 5.68984714547, 1.09970286804, -4.01084907006, 0.0514814526554
4.51, 5.64962108105, 1.10025856238, -4.03705514766, 0.0595816053345
4.52, 5.60913064984, 1.10084905019, -4.06395985855, 0.0581602529
4.53, 5.56836591215, 1.10137839328, -4.09169314963, 0.0500657248202
4.54, 5.52732353482, 1.10185793505, -4.11938624279, 0.0494131981304
4.55, 5.48600803649, 1.10238939495, -4.14636647457, 0.058085800248
4.56, 5.44442657476, 1.10299542757, -4.17259049889, 0.0622951585976
4.57, 5.4025871501, 1.10357969878, -4.19797689874, 0.0554558372565
4.58, 5.36049846861, 1.10408628301, -4.22248755829, 0.049414011404
4.59, 5.31816852328, 1.10459420641, -4.24627851149, 0.0548628265074
4.6, 5.2756039579, 1.10518690023, -4.26943174003, 0.0633692448857
4.61, 5.23281121221, 1.1058116829, -4.29191530449, 0.0611467396346
4.62, 5.18979766841, 1.10636546362, -4.31362075663, 0.0521788134457
4.63, 5.14657078526, 1.10686686373, -4.33463066595, 0.0518269389325
4.64, 5.10313674271, 1.10742703988, -4.35508764657, 0.0612514749922
4.65, 5.05950081162, 1.10806429718, -4.37500736413, 0.065162899605
4.66, 5.01566890965, 1.10867127658, -4.39429066688, 0.0572240587317
4.67, 4.97164775856, 1.10919284651, -4.41289628667, 0.0508898130343
4.68, 4.92744333298, 1.10971962011, -4.43098877706, 0.0571435116358
4.69, 4.88305830331, 1.11033346784, -4.45059278791, 0.0612654795507
4.7, 4.8385032159, 1.11097235013, -4.46578192478, 0.0637919788295
4.71, 4.79377766598, 1.11155776291, -4.48235724741, 0.0553068203598
4.72, 4.74888928782, 1.1120804421, -4.4983867816, 0.0529203756898
4.73, 4.70384279568, 1.1126421104, -4.5140122051, 0.0610005869065
4.74, 4.65864192585, 1.11328311442, -4.5292611146, 0.0663758915535
4.75, 4.61329085023, 1.11391317903, -4.54405269931, 0.0601411126211
4.76, 4.56779465912, 1.11446052857, -4.55831362394, 0.0527415906798
4.77, 4.52215802863, 1.11499278538, -4.57217837058, 0.056750484726
4.78, 4.47638437876, 1.11560582706, -4.5857313541, 0.0658059306516
4.79, 4.43047685111, 1.11626292969, -4.5989424184, 0.0649000245607
4.8, 4.38443960273, 1.1168538325, -4.61168922033, 0.0554915903298
4.81, 4.33827716603, 1.11737859942, -4.62401544352, 0.0533404405943
4.82, 4.29199299518, 1.11794955526, -4.63606463287, 0.0623049327789
4.83, 4.24558959496, 1.11860444597, -4.64785404404, 0.0676128543847
4.84, 4.19907005007, 1.11924139666, -4.65928871828, 0.0603356690842
4.85, 4.15243845084, 1.11978743119, -4.67029170889, 0.0525417503913
4.86, 4.10569842035, 1.1203216554, -4.68101014136, 0.0573734895382
4.87, 4.05885228935, 1.12094511174, -4.69152080446, 0.0670113310152
4.88, 4.0119022877, 1.12159683097, -4.7017662193, 0.0656255034644
4.89, 3.96485160934, 1.12220318624, -4.71167161647, 0.0573285089877
4.9, 3.91770374269, 1.12273976106, -4.72123339007, 0.0536654375947
4.91, 3.87046143959, 1.12330320514, -4.73058535452, 0.0609306204032
4.92, 3.82312649144, 1.1239471409, -4.73975801342, 0.0671442847134
4.93, 3.77570103167, 1.1245910181, -4.74867817653, 0.0618391994408
4.94, 3.72818818897, 1.12515289901, -4.75725420541, 0.0537267505424
4.95, 3.6805909081, 1.12568714465, -4.76559652369, 0.0563817969106
4.96, 3.63291098752, 1.12629560059, -4.77379372223, 0.0655496100459
4.97, 3.58514986047, 1.12695715726, -4.78182160453, 0.0659145473676
4.98, 3.53730992629, 1.12756081479, -4.78955952447, 0.0566764490684
4.99, 3.48939414188, 1.12809054648, -4.79701931522, 0.0531560386771
5.0, 3.44140457682, 1.12865406437, -4.80434052657, 0.0613540475813
5.01, 3.3933423369, 1.12930403803, -4.81154583827, 0.0676820984595
5.02, 3.34520898146, 1.12994839441, -4.81855147057, 0.0614141220058
5.03, 3.29700714287, 1.1305023204, -4.82526128035, 0.0528153123954
5.04, 3.2487392111, 1.13103099, -4.83179988069, 0.0562439668717
5.05, 3.20040637081, 1.13164287297, -4.8382515455, 0.0661328812162
5.06, 3.15200958243, 1.13229382702, -4.84456783342, 0.0661735911119
5.07, 3.10355071102, 1.13290818924, -4.85067489908, 0.0580070099894
5.08, 3.05503210289, 1.13344399777, -4.85653891476, 0.0528668471446
5.09, 3.00645553121, 1.13399398426, -4.8622919232, 0.0594226351839
5.1, 2.95782176472, 1.13462840778, -4.86797323264, 0.0668365247753
5.11, 2.90913177933, 1.13527637239, -4.87351980448, 0.062592887711
5.12, 2.86038761488, 1.13584228832, -4.87882198908, 0.0535565385089
5.13, 2.81159134012, 1.13636610495, -4.88396884176, 0.0547612465981
5.14, 2.76274393414, 1.13695876453, -4.88906025953, 0.0643288002733
5.15, 2.71384587295, 1.13761696465, -4.8940809396, 0.0662620269913
5.16, 2.66489853554, 1.13822647953, -4.89891266191, 0.0570989116831
5.17, 2.61590404211, 1.13875208074, -4.90353509024, 0.0519686899996
5.18, 2.5668637816, 1.13929831453, -4.90808988269, 0.0595060614683
5.19, 2.51777808633, 1.13992605357, -4.91259418542, 0.0649327378369
5.2, 2.46864780343, 1.14057364091, -4.91701280857, 0.0635120962034
5.21, 2.41947438608, 1.14115079809, -4.92123026956, 0.0543797571085
5.22, 2.37025965853, 1.1416714603, -4.92529954712, 0.0534504006577
5.23, 2.32100448907, 1.14224512605, -4.92933330386, 0.062397250835
5.24, 2.27170907479, 1.14289370961, -4.93333178143, 0.0663055288673
5.25, 2.22237431376, 1.14351295213, -4.93719402843, 0.0584401467169
5.26, 2.17300198668, 1.14404529124, -4.94086390446, 0.0517430880277
5.27, 2.12359338881, 1.14457756033, -4.94447188492, 0.0574275958765
5.28, 2.07414701908, 1.14519308949, -4.94980090649, 0.0614332566197
5.29, 2.02466844983, 1.1458343593, -4.95159013538, 0.0640787166953
5.3, 1.97515367407, 1.14642269284, -4.95496547483, 0.0554994562121
5.31, 1.92560596929, 1.14694498975, -4.95819757237, 0.0526313470468
5.32, 1.87602616143, 1.14750167417, -4.96140270681, 0.0603636598141
5.33, 1.82641429416, 1.14813679031, -4.96459675518, 0.0658498016809
5.34, 1.77677087722, 1.14876279506, -4.96769939639, 0.0597583551883
5.35, 1.72709736516, 1.14930522014, -4.97062994171, 0.0520620681658
5.36, 1.67739498525, 1.14982814679, -4.97349562245, 0.0556070462896
5.37, 1.62766393879, 1.15042915525, -4.97636554956, 0.0646061347125
5.38, 1.5779042335, 1.15107585034, -4.9792063193, 0.0639658974299
5.39, 1.52811686622, 1.15165782882, -4.9818991706, 0.0545283899916
5.4, 1.47830329992, 1.15217082378, -4.98446766767, 0.0519346999771
5.41, 1.4284641406, 1.15272597112, -4.98703414007, 0.0606287830046
5.42, 1.37859917497, 1.15335483138, -4.98959382768, 0.0638743171354
5.43, 1.32870896023, 1.15397911363, -4.99209328029, 0.0605505815036
5.44, 1.27879453283, 1.15453282381, -4.99444773272, 0.0530217275401
5.45, 1.22885700811, 1.1550551132, -4.99673292508, 0.0545924130244
5.46, 1.17889661436, 1.15563922947, -4.99902659589, 0.0627733919936
5.47, 1.12891323981, 1.15627590537, -5.00131066715, 0.0638933790939
5.48, 1.07890755769, 1.15686693947, -5.00348489337, 0.055897770323
5.49, 1.02888081488, 1.15738860718, -5.00554052604, 0.0520187189704
5.5, 0.978833631906, 1.15793301737, -5.00758916415, 0.0588213900021
5.51, 0.928765823, 1.15855547392, -5.00965523797, 0.065043772008
5.52, 0.878677522617, 1.15918074767, -5.0116713598, 0.0601671073836
5.53, 0.828569805802, 1.15972707089, -5.01354838659, 0.0521524192498
5.54, 0.778443679246, 1.16024351988, -5.01537377292, 0.0543749296452
5.55, 0.72829919066, 1.16083006474, -5.01722477039, 0.0632751447283
5.56, 0.678136075135, 1.16147043146, -5.01907813512, 0.0639780422384
5.57, 0.627954951314, 1.16205723168, -5.0208232803, 0.0551186065142
5.58, 0.577757015098, 1.16257079477, -5.02245908141, 0.0513817952983
5.59, 0.527542746903, 1.16311398221, -5.02410584131, 0.0591255709575
5.6, 0.477311788292, 1.16374160721, -5.02578378369, 0.0655333978872
5.61, 0.427064186241, 1.16436732204, -5.02741712014, 0.0597725475986
5.62, 0.376800997905, 1.1649061126, -5.02891199549, 0.0512857262071
5.63, 0.326523147775, 1.16541729887, -5.03037067194, 0.0542631169008
5.64, 0.276230520119, 1.16600762914, -5.03186975804, 0.0639171619242
5.65, 0.225922793738, 1.1666384703, -5.03336502096, 0.0643760047011
5.66, 0.175600470534, 1.16723757084, -5.03478903792, 0.056620452288
5.67, 0.125264557906, 1.16775884465, -5.03609927165, 0.0512501499514
5.68, 0.0749156204706, 1.16829004713, -5.03741118549, 0.0573575725041
