timestamp, prius0 x posi, prius0 y posi, prius0 x vel, prius0 y vel.
0.0, 0.0, 0.0, 0.0, 0.0
0.00999999999999, 24.9964774415, 1.00003542499, -0.238202467641, -0.000833981059849
0.02, 24.9935342108, 1.00001260466, -0.326568845274, -0.0013139976734
0.03, 24.9897148902, 1.00001202089, -0.414839340102, 0.00260053201547
0.04, 24.9850202284, 1.00004853969, -0.503076132744, 0.0050894089936
0.05, 24.979450405, 1.00008118997, -0.591311199152, 0.00247374353721
0.06, 24.9730054816, 1.00007930752, -0.67954495315, -0.000535599384954
0.07, 24.9656854867, 1.00007340946, -0.767782491045, 0.00146309405769
0.08, 24.9574903844, 1.00010453777, -0.85602599729, 0.00550549109498
0.09, 24.9484201304, 1.00015510441, -0.944270127876, 0.00510369258513
0.1, 24.9384747453, 1.0001773295, -1.03250812762, 0.00114304342059
0.11, 24.927654278, 1.00017342629, -1.12074382087, 0.000570054445147
0.12, 24.915958717, 1.0001935008, -1.20898656595, 0.00483970693628
0.13, 24.9033882642, 1.0002528797, -1.29674804621, 0.00736582249783
0.14, 24.8899480569, 1.00030652192, -1.38321826601, 0.0044325392429
0.15, 24.8756484701, 1.00032359585, -1.46862413389, 0.001383067162
0.16, 24.8605001092, 1.00033884709, -1.55298145037, 0.00376623240128
0.17, 24.8445133896, 1.00039468532, -1.63630635352, 0.00804890217306
0.18, 24.8276985892, 1.00046967271, -1.71860600751, 0.00740801008377
0.19, 24.8100659367, 1.0005131283, -1.79988472742, 0.00315459243598
0.2, 24.7916255658, 1.00052965959, -1.8801594306, 0.00269315005633
0.21, 24.7723874143, 1.0005725397, -1.95945166251, 0.00721158813622
0.22, 24.7523612445, 1.00065524997, -2.03777202631, 0.00956700688854
0.23, 24.7315567526, 1.00072822044, -2.11512325094, 0.00612806947899
0.24, 24.7099835901, 1.00076103501, -2.19151428228, 0.00293959973999
0.25, 24.687651276, 1.00079390319, -2.26696805161, 0.0057291040977
0.26, 24.6645723549, 1.00087125879, -2.34136368597, 0.0102636603941
0.27, 24.6407602689, 1.00096676352, -2.41493799039, 0.00925360593754
0.28, 24.6162237446, 1.00102608134, -2.48765266739, 0.00459829980361
0.29, 24.590971513, 1.00105766122, -2.55947954872, 0.00434882779638
0.3, 24.565012309, 1.00111963, -2.6304291464, 0.00929727578251
0.31, 24.5383547782, 1.00122299301, -2.70051058765, 0.0115137759749
0.32, 24.5110075168, 1.00131230315, -2.76972360859, 0.00751589500765
0.33, 24.4829790959, 1.0013576569, -2.8380368473, 0.00420924689292
0.34, 24.454280114, 1.00140559043, -2.9044068711, 0.00748409180755
0.35, 24.4249275512, 1.00150220217, -2.96890522648, 0.0122413152894
0.36, 24.3949394683, 1.00161533872, -3.03160187313, 0.010780734477
0.37, 24.3643335882, 1.00168718103, -3.09253795046, 0.0057091976498
0.38, 24.3331271997, 1.00173086235, -3.15176905789, 0.00573655999814
0.39, 24.3013370414, 1.00180961819, -3.2093523204, 0.0111579571941
0.4, 24.2689793436, 1.00193129674, -3.2653302801, 0.0131908648967
0.41, 24.2360699651, 1.0020339905, -3.31973536906, 0.00857109225619
0.42, 24.2026244129, 1.00208867881, -3.37261047387, 0.00514955648087
0.43, 24.1686577159, 1.00214857828, -3.42401091662, 0.00890413182601
0.44, 24.1341843873, 1.00226121829, -3.47398140884, 0.0138657626124
0.45, 24.0992185487, 1.00238838306, -3.52255353542, 0.0119098416761
0.46, 24.0637740297, 1.00246867264, -3.56975684943, 0.00638827241
0.47, 24.0278642933, 1.00252022055, -3.61563764646, 0.00669846990086
0.48, 23.9915023304, 1.00261168681, -3.6602430473, 0.0126147624774
0.49, 23.9547007171, 1.00274772841, -3.70360502134, 0.0144710312969
0.5, 23.9174717589, 1.00285987443, -3.74574653914, 0.0092360025712
0.51, 23.8798275001, 1.00292016682, -3.78670019384, 0.00573718028345
0.52, 23.8417795942, 1.00298888832, -3.82651264835, 0.0100442892673
0.53, 23.8033392704, 1.00311487134, -3.86521858323, 0.0152226300247
0.54, 23.7645174667, 1.00325312751, -3.90283959218, 0.0127260806276
0.55, 23.7253249266, 1.00333863865, -3.93939596039, 0.00675232029363
0.56, 23.6857721099, 1.00339522837, -3.9749267883, 0.00741199916696
0.57, 23.6458690803, 1.00349718821, -4.0094709352, 0.0138624809827
0.58, 23.6056255709, 1.00364529444, -4.04305142367, 0.0154980517237
0.59, 23.5650511351, 1.00376404293, -4.07568239928, 0.00960213385034
0.6, 23.5241551445, 1.00382707111, -4.10738952185, 0.00606389691095
0.61, 23.482946646, 1.00390238744, -4.13821317365, 0.0109920464024
0.62, 23.4414343308, 1.00403981825, -4.16818016506, 0.0163820720384
0.63, 23.399626678, 1.00418683939, -4.19730418928, 0.0132848763077
0.64, 23.3575320488, 1.00427487948, -4.22559839685, 0.0068557239806
0.65, 23.3151585818, 1.00433425187, -4.25309698862, 0.0079362577642
0.66, 23.2725140733, 1.00444507771, -4.27983255621, 0.0149591107807
0.67, 23.229606054, 1.00460349487, -4.30582118152, 0.0163235764157
0.68, 23.1864419456, 1.00472650003, -4.33107013222, 0.00971999592511
0.69, 23.1430290469, 1.00478993422, -4.3556003127, 0.00618617920864
0.7, 23.0993743774, 1.00487020892, -4.37944782623, 0.0118062656929
0.71, 23.0554846497, 1.00501775162, -4.40263342917, 0.0173953880694
0.72, 23.0113664258, 1.00517167969, -4.42516471597, 0.0136292721952
0.73, 22.9670262086, 1.00525999074, -4.44704954022, 0.00674277704708
0.74, 22.9224703199, 1.00532036628, -4.46831913838, 0.00832088443338
0.75, 22.8777047764, 1.00543892628, -4.48900137431, 0.0159518147259
0.76, 22.8327353779, 1.00560632756, -4.50910692628, 0.0169859054564
0.77, 22.7875678718, 1.00573160676, -4.52863760716, 0.00962530185016
0.78, 22.7422079281, 1.00579350624, -4.54761054303, 0.00614514046025
0.79, 22.6966609837, 1.00587752844, -4.56605627921, 0.0125289083986
0.8, 22.6509322657, 1.00603424429, -4.58398134057, 0.0182982633177
0.81, 22.6050270052, 1.00619351858, -4.6013777158, 0.013782608768
0.82, 22.5589505196, 1.00628002583, -4.61824052203, 0.00642781551399
0.83, 22.5127080492, 1.006339769, -4.63459312896, 0.00857998722869
0.84, 22.4663046086, 1.00646507925, -4.65045506002, 0.01685331078
0.85, 22.4197450784, 1.0066402134, -4.6658285013, 0.0174853170032
0.86, 22.3730343792, 1.00676570486, -4.6807058539, 0.00930245164589
0.87, 22.3261774464, 1.00682394195, -4.69509608589, 0.00592059111617
0.88, 22.2791790656, 1.0069103381, -4.70902287094, 0.0131431695329
0.89, 22.2320438413, 1.00707504145, -4.72248277131, 0.0190577216467
0.9, 22.1847766469, 1.00723770457, -4.73543434778, 0.013702535872
0.91, 22.1373827371, 1.00731995198, -4.74784965723, 0.00587823735373
0.92, 22.0898674162, 1.00737716658, -4.75974806418, 0.00869145767511
0.93, 22.0422357326, 1.00750800633, -4.77115632604, 0.0176370630352
0.94, 21.9944924787, 1.00768930114, -4.78209153538, 0.0177872719918
0.95, 21.9466423157, 1.00781261599, -4.79256456212, 0.00872441040441
0.96, 21.8986897101, 1.00786487671, -4.80260687032, 0.00550165725189
0.97, 21.8506387554, 1.00795218988, -4.81226256704, 0.0136451490235
0.98, 21.8024931914, 1.00812371868, -4.82155218921, 0.0196791462686
0.99, 21.7542566229, 1.00828788379, -4.8304811274, 0.0133986448192
1.0, 21.7059326171, 1.00836360742, -4.8390565688, 0.00512325391019
1.01, 21.6575245449, 1.00841680557, -4.84731428986, 0.00870244637115
1.02, 21.6090354671, 1.00855241187, -4.85527762746, 0.0183442770278
1.03, 21.5604682783, 1.00873865077, -4.86295089223, 0.0179249626918
1.04, 21.5118258941, 1.0088578168, -4.87032881259, 0.00794331931481
1.05, 21.4631111861, 1.00890248785, -4.87742980156, 0.00497077255389
1.06, 21.4143267841, 1.00899014499, -4.88428511041, 0.0141199431287
1.07, 21.3654750862, 1.00915767261, -4.89090007172, 0.0179282943271
1.08, 21.316558502, 1.0093221916, -4.89727567864, 0.0143716393525
1.09, 21.2675794214, 1.00941065688, -4.90340947433, 0.00620344430453
1.1, 21.2185401559, 1.00946440538, -4.90932537862, 0.00781467042942
1.11, 21.1694427924, 1.00958463431, -4.91504302413, 0.0166795699365
1.12, 21.1202892844, 1.00976252819, -4.92056407094, 0.0180056072641
1.13, 21.0710816225, 1.00989191838, -4.92588110339, 0.00939630497195
1.14, 21.0218218088, 1.00994587513, -4.93100328924, 0.00510806138904
1.15, 20.9725116785, 1.01002350771, -4.93595671628, 0.0124031378376
1.16, 20.9231528753, 1.01018574712, -4.94074825322, 0.0192162273227
1.17, 20.8737470254, 1.01035212269, -4.94537218943, 0.0140399390634
1.18, 20.8242958291, 1.01043332477, -4.9498233359, 0.00532281535231
1.19, 20.774800918, 1.01048116996, -4.95412434687, 0.00760668134821
1.2, 20.7252637216, 1.01060422787, -4.95829121131, 0.0172399374428
1.21, 20.6756855695, 1.01078633334, -4.96232189376, 0.01812138364
1.22, 20.6260678651, 1.01091135329, -4.96620557993, 0.00856655620178
1.23, 20.5764120466, 1.01095649774, -4.96995050162, 0.00439828914657
1.24, 20.5267193987, 1.01103245394, -4.97358117075, 0.0126882021284
1.25, 20.4769910373, 1.01119985651, -4.9771009438, 0.0197058301135
1.26, 20.4272280926, 1.01136634244, -4.98050113751, 0.0135750580813
1.27, 20.3774317952, 1.01143889556, -4.98377460662, 0.00432100200837
1.28, 20.3276033182, 1.01148020978, -4.98694409695, 0.00738754990348
1.29, 20.277743644, 1.01160632103, -4.99002283315, 0.017829297266
1.3, 20.227853686, 1.01177810016, -4.99300403148, 0.0177516194167
1.31, 20.1779344532, 1.01190975746, -4.99588155456, 0.00978306455943
1.32, 20.1279869714, 1.01196408312, -4.99865738963, 0.00469193004796
1.33, 20.0780121708, 1.01203197231, -5.00135234546, 0.0111138426375
1.34, 20.0280108344, 1.01218303644, -5.00397084242, 0.0184498962661
1.35, 19.9779837447, 1.01234802794, -5.00650528128, 0.014336016142
1.36, 19.9279317818, 1.01243257214, -5.00894704884, 0.00544030770614
1.37, 19.8778558065, 1.01247532915, -5.01131244064, 0.0065770585514
1.38, 19.8277565264, 1.01258558047, -5.01361506371, 0.01599767889
1.39, 19.7776345704, 1.0127608135, -5.01585114788, 0.0179738701512
1.4, 19.7274906491, 1.01288877707, -5.01800880409, 0.00899734137123
1.41, 19.6773255392, 1.01293408065, -5.020090954, 0.00390610271067
1.42, 19.6271399128, 1.01299919063, -5.02211828549, 0.0112865188427
1.43, 19.5769343028, 1.01315481594, -5.0240929746, 0.0189345287643
1.44, 19.5267092607, 1.01332037498, -5.02600575492, 0.0139376910915
1.45, 19.476465449, 1.01339656732, -5.0278471067, 0.00441945276741
1.46, 19.4262035135, 1.01343195394, -5.02963436305, 0.006236922011
1.47, 19.3759239474, 1.01354420223, -5.03137962185, 0.0165194283457
1.48, 19.3256271784, 1.01372354424, -5.0330774406, 0.0180857664383
1.49, 19.2753137333, 1.01384674035, -5.03471446493, 0.00809021968867
1.5, 19.2249842102, 1.01389405939, -5.03629647309, 0.00472571514616
1.51, 19.1746390837, 1.01395293918, -5.03783796514, 0.00982997681583
1.52, 19.1242787481, 1.01409259573, -5.03934320351, 0.0176464735065
1.53, 19.0739035868, 1.01425591081, -5.04080418373, 0.014617692133
1.54, 19.0235140836, 1.01434384568, -5.04221116583, 0.00557477555673
1.55, 18.9731107319, 1.01438158809, -5.04357626008, 0.00553972928806
1.56, 18.9226939026, 1.01447866163, -5.04491218398, 0.0146982399051
1.57, 18.8722638938, 1.01464640039, -5.04621486296, 0.0177713906762
1.58, 18.8218210793, 1.01477700448, -5.04747276727, 0.00942008589154
1.59, 18.7713659125, 1.01482249616, -5.04868552829, 0.00341689336264
1.6, 18.7208987747, 1.01487655955, -5.04987133909, 0.00984289743699
1.61, 18.6704199246, 1.01501978483, -5.05103247477, 0.0180942553968
1.62, 18.6199296327, 1.01518388774, -5.05216007661, 0.0142689531416
1.63, 18.569428279, 1.01526366001, -5.05324377412, 0.00452720861429
1.64, 18.5189162514, 1.01529313582, -5.05429691436, 0.00507287713927
1.65, 18.4683938118, 1.01539109904, -5.05533143714, 0.0151481834054
1.66, 18.4178611576, 1.01556297595, -5.05634207642, 0.0179415695227
1.67, 18.3673185732, 1.01568952162, -5.05731633797, 0.00856606486883
1.68, 18.3167664249, 1.01572490063, -5.05825455296, 0.00250373614692
1.69, 18.2662050019, 1.01577518442, -5.05917555681, 0.00995576088225
1.7, 18.2156342909, 1.01591825657, -5.06026155207, 0.0139141655405
1.71, 18.1650550377, 1.01607525495, -5.06095750843, 0.0147710177243
1.72, 18.1144669858, 1.0161656282, -5.0618021084, 0.00563294718224
1.73, 18.0638706205, 1.01619763808, -5.06262130512, 0.00442672960088
1.74, 18.0132661497, 1.01628067262, -5.06342769623, 0.0133074576133
1.75, 17.9626537093, 1.01644007231, -5.06421771229, 0.0174983816793
1.76, 17.9120335, 1.01657285421, -5.06498062371, 0.0098162976671
1.77, 17.8614058066, 1.01661836724, -5.06571372249, 0.00291129691345
1.78, 17.810770866, 1.01666107446, -5.06643326606, 0.00835465616934
1.79, 17.7601288039, 1.01679135658, -5.06714224702, 0.0171995611033
1.8, 17.7094797477, 1.01695362066, -5.06783251995, 0.0145802362506
1.81, 17.6588239267, 1.01703695659, -5.06849356187, 0.0046429487898
1.82, 17.6081615952, 1.01706052664, -5.0691355055, 0.00389703648888
1.83, 17.5574929024, 1.0171438917, -5.0697704962, 0.0137339626683
1.84, 17.5068179302, 1.01730790173, -5.07039381035, 0.0177679020782
1.85, 17.4561368339, 1.01743772203, -5.07099405826, 0.00905176706963
1.86, 17.405449858, 1.01748131266, -5.07173205322, 0.00527503514429
1.87, 17.3547571686, 1.01752289666, -5.07213705322, 0.00720157109898
1.88, 17.3040588738, 1.017637087, -5.07269638091, 0.0156336143213
1.89, 17.2533550581, 1.01779291599, -5.07324228031, 0.0148494693277
1.9, 17.2026458904, 1.0178865941, -5.07376528717, 0.00593081815472
1.91, 17.1519315772, 1.01791620059, -5.07427158046, 0.00365176260596
1.92, 17.1012122445, 1.01798693825, -5.07477315657, 0.0119183789295
1.93, 17.050487949, 1.01813632832, -5.07526701467, 0.0169817600901
1.94, 16.9997587972, 1.01826981569, -5.07574364519, 0.0102053880025
1.95, 16.9490249775, 1.01831721384, -5.07619920593, 0.00270865829365
1.96, 16.8982866492, 1.01835119028, -5.07664772853, 0.00701991046225
1.97, 16.8475438734, 1.01846788215, -5.07709288553, 0.0160791477014
1.98, 16.7967967034, 1.01862568071, -5.07752738404, 0.0146825150237
1.99, 16.7460452815, 1.01871254409, -5.07794144757, 0.00493387505466
2.0, 16.695289785, 1.01873300777, -5.07834239553, 0.00300486998849
2.01, 16.644530306, 1.01880284513, -5.07874209642, 0.0122439883628
2.02, 16.59376687, 1.01895654905, -5.0791365928, 0.0172832418895
2.03, 16.5429995599, 1.01908775494, -5.07951589431, 0.00951158059405
2.04, 16.4922285408, 1.01912536113, -5.07987667937, 0.00170672580939
2.05, 16.4414539439, 1.01915375734, -5.08023395529, 0.00692955855228
2.06, 16.3906758004, 1.01927397119, -5.08059033117, 0.0166148407305
2.07, 16.3398941467, 1.01941990614, -5.08093678118, 0.0147565847262
2.08, 16.2891090983, 1.01951577883, -5.08126809032, 0.00615050920256
2.09, 16.2383207959, 1.01954233998, -5.08158716893, 0.00281107783938
2.1, 16.187529323, 1.01959995653, -5.08190553125, 0.0104333747593
2.11, 16.1367346959, 1.01973836782, -5.08222107746, 0.0163789157722
2.12, 16.0859369672, 1.01987200884, -5.08252540416, 0.0105678731154
2.13, 16.0351362659, 1.01992124853, -5.08281386103, 0.00250926243375
2.14, 15.9843327078, 1.01994637151, -5.08309840002, 0.00565341132935
2.15, 15.933526322, 1.02004894061, -5.08338347586, 0.0148962243169
2.16, 15.8827171217, 1.02020178946, -5.08366261018, 0.0147575102093
2.17, 15.8319051957, 1.02029221157, -5.08392685968, 0.00524782864709
2.18, 15.7810906739, 1.02030978983, -5.08418117709, 0.00212278063804
2.19, 15.7302736191, 1.02036590862, -5.08443710478, 0.0107126868589
2.2, 15.6794540288, 1.0205088223, -5.08469151309, 0.0167564755026
2.21, 15.6286319425, 1.02064128059, -5.08493563793, 0.00998444723064
2.22, 15.5778074771, 1.02068123498, -5.08516531223, 0.00149612213393
2.23, 15.5269807311, 1.02070007677, -5.08539349141, 0.00546836865209
2.24, 15.4761517149, 1.02080560157, -5.08562368476, 0.0154278594207
2.25, 15.4253204285, 1.02096143015, -5.08584883215, 0.0146815126298
2.26, 15.3744869505, 1.02104539981, -5.08605989525, 0.00423615978816
2.27, 15.323651396, 1.02106722387, -5.08626421286, 0.0022000636484
2.28, 15.2728138072, 1.02111273711, -5.0864692156, 0.00901314389479
2.29, 15.2219741865, 1.02124068333, -5.08667415998, 0.0158245321737
2.3, 15.1711325546, 1.02137508638, -5.08687151293, 0.0110017741376
2.31, 15.1202890018, 1.02142689345, -5.08705635122, 0.00237653134261
2.32, 15.0694436171, 1.0214435884, -5.08723882387, 0.00430788161537
2.33, 15.0185964147, 1.02153205034, -5.08742400583, 0.0137065087661
2.34, 14.967747386, 1.02167998402, -5.08760603284, 0.0148498798718
2.35, 14.9168965849, 1.02177430723, -5.08777685264, 0.0056047543777
2.36, 14.8660441103, 1.02178933669, -5.08793956572, 0.00125984382512
2.37, 14.8151900093, 1.02183168724, -5.08810529055, 0.00916018820388
2.38, 14.7643342662, 1.02196358097, -5.08827165141, 0.0162140567631
2.39, 14.7134768945, 1.02209735164, -5.08843088161, 0.0104810501362
2.4, 14.6626179776, 1.02213996137, -5.08857839744, 0.00131340264656
2.41, 14.6117575938, 1.02214931814, -5.08872526233, 0.00399452268376
2.42, 14.5608957449, 1.02223986967, -5.08887577773, 0.0142078962933
2.43, 14.5100324143, 1.02239123327, -5.08902352163, 0.0148643175238
2.44, 14.459167651, 1.02247987026, -5.08916041298, 0.00463000610578
2.45, 14.4083015441, 1.02249872732, -5.08929159556, 0.00123802323475
2.46, 14.3574341263, 1.02252937316, -5.08942459533, 0.00737355212169
2.47, 14.3065653896, 1.02264620768, -5.08955937189, 0.0153403876204
2.48, 14.2556953341, 1.02278288939, -5.0896889951, 0.0115960364261
2.49, 14.2048240233, 1.02283766689, -5.08980822512, 0.00215777751413
2.5, 14.1539515301, 1.02284390835, -5.08992565626, 0.00271447582929
2.51, 14.1030778624, 1.02291666952, -5.0900471971, 0.0124755503085
2.52, 14.0522029991, 1.02306080976, -5.09016740466, 0.0151447576734
2.53, 14.0013269705, 1.02316070481, -5.09027889503, 0.00604177976448
2.54, 13.950449854, 1.02317233053, -5.09038317039, 0.000192881048218
2.55, 13.8995716891, 1.02319868761, -5.09049117055, 0.00743555502383
2.56, 13.8486924547, 1.02331948285, -5.09060125571, 0.0158035670805
2.57, 13.7978121471, 1.02345663503, -5.09070630306, 0.0111817276121
2.58, 13.746930826, 1.0235025269, -5.09080140805, 0.00105118458133
2.59, 13.6960494946, 1.02351480747, -5.09065031122, 0.00235491918193
2.6, 13.6451719786, 1.02357460623, -5.08997184602, 0.0107256080086
2.61, 13.5943041549, 1.02370559623, -5.08881861945, 0.0145285871478
2.62, 13.5434494645, 1.02381003118, -5.08735363162, 0.00718222702917
2.63, 13.4926109596, 1.02383222328, -5.08558824617, 0.000761850631636
2.64, 13.4417913216, 1.02385303675, -5.083575635, 0.0060084047965
2.65, 13.3909930252, 1.02395660079, -5.08132414805, 0.01427395379
2.66, 13.3402199774, 1.02408891637, -5.07849523062, 0.011649220983
2.67, 13.2894771693, 1.02414599454, -5.0753380016, 0.00227954956467
2.68, 13.2387671744, 1.02414763384, -5.07193900961, 0.0017142096914
2.69, 13.1880926934, 1.02420665824, -5.06816043533, 0.0110237079051
2.7, 13.1374583545, 1.02434099447, -5.06400689583, 0.0146823441713
2.71, 13.0868668546, 1.02444166274, -5.05960425065, 0.00636375160109
2.72, 13.0363204209, 1.0244535549, -5.05499600319, -0.000233930560348
2.73, 12.9858210496, 1.02446914505, -5.05019820316, 0.00594588410788
2.74, 12.9353706817, 1.02457588986, -5.04520739048, 0.0147124149011
2.75, 12.8849711112, 1.02470904509, -5.04004018356, 0.0112967426528
2.76, 12.8346248973, 1.02475755078, -5.0344683869, 0.00115465298115
2.77, 12.784336297, 1.02476427337, -5.02860338821, 0.00121913539427
2.78, 12.7341071419, 1.02480910742, -5.02258578885, 0.00918388590925
2.79, 12.6839391237, 1.0249300764, -5.01639321538, 0.0140917111302
2.8, 12.6338334959, 1.02503563424, -5.01009356809, 0.00752136745298
2.81, 12.5837916545, 1.02505762002, -5.00363841565, 0.000232279714249
2.82, 12.5338150549, 1.02506631272, -4.99704871112, 0.00438311087059
2.83, 12.4839060357, 1.02515502023, -4.99007413566, 0.013159332205
2.84, 12.4340681601, 1.02528362269, -4.98288829446, 0.0118134853888
2.85, 12.384302704, 1.02534346463, -4.97558834921, 0.00235428039327
2.86, 12.3346116266, 1.02533872167, -4.96794598076, 0.000453665395299
2.87, 12.2849984802, 1.02538155032, -4.96008571957, 0.00938811547887
2.88, 12.2354642286, 1.02550563439, -4.95216401543, 0.0142813245178
2.89, 12.1860100186, 1.02560802734, -4.94409306364, 0.00675549066779
2.9, 12.1366376131, 1.02561959721, -4.93572464003, -0.000833857432816
2.91, 12.0873500761, 1.02562191647, -4.92719269362, 0.0041959896501
2.92, 12.0381486402, 1.02571306261, -4.91852804214, 0.0135823444558
2.93, 11.9890349259, 1.02584301113, -4.90957722012, 0.0115491098166
2.94, 11.9400121132, 1.02589485306, -4.90042804057, 0.00123373106835
2.95, 11.8910808951, 1.0258938203, -4.89124643643, 0.000523812352112
2.96, 11.8422420111, 1.0259260856, -4.88197796276, 0.00767147860702
2.97, 11.7934958497, 1.02603435526, -4.8726903326, 0.0132053515093
2.98, 11.7448429123, 1.02613694727, -4.86333672487, 0.00759963731842
2.99, 11.6962837199, 1.02615924309, -4.85393494416, -7.78231384331e-06
3.0, 11.6478200339, 1.0261593911, -4.84419574555, 0.00305048504698
3.01, 11.5994541653, 1.02623321003, -4.83441630384, 0.0117797129718
3.02, 11.5511867384, 1.0263537926, -4.82452530125, 0.0115320853274
3.03, 11.5030175368, 1.02641437836, -4.81482944993, 0.00248619776814
3.04, 11.4549481542, 1.02640631884, -4.80453298361, -0.000390601648356
3.05, 11.406981563, 1.02643555653, -4.79423467989, 0.00779356095042
3.06, 11.3591183193, 1.02654672622, -4.78387584295, 0.0134290449502
3.07, 11.3113584408, 1.02664685539, -4.77348360261, 0.00691064915864
3.08, 11.2637044374, 1.02665904212, -4.76277727538, -0.00109207867162
3.09, 11.2161577738, 1.02665213599, -4.75201792291, 0.0027730200219
3.1, 11.168719008, 1.02672776029, -4.74121437455, 0.0121808050159
3.11, 11.1213888661, 1.02685006698, -4.73021022101, 0.0113438819212
3.12, 11.0741700399, 1.02690337624, -4.71904094081, 0.00141389208668
3.13, 11.0270626602, 1.02688511164, -4.70790280057, -0.00116025029622
3.14, 10.9800667783, 1.02691235528, -4.69674968611, 0.00803020897278
3.15, 10.9331823269, 1.02702729331, -4.68561123139, 0.0136979637522
3.16, 10.8864095288, 1.02712481929, -4.67443140082, 0.00617169075732
3.17, 10.8397490505, 1.02713435391, -4.66310263515, 0.0010828642216
3.18, 10.7932031989, 1.02712412417, -4.6515805735, 0.00140183124453
3.19, 10.746771632, 1.0271823141, -4.6402042507, 0.0105661445853
3.2, 10.7004546142, 1.02729846676, -4.62869037675, 0.0116709064481
3.21, 10.6542535658, 1.02736214561, -4.61694216625, 0.00263249040294
3.22, 10.6081713093, 1.02734826794, -4.60491563712, -0.00162725335533
3.23, 10.5622101919, 1.02736087814, -4.59279303888, 0.00606891744362
3.24, 10.5163696717, 1.02746082127, -4.58075263006, 0.0129529134845
3.25, 10.4706518655, 1.02756260166, -4.56831730358, 0.00735634643818
3.26, 10.4250576731, 1.0275752971, -4.55600237111, -0.00161118247181
3.27, 10.37958713, 1.02755530279, -4.54360723818, 0.000982396766952
3.28, 10.3342401175, 1.02761441096, -4.53128079797, 0.0109456275353
3.29, 10.2890162366, 1.02773291721, -4.51898104101, 0.0115949694302
3.3, 10.2439152132, 1.02779022152, -4.50670452139, 0.00159933396677
3.31, 10.1989375572, 1.02777939452, -4.49423379589, -0.00172817540117
3.32, 10.1540854856, 1.02777957316, -4.4816688782, 0.00421294515482
3.33, 10.1093590812, 1.02786374063, -4.46911257033, 0.0120029618974
3.34, 10.0647576313, 1.02796760251, -4.45665427857, 0.00838385489618
3.35, 10.020281055, 1.02799163799, -4.44415521711, -0.000842600841565
3.36, 9.97592916548, 1.02796788996, -4.43170553274, -0.000352448822911
3.37, 9.93170183805, 1.02800868341, -4.41915233505, 0.00915826092777
3.38, 9.88760131224, 1.02811930057, -4.40644105821, 0.0117986846171
3.39, 9.84362746908, 1.02818704625, -4.39380366807, 0.00293050005063
3.4, 9.79978018696, 1.02816847228, -4.38113924316, -0.00282151590914
3.41, 9.7560599865, 1.028163746, -4.36830954394, 0.00420101002003
3.42, 9.71246822911, 1.02825106697, -4.35558650083, 0.0123860907685
3.43, 9.66900233956, 1.02835473855, -4.3431098792, 0.0079170084014
3.44, 9.62566001566, 1.02836947644, -4.3308782768, -0.00198667600542
3.45, 9.58243890878, 1.02835111789, -4.31882417033, -0.000772266386008
3.46, 9.53933737597, 1.02837840156, -4.30698096368, 0.00735873441169
3.47, 9.49635320849, 1.02847539949, -4.29534978367, 0.0111380346579
3.48, 9.45348464006, 1.02854720797, -4.28381682972, 0.00402243045466
3.49, 9.41073094571, 1.0285386865, -4.27239479926, -0.00229984481017
3.5, 9.36809075414, 1.02852800431, -4.26110579696, 0.00274239245221
3.51, 9.32556248298, 1.02859783085, -4.24998995275, 0.0108363432264
3.52, 9.28314707773, 1.02869640796, -4.23862652277, 0.00835612779121
3.53, 9.24084432779, 1.0287220006, -4.22732987128, -0.000786023499942
3.54, 9.19865489162, 1.02869299308, -4.21601619684, -0.00141563817868
3.55, 9.15657804039, 1.0287193436, -4.20480730433, 0.00763519878911
3.56, 9.1146129588, 1.02881942736, -4.19366604208, 0.0112719581423
3.57, 9.07275949376, 1.02888740266, -4.18242581385, 0.00321387110262
3.58, 9.03101938472, 1.02886877349, -4.17099704577, -0.00327033304481
3.59, 8.9893938909, 1.02885301216, -4.15956338082, 0.00268523302201
3.6, 8.94788226335, 1.02892593359, -4.148223753, 0.0112621180079
3.61, 8.90648382194, 1.02902530859, -4.13693679931, 0.00801614401495
3.62, 8.86519768045, 1.02904261959, -4.12575009499, -0.00187029636495
3.63, 8.82402277785, 1.02900464867, -4.11467662508, -0.00197103717099
3.64, 8.78295836177, 1.02903107889, -4.1036589891, 0.00802408752456
3.65, 8.74200446879, 1.02913505499, -4.09253492501, 0.0114439201994
3.66, 8.70116208236, 1.02919901752, -4.0814072492, 0.00235296306829
3.67, 8.66043042415, 1.02918165432, -4.07037590699, -0.0026222230216
3.68, 8.61980891849, 1.02915768746, -4.05931519863, 0.00105033564024
3.69, 8.57929863851, 1.02921383471, -4.04819915234, 0.00998571234588
3.7, 8.53889927317, 1.02931174267, -4.03713974304, 0.00879141905954
3.71, 8.49861014728, 1.02934097868, -4.0261490448, -0.000784371588596
3.72, 8.458430522, 1.02930372391, -4.01523486202, -0.00287627108745
3.73, 8.41836002904, 1.02931338389, -4.00426373795, 0.00612061572785
3.74, 8.37839956245, 1.02940606494, -3.99328587177, 0.0112339509457
3.75, 8.33854854939, 1.02947835919, -3.98237224588, 0.00372156404482
3.76, 8.29880632357, 1.0294585063, -3.97152516752, -0.00408074878854
3.77, 8.25917178299, 1.02942770884, -3.96079848347, 0.000870775193015
3.78, 8.21964531133, 1.02948656991, -3.95000872925, 0.0104529414143
3.79, 8.18022686576, 1.02958628447, -3.93907184112, 0.00856883842854
3.8, 8.14091846551, 1.02960782809, -3.92800327137, -0.00187744009083
3.81, 8.10172083224, 1.02957507128, -3.9170316435, -0.0034696238308
3.82, 8.06263280717, 1.0295697949, -3.90593654494, 0.00425869154163
3.83, 8.02365685602, 1.02964977968, -3.89470015562, 0.0107765318985
3.84, 7.98479361985, 1.0297283673, -3.8834095467, 0.00499271195529
3.85, 7.94604371858, 1.0297188541, -3.87195954734, -0.0036619223402
3.86, 7.90740825376, 1.02968032799, -3.86066685545, -0.000767255556774
3.87, 7.86888351607, 1.02972119584, -3.84984293287, 0.00898445592194
3.88, 7.83046332788, 1.0298178466, -3.83981535967, 0.00925808206013
3.89, 7.79213840776, 1.02985182582, -3.83083717216, -0.000640991296253
3.9, 7.75389772992, 1.02981903054, -3.82284130162, -0.00268381509704
3.91, 7.71573275262, 1.02980764558, -3.81570392954, 0.002807400838
3.92, 7.67763181784, 1.02987104986, -3.8101110125, 0.00937444801718
3.93, 7.63957900762, 1.02994592202, -3.80614250409, 0.00553292697993
3.94, 7.60155839632, 1.02994738009, -3.80345265328, -0.0025112706347
3.95, 7.56355970727, 1.02991174147, -3.80173702801, -0.00137806506932
3.96, 7.52556878882, 1.02993786265, -3.80228852835, 0.00716021924773
3.97, 7.48756157733, 1.03002212311, -3.80451084721, 0.00883200813114
3.98, 7.44952692031, 1.03006257862, -3.80772049354, 0.000656453461589
3.99, 7.41145760443, 1.03002860221, -3.81163922535, -0.00384976912008
4.0, 7.37334036442, 1.03001363051, -3.81684934439, 0.00290872219177
4.01, 7.33516777624, 1.03008048961, -3.82316192811, 0.00974914976151
4.02, 7.29692439599, 1.03015520063, -3.83071214934, 0.00512297020353
4.03, 7.25860204002, 1.03014875392, -3.83896028097, -0.00344312413191
4.04, 7.22019447068, 1.03010644874, -3.84778332495, -0.00167306443585
4.05, 7.18169371949, 1.03013436044, -3.85751830785, 0.00762753245332
4.06, 7.14309126305, 1.03022214155, -3.86839001897, 0.00891890644249
4.07, 7.10437314856, 1.03025818331, -3.88037505963, -0.000159638404348
4.08, 7.0655309686, 1.03021531353, -3.89344199495, -0.00458331965546
4.09, 7.02655118113, 1.03019812728, -3.90761394148, 0.00313582041256
4.1, 6.98742656404, 1.0302696786, -3.92239310648, 0.0102235142994
4.11, 6.94815144066, 1.03034464081, -3.93770828742, 0.0047013325528
4.12, 6.90872047215, 1.03032991438, -3.95354975715, -0.00441642736818
4.13, 6.86912936107, 1.03028099097, -3.96994520656, -0.00192083453099
4.14, 6.8293655313, 1.03031155393, -3.98782462881, 0.00819026879888
4.15, 6.78942150706, 1.03040342313, -4.00602042826, 0.00901111738241
4.16, 6.74929248774, 1.03043454851, -4.0247897076, -0.00105007135766
4.17, 6.7089735791, 1.03039451366, -4.04398987249, -0.00363444786757
4.18, 6.66845828193, 1.03037204942, -4.06427012233, 0.001738320454
4.19, 6.62773453304, 1.0304276031, -4.0853983363, 0.00889931661091
4.2, 6.58679613897, 1.03049997387, -4.10744812956, 0.00537786825019
4.21, 6.54563252845, 1.03049753048, -4.13019747875, -0.0031549874276
4.22, 6.50423979943, 1.03045212377, -4.15326700856, -0.00250961006952
4.23, 6.46261448807, 1.0304679573, -4.17669280937, 0.00636435193586
4.24, 6.42075155934, 1.03054777577, -4.20102243713, 0.00865126398875
4.25, 6.37864074075, 1.03058631049, -4.22595920405, 0.000333296459863
4.26, 6.33628261863, 1.03054518997, -4.25034738739, -0.0048555555594
4.27, 6.29368454024, 1.03051873281, -4.27398003594, 0.00181460457647
4.28, 6.25085399922, 1.03057793459, -4.29687362664, 0.00931646157636
4.29, 6.20779824619, 1.03065062715, -4.31905254615, 0.00499023634716
4.3, 6.16452423674, 1.03064005928, -4.34054811887, -0.00416026014005
4.31, 6.12103868554, 1.03058706168, -4.36138427828, -0.0029080514889
4.32, 6.07734811921, 1.03060407548, -4.38157885287, 0.00679841094411
4.33, 6.0334588678, 1.03068745336, -4.40114960658, 0.00874081855364
4.34, 5.98937700361, 1.03072135058, -4.42012293427, -0.00055015391169
4.35, 5.94510835506, 1.03067031216, -4.43852416606, -0.00572648348597
4.36, 5.90065858236, 1.03064043629, -4.45636909619, 0.00193205722099
4.37, 5.85603320175, 1.03070372425, -4.47367094482, 0.00974780907875
4.38, 5.81123753318, 1.03077633466, -4.49044831018, 0.00451095660803
4.39, 5.76627665557, 1.03075654633, -4.50672721866, -0.00527245720965
4.4, 5.72115547987, 1.03071007212, -4.5225229199, -0.00323460402924
4.41, 5.67587880153, 1.0307139992, -4.53784778425, 0.00498815738536
4.42, 5.63045127402, 1.03078332428, -4.55271361557, 0.00802255800257
4.43, 5.58487736459, 1.03082108941, -4.56713982935, 0.000559083089482
4.44, 5.53916134838, 1.03078073578, -4.58114645054, -0.00512745255421
4.45, 5.49330738238, 1.03074541997, -4.5947440119, 0.000480062621877
4.46, 5.44731953651, 1.03079073701, -4.6079406928, 0.00811005976318
4.47, 5.4012017459, 1.03085746148, -4.62074929743, 0.00489223535154
4.48, 5.354957756, 1.03084854235, -4.63319041285, -0.00403226363581
4.49, 5.30859117924, 1.03079153648, -4.64527632832, -0.00384659881416
4.5, 5.26210556203, 1.03079471599, -4.6570128647, 0.00525243429805
4.51, 5.21550437219, 1.03086656848, -4.66840723793, 0.0080661301861
4.52, 5.16879091878, 1.03089960239, -4.67947620298, -0.000326403225046
4.53, 5.12196835298, 1.03084883174, -4.69023615136, -0.00609607620279
4.54, 5.07503975715, 1.03080862514, -4.70069211098, 0.000434108228205
4.55, 5.0280081761, 1.03085674695, -4.71084783554, 0.00846435995795
4.56, 4.98087655195, 1.03092326157, -4.72071324603, 0.00444106903654
4.57, 4.9336476587, 1.03090527916, -4.73030714585, -0.00516073105175
4.58, 4.88632417417, 1.03083929219, -4.7396372708, -0.00438502711873
4.59, 4.8389087564, 1.03084254619, -4.74870499085, 0.00560615106895
4.6, 4.79140402114, 1.03091744202, -4.7575143301, 0.00811707781516
4.61, 4.74381244166, 1.03094528347, -4.7660809203, -0.00128656093923
4.62, 4.69613635503, 1.03089555259, -4.77441757032, -0.00542185943973
4.63, 4.64837807983, 1.03084719202, -4.78252655009, -0.00123128097554
4.64, 4.60053990241, 1.03087767594, -4.79040908619, 0.00705926502893
4.65, 4.55262405333, 1.03094139735, -4.79807146786, 0.00509831749913
4.66, 4.50463262038, 1.03093473124, -4.80552981566, -0.00408944996199
4.67, 4.45656760325, 1.03086958138, -4.81279118864, -0.00528205629564
4.68, 4.40843100215, 1.03085565309, -4.81985438201, 0.00360881921332
4.69, 4.36022480935, 1.03091789041, -4.82672074811, 0.00775299821109
4.7, 4.31195090835, 1.03095290646, -4.83340224331, 1.24915075269e-05
4.71, 4.2636110546, 1.03090034469, -4.83991234691, -0.00689494066154
4.72, 4.21520698164, 1.03084519856, -4.84625016199, -0.00142085893434
4.73, 4.1667404492, 1.03087774631, -4.85241391487, 0.00741043374407
4.74, 4.1182131696, 1.03094183712, -4.85840861978, 0.00473038454554
4.75, 4.06962671402, 1.03092649002, -4.86425069592, -0.00523747190449
4.76, 4.02098258368, 1.03085141684, -4.86994442298, -0.00595530904928
4.77, 3.97228231122, 1.03083644252, -4.87548556211, 0.00389958488943
4.78, 3.92352744362, 1.03090195233, -4.88087374406, 0.00788878649317
4.79, 3.8747194197, 1.03093269335, -4.88612131164, -0.000882129278547
4.8, 3.82585955171, 1.03087699579, -4.89110304722, -0.00463842728926
4.81, 3.77694917774, 1.03081957055, -4.89622701201, -0.00269511612515
4.82, 3.72798964135, 1.03083477972, -4.90107982827, 0.0057175928756
4.83, 3.67898227398, 1.03089121421, -4.90580132537, 0.00488214608341
4.84, 3.62992828579, 1.03088511834, -4.91040560391, -0.00405467438663
4.85, 3.58082881381, 1.03081503858, -4.91489774517, -0.00630833544734
4.86, 3.5316850294, 1.03078630149, -4.91927244258, 0.00196489104016
4.87, 3.48249813764, 1.03083599518, -4.92352793595, 0.00698416855542
4.88, 3.43326926319, 1.03086929552, -4.92767359628, 0.000166220273074
4.89, 3.3839994111, 1.03081636664, -4.93172218846, -0.00731992065711
4.9, 3.3346895834, 1.03075026759, -4.9356697995, -0.00298285988954
4.91, 3.28534084492, 1.03076691099, -4.93951136946, 0.00605413397933
4.92, 3.23595424721, 1.03082421521, -4.94324928362, 0.00460387279271
4.93, 3.18653071266, 1.03081020973, -4.94689893998, -0.00515996208927
4.94, 3.13707109866, 1.0307299344, -4.95046362501, -0.00705945216659
4.95, 3.08757632039, 1.03069926055, -4.95393561604, 0.00218536356312
4.96, 3.03804734275, 1.03075220073, -4.95731215732, 0.00717663939353
4.97, 2.98848504377, 1.0307821312, -4.96060364324, -0.000636344699789
4.98, 2.93889017366, 1.03072639811, -4.96366237678, -0.00509373689335
4.99, 2.8892635234, 1.03065722621, -4.96696222626, -0.00435404382196
5.0, 2.83960591347, 1.03065597641, -4.97001912991, 0.00436007341804
5.01, 2.78991818569, 1.03070627467, -4.97299318094, 0.00485843010484
5.02, 2.74020106906, 1.03070234179, -4.97589787842, -0.00393661148532
5.03, 2.69045521425, 1.03062671536, -4.97873867506, -0.00749843940742
5.04, 2.6406813235, 1.03058136957, -4.98150729567, 0.000185739549883
5.05, 2.59088016551, 1.03061858592, -4.984199691, 0.00634338784798
5.06, 2.54105244944, 1.03065208522, -4.98682343844, 0.000508564098101
5.07, 2.49119875775, 1.03059943704, -4.98939249673, -0.00780300725534
5.08, 2.44131967118, 1.03052072921, -4.99190156653, -0.00474736417993
5.09, 2.39141585992, 1.03052033361, -4.99434283998, 0.0046987224584
5.1, 2.34148801061, 1.03057224873, -4.99671665628, 0.00469514899578
5.11, 2.2915366836, 1.03056131301, -4.99903841268, -0.00499855724224
5.12, 2.24156236248, 1.03047510014, -5.00131244024, -0.00834502522958
5.13, 2.19156560275, 1.03042682606, -5.00352814478, 0.000336410928877
5.14, 2.14154704088, 1.03046741871, -5.00568079565, 0.00661699727433
5.15, 2.09150724442, 1.03049866947, -5.00777922107, -0.000188728554584
5.16, 2.04144664305, 1.03043548557, -5.00983845052, -0.00894874043664
5.17, 1.99136568863, 1.03036283487, -5.01184869808, -0.0056332065946
5.18, 1.94126491831, 1.03034625992, -5.01380588903, 0.0028608273086
5.19, 1.89114488584, 1.03038693677, -5.01570815029, 0.00442193422345
5.2, 1.8410060464, 1.03038299746, -5.01756839394, -0.00379760875003
5.21, 1.79084876742, 1.03030479599, -5.0193931174, -0.00824557790437
5.22, 1.74067347329, 1.03024620531, -5.02117229203, -0.00144951411821
5.23, 1.69048067681, 1.03026919657, -5.02290030472, 0.00531368918068
5.24, 1.64027084881, 1.03029901924, -5.02458340687, 0.000588274058426
5.25, 1.59004432714, 1.03024726438, -5.02623654101, -0.00796495556087
5.26, 1.53980144119, 1.03016024618, -5.02785429171, -0.0061206436264
5.27, 1.48954262495, 1.03014377604, -5.02942679808, 0.00316137164922
5.28, 1.43926835172, 1.03018638259, -5.03095310293, 0.00434028671836
5.29, 1.38897897341, 1.03017634326, -5.03244824436, -0.00478896594646
5.3, 1.33867475142, 1.03008758713, -5.03391812342, -0.00914632979657
5.31, 1.28835678194, 1.03002520792, -5.03512929324, -0.00138392620918
5.32, 1.23802868521, 1.03005130638, -5.03596088583, 0.00561953959345
5.33, 1.18769339842, 1.03007972006, -5.03665103643, -6.45872437641e-06
5.34, 1.13735505362, 1.03001805012, -5.03662853911, -0.00910226747079
5.35, 1.08701659127, 1.02992288202, -5.03656291666, -0.00652307241482
5.36, 1.03668315301, 1.02990757428, -5.03566764926, 0.00356771920612
5.37, 0.98636032895, 1.02995273112, -5.0344450402, 0.00427233179841
5.38, 0.936050627001, 1.02993625884, -5.0329382488, -0.00583777932189
5.39, 0.885760662362, 1.02985054168, -5.03070632714, -0.00925329665445
5.4, 0.835493199651, 1.02977559227, -5.02834807768, -0.00325948994073
5.41, 0.785250767744, 1.02978580367, -5.02571444842, 0.00466471377821
5.42, 0.735036757054, 1.02981638166, -5.0226058385, 0.00103471773088
5.43, 0.68485575572, 1.02976615583, -5.01918708613, -0.00833333419878
5.44, 0.634710318767, 1.02966713187, -5.0155063186, -0.00787853328774
5.45, 0.584602021268, 1.0296333059, -5.0118317693, 0.00176085889375
5.46, 0.534534523384, 1.02967052761, -5.0073394379, 0.00448051438186
5.47, 0.484512519356, 1.02966464137, -5.00269609945, -0.00449070915016
5.48, 0.43453766323, 1.02958301877, -4.99790136544, -0.0087099733907
5.49, 0.384612654663, 1.02949962984, -4.99267015446, -0.00493524512688
5.5, 0.334741392969, 1.02949222473, -4.98723530622, 0.00327415257678
5.51, 0.284925884957, 1.02952027097, -4.98153409454, 0.00172327061159
5.52, 0.235168863493, 1.02948163989, -4.97546761896, -0.0072402173743
5.53, 0.185474178459, 1.02938360509, -4.96914455832, -0.0087635081734
5.54, 0.135843243433, 1.02933280849, -4.96271338187, -0.000203000508873
5.55, 0.0862778322688, 1.0293578734, -4.95607113192, 0.00417730483636
