timestamp, prius1 x posi, prius1 y posi, prius1 x vel, prius1 y vel.
0.0, 0.0, 0.0, 0.0, 0.0
0.00999999999999, -24.9956246068, -0.999991413423, 0.268318577241, 0.00256792248617
0.02, -24.9923841315, -0.999993106335, 0.356649014095, -0.00114658020493
0.03, -24.9882679207, -1.00002155988, 0.444897685047, -0.00218885276344
0.04, -24.9832764978, -1.00003482518, 0.533135233195, 0.00100341927671
0.05, -24.9774099586, -1.00001756679, 0.621376887996, 0.00298067281839
0.06, -24.9706682991, -1.00000682895, 0.709618537861, 0.000277953958636
0.07, -24.9630515135, -1.00003054495, 0.797859463474, -0.00274971888512
0.08, -24.9545596054, -1.00006025692, 0.886100950867, -0.00111411465489
0.09, -24.9451925814, -1.0000577966, 0.974342596294, 0.00243352553033
0.1, -24.9349504442, -1.00003931547, 1.06258312514, 0.00186083771896
0.11, -24.9238331912, -1.00004936569, 1.15082330563, -0.00207197344848
0.12, -24.9118408155, -1.00008677641, 1.23906718038, -0.0029666042873
0.13, -24.8989742934, -1.0001059913, 1.32635687592, 0.000557589482308
0.14, -24.8852413528, -1.00009306668, 1.41246847329, 0.00247436062537
0.15, -24.8706526099, -1.00008951577, 1.49752319081, -0.00062943312015
0.16, -24.8552186003, -1.00012333237, 1.58153017659, -0.00376350545831
0.17, -24.83894974, -1.00016147655, 1.66450328648, -0.00178133950077
0.18, -24.8218563164, -1.00016415593, 1.74645423102, 0.00197190332245
0.19, -24.8039484899, -1.00015153424, 1.82739417079, 0.0011094147674
0.2, -24.7852362906, -1.00017096744, 1.90733655004, -0.00311665644701
0.21, -24.7657296238, -1.00021795961, 1.98629541272, -0.00378484685389
0.22, -24.7454382761, -1.00024278594, 2.06428270237, 0.00017399412242
0.23, -24.7243719169, -1.00023326746, 2.14130840367, 0.00206703651384
0.24, -24.7025400932, -1.00023597804, 2.21738406145, -0.00145405672075
0.25, -24.6799525915, -1.00027905318, 2.29248372936, -0.00469399994599
0.26, -24.6566237695, -1.00032447896, 2.3665783212, -0.00231479575978
0.27, -24.6325649248, -1.00033060609, 2.43986766918, 0.0016926963221
0.28, -24.6077845661, -1.00032205461, 2.51228591954, 0.000519610772074
0.29, -24.5822914163, -1.00034957278, 2.58381558616, -0.00405631764403
0.3, -24.5560942263, -1.00040519534, 2.65446601265, -0.00450503621029
0.31, -24.5292016773, -1.00043450835, 2.72424786785, -8.93210931366e-05
0.32, -24.5016223398, -1.00042726384, 2.79316896937, 0.00176043795865
0.33, -24.4733648116, -1.00043547983, 2.86094825025, -0.00222062451388
0.34, -24.4444419053, -1.0004872632, 2.92666137995, -0.00555747728537
0.35, -24.4148716078, -1.0005389348, 2.99053851833, -0.00271556577507
0.36, -24.3846718922, -1.00054702801, 3.05263118703, 0.00155708117596
0.37, -24.3538602863, -1.00054140617, 3.11298733251, 1.06299401781e-05
0.38, -24.3224538522, -1.00057644206, 3.1716563329, -0.00495242851572
0.39, -24.2904691919, -1.00064005053, 3.22868667663, -0.00514108268751
0.4, -24.2579224588, -1.00067268479, 3.28412275377, -0.000225382270801
0.41, -24.2248293694, -1.00066650131, 3.3380062817, 0.00155035125099
0.42, -24.1912052062, -1.00067951108, 3.3903811943, -0.00293536070447
0.43, -24.1570648195, -1.00073930066, 3.44129188106, -0.00633372874056
0.44, -24.1224226464, -1.00079604882, 3.49078034816, -0.00298383528193
0.45, -24.0872927247, -1.00080476636, 3.53888447473, 0.00154723009265
0.46, -24.0516886997, -1.00080100353, 3.58564132733, -0.000404629724913
0.47, -24.0156238291, -1.0008426042, 3.63108999899, -0.00574273331156
0.48, -23.9791109996, -1.00091287589, 3.67526908255, -0.00562274346421
0.49, -23.9421627413, -1.00094719194, 3.7182135656, -0.000198522678029
0.5, -23.9047912376, -1.00094070827, 3.75995547523, 0.00145318342259
0.51, -23.8670083268, -1.00095764212, 3.80052842851, -0.00357406660751
0.52, -23.8288255118, -1.00102462924, 3.83996734994, -0.0070116107937
0.53, -23.790253977, -1.00108520566, 3.87830499994, -0.00310594594938
0.54, -23.7513045982, -1.00109311347, 3.91557005419, 0.00166936936102
0.55, -23.7119879471, -1.00109025738, 3.95179081485, -0.000752152951337
0.56, -23.6723142936, -1.00113793056, 3.98699807787, -0.00648291699831
0.57, -23.6322936206, -1.00121413346, 4.02122231245, -0.00600362105774
0.58, -23.5919356356, -1.00124892897, 4.05449034281, -4.28833448869e-05
0.59, -23.5512497783, -1.00124109302, 4.08682620168, 0.0014366581141
0.6, -23.5102452199, -1.00126148183, 4.11825606824, -0.00418188329387
0.61, -23.468930871, -1.00133528696, 4.1488076912, -0.00763081960335
0.62, -23.4273153963, -1.00139878768, 4.17850668513, -0.00311309014821
0.63, -23.3854072224, -1.00140474925, 4.20737450966, 0.00189362581966
0.64, -23.3432145404, -1.00140215105, 4.23543268915, -0.00106240516071
0.65, -23.3007453056, -1.00145567783, 4.26270566665, -0.00719737482173
0.66, -23.2580072513, -1.00153726814, 4.28921765798, -0.00629949623987
0.67, -23.2150078987, -1.00157147851, 4.31498910698, 0.000226854060981
0.68, -23.1717545621, -1.00156140987, 4.34003780633, 0.00148040596331
0.69, -23.1282543461, -1.00158499621, 4.36438424288, -0.00478018439399
0.7, -23.0845141529, -1.00166541569, 4.38805067263, -0.00820613905234
0.71, -23.0405406949, -1.00173105085, 4.41105717286, -0.0030159781075
0.72, -22.9963405012, -1.00173405382, 4.43341952733, 0.00220442832477
0.73, -22.9519199177, -1.00173125193, 4.45515403188, -0.00135644941849
0.74, -22.9072851059, -1.0017906103, 4.47628028917, -0.00790388690866
0.75, -22.8624420561, -1.00187717838, 4.49681771432, -0.00652119285382
0.76, -22.8173965946, -1.00190983917, 4.51678174055, 0.000599305236064
0.77, -22.7721543886, -1.00189680531, 4.53618527967, 0.00156630591359
0.78, -22.7267209406, -1.00192352356, 4.55504447292, -0.00538794980571
0.79, -22.681101596, -1.00201050315, 4.57337738346, -0.00874914977622
0.8, -22.6353015539, -1.00207756467, 4.59119978424, -0.00282193293061
0.81, -22.5893258722, -1.00207669058, 4.60852295549, 0.00258907452444
0.82, -22.5431794668, -1.00207338317, 4.62535915931, -0.00165244586827
0.83, -22.4968671085, -1.00213871437, 4.6417243199, -0.00861640416615
0.84, -22.4503934363, -1.00222994225, 4.65763416415, -0.00667513961367
0.85, -22.403762963, -1.0022601477, 4.67310014705, 0.00106682811697
0.86, -22.356980079, -1.00224353123, 4.6881313214, 0.0016791776098
0.87, -22.3100490452, -1.00227347903, 4.70274054312, -0.00602125681906
0.88, -22.2629740002, -1.00236708351, 4.71694267771, -0.00926820654026
0.89, -22.2157589704, -1.00243491391, 4.7307501277, -0.00253523659849
0.9, -22.1684078742, -1.00242931276, 4.74417055988, 0.00303718332623
0.91, -22.1209245192, -1.00242533819, 4.75721313074, -0.00196653063691
0.92, -22.0733125987, -1.002496926, 4.76989098455, -0.00934640810736
0.93, -22.0255757051, -1.00259256218, 4.78221701899, -0.0067649683277
0.94, -21.9777173337, -1.00261944117, 4.79419949522, 0.00162410939354
0.95, -21.9297408863, -1.00259872277, 4.80584441363, 0.00180542177102
0.96, -21.8816496621, -1.00263214553, 4.81716215722, -0.00669419002737
0.97, -21.8334468655, -1.00273253383, 4.82816517329, -0.00976865350892
0.98, -21.7851356147, -1.00280049624, 4.83886322273, -0.00215726906411
0.99, -21.7367189461, -1.00278936385, 4.84926103714, 0.00354020536829
1.0, -21.6881998094, -1.00278468526, 4.85936540183, -0.00231322249043
1.01, -21.6395810638, -1.00286293509, 4.86918738974, -0.0101027421141
1.02, -21.5908654916, -1.00296276403, 4.87873774495, -0.00679109125925
1.03, -21.5420558007, -1.00298545181, 4.8880221343, 0.00226820204157
1.04, -21.493154628, -1.00296019213, 4.89704413787, 0.00193299549535
1.05, -21.4441645281, -1.00299746683, 4.90581232126, -0.00741890861862
1.06, -21.3950879824, -1.0031048691, 4.91433732912, -0.0102531699946
1.07, -21.3459274127, -1.00317234917, 4.92262537174, -0.00169183014641
1.08, -21.2966851877, -1.00315492277, 4.93067940403, 0.00409195721867
1.09, -21.2473636022, -1.0031495721, 4.93850415741, -0.00270453221029
1.1, -21.197964871, -1.00323511215, 4.94611135744, -0.0109182665782
1.11, -21.148491139, -1.00333940229, 4.95350958659, -0.00681642574923
1.12, -21.0989445125, -1.00335767947, 4.9607004451, 0.00293545204823
1.13, -21.049327034, -1.00332799028, 4.9676860284, 0.00201935689502
1.14, -20.9996406826, -1.00336973606, 4.97447780897, -0.00820597746913
1.15, -20.9498873811, -1.00348446325, 4.98107986003, -0.0107347368585
1.16, -20.9000690027, -1.00355103445, 4.98750067468, -0.00116173438367
1.17, -20.8501873722, -1.00353725852, 4.99373860574, 0.00236026982539
1.18, -20.800244262, -1.00353139078, 4.99980206894, -0.00170431082621
1.19, -20.7502413885, -1.0036035694, 5.00569288292, -0.00974417631257
1.2, -20.700180418, -1.00370601777, 5.01142335191, -0.00755752110669
1.21, -20.6500629784, -1.00373836015, 5.01699429026, 0.00137872930658
1.22, -20.5998906526, -1.00371621695, 5.02240860703, 0.00215924992858
1.23, -20.5496649737, -1.00374717548, 5.02766863826, -0.00668624049342
1.24, -20.4993874316, -1.00385163718, 5.03277987339, -0.0104710332578
1.25, -20.4490594748, -1.00392680404, 5.03775632572, -0.0027333052166
1.26, -20.3986825191, -1.00391710696, 5.04259073034, 0.00374841476468
1.27, -20.3482579407, -1.00390857324, 5.04728567224, -0.00195571555929
1.28, -20.2977870658, -1.00398692407, 5.05184796051, -0.01048139961
1.29, -20.2472711823, -1.00409347163, 5.05628954048, -0.00755948923214
1.3, -20.1967115575, -1.00412101128, 5.06060569996, 0.0021196085007
1.31, -20.146109416, -1.00409323216, 5.06479858868, 0.00239361050666
1.32, -20.0954659434, -1.00412739971, 5.06887279563, -0.00738733474947
1.33, -20.0447822893, -1.00423903247, 5.07283473241, -0.0109867782378
1.34, -19.9940595796, -1.00431377754, 5.07668863903, -0.00223871872535
1.35, -19.9432989119, -1.00429711339, 5.08043357367, 0.00439028753104
1.36, -19.8925013491, -1.00428717523, 5.08407047718, -0.00229647593332
1.37, -19.8416679197, -1.00437266988, 5.08760604943, -0.0112996109204
1.38, -19.7907996235, -1.00446992588, 5.09104568465, -0.00812020774157
1.39, -19.7398974406, -1.00451022397, 5.09438610029, 0.000639707599541
1.4, -19.688962317, -1.00448998123, 5.09763847061, 0.00249240233796
1.41, -19.6379951746, -1.00451354455, 5.10079462437, -0.00584024985446
1.42, -19.5869969144, -1.00461384908, 5.10385887224, -0.0105626433513
1.43, -19.5359683867, -1.00469559248, 5.10684967652, -0.00368207352375
1.44, -19.4849104471, -1.00469294064, 5.1097481583, 0.00345554794888
1.45, -19.4338239147, -1.00468076895, 5.11257054247, -0.00116322802387
1.46, -19.3827096035, -1.00475148115, 5.11530791654, -0.0099955375684
1.47, -19.3315682772, -1.004859949, 5.11797107321, -0.00828239152995
1.48, -19.2804006935, -1.00489672484, 5.12056487971, 0.00129988236379
1.49, -19.2292075936, -1.00487082555, 5.12308139049, 0.00278717750231
1.5, -19.177989691, -1.00489685808, 5.12552132434, -0.00648535782376
1.51, -19.1267476742, -1.00500441296, 5.12789814255, -0.0111397552911
1.52, -19.075482215, -1.0050866106, 5.13021658296, -0.0032693203088
1.53, -19.0241939803, -1.0050771875, 5.13246488927, 0.00413913631056
1.54, -18.972883603, -1.00506270325, 5.1346473813, -0.0013968970325
1.55, -18.9215516977, -1.00513995641, 5.13676831511, -0.0108130299666
1.56, -18.8701988646, -1.00525344777, 5.13883315068, -0.0083713631694
1.57, -18.8188256869, -1.00528570403, 5.14084229058, 0.00206093127364
1.58, -18.7674327427, -1.00526798913, 5.14279172307, 0.00265806682886
1.59, -18.7160205865, -1.0052849943, 5.14467965098, -0.00504139714037
1.6, -18.6645897436, -1.00538144925, 5.14652146893, -0.0106829505694
1.61, -18.6131407346, -1.00547017358, 5.14831875581, -0.00468027550723
1.62, -18.5616740804, -1.00547506503, 5.15006085179, 0.00312213741022
1.63, -18.5101902737, -1.00545943726, 5.15175241858, -0.000367638695795
1.64, -18.4586897843, -1.00552228516, 5.15339092391, -0.00948142806833
1.65, -18.4071730661, -1.0056325208, 5.15499589915, -0.00901310129544
1.66, -18.3556405786, -1.00567873724, 5.15655386842, 0.000450256048999
1.67, -18.3040927723, -1.00565497273, 5.15806054101, 0.00316759072884
1.68, -18.2525300651, -1.00567283353, 5.15953227072, -0.00556620620289
1.69, -18.2009528935, -1.0057762215, 5.16095246539, -0.0112960688316
1.7, -18.1493616479, -1.00586612413, 5.16234727232, -0.0043384687249
1.71, -18.0977567281, -1.00586430603, 5.1636928547, 0.00386200042069
1.72, -18.0461385176, -1.00584526178, 5.1650072471, -0.000469273383581
1.73, -17.9945073919, -1.00591381053, 5.16627385058, -0.0102772072111
1.74, -17.9428636968, -1.00602956515, 5.16751899869, -0.0091857011989
1.75, -17.8912077959, -1.006071901, 5.16872276028, 0.00119601917945
1.76, -17.8395400324, -1.00605445436, 5.16989284101, 0.00240229027122
1.77, -17.7878607396, -1.00606746807, 5.17103082662, -0.00431571799715
1.78, -17.736170235, -1.00615777732, 5.17213053631, -0.0103647649223
1.79, -17.6844688241, -1.0062490859, 5.1732098304, -0.00535665508732
1.8, -17.6327568146, -1.00626161253, 5.17425953943, 0.00251364074513
1.81, -17.5810345115, -1.00624646635, 5.17527387235, 6.74123822293e-05
1.82, -17.5293021941, -1.00630222328, 5.17625461925, -0.00877230331054
1.83, -17.4775601384, -1.00641011397, 5.17721450249, -0.00926906860314
1.84, -17.4258086164, -1.00646327937, 5.17815560164, -0.000412890878859
1.85, -17.3740479037, -1.00644470524, 5.1790629703, 0.00309387936637
1.86, -17.3222782536, -1.00645763547, 5.17994257063, -0.00474783116357
1.87, -17.2704999126, -1.00655428719, 5.18079765371, -0.0109641479941
1.88, -17.2187131218, -1.00664712428, 5.18163036052, -0.00507711065582
1.89, -17.1669181211, -1.00665331735, 5.18243925617, 0.00325490562608
1.9, -17.115115146, -1.00663414514, 5.18322463396, 6.17012064594e-05
1.91, -17.0633044125, -1.0066947008, 5.18398784559, -0.00950365552523
1.92, -17.011486134, -1.00680811987, 5.18473200919, -0.00949423978974
1.93, -16.9596605235, -1.00685812788, 5.18545736925, 0.000264371520289
1.94, -16.9078277931, -1.00683286879, 5.18616007377, 0.00354567031365
1.95, -16.8559881405, -1.00684680987, 5.18684085161, -0.00529063212449
1.96, -16.8041417498, -1.00695067397, 5.18750414231, -0.0116106504848
1.97, -16.752288806, -1.00704490402, 5.18815431224, -0.00473820218306
1.98, -16.7004295125, -1.00704883488, 5.18877619597, -0.000655810671283
1.99, -16.6485640264, -1.00703379614, 5.18939445334, 0.000878280103829
2.0, -16.596692538, -1.00708066958, 5.18998516172, -0.00810532593351
2.01, -16.5448152049, -1.00718899109, 5.19056166829, -0.00991015257423
2.02, -16.4929321903, -1.00725169049, 5.19112441208, -0.00134448591334
2.03, -16.4410436599, -1.00723629286, 5.19166634784, 0.00339500842235
2.04, -16.3891497682, -1.00724099087, 5.1921905404, -0.0037421014863
2.05, -16.3372506564, -1.00733207032, 5.19270618954, -0.0109676132318
2.06, -16.285346469, -1.00743181945, 5.19321100573, -0.00614434483806
2.07, -16.2334373489, -1.00744632597, 5.19369974335, 0.00287613973813
2.08, -16.1815234426, -1.00742315285, 5.1941684689, 0.00100149533644
2.09, -16.1296048799, -1.00747405176, 5.19462250024, -0.00881467229024
2.1, -16.0776817843, -1.00758837793, 5.19507198186, -0.010222135471
2.11, -16.0257542802, -1.00764862584, 5.19551213208, -0.000691374705097
2.12, -15.9738225026, -1.00762592404, 5.19593165617, 0.00396859191363
2.13, -15.9218865709, -1.00763037071, 5.19633680375, -0.00418765034714
2.14, -15.8699465937, -1.00772858002, 5.1967390696, -0.0116843404087
2.15, -15.8180026845, -1.00783084144, 5.19712899248, -0.00592175092171
2.16, -15.7660549591, -1.00783893612, 5.19750225986, 0.00367546991809
2.17, -15.7141035171, -1.00782528696, 5.19787069566, 0.00128724125612
2.18, -15.6621484655, -1.00786498639, 5.19822753807, -0.0073642617443
2.19, -15.6101899086, -1.00797057888, 5.19856730082, -0.0101279171681
2.2, -15.5582279345, -1.0080400674, 5.19890858188, -0.00221036350569
2.21, -15.5062626484, -1.00803005426, 5.19923914028, 0.00329677810868
2.22, -15.4542941504, -1.00802982262, 5.19954919291, -0.00290505646562
2.23, -15.4023225105, -1.00811385768, 5.19986231274, -0.0106014584173
2.24, -15.3503478255, -1.00821634401, 5.20016105779, -0.00688152207342
2.25, -15.2983701787, -1.00823912091, 5.20045532369, 0.00223163315778
2.26, -15.2463896565, -1.00821614712, 5.20074117438, 0.00151162989123
2.27, -15.1944063473, -1.00825898017, 5.20100897917, -0.00801582071351
2.28, -15.1424203076, -1.00837070153, 5.20128270931, -0.010510798641
2.29, -15.0904316224, -1.00843864826, 5.20154341627, -0.00163862640072
2.3, -15.0384403706, -1.00842157946, 5.20179749992, 0.0039020610662
2.31, -14.9864466282, -1.00842040074, 5.20204132783, -0.00326815554558
2.32, -14.9344504588, -1.00851125351, 5.20227877164, -0.0113339695736
2.33, -14.8824519246, -1.0086170018, 5.20251613794, -0.00675807692896
2.34, -14.8304511008, -1.00863393264, 5.20273914001, 0.00302326860394
2.35, -14.7784480444, -1.00860567675, 5.20296396714, 0.0016477969422
2.36, -14.7264428246, -1.00865269316, 5.20316973193, -0.00877989636379
2.37, -14.6744354908, -1.00875734094, 5.20338282741, -0.0101242469645
2.38, -14.6224261112, -1.00883278048, 5.20358161606, -0.00304318534722
2.39, -14.5704147329, -1.00882804961, 5.20378484513, 0.00319922722454
2.4, -14.5184033461, -1.00882276365, 5.20268013021, -0.00203558010005
2.41, -14.4664292683, -1.00889920903, 5.19746695047, -0.010169259154
2.42, -14.4145060521, -1.00900391421, 5.19241991654, -0.00759201967112
2.43, -14.3626326252, -1.00903483644, 5.18750544662, 0.00157314571793
2.44, -14.3108076262, -1.00901204994, 5.18272890471, 0.00204249065378
2.45, -14.2590297004, -1.00904625943, 5.1780844889, -0.00713727359949
2.46, -14.2072975222, -1.00915448965, 5.1735725476, -0.0107157814583
2.47, -14.1556098014, -1.0092296189, 5.16919291535, -0.0025716932154
2.48, -14.1039653005, -1.00921825811, 5.16493451081, 0.00380675215535
2.49, -14.052362817, -1.0092116271, 5.16078702862, -0.00235600235829
2.5, -14.0008048339, -1.00929489333, 5.15489790511, -0.0109496407663
2.51, -13.9493292481, -1.0094037195, 5.14562585784, -0.00756105565204
2.52, -13.8979448818, -1.00942926891, 5.13661063999, 0.00237923939714
2.53, -13.8466494522, -1.00940037583, 5.12783613393, 0.00229933232396
2.54, -13.7954404868, -1.00943768014, 5.11930667622, -0.00783059625482
2.55, -13.7443155548, -1.00955268992, 5.11101880271, -0.0111606221204
2.56, -13.6932723053, -1.00962629213, 5.10296536377, -0.00194367669709
2.57, -13.642308456, -1.00961684445, 5.09513360644, 0.00231264301123
2.58, -13.5914217884, -1.00960762052, 5.08752306442, -0.00119545464362
2.59, -13.5406108173, -1.00967656106, 5.07944263001, -0.00973193723648
2.6, -13.4899079384, -1.00978328345, 5.06677062918, -0.00826846218723
2.61, -13.4393286464, -1.00982200627, 5.05454444809, 0.000963795342621
2.62, -13.3888699578, -1.00979897265, 5.04264660796, 0.00261353432426
2.63, -13.3385285331, -1.00982413007, 5.03107746804, -0.00621435230775
2.64, -13.2883010845, -1.00992823008, 5.01983603491, -0.0108457551397
2.65, -13.2381844208, -1.01000965409, 5.00891198051, -0.00339996688133
2.66, -13.188175451, -1.01000265895, 4.99829228456, 0.00387734829109
2.67, -13.1382711621, -1.00998869461, 4.98796905756, -0.0012450640288
2.68, -13.0884687948, -1.01006229268, 4.9777618901, -0.0103644940935
2.69, -13.0387970517, -1.01017265704, 4.96241511348, -0.00824709638069
2.7, -12.9892741848, -1.01020565755, 4.94768725103, 0.00186658210909
2.71, -12.9398965797, -1.01018868933, 4.93335833544, 0.00269676253019
2.72, -12.8906602107, -1.01020315428, 4.91942766526, -0.00465886449744
2.73, -12.8415611191, -1.01029558761, 4.90588796143, -0.0103553966019
2.74, -12.7925954605, -1.01038286033, 4.89273006116, -0.00469890095592
2.75, -12.7437595044, -1.01038854209, 4.87993814426, 0.00306085844822
2.76, -12.6950496287, -1.01037163442, 4.86750322534, -7.46389850948e-05
2.77, -12.6464623055, -1.01043000398, 4.85541445734, -0.00899191642879
2.78, -12.5980000392, -1.0105365586, 4.84125332488, -0.00880833007855
2.79, -12.5496992793, -1.01058236415, 4.82450371668, 0.000395413424894
2.8, -12.5015636464, -1.01055819254, 4.80820318982, 0.00333358912422
2.81, -12.4535887072, -1.01057206502, 4.79235164195, -0.00503095431097
2.82, -12.4057699589, -1.01066991882, 4.7769478439, -0.0108358342308
2.83, -12.3581029998, -1.01075730384, 4.76198153553, -0.00427545747831
2.84, -12.3105835551, -1.01075555327, 4.74743662033, 0.00386625251223
2.85, -12.2632074767, -1.01073442181, 4.73329770327, -8.76117056785e-05
2.86, -12.2159707319, -1.01079763607, 4.7195545798, -0.00971121371072
2.87, -12.168869421, -1.01090908838, 4.7061973135, -0.00893562480828
2.88, -12.1218997807, -1.01095069709, 4.69321193391, 0.00116790570239
2.89, -12.0750581805, -1.01093225526, 4.68058186835, 0.00264533867849
2.9, -12.0283417726, -1.01094052291, 4.66761915688, -0.00370225963129
2.91, -11.9817816328, -1.0110246067, 4.65018914645, -0.0098283604862
2.92, -11.9353919554, -1.01111246248, 4.63333694649, -0.00518536819207
2.93, -11.8891684771, -1.01112362859, 4.61694253271, 0.00267589610488
2.94, -11.8431066005, -1.01110472826, 4.60100442508, 0.000614217421855
2.95, -11.7972017832, -1.01115361605, 4.585514679, -0.0080672983941
2.96, -11.7514495868, -1.01125588602, 4.57046527466, -0.00888677418964
2.97, -11.7058456982, -1.0113068884, 4.5558422422, -0.000286181180718
2.98, -11.6603859624, -1.01128591515, 4.54162570354, 0.00348052213613
2.99, -11.6150659804, -1.01129264048, 4.52817022623, -0.00399366652251
3.0, -11.5698632749, -1.0113818363, 4.51768469419, -0.0103236072181
3.01, -11.5247646077, -1.01147043255, 4.5074468696, -0.00483004348521
3.02, -11.47976682, -1.01147451542, 4.49750283098, 0.0035140025336
3.03, -11.4348670781, -1.01145045973, 4.48783162156, 0.000740963787701
3.04, -11.3900626342, -1.01150288542, 4.47843206158, -0.00867828784507
3.05, -11.3453508182, -1.0116097491, 4.46929705128, -0.00903387574175
3.06, -11.3007290379, -1.01165692874, 4.46041924298, 0.000463614874917
3.07, -11.2561947846, -1.01162834937, 4.45178692751, 0.00404578111502
3.08, -11.2117456099, -1.01163491636, 4.44339538329, -0.004419839282
3.09, -11.1673751864, -1.01173048443, 4.43668174965, -0.010913081235
3.1, -11.1230598846, -1.0118201919, 4.43161849499, -0.00447414043065
3.11, -11.0787944755, -1.01181708228, 4.4267081446, 0.00434430546831
3.12, -11.0345774833, -1.0117884818, 4.42193333268, 0.000758739221445
3.13, -10.9904075401, -1.01184577493, 4.41729080055, -0.00941841332955
3.14, -10.9462833284, -1.01194365265, 4.41277967884, -0.00912637903817
3.15, -10.9022035692, -1.01200104932, 4.40839811464, -0.000978239889851
3.16, -10.8581670255, -1.01198201777, 4.40413735869, 0.0038339330941
3.17, -10.8141724918, -1.01198000842, 4.3999927876, -0.00289245041645
3.18, -10.7702187851, -1.01206180603, 4.39596485033, -0.0100707575759
3.19, -10.7263047618, -1.01215463382, 4.39205138013, -0.00565405386931
3.2, -10.682415794, -1.01216578864, 4.39099102252, 0.00316446496352
3.21, -10.6385358731, -1.01213813746, 4.39012135444, 0.0016301592906
3.22, -10.5946644558, -1.01218064551, 4.38928361973, -0.00786874650154
3.23, -10.5508012703, -1.01228641666, 4.38847181071, -0.00951859014832
3.24, -10.5069460862, -1.0123420201, 4.387684739, -0.000386236067243
3.25, -10.463098688, -1.01231615518, 4.38691764435, 0.00438354234466
3.26, -10.4192588604, -1.01231389762, 4.38616924545, -0.00331956257888
3.27, -10.3754263854, -1.01240266855, 4.38544244034, -0.0107769967931
3.28, -10.3316010546, -1.01249814961, 4.3847392318, -0.00545457698141
3.29, -10.2877741356, -1.01250307387, 4.38622454519, 0.00395906113732
3.3, -10.2439262069, -1.01247059583, 4.38840009961, 0.00169824539442
3.31, -10.2000567588, -1.01251782455, 4.3905247429, -0.00865302118573
3.32, -10.1561663408, -1.01261621073, 4.39259240543, -0.00906923683117
3.33, -10.1122555373, -1.01267878856, 4.39460541551, -0.00175922536962
3.34, -10.0683249269, -1.01266554927, 4.3965590056, 0.0036179908424
3.35, -10.024375066, -1.0126599485, 4.39845661576, -0.00214577196478
3.36, -9.98040648856, -1.01273447116, 4.40030131028, -0.00957904105321
3.37, -9.93641971495, -1.0128284296, 4.40209593665, -0.00623811191283
3.38, -9.89241525663, -1.01284734781, 4.40384196701, 0.00247116821683
3.39, -9.84837717409, -1.01282122188, 4.408564486, 0.00198769272764
3.4, -9.80429402014, -1.01285646495, 4.41303349918, -0.00705570924294
3.41, -9.76016674578, -1.01295848221, 4.41738674883, -0.00963330466093
3.42, -9.71599656257, -1.01302057617, 4.4216210047, -0.00129078264021
3.43, -9.67178467896, -1.01300115851, 4.4257349132, 0.00415772866349
3.44, -9.62753226657, -1.01299493597, 4.4297296442, -0.00251991096636
3.45, -9.58324045113, -1.01307631438, 4.43361467755, -0.0103250608212
3.46, -9.5389103335, -1.01317391488, 4.43739259137, -0.00617380233337
3.47, -9.49454298609, -1.01318775643, 4.44106700988, 0.00319055846447
3.48, -9.45013748424, -1.0131568446, 4.44563519042, 0.00210357152676
3.49, -9.40567384744, -1.01319625956, 4.45198223958, -0.00780761703813
3.5, -9.36114771162, -1.01330519086, 4.45815706845, -0.0100672417472
3.51, -9.31656068698, -1.01336600575, 4.46416586237, -0.000730482403591
3.52, -9.27191447176, -1.01333976486, 4.47000477043, 0.00472134725556
3.53, -9.22721072734, -1.01333324215, 4.47567693171, -0.002965468645
3.54, -9.18245105747, -1.01342218561, 4.4811906506, -0.0111207822071
3.55, -9.13763702273, -1.01352337558, 4.48655286583, -0.00605928109689
3.56, -9.09277014598, -1.01353144897, 4.4917672416, 0.00397137229991
3.57, -9.04785191447, -1.01350989435, 4.49683095915, 0.00243724790708
3.58, -9.00288178488, -1.01353785893, 4.50275357858, -0.00636245277785
3.59, -8.95784016135, -1.0136385954, 4.51041951487, -0.0100633914123
3.6, -8.91272305754, -1.01370962601, 4.51787736874, -0.00232981496274
3.61, -8.86753245205, -1.0136963689, 4.52512945272, 0.00406713056101
3.62, -8.82227039373, -1.01368493919, 4.53217495839, -0.00166894538401
3.63, -8.77693887687, -1.0137600792, 4.53902318589, -0.0101206406384
3.64, -8.73153984225, -1.01386268214, 4.54568280691, -0.00714950144994
3.65, -8.6860751808, -1.01388636166, 4.55215726568, 0.00247688503957
3.66, -8.64054673565, -1.01385543745, 4.55844717851, 0.00268533726749
3.67, -8.59495628818, -1.01388655426, 4.56455987682, -0.00705495776663
3.68, -8.54930556669, -1.01399435931, 4.5705039889, -0.0105673172486
3.69, -8.5035880364, -1.0140648959, 4.57779828845, -0.00183451434032
3.7, -8.45779938076, -1.01404473907, 4.58482624142, 0.00469621112864
3.71, -8.4119414406, -1.01403204182, 4.59165977223, -0.00202040181476
3.72, -8.36601613606, -1.0141144161, 4.59830119918, -0.0109453972539
3.73, -8.32002534678, -1.01420774807, 4.60476061521, -0.00771887501927
3.74, -8.27397090854, -1.01424440931, 4.61103947597, 0.000964527884762
3.75, -8.22785460689, -1.01422138888, 4.61714122544, 0.00274976308776
3.76, -8.18167817411, -1.01424220675, 4.62306887005, -0.00552971495874
3.77, -8.13544328348, -1.01433891144, 4.62883406418, -0.0101677968298
3.78, -8.08915156924, -1.01441676832, 4.63443950101, -0.00331660062115
3.79, -8.0427964062, -1.01441102945, 4.64140209692, 0.00372111706017
3.8, -7.99637338165, -1.01439641908, 4.64810660913, -0.00090910603666
3.81, -7.94988423653, -1.01446412103, 4.65462653857, -0.00964845390151
3.82, -7.90333080422, -1.01456882887, 4.66096736967, -0.00790316884376
3.83, -7.85671488401, -1.01460221516, 4.66713259245, 0.00159521366763
3.84, -7.81003823262, -1.0145738849, 4.67312224963, 0.00300855595928
3.85, -7.76330254773, -1.01459750137, 4.67894182623, -0.00620316657349
3.86, -7.7165094739, -1.01470168414, 4.68460109923, -0.0107651671163
3.87, -7.66966061472, -1.01478024839, 4.69010480781, -0.00293283592011
3.88, -7.62275753636, -1.01476811615, 4.69545353053, 0.00436509643164
3.89, -7.57579749321, -1.01475154756, 4.70173317903, -0.00117560166185
3.9, -7.52877233466, -1.01482602585, 4.70820523789, -0.010481253314
3.91, -7.48168333173, -1.01493590727, 4.71450458758, -0.00800314520518
3.92, -7.43453224838, -1.01496501348, 4.72062988668, 0.00232655576786
3.93, -7.38732082881, -1.01493083436, 4.72657979061, 0.00327034314828
3.94, -7.34005075936, -1.01495768826, 4.73236116372, -0.00694054990323
3.95, -7.29272367268, -1.01505776098, 4.73798451571, -0.00970387279929
3.96, -7.24534116473, -1.01514006809, 4.74345194755, -0.00414754138979
3.97, -7.19790478947, -1.01514182507, 4.74876608611, 0.00325524341102
3.98, -7.15041605997, -1.01512590336, 4.7539279851, -0.000336574060134
3.99, -7.10287408895, -1.01518673472, 4.75974068194, -0.00910425845776
4.0, -7.05526967709, -1.01529170872, 4.76604964342, -0.0084328532567
4.01, -7.00760306727, -1.0153335026, 4.77218916373, 0.000726512249788
4.02, -6.95987596771, -1.01530908642, 4.77815573308, 0.00312052778892
4.03, -6.912090069, -1.01532682664, 4.78395149647, -0.00541866270944
4.04, -6.864247008, -1.01542644115, 4.78958835285, -0.0107564014331
4.05, -6.81634838261, -1.01551086629, 4.79507067404, -0.00387078212221
4.06, -6.76839575171, -1.01550679198, 4.80039851976, 0.0038954507005
4.07, -6.72039063216, -1.01548840704, 4.80557343511, -0.000522475574344
4.08, -6.67233397008, -1.01555549677, 4.81095010781, -0.00992930316634
4.09, -6.62421716533, -1.01566619124, 4.81729579327, -0.00863069789763
4.1, -6.57603798015, -1.01570460233, 4.82345823966, 0.00139753946141
4.11, -6.52779807279, -1.01567424482, 4.82944804826, 0.00344697902654
4.12, -6.47949913529, -1.01569441417, 4.83526628285, -0.00608700454859
4.13, -6.43114281049, -1.01580183006, 4.84092591003, -0.0114024790934
4.14, -6.38273070443, -1.01588727279, 4.84642924142, -0.00349015790441
4.15, -6.33426439245, -1.01588111433, 4.85176817497, -0.000114235719486
4.16, -6.28574536752, -1.01586821375, 4.85697309034, 0.000145025155834
4.17, -6.2371751257, -1.01592265661, 4.86202313306, -0.00858046420468
4.18, -6.18855508543, -1.0160280633, 4.8669351153, -0.00898877300147
4.19, -6.13988149153, -1.01607873967, 4.87290304767, -0.00020618011445
4.2, -6.09114678636, -1.01605895004, 4.87896127076, 0.0031615245796
4.21, -6.04235233641, -1.01607128274, 4.88485411246, -0.0046569757253
4.22, -5.99349978577, -1.01616628089, 4.89058311998, -0.0107264192766
4.23, -5.94459075673, -1.01625646823, 4.89615479296, -0.0048154033084
4.24, -5.89562683599, -1.01626080316, 4.90156840967, 0.00337402298572
4.25, -5.84660956382, -1.01624107588, 4.90683059299, 0.000100221362073
4.26, -5.79754042752, -1.01630076755, 4.91194362941, -0.0093464625667
4.27, -5.74842087367, -1.01641188176, 4.91691622332, -0.00921815050932
4.28, -5.69924804666, -1.01645946662, 4.92283492309, 0.000455748041799
4.29, -5.65001370496, -1.01643323396, 4.92895469955, 0.00358383579749
4.3, -5.60071902303, -1.01644690312, 4.93490592064, -0.00523024022491
4.31, -5.5513656601, -1.01654938753, 4.94069136542, -0.011403130433
4.32, -5.50195525373, -1.0166413092, 4.94631879891, -0.00451980081034
4.33, -5.45248940323, -1.01663920146, 4.95178933741, 0.00410073562183
4.34, -5.40296966869, -1.01661618793, 4.95710260567, -2.48036841877e-05
4.35, -5.35339755188, -1.01668202238, 4.96226472291, -0.0101984717879
4.36, -5.30377451127, -1.01678478132, 4.96728866524, -0.00936974284338
4.37, -5.25410037788, -1.01684328204, 4.97282116396, -0.00107768757645
4.38, -5.2043658463, -1.01682771249, 4.97900015472, 0.00324521630659
4.39, -5.15457042412, -1.01683395231, 4.98500692612, -0.00380409770285
4.4, -5.10471575391, -1.01692331268, 4.99085000818, -0.0106036393251
4.41, -5.05480348962, -1.01701872874, 4.99653155105, -0.00574400949706
4.42, -5.00483524734, -1.01703160649, 5.00205218184, 0.00282694238381
4.43, -4.9548125973, -1.01701057696, 5.00741910178, 0.000744407424886
4.44, -4.90473705735, -1.01706234071, 5.01263338171, -0.00869814352955
4.45, -4.8546101018, -1.01717339676, 5.01770416718, -0.00978591810719
4.46, -4.80443317138, -1.01723037017, 5.02263390069, -0.000532658501544
4.47, -4.75420766678, -1.01720871223, 5.02742599704, 0.00369554492436
4.48, -4.70393494941, -1.01721569994, 5.03208076693, -0.00432185591877
4.49, -4.65361633575, -1.01731259693, 5.03660444706, -0.01134278467
4.5, -4.603253102, -1.01741076123, 5.0410075593, -0.00555707753403
4.51, -4.55284650434, -1.01741775885, 5.04528515092, 0.00355535475289
4.52, -4.50239776227, -1.01739272979, 5.04944178782, 0.000724091207322
4.53, -4.45190804546, -1.01744984886, 5.05348070567, -0.00952012249
4.54, -4.40137850019, -1.01756746697, 5.05740859209, -0.0101095025805
4.55, -4.35081023712, -1.01762182575, 5.06122949194, 0.000135098542346
4.56, -4.30020435214, -1.01760638683, 5.06494052659, 0.00299996822817
4.57, -4.24956189132, -1.01760763743, 5.06854634159, -0.00300827203893
4.58, -4.19888387498, -1.01769171866, 5.07205119049, -0.0105096799088
4.59, -4.14817129647, -1.01779266361, 5.0754583493, -0.00671313169198
4.6, -4.09742512138, -1.01781453761, 5.07877602748, 0.00223570425946
4.61, -4.04664630287, -1.01779242833, 5.08199515641, 0.00138505269863
4.62, -3.99583574609, -1.01783605682, 5.08512076274, -0.00801770925013
4.63, -3.9449943312, -1.01794674975, 5.08816611746, -0.0103351191673
4.64, -3.89412292471, -1.01801311393, 5.0911262653, -0.00153295796386
4.65, -3.84322237062, -1.01799615105, 5.09400179983, 0.00380447827992
4.66, -3.79229348643, -1.01799623987, 5.09679396133, -0.00337425381907
4.67, -3.74133705764, -1.01808706101, 5.09950638988, -0.011234145864
4.68, -3.69035385086, -1.01819118753, 5.10214854602, -0.00658579130524
4.69, -3.63934461824, -1.01820730768, 5.10471716822, 0.00301277266632
4.7, -3.58831009602, -1.01818010078, 5.10721067218, 0.00150702606089
4.71, -3.53725098647, -1.01822795915, 5.10963474288, -0.00877875019675
4.72, -3.48616797351, -1.01834537219, 5.11199054536, -0.0107268648657
4.73, -3.43506172372, -1.0184098073, 5.11428454766, -0.00090446402276
4.74, -3.38393289605, -1.01839864143, 5.11651225914, 0.00321247985282
4.75, -3.33278212175, -1.01839177854, 5.11867660984, -0.00195568745279
4.76, -3.28161000836, -1.0184695072, 5.12078078353, -0.0104441772135
4.77, -3.23041715005, -1.01857735075, 5.12282735542, -0.00784669046276
4.78, -3.17920412924, -1.01860882717, 5.12481845606, 0.00170841205221
4.79, -3.1279715162, -1.01858370262, 5.12674770119, 0.00228485439963
4.8, -3.07671985413, -1.01861727189, 5.12862657294, -0.00724969984983
4.81, -3.025449676, -1.01872832524, 5.13045202193, -0.0110590745016
4.82, -2.9741615038, -1.01880569937, 5.13222584763, -0.00262484953805
4.83, -2.92285584002, -1.01879265503, 5.13395487856, 0.00412004006765
4.84, -2.87153317794, -1.01878334476, 5.13563027453, -0.00220416408253
4.85, -2.82019398417, -1.018867429, 5.13725607424, -0.0112022784875
4.86, -2.76883871325, -1.01897927176, 5.1388449086, -0.00780860209607
4.87, -2.71746782742, -1.01900525625, 5.14038465275, 0.00252429717726
4.88, -2.66608175923, -1.01898834144, 5.14188458277, 0.002117680294
4.89, -2.61468094045, -1.0190132137, 5.14333490038, -0.00581743954313
4.9, -2.56326576951, -1.01911275663, 5.14475202003, -0.0105176443516
4.91, -2.51183665322, -1.01919571057, 5.14612902302, -0.00395516942263
4.92, -2.46039398296, -1.01919675723, 5.1474642362, 0.00307262439865
4.93, -2.40893813959, -1.01918696223, 5.14876536865, -0.00124547867822
4.94, -2.35746949255, -1.01925692218, 5.15002336714, -0.00985200236809
4.95, -2.30598838997, -1.01936484824, 5.15125358125, -0.00836725335438
4.96, -2.25449518326, -1.01940422274, 5.15245109701, 0.000929405011661
4.97, -2.20299021983, -1.01938167327, 5.15361043541, 0.00255096661803
4.98, -2.15147382688, -1.01940804085, 5.15473249313, -0.00636897693248
4.99, -2.09994631482, -1.01951406519, 5.1558313585, -0.0110376930785
5.0, -2.04840799854, -1.01959715546, 5.15689914613, -0.0035270329474
5.01, -1.99685918164, -1.01959128996, 5.15793584667, 0.00377965818829
5.02, -1.94530016303, -1.01957872173, 5.15893773411, -0.00141667161964
5.03, -1.89373122117, -1.01965456419, 5.15991403331, -0.0106082166959
5.04, -1.8421526293, -1.01976711612, 5.16086647124, -0.00842977795756
5.05, -1.79056465688, -1.01980194498, 5.16179721797, 0.00168796348771
5.06, -1.73896757905, -1.0197730812, 5.16269538361, 0.00287808997009
5.07, -1.68736164659, -1.0198019368, 5.16356645902, -0.00702862949829
5.08, -1.63574709935, -1.01990324443, 5.16441533816, -0.0099350444812
5.09, -1.58412417876, -1.0199897781, 5.1652425436, -0.00471746073804
5.1, -1.53249312472, -1.0199974816, 5.1660461606, 0.00271095872892
5.11, -1.48085416997, -1.01998504398, 5.16682463908, -0.000519136191024
5.12, -1.42920753116, -1.02004670984, 5.16758042577, -0.00918540983207
5.13, -1.37755341971, -1.02015405736, 5.16831770776, -0.00883656906145
5.14, -1.32589204267, -1.02020132547, 5.16903649756, 0.000119373581558
5.15, -1.27422360697, -1.02018178167, 5.16973297305, 0.00278060621883
5.16, -1.2225483117, -1.02020093212, 5.17040758608, -0.00545008093602
5.17, -1.17086634482, -1.02030129818, 5.17106279106, -0.0109504080186
5.18, -1.11917788908, -1.02038971781, 5.17170261551, -0.00442297830215
5.19, -1.06748312825, -1.02039135172, 5.17232596518, 0.00338518229106
5.2, -1.01578224499, -1.02037594067, 5.17292899399, -0.000644352076158
5.21, -0.964075404156, -1.02044329608, 5.17351758323, -0.00996202639536
5.22, -0.912362768786, -1.02055607399, 5.17408972238, -0.0090188379547
5.23, -0.860644502676, -1.02059985013, 5.17464746728, 0.000805115641394
5.24, -0.808920771402, -1.02057401562, 5.17518513085, 0.00315556937295
5.25, -0.757191723741, -1.02059497928, 5.17570571056, -0.00605720909803
5.26, -0.705457501418, -1.02070270779, 5.17621618092, -0.0115695857954
5.27, -0.653718249655, -1.0207920428, 5.17671581584, -0.00403905992136
5.28, -0.601974125016, -1.02079139027, 5.17718995879, -0.000566129748422
5.29, -0.550225243318, -1.02078084183, 5.17766239152, 9.12804025509e-05
5.3, -0.498471753154, -1.02083497334, 5.17811706083, -0.00857118898904
5.31, -0.446713774925, -1.0209422261, 5.17856148173, -0.0093668451684
5.32, -0.394951437997, -1.02099820566, 5.17899175583, -0.000790276732258
5.33, -0.343184868265, -1.02098260914, 5.17940817087, 0.00293035085328
5.34, -0.291414182625, -1.02099505182, 5.17981562409, -0.00455868084975
5.35, -0.239639489707, -1.02108991808, 5.18020986736, -0.01087275452
5.36, -0.187860902158, -1.02118402179, 5.18059210286, -0.00537646236872
5.37, -0.136078525485, -1.02119382698, 5.1809705367, 0.00292863513591
5.38, -0.0842924751625, -1.02117590804, 5.1813323802, 0.000124010887901
