timestamp, prius0 x posi, prius0 y posi, prius0 x vel, prius0 y vel.
0.0, 0.0, 0.0, 0.0, 0.0
0.00999999999999, -30.0175578087, -0.999957973002, 0.131796853163, 0.00528592995223
0.02, -30.016168882, -0.999939407924, 0.150979485656, -0.00296107556653
0.03, -30.0145813277, -0.999998024425, 0.171208527687, -0.00782749053207
0.04, -30.0127888364, -1.00003973631, 0.192248637779, -0.00107439892762
0.05, -30.0107794835, -0.999997067571, 0.214281059843, 0.00616793724975
0.06, -30.0085454339, -0.999943132299, 0.237382224738, 0.00172628632118
0.07, -30.0060762474, -0.999971647374, 0.261089862271, -0.00719457222853
0.08, -30.0033636763, -1.0000397437, 0.286142636302, -0.00570120675495
0.09, -30.0003951507, -1.00003756051, 0.312328199716, 0.00384881245371
0.1, -29.9971565668, -0.999971552208, 0.340024817251, 0.00553419382217
0.11, -29.9936378458, -0.999955912418, 0.368181294631, -0.0036685811769
0.12, -29.9898300247, -1.00002270652, 0.39814157102, -0.00853584711265
0.13, -29.9857185419, -1.00006640406, 0.428593286052, -0.000836385753089
0.14, -29.9813009775, -1.00001865622, 0.459322216943, 0.00668035031143
0.15, -29.9765764274, -0.99996392536, 0.490012064497, 0.00134325297686
0.16, -29.9715403353, -1.0000004626, 0.522080616064, -0.00817681159609
0.17, -29.9661751684, -1.00007537433, 0.555287170495, -0.0059850640528
0.18, -29.9604772408, -1.00007063945, 0.588617176468, 0.00441052008348
0.19, -29.9544434372, -1.00000026783, 0.622672538485, 0.00564802781796
0.2, -29.9480652288, -0.999989440888, 0.657231398479, -0.00458259025473
0.21, -29.9413406852, -1.00005246789, 0.692225715904, -0.00812191587875
0.22, -29.9342617755, -1.00010524522, 0.727819570942, -0.00251178342308
0.23, -29.926824507, -1.00007354177, 0.764099498562, 0.00556999838558
0.24, -29.9190217346, -1.00001813114, 0.800695799349, 0.00232175402827
0.25, -29.9108500631, -1.00004163845, 0.838053340622, -0.00707482910245
0.26, -29.9022997435, -1.00011648492, 0.876399787508, -0.00699243405062
0.27, -29.8933636016, -1.00012901363, 0.915003172467, 0.00252164265548
0.28, -29.8840423031, -1.00006886138, 0.953451827474, 0.0056019801956
0.29, -29.8743363579, -1.00004808529, 0.992342360799, -0.00309639159702
0.3, -29.8642310895, -1.00011520385, 1.03281064231, -0.00923778674855
0.31, -29.8537218492, -1.00017247794, 1.0731624465, -0.0024986695873
0.32, -29.8428096051, -1.00013740954, 1.11340926962, 0.0059726306624
0.33, -29.831490886, -1.00008169498, 1.15487002551, 0.00192460517962
0.34, -29.8197529924, -1.0001137023, 1.19680609518, -0.00815112608836
0.35, -29.8075951548, -1.00019697256, 1.23879678208, -0.00747560914536
0.36, -29.7950122219, -1.00020873835, 1.28215070179, 0.00295493642074
0.37, -29.7819922356, -1.00014465365, 1.32582849199, 0.00573813041878
0.38, -29.7685374858, -1.00012840392, 1.36916435654, -0.00401296379788
0.39, -29.7546478113, -1.00019549886, 1.41301581453, -0.00783535276672
0.4, -29.7403177724, -1.00025713549, 1.45726590049, -0.00391062697065
0.41, -29.7255410202, -1.00023944849, 1.50206816847, 0.0044123382215
0.42, -29.7103164184, -1.00018890672, 1.54709850874, 0.00236466747223
0.43, -29.6946362614, -1.00020971524, 1.59311108257, -0.00689607128381
0.44, -29.6784921415, -1.00028884532, 1.63987382722, -0.00800457099109
0.45, -29.6618783427, -1.00031565872, 1.68678488816, 0.000990053560198
0.46, -29.6447937166, -1.00026601276, 1.73419456859, 0.00508510714579
0.47, -29.6272313284, -1.00024464178, 1.78231840342, -0.00277074988171
0.48, -29.6091875011, -1.00031141063, 1.83032608746, -0.0096691902834
0.49, -29.5906656098, -1.00037978659, 1.87796162428, -0.00404993449207
0.5, -29.5716622549, -1.00035954904, 1.92690325485, 0.00480109621584
0.51, -29.5521673216, -1.00030835868, 1.97593802612, 0.00201628730321
0.52, -29.5321846099, -1.00033768207, 2.02450429299, -0.00803212397177
0.53, -29.5117133115, -1.00042648228, 2.07407156532, -0.00863552949112
0.54, -29.4907424632, -1.00045385668, 2.12395950454, 0.00131812786418
0.55, -29.4692759774, -1.0004008151, 2.17318072792, 0.00521233491606
0.56, -29.4473107947, -1.00038377783, 2.22358427372, -0.00365884396454
0.57, -29.4248424126, -1.00046141802, 2.27414111605, -0.0107041489943
0.58, -29.4018673412, -1.00053513133, 2.3246868192, -0.00410399310967
0.59, -29.3783889758, -1.00051166804, 2.37481751271, 0.00522559296038
0.6, -29.3544067124, -1.00046008751, 2.42588643392, 0.00159587393328
0.61, -29.3299110996, -1.00049871397, 2.47705989764, -0.00922030440006
0.62, -29.3049046853, -1.00058229816, 2.52803184719, -0.00950415680207
0.63, -29.279387991, -1.00062686015, 2.57960835125, -0.000677287606918
0.64, -29.2533476123, -1.0005862052, 2.63244071166, 0.00490233595568
0.65, -29.226777717, -1.00056132993, 2.68526024068, -0.00229763810736
0.66, -29.1996795184, -1.00062949622, 2.73831223762, -0.0105183714793
0.67, -29.1720532339, -1.00071394265, 2.79049626957, -0.00603343279301
0.68, -29.1438981051, -1.0007098198, 2.84451321877, 0.00377757564688
0.69, -29.1152016421, -1.00065986973, 2.89848712199, 0.00246357890203
0.7, -29.0859649599, -1.00068541547, 2.95304584837, -0.00805856122373
0.71, -29.0561779869, -1.00078396678, 3.00804013534, -0.0103686309356
0.72, -29.0258437377, -1.00083132247, 3.06277177571, -0.000520567355635
0.73, -28.9949594721, -1.00078759907, 3.11776168837, 0.0051054410249
0.74, -28.9635263373, -1.00076590847, 3.17279622003, -0.00309622606684
0.75, -28.9315417756, -1.00084031012, 3.22779711339, -0.0067429517124
0.76, -28.8990123265, -1.0009236745, 3.28159669502, -0.00723449558161
0.77, -28.8659477414, -1.00093792403, 3.33512533639, 0.00185859989577
0.78, -28.8323519264, -1.00089813201, 3.38757567987, 0.00241726702721
0.79, -28.7982391199, -1.00091469721, 3.43856763363, -0.00675533341688
0.8, -28.7636237586, -1.00100623725, 3.48813212673, -0.0105045682302
0.81, -28.7285198982, -1.00106647165, 3.5363072348, -0.00249643511519
0.82, -28.6929412004, -1.00104045081, 3.58313532836, 0.00395543811352
0.83, -28.6569009465, -1.00101788624, 3.62865712289, -0.00208567576713
0.84, -28.6204120458, -1.00108510274, 3.67290607253, -0.0107811643304
0.85, -28.5834870497, -1.00117979588, 3.71591417255, -0.00761425737697
0.86, -28.546138153, -1.0011929106, 3.75771793835, 0.00224606461421
0.87, -28.5083772116, -1.00115104199, 3.79835506644, 0.00230294646728
0.88, -28.4702157492, -1.00117434448, 3.8378582988, -0.00779369462439
0.89, -28.4316649709, -1.00127629162, 3.87625445343, -0.0113166512614
0.9, -28.3927357655, -1.00133895676, 3.9135737541, -0.00226936889918
0.91, -28.3534387153, -1.001308724, 3.94984990783, 0.00432236280777
0.92, -28.3137841089, -1.00128765217, 3.98511519967, -0.00271355164106
0.93, -28.2737819455, -1.00136004282, 4.01939561632, -0.0070216084476
0.94, -28.2334419528, -1.00145338593, 4.0527115446, -0.00874702726024
0.95, -28.1927735736, -1.00148353752, 4.0850954259, 0.000526169485155
0.96, -28.1517859938, -1.00144963121, 4.11657543316, 0.00247796952384
0.97, -28.1104881405, -1.00146237323, 4.14717788459, -0.00638049298192
0.98, -28.0688886934, -1.00155675551, 4.1769229946, -0.0114199126335
0.99, -28.0269960889, -1.0016317113, 4.20583317283, -0.00413902042728
1.0, -27.9848185243, -1.00161738688, 4.23393473655, 0.00340224116712
1.01, -27.9423639704, -1.00159315357, 4.26125368256, -0.00150507230617
1.02, -27.8996401736, -1.00165704509, 4.28780948581, -0.0109072546865
1.03, -27.8566546672, -1.00176124808, 4.31361944676, -0.00911244687586
1.04, -27.8134147693, -1.00178967565, 4.33870566687, 0.0010267490353
1.05, -27.7699275951, -1.00175179093, 4.36309239145, 0.00259390944036
1.06, -27.72620006, -1.0017691347, 4.38680013385, -0.0072545571084
1.07, -27.6822388882, -1.00187311797, 4.40984307583, -0.0122176963439
1.08, -27.6380506151, -1.0019504554, 4.43223835659, -0.00388695500595
1.09, -27.5936415908, -1.0019308318, 4.45400734637, 0.00394434671786
1.1, -27.5490179904, -1.00190593743, 4.47517119492, -0.00192253437568
1.11, -27.5041858115, -1.00197366761, 4.49574667555, -0.00714710540804
1.12, -27.4591508989, -1.00207663094, 4.51573825039, -0.0102622906683
1.13, -27.4139189131, -1.00212160186, 4.53517139097, -0.000578062156727
1.14, -27.3684953688, -1.00208983793, 4.55406246114, 0.00297853314565
1.15, -27.3228856235, -1.0020949455, 4.57242853183, -0.00573881972147
1.16, -27.2770948854, -1.00219116991, 4.59028001137, -0.0123563161736
1.17, -27.2311282181, -1.00228098708, 4.60762894884, -0.0057343513041
1.18, -27.1849905403, -1.00227612799, 4.62449206241, 0.00320210271613
1.19, -27.1386866364, -1.00224613314, 4.64088689056, -0.000547128508527
1.2, -27.092221154, -1.0023044991, 4.65682483322, -0.0109699931461
1.21, -27.0455986143, -1.00240426403, 4.67231423341, -0.010949223292
1.22, -26.9988234091, -1.00246410569, 4.68736828086, -0.00231776146693
1.23, -26.9518998082, -1.00244251627, 4.70200203208, 0.00285322786694
1.24, -26.9048319625, -1.0024383841, 4.71622985387, -0.00424918219399
1.25, -26.8576239055, -1.00252358965, 4.73005966239, -0.0119679627423
1.26, -26.8102795601, -1.00262154855, 4.7434995492, -0.00735978210142
1.27, -26.7628027373, -1.00263308631, 4.75656229454, 0.00202142416505
1.28, -26.7151971437, -1.00260273223, 4.76926253309, 0.000475331066752
1.29, -26.6674663791, -1.00264661854, 4.78160991534, -0.00964808559562
1.3, -26.6196139455, -1.00275855288, 4.79360952345, -0.0115089891294
1.31, -26.5716432454, -1.00281801688, 4.80527087429, -0.00184150720003
1.32, -26.523557587, -1.00279057512, 4.81660700849, 0.00330385833925
1.33, -26.4753601854, -1.00278742708, 4.82762984203, -0.00482542432217
1.34, -26.42705416, -1.00287652103, 4.83834881361, -0.00810011612444
1.35, -26.3786425641, -1.0029704478, 4.84875558929, -0.00816782172337
1.36, -26.3301283357, -1.00299607969, 4.85887473145, 0.000527198808978
1.37, -26.2815143521, -1.00297247183, 4.86871289476, 0.00069338416079
1.38, -26.2328034017, -1.00300533495, 4.87827845278, -0.0081504286126
1.39, -26.183998197, -1.00310771473, 4.88757468486, -0.0113278393288
1.4, -26.1351013746, -1.00317624102, 4.89660829313, -0.0034086225763
1.41, -26.0861154963, -1.00316270665, 4.90538965153, 0.00248076829152
1.42, -26.0370430542, -1.00315610554, 4.91392860913, -0.00360975822192
1.43, -25.9878864674, -1.00323571167, 4.92222913477, -0.0117022283727
1.44, -25.9386480911, -1.0033375213, 4.93029455506, -0.0082293367609
1.45, -25.8893302116, -1.0033591153, 4.93813290604, 0.00116812626424
1.46, -25.8399350541, -1.00333107109, 4.94575449044, 0.000802879019806
1.47, -25.7904647787, -1.00336815976, 4.95316539618, -0.00891975601149
1.48, -25.740921487, -1.00347796287, 4.96036710778, -0.0118402198688
1.49, -25.6913072213, -1.00354605384, 4.96736452685, -0.00292582555614
1.5, -25.6416239668, -1.00352602346, 4.97416677954, 0.00304960511531
1.51, -25.5918736534, -1.003518832, 4.98078238665, -0.00402161315459
1.52, -25.5420581552, -1.00360593149, 4.98721314582, -0.0125248663161
1.53, -25.4921792969, -1.00371190393, 4.99346078218, -0.00818687958246
1.54, -25.4422388492, -1.00372824088, 4.99953222453, 0.00192538013251
1.55, -25.3922385366, -1.00370962819, 5.00543645998, 0.000844558326616
1.56, -25.3421800318, -1.0037368528, 5.0111779086, -0.0074820561253
1.57, -25.2920649629, -1.00383682309, 5.0167572673, -0.0115739695871
1.58, -25.2418949121, -1.00391307675, 5.02217795794, -0.00443009675942
1.59, -25.1916714171, -1.00390706798, 5.02744713021, 0.00215385050345
1.6, -25.1413959737, -1.00389739608, 5.03257185147, -0.00289254709014
1.61, -25.091070033, -1.00397036257, 5.03755410216, -0.011322235449
1.62, -25.040695009, -1.0040749923, 5.04239429303, -0.00901786111416
1.63, -24.9902722735, -1.00410612788, 5.04709732578, 0.000341662722129
1.64, -24.9398031622, -1.00408017413, 5.05167088399, 0.00115897072087
1.65, -24.8892889709, -1.00410990263, 5.0561192229, -0.0081157694301
1.66, -24.8387309606, -1.00421668948, 5.0604417402, -0.012086718727
1.67, -24.7881303573, -1.00429279346, 5.06464028144, -0.00397495434016
1.68, -24.737488352, -1.00428001389, 5.06872163191, 0.00280382001476
1.69, -24.6868061038, -1.00426850006, 5.07269229725, -0.0031680005791
1.7, -24.6360847363, -1.00434807218, 5.07655254606, -0.0121126393759
1.71, -24.5853253456, -1.00445716068, 5.08030164716, -0.009037132215
1.72, -24.5345289936, -1.00448341435, 5.08394434606, 0.00110400227884
1.73, -24.4836967158, -1.00445161206, 5.08748746901, 0.00140326073249
1.74, -24.4328295154, -1.00448469798, 5.09093429215, -0.00884815488419
1.75, -24.3819283699, -1.00458576987, 5.09428272891, -0.0114299188233
1.76, -24.3309942285, -1.00466796667, 5.09753536386, -0.00532699440329
1.77, -24.2800280137, -1.00466851908, 5.10069651816, 0.00190933574998
1.78, -24.2290306234, -1.00465489068, 5.10377241893, -0.00207632664924
1.79, -24.1780029281, -1.00472010701, 5.10676325599, -0.0108293909648
1.8, -24.1269457768, -1.00482655092, 5.10966799698, -0.00972395203116
1.81, -24.0758599927, -1.00486667236, 5.1124892462, -0.000448724823058
1.82, -24.024746377, -1.00484245841, 5.11523380926, 0.00155529938028
1.83, -23.9736057081, -1.00486421559, 5.11790429492, -0.0072356142579
1.84, -23.9224387422, -1.00496718442, 5.12049873676, -0.0122586295567
1.85, -23.8712462154, -1.00505079126, 5.1230176704, -0.00499421773818
1.86, -23.8200288419, -1.00504512802, 5.12546636145, 0.00256656956025
1.87, -23.7687873181, -1.00502907156, 5.12784962215, -0.0022766905889
1.88, -23.7175223175, -1.005100574, 5.13016725649, -0.0116389230863
1.89, -23.6662344984, -1.0052122897, 5.13241716163, -0.00985707882326
1.9, -23.6149244977, -1.00524839378, 5.13460216101, 0.000273527419202
1.91, -23.5635929372, -1.00521798084, 5.13672806512, 0.00188480875046
1.92, -23.5122404189, -1.0052422228, 5.13879769325, -0.00790710375799
1.93, -23.4608675286, -1.00535277767, 5.14080787138, -0.0128622455279
1.94, -23.4094748368, -1.00543681246, 5.14275872731, -0.00455264008717
1.95, -23.3580628971, -1.00543195663, 5.14465958077, -2.91355274334e-05
1.96, -23.3066322484, -1.00541689366, 5.14650100338, -0.00133794930483
1.97, -23.2551834127, -1.00547488328, 5.14829724172, -0.0103747331396
1.98, -23.2037168998, -1.00558354183, 5.15004058891, -0.0104769782526
1.99, -23.1522332034, -1.00563316569, 5.15173281823, -0.00129134702439
2.0, -23.1007328049, -1.00561107892, 5.15337920623, 0.00192743713658
2.01, -23.0492161709, -1.0056248807, 5.15498290122, -0.00634214033927
2.02, -22.9976837551, -1.00572384934, 5.15654063096, -0.0124149919668
2.03, -22.9461359994, -1.00581494037, 5.15805205315, -0.00602365142883
2.04, -22.8945733324, -1.00581649365, 5.15952028271, 0.00232440942488
2.05, -22.8429961728, -1.00579575868, 5.16095073257, -0.00135711535212
2.06, -22.7914049238, -1.00585878947, 5.16234289275, -0.0111241656981
2.07, -22.7397999812, -1.00597283935, 5.16369313439, -0.0106635113476
2.08, -22.6881817265, -1.00601879897, 5.16500327805, -0.000563587066284
2.09, -22.6365505331, -1.00598975834, 5.1662787134, 0.00238088643391
2.1, -22.5849067624, -1.00600482024, 5.16752143009, -0.00692277663533
2.11, -22.5332507651, -1.00610096409, 5.16872867812, -0.0107947799519
2.12, -22.4815828849, -1.00619353895, 5.16989946914, -0.00710149747497
2.13, -22.429903453, -1.00620885217, 5.17103626457, 0.00113358808622
2.14, -22.3782127933, -1.00618995166, 5.17214426521, -0.000616678614217
2.15, -22.3265112189, -1.00623921554, 5.17322318806, -0.00962829312071
2.16, -22.2747990362, -1.00634650488, 5.17426943714, -0.0108913614262
2.17, -22.2230765411, -1.00640401488, 5.17528410506, -0.00214575036364
2.18, -22.1713440224, -1.00638562356, 5.17627168432, 0.00209154608818
2.19, -22.1196017603, -1.0063924112, 5.17723489607, -0.00539799148001
2.2, -22.0678500268, -1.00648514923, 5.1781705711, -0.0122598527634
2.21, -22.0160890875, -1.0065813092, 5.17907710575, -0.00693909373413
2.22, -21.9643191992, -1.00659104261, 5.1799572176, 0.00184045063814
2.23, -21.9125406134, -1.00656810117, 5.18081575833, -0.000607824380145
2.24, -21.8607535715, -1.00662225604, 5.18165223659, -0.0103993134385
2.25, -21.8089583115, -1.00673580309, 5.18246264674, -0.0112065779276
2.26, -21.7571550623, -1.00679084941, 5.18324810064, -0.00150458545003
2.27, -21.7053440486, -1.00676558506, 5.18401276762, 0.00259748427271
2.28, -21.6535254873, -1.00677283299, 5.18475951492, -0.00590570454814
2.29, -21.6016995887, -1.00687296002, 5.18548473414, -0.0129705661316
2.3, -21.549866559, -1.0069713571, 5.18618644034, -0.00668273704049
2.31, -21.4980265962, -1.00697453389, 5.18686785984, 0.00262738925946
2.32, -21.4461798958, -1.00696092185, 5.1875330744, -4.8152617982e-05
2.33, -21.3943266445, -1.00700251557, 5.18818151, -0.00896106519467
2.34, -21.3424670264, -1.00710917369, 5.18880992824, -0.011383087643
2.35, -21.2906012191, -1.00717545047, 5.18941841361, -0.00309435713917
2.36, -21.2387293962, -1.0071616021, 5.19001031846, 0.00218548033449
2.37, -21.1868517264, -1.00716173816, 5.19058873291, -0.00446500502638
2.38, -21.1349683717, -1.00724821312, 5.1911511966, -0.0120974014126
2.39, -21.0830794929, -1.00734953621, 5.19169490985, -0.00787986805799
2.4, -21.031185243, -1.00736783043, 5.19222223722, 0.00131733606077
2.41, -20.9792857739, -1.00734289451, 5.19273755959, 0.00013778095492
2.42, -20.92738123, -1.00738799143, 5.19324044533, -0.00964441965061
2.43, -20.8754717538, -1.00750082103, 5.19372724686, -0.0117427552116
2.44, -20.8235574831, -1.00756514151, 5.19419777698, -0.00248059161403
2.45, -20.771638552, -1.00754402211, 5.19465597922, 0.00278657624437
2.46, -20.7197150917, -1.0075434763, 5.19510484915, -0.00486976093274
2.47, -20.6677872273, -1.00763699414, 5.19554110275, -0.0128367536157
2.48, -20.6158550831, -1.00774130899, 5.19596187618, -0.00771022125804
2.49, -20.5639187772, -1.00775338214, 5.19636973667, 0.0021311615148
2.5, -20.511978428, -1.00773684733, 5.19676882454, 0.000823147388589
2.51, -20.4600341474, -1.00776845577, 5.19715896506, -0.00816704277174
2.52, -20.4080860456, -1.00787478372, 5.19753664501, -0.0120101414914
2.53, -20.3561342302, -1.00795118125, 5.1979009446, -0.00411993509611
2.54, -20.3041788042, -1.00794117173, 5.19825529186, 0.0024681269343
2.55, -20.2522198696, -1.00793237669, 5.19860303522, -0.00333227092888
2.56, -20.200257523, -1.00801202699, 5.1989416398, -0.0120142332517
2.57, -20.1482918613, -1.00812027235, 5.19926776092, -0.00902022237884
2.58, -20.0963229757, -1.00814799568, 5.19958319523, 0.000834380564222
2.59, -20.0443509581, -1.00811930928, 5.1998920845, 0.00112559723032
2.6, -19.9923758947, -1.00815363702, 5.20019514261, -0.00882856970212
2.61, -19.9403978711, -1.00826673928, 5.20048779065, -0.0124826130493
2.62, -19.8884169704, -1.00834220855, 5.20076949446, -0.00356781271195
2.63, -19.8364332729, -1.00833266476, 5.20104808961, -0.000155704727658
2.64, -19.7844468573, -1.0083255255, 5.20131296692, -0.0024612486258
2.65, -19.7324577984, -1.00839174923, 5.20157573452, -0.0106972680977
2.66, -19.6804661714, -1.00849585008, 5.20182861984, -0.00950979036895
2.67, -19.6284720473, -1.00853625873, 5.20207263748, -0.000706945638948
2.68, -19.576475497, -1.00851641201, 5.20231147782, 0.00107351660038
2.69, -19.5244765875, -1.00854106829, 5.20254644343, -0.0072971942915
2.7, -19.4724753844, -1.00864213426, 5.20277363492, -0.0119357921044
2.71, -19.4204719524, -1.00872361007, 5.2029919066, -0.00496206083273
2.72, -19.3684663533, -1.00872054195, 5.20320374399, 0.002118220887
2.73, -19.3164586491, -1.00870882908, 5.20341277548, -0.0025831240529
2.74, -19.2644488968, -1.00878036947, 5.20361681484, -0.0114016732712
2.75, -19.212437155, -1.00888881582, 5.20381261582, -0.00957187621445
2.76, -19.1604234784, -1.00892485124, 5.20400083316, 2.53333119748e-05
2.77, -19.1084079223, -1.00889877075, 5.20418602408, 0.00141425676595
2.78, -19.0563905384, -1.00892551975, 5.20436862751, -0.00790598468735
2.79, -19.0043713778, -1.00903343576, 5.20454501612, -0.0124696865618
2.8, -18.9523504905, -1.00911492704, 5.2047131513, -0.00450755564393
2.81, -18.9003279242, -1.00910474487, 5.20487677316, 0.0028275365814
2.82, -18.8483037271, -1.00909051389, 5.20503928951, -0.00279921360686
2.83, -18.796277943, -1.00916838373, 5.20519811579, -0.0121934907077
2.84, -18.744250618, -1.00928149238, 5.20534935258, -0.00961660021541
2.85, -18.6922217939, -1.00931263306, 5.20549451945, 0.000816307693169
2.86, -18.640191514, -1.00929456333, 5.20563778085, 0.00164713295941
2.87, -18.5881598182, -1.00930980526, 5.20577969237, -0.0063646597956
2.88, -18.5361267455, -1.00940790759, 5.20591696909, -0.0122812633564
2.89, -18.4840923354, -1.00949841829, 5.20604699547, -0.00606492329025
2.9, -18.4320566241, -1.00950174516, 5.20617331425, 0.00206809748925
2.91, -18.3800196498, -1.00948324475, 5.20629901266, -0.00149957048812
2.92, -18.327981446, -1.00954618185, 5.20642270484, -0.011003860489
2.93, -18.2759420482, -1.00965881513, 5.20654024307, -0.0105601641996
2.94, -18.223901489, -1.00970518215, 5.20665227341, -0.000726944837089
2.95, -18.1718598021, -1.00967845028, 5.20676287825, 0.00215349321666
2.96, -18.1198175659, -1.00969454908, 5.20668784117, -0.00689710281022
2.97, -18.0677783825, -1.00979961834, 5.2060899664, -0.0128937592713
2.98, -18.0157485003, -1.00989106863, 5.20494533285, -0.00568267261528
2.99, -17.9637312002, -1.00988719394, 5.20351624697, 0.00286315450755
3.0, -17.9117303954, -1.0098782798, 5.20166997926, -0.000975810986046
3.01, -17.859752519, -1.00992886296, 5.19900785093, -0.00956539743015
3.02, -17.8078023819, -1.01003430813, 5.19600596505, -0.0106768194133
3.03, -17.7558872822, -1.01009113788, 5.19214457724, -0.00223604748466
3.04, -17.7040126313, -1.0100753635, 5.18783750966, 0.00175560778721
3.05, -17.6521833729, -1.01008452927, 5.18315976314, -0.00548212796762
3.06, -17.6004028706, -1.01017598646, 5.17803487447, -0.0119904412033
3.07, -17.5486756352, -1.01026967311, 5.17259098123, -0.00678085629069
3.08, -17.4970031559, -1.0102800167, 5.1671213939, 0.00161924000574
3.09, -17.4453858929, -1.01025980722, 5.16148648862, -0.000832373597164
3.1, -17.3938254199, -1.01031418572, 5.15584039928, -0.0102314539578
3.11, -17.3423228104, -1.01042483666, 5.14987436874, -0.0108904475632
3.12, -17.2908816256, -1.0104783969, 5.14337866903, -0.00152932820258
3.13, -17.2395088391, -1.01045520676, 5.13638037006, 0.00231713330585
3.14, -17.1882071102, -1.01046418724, 5.12918137126, -0.00591316355282
3.15, -17.1369783679, -1.01056215629, 5.12171172143, -0.0126041046363
3.16, -17.0858326171, -1.01065721654, 5.11214006575, -0.00645612018174
3.17, -17.0347918546, -1.01066059474, 5.10101846529, 0.00243482877935
3.18, -16.9838698926, -1.0106357747, 5.08866443127, -0.000793247588289
3.19, -16.9330739487, -1.01069471431, 5.07542203054, -0.0109378582249
3.2, -16.8824193664, -1.01079626013, 5.06101960109, -0.0106164371327
3.21, -16.8319138129, -1.01085744543, 5.04460047271, -0.00285331130387
3.22, -16.7815903056, -1.01084483641, 5.02546327673, 0.00186847384642
3.23, -16.7314775162, -1.0108475454, 5.00159912632, -0.00452333681171
3.24, -16.681619927, -1.01093067648, 4.97538396671, -0.011428642509
3.25, -16.6320299831, -1.01102438289, 4.94810629132, -0.00717040158784
3.26, -16.5827199151, -1.01103963885, 4.91858786484, 0.00128734894719
3.27, -16.5337265883, -1.01101755881, 4.88576971745, -0.000165715277377
3.28, -16.4850683702, -1.01106249643, 4.8511627466, -0.00923041895413
3.29, -16.4367706092, -1.01116748944, 4.81379940427, -0.0107485268131
3.3, -16.3888537551, -1.01122406637, 4.77506479586, -0.00198293683323
3.31, -16.3413373693, -1.01120263378, 4.73414757567, 0.00257081766853
3.32, -16.2942394508, -1.01120370133, 4.69079225571, -0.00475434658225
3.33, -16.2475883389, -1.01129109685, 4.64525048437, -0.0117992832057
3.34, -16.2013946969, -1.01138409382, 4.59954198544, -0.00664281895814
3.35, -16.1556704432, -1.01139038646, 4.551910997, 0.0023332559218
3.36, -16.1104205176, -1.01136103679, 4.50420541776, 0.000181474883197
3.37, -16.0656467163, -1.01140749901, 4.4569937788, -0.00964666709962
3.38, -16.0213399811, -1.01151517093, 4.41072672032, -0.0106911192764
3.39, -15.977490765, -1.01156561186, 4.36549276791, -0.000972928932336
3.4, -15.9340881526, -1.01154704682, 4.32130618934, 0.00268050443629
3.41, -15.8911245902, -1.01153607647, 4.27773841895, -0.00296913987464
3.42, -15.8485917373, -1.01160852208, 4.23501603324, -0.0109253762986
3.43, -15.806484249, -1.01170391335, 4.19267070232, -0.00766604933273
3.44, -15.7647970913, -1.01172117499, 4.15091373745, 0.00160260723976
3.45, -15.7235245357, -1.01168797777, 4.10981509625, 0.00149015914952
3.46, -15.6826602337, -1.01171667247, 4.06920621445, -0.00793710885045
3.47, -15.6421984421, -1.0118170979, 4.02925546205, -0.0109448186435
3.48, -15.6021342744, -1.01187808518, 3.98967108525, -0.00229398036514
3.49, -15.5624633797, -1.0118597502, 3.95067124665, 0.000555258243765
3.5, -15.5231798514, -1.01184730017, 3.91202701234, -0.00183276951064
3.51, -15.4842812095, -1.01190355504, 3.87383940644, -0.00931198241336
3.52, -15.4457607265, -1.01199138857, 3.83637518038, -0.00778826870956
3.53, -15.4076116032, -1.01201760804, 3.79938179402, 0.000417034784188
3.54, -15.3698320194, -1.01199012987, 3.76263340335, 0.00170478074393
3.55, -15.3324156428, -1.01200671588, 3.72671552197, -0.00616775717252
3.56, -15.295356887, -1.01209232326, 3.69119271118, -0.0100841172473
3.57, -15.2586507148, -1.01215580797, 3.65596333502, -0.00332906654755
3.58, -15.2222953542, -1.01214096282, 3.6211571608, 0.00298856150756
3.59, -15.1862845556, -1.01212171949, 3.58701798536, -0.00170884490744
3.6, -15.1506140501, -1.01218040894, 3.55297966154, -0.00970592462809
3.61, -15.1152818452, -1.01226944059, 3.51945605114, -0.00755202776309
3.62, -15.0802823168, -1.01228867496, 3.48644148755, 0.00137339108662
3.63, -15.0456105365, -1.01225292651, 3.45381010975, 0.00224340921044
3.64, -15.0112638608, -1.01226933096, 3.42141550136, -0.00652294370035
3.65, -14.9772385651, -1.01235894201, 3.38959922118, -0.0103237649163
3.66, -14.9435312073, -1.01241965645, 3.35784245456, -0.00262410111306
3.67, -14.9101397562, -1.01239555674, 3.3262334246, 0.00388366282536
3.68, -14.8770637175, -1.01237185822, 3.29490672319, -0.00171093327001
3.69, -14.8442990904, -1.01243424707, 3.26387779946, -0.0102010615976
3.7, -14.8118422982, -1.01252491209, 3.23336269433, -0.00731150210714
3.71, -14.7796926287, -1.01253690578, 3.20253599252, 0.00235330004729
3.72, -14.7478480172, -1.01249306804, 3.17228558413, 0.00272293679184
3.73, -14.716303316, -1.01251018798, 3.14254207643, -0.00697439742354
3.74, -14.6850544179, -1.01260441633, 3.11305257336, -0.010584739656
3.75, -14.6540980368, -1.01266213967, 3.08416213416, -0.00187247168636
3.76, -14.6234306087, -1.0126400968, 3.05520217469, 0.00317646117958
3.77, -14.593051248, -1.01260894559, 3.02645753918, -0.000170068164612
3.78, -14.5629585841, -1.01265564068, 2.99785492751, -0.00903929029731
3.79, -14.5331508376, -1.0127458551, 2.96955551407, -0.0081760979493
3.8, -14.5036242801, -1.01277050912, 2.94151826824, 0.00119739934684
3.81, -14.4743764807, -1.01272815796, 2.91379338068, 0.00353749079536
3.82, -14.4454056575, -1.01272956076, 2.88619610168, -0.00518939147345
3.83, -14.4167088047, -1.0128136396, 2.8589962081, -0.0104796526681
3.84, -14.388282437, -1.01288054106, 2.8320105021, -0.00331680860826
3.85, -14.3601255172, -1.01285695789, 2.80510041156, 0.00452375318904
3.86, -14.3322359163, -1.01281992874, 2.77862395062, -7.95410851919e-05
3.87, -14.3046096518, -1.01287023092, 2.752275413, -0.00960340479012
3.88, -14.2772477768, -1.012963345, 2.72591324574, -0.00807617152368
3.89, -14.2501481098, -1.01298151948, 2.69980544986, 0.00217548261879
3.9, -14.2233074529, -1.01294391227, 2.67409157622, 0.00335822596336
3.91, -14.1967242447, -1.01293616309, 2.64810098885, -0.00364383398958
3.92, -14.1704019287, -1.01300628768, 2.62213951816, -0.00959611229978
3.93, -14.1443374575, -1.01307509452, 2.59653232305, -0.00431061887736
3.94, -14.1185284415, -1.01306347404, 2.57088635076, 0.00358382859018
3.95, -14.0929758967, -1.01302552789, 2.54538225473, 0.000918348166484
3.96, -14.0676767345, -1.01306027554, 2.52021662653, -0.00800134613788
3.97, -14.042627895, -1.01314601925, 2.49522628092, -0.00824947054684
3.98, -14.0178288521, -1.01317449157, 2.47025429248, 0.000793729550636
3.99, -13.993278657, -1.01313122433, 2.44552149657, 0.00414367904264
4.0, -13.9689739799, -1.01312173914, 2.42114190765, -0.00390749484667
4.01, -13.9449122485, -1.01319644908, 2.39676590198, -0.0100125653578
4.02, -13.9210953736, -1.01326480091, 2.3723554431, -0.00382264131834
4.03, -13.897521348, -1.0132448213, 2.34809853683, 0.00451628527348
4.04, -13.8741900078, -1.01320111922, 2.32372599259, 0.00107016429423
4.05, -13.8511030431, -1.01323912655, 2.29938953028, -0.00857415059219
4.06, -13.8282584823, -1.01332857392, 2.27516888096, -0.00827392076544
4.07, -13.805655586, -1.01335176212, 2.25112991327, 0.00168581229452
4.08, -13.7832921061, -1.01331336385, 2.22720414611, 0.00401337307119
4.09, -13.7611671605, -1.01329398072, 2.20340715226, -0.00229803364739
4.1, -13.7392795163, -1.01335479021, 2.1799158487, -0.00919630373755
4.11, -13.7176223318, -1.01342615411, 2.15733011992, -0.00493446069138
4.12, -13.6961862574, -1.01341877594, 2.13568370257, 0.00357028467579
4.13, -13.6749624012, -1.0133736168, 2.11481527101, 0.00214679877112
4.14, -13.6539429965, -1.01339561582, 2.09480017838, -0.006979782117
4.15, -13.6331197427, -1.01347847305, 2.07553390557, -0.00857356494594
4.16, -13.6124857209, -1.01351311032, 2.05693474774, 0.000219581719181
4.17, -13.5920340035, -1.01346910473, 2.03914409158, 0.00484375934268
4.18, -13.5717542954, -1.01344740849, 2.02254048023, -0.00252880229268
4.19, -13.5516356463, -1.01351317859, 2.00678435704, -0.00971880426314
4.2, -13.5316703182, -1.01358551003, 1.99185031476, -0.00459847338705
4.21, -13.5118494186, -1.01357067017, 1.9779592266, 0.00447011352683
4.22, -13.4921637391, -1.01351946312, 1.96465151011, 0.00234596374735
4.23, -13.4726085265, -1.01354464904, 1.95202152495, -0.00760768182746
4.24, -13.4531727009, -1.01363250425, 1.94059965985, -0.00878085571025
4.25, -13.4338488487, -1.01366354564, 1.92964799214, 0.00097562334245
4.26, -13.4146291866, -1.0136231518, 1.91971167516, 0.00385096002593
4.27, -13.3955059288, -1.01359704111, 1.91032239141, -0.00125809017955
4.28, -13.3764748757, -1.01364845592, 1.90123649192, -0.00858004478385
4.29, -13.3575342529, -1.01371989745, 1.8921675001, -0.00542002971376
4.3, -13.3386850867, -1.01371839454, 1.8828604891, 0.003128980472
4.31, -13.3199315412, -1.0136715752, 1.87306984424, 0.00282758484938
4.32, -13.3012772352, -1.01368360435, 1.86309467187, -0.00597564668301
4.33, -13.282722514, -1.01376150883, 1.85311266578, -0.00861941573227
4.34, -13.2642702694, -1.01380149393, 1.84266567272, -0.000519701875442
4.35, -13.2459241523, -1.01376132254, 1.83173734293, 0.00492789801442
4.36, -13.2276890083, -1.0137325448, 1.82062380259, -0.00146662062277
4.37, -13.2095656481, -1.01378920232, 1.8093925966, -0.00917320431217
4.38, -13.1915544441, -1.01386286684, 1.79810908991, -0.00522373964281
4.39, -13.1736574152, -1.01385505585, 1.78677707807, 0.00396711686231
4.4, -13.1558712349, -1.01380216148, 1.77590072788, 0.0030815214663
4.41, -13.1381894232, -1.01381693684, 1.76591218409, -0.00658585478027
4.42, -13.1206011534, -1.01390041597, 1.7574673849, -0.00893163249144
4.43, -13.103088269, -1.01393800539, 1.75060838592, 0.000139046144269
4.44, -13.0856389813, -1.01388992551, 1.74461843203, 0.00560565274905
4.45, -13.0682437969, -1.01385957182, 1.73998021015, -0.00178449361355
4.46, -13.0508883094, -1.01392253933, 1.73653034827, -0.00986408524124
4.47, -13.0335612869, -1.0139988704, 1.73418367745, -0.00503463066083
4.48, -13.0162532896, -1.01398450725, 1.73275417022, 0.00481761400015
4.49, -12.9989556867, -1.01394031161, 1.73195446971, 0.00315606327361
4.5, -12.9816646471, -1.01394487779, 1.73141695237, -0.005109087945
4.51, -12.9643773558, -1.01401770896, 1.73116816218, -0.00856141545146
4.52, -12.9470921032, -1.01406225194, 1.73096315065, -0.00125846074472
4.53, -12.9298097501, -1.01402748728, 1.73052735248, 0.00473643669136
4.54, -12.9125336005, -1.01399465198, 1.72974289734, -0.000667915202952
4.55, -12.8952676541, -1.01404324849, 1.72832869361, -0.00860519910018
4.56, -12.878019264, -1.01411728165, 1.72649084505, -0.00575732795247
4.57, -12.8607924259, -1.01411684352, 1.72390677933, 0.00329066980777
4.58, -12.843593776, -1.01406525548, 1.72092744128, 0.0034598200709
4.59, -12.8264275815, -1.01407224412, 1.71727833022, -0.00570410128505
4.6, -12.809300468, -1.01415106249, 1.71328946836, -0.00896044649299
4.61, -12.7922151065, -1.01419438005, 1.70884213592, -0.00071278487809
4.62, -12.7751777862, -1.01415241278, 1.70370736751, 0.00539750916601
4.63, -12.7581937918, -1.01411773375, 1.69825929794, -0.000929865884862
4.64, -12.7412658197, -1.01417239249, 1.69243641658, -0.00929924759571
4.65, -12.7243984584, -1.01424972176, 1.68614553709, -0.00565869501008
4.66, -12.7075955852, -1.01424359101, 1.67970327021, 0.00410204584017
4.67, -12.6908563233, -1.0141859695, 1.67331314819, 0.00371613266993
4.68, -12.6741857808, -1.01419596045, 1.66604456443, -0.00636871605598
4.69, -12.6575895377, -1.01428121563, 1.65836861906, -0.00936871391303
4.7, -12.6410724533, -1.01432286991, 1.65022422489, -8.97740408603e-05
4.71, -12.6246383642, -1.01428479341, 1.64184755291, 0.0044709937719
4.72, -12.6082902717, -1.01424477753, 1.63290233473, 0.000421922190897
4.73, -12.5920338993, -1.01428528759, 1.62365489124, -0.00825906860845
4.74, -12.5758700765, -1.01436328073, 1.61438860682, -0.00663118933601
4.75, -12.5597997176, -1.0143712151, 1.60497118167, 0.00277902735873
4.76, -12.543825949, -1.01431707523, 1.59496498739, 0.00432200536332
4.77, -12.5279542221, -1.01431319228, 1.5847046728, -0.00472499575985
4.78, -12.5121846571, -1.0143892567, 1.57447849176, -0.00933011771958
4.79, -12.4965192264, -1.01444094525, 1.56401305246, -0.00164575563353
4.8, -12.4809621992, -1.0144027487, 1.55269830822, 0.0056548649384
4.81, -12.4655190628, -1.01435883401, 1.54127261271, 0.000318456929381
4.82, -12.450191831, -1.01440444828, 1.52938562362, -0.00892260212422
4.83, -12.4349867435, -1.01448595221, 1.51696281294, -0.0065723507447
4.84, -12.4199063587, -1.0144881365, 1.50449072085, 0.00364939554958
4.85, -12.4049506362, -1.01444048486, 1.49202802053, 0.00395656594325
4.86, -12.3901208727, -1.01442904462, 1.47916295071, -0.00330806092858
4.87, -12.3754230212, -1.01449198631, 1.46576639297, -0.00848736038277
4.88, -12.3608594884, -1.01454583452, 1.45234692953, -0.00266824784064
4.89, -12.3464304088, -1.01452043038, 1.43879194057, 0.00458612622239
4.9, -12.3321372053, -1.01447731012, 1.42532836451, 0.00113505009147
4.91, -12.3179806768, -1.01450881411, 1.41145256671, -0.0074139114978
4.92, -12.3039630653, -1.01458330425, 1.39750188962, -0.00674679693003
4.93, -12.2900843315, -1.01459598994, 1.383505418, 0.00221248591764
4.94, -12.2763501868, -1.0145437068, 1.36885859597, 0.00458918429265
4.95, -12.2627617647, -1.01453226111, 1.35419199392, -0.00372235605098
4.96, -12.2493228951, -1.0146006414, 1.33893494865, -0.00893358452405
4.97, -12.23603754, -1.01465411853, 1.32360587905, -0.00219042307653
4.98, -12.2229056544, -1.0146209551, 1.30815988999, 0.00541394904095
4.99, -12.2099294795, -1.01457347844, 1.29247028674, 0.00114246739704
5.0, -12.1971106968, -1.01460928325, 1.2767602339, -0.00804301380527
5.01, -12.184449291, -1.01468758402, 1.26092584638, -0.00675795706583
5.02, -12.1719468026, -1.01469514055, 1.24505618115, 0.00304938616923
5.03, -12.1596032277, -1.0146352479, 1.22897024124, 0.00508727897335
5.04, -12.1474225433, -1.01462440011, 1.21265740569, -0.00419985102871
5.05, -12.1354051784, -1.01469868587, 1.19623749132, -0.00939843892734
5.06, -12.1235523372, -1.01475152753, 1.17968320077, -0.00165805011134
5.07, -12.1118677856, -1.01471798584, 1.16273974583, 0.00300473320595
5.08, -12.1003524142, -1.01466978277, 1.1458573457, 0.00225116332374
5.09, -12.0890056717, -1.01469056477, 1.12892578026, -0.00664585345895
5.1, -12.0778288143, -1.01476465652, 1.11193473661, -0.0072686089267
5.11, -12.0668211815, -1.01478451022, 1.09510815973, 0.00162535809141
5.12, -12.0559815373, -1.01473133387, 1.07828017556, 0.00529998633951
5.13, -12.045310501, -1.0147084737, 1.06110615565, -0.00249850831052
5.14, -12.0348202708, -1.0147701413, 1.04228236486, -0.00886742444706
5.15, -12.0245213073, -1.01482904878, 1.02301383652, -0.0030055307097
5.16, -12.0144204689, -1.01480044867, 1.00248086845, 0.00549165294998
5.17, -12.0045277841, -1.01474470659, 0.98160387065, 0.00243250935749
5.18, -11.9948450723, -1.01476882845, 0.960334157655, -0.00725550305166
5.19, -11.9853767402, -1.01484727882, 0.939041868822, -0.0073641991057
5.2, -11.9761199692, -1.01486237075, 0.917865951652, 0.00249625512842
5.21, -11.967074192, -1.01480037187, 0.896872175718, 0.00597213820663
5.22, -11.9582394754, -1.01477663852, 0.875717813234, -0.00287867468254
5.23, -11.9496156486, -1.01483405101, 0.854607347314, -0.00715344657022
5.24, -11.9412023487, -1.01489321857, 0.833675739481, -0.00392918218229
5.25, -11.9329982728, -1.01487645068, 0.812699935729, 0.00451587258338
5.26, -11.9250036485, -1.01482047118, 0.791853879454, 0.00336334824912
5.27, -11.9172168798, -1.01482923558, 0.771048810684, -0.00562578668408
5.28, -11.9096382679, -1.01489968452, 0.750212523339, -0.00746613417876
5.29, -11.9022679767, -1.01492478385, 0.729462370569, 0.00109487297254
5.3, -11.8951033889, -1.01487144361, 0.709137379539, 0.00588592266909
5.31, -11.8881395868, -1.01483760033, 0.689296460493, -0.0011957179633
5.32, -11.881371314, -1.01489008666, 0.670013607903, -0.00845808962288
5.33, -11.8747931118, -1.01495161857, 0.651267038485, -0.00365789361614
5.34, -11.8683996631, -1.01492796135, 0.633043764352, 0.0053791572426
5.35, -11.8621858019, -1.01486604594, 0.615332905586, 0.00357417915215
5.36, -11.8561465035, -1.01487783358, 0.598119494981, -0.00623736657292
5.37, -11.8502768867, -1.01495328646, 0.581385196341, -0.00768167632679
5.38, -11.844572205, -1.0149748886, 0.565116443201, 0.00185068068935
5.39, -11.8390278458, -1.01491316061, 0.549303706843, 0.00656582119034
5.4, -11.8336393251, -1.01487796284, 0.533936733298, -0.00153472237663
5.41, -11.8284022784, -1.01493185236, 0.51900364067, -0.00443938443196
5.42, -11.8233124839, -1.01498688812, 0.504476488147, -0.00419674913568
5.43, -11.8183658086, -1.0149746522, 0.490359042024, 0.00412642458728
5.44, -11.8135582552, -1.01491749549, 0.476638535864, 0.00395018924116
5.45, -11.8088857451, -1.01491682423, 0.463367140985, -0.00460018648366
5.46, -11.8043434673, -1.0149809653, 0.450580421082, -0.00729848045288
5.47, -11.7999254105, -1.01500932555, 0.438608550369, 0.000516514531549
5.48, -11.7956231227, -1.01495941632, 0.427320016957, 0.00591413861042
5.49, -11.7914311863, -1.01491943017, 0.416522813858, -0.000212795573581
5.5, -11.7873410956, -1.01496248877, 0.406958796919, -0.00778477118962
5.51, -11.7833410668, -1.01502337906, 0.398566035761, -0.00407751162905
5.52, -11.7794198977, -1.01500554347, 0.391128672065, 0.00489202169314
5.53, -11.7755688614, -1.01494282458, 0.384422590091, 0.00416123800864
5.54, -11.7717811515, -1.01494511238, 0.378514088627, -0.00522712312653
5.55, -11.7680484072, -1.01501502312, 0.373429662917, -0.00764784091637
5.56, -11.7643628929, -1.01504152421, 0.368968972262, 0.00110558921061
5.57, -11.7607182334, -1.01498433115, 0.36527861964, 0.00653815864675
5.58, -11.7571071757, -1.0149430217, 0.362267623678, -0.000535530902562
5.59, -11.7535217368, -1.01499234668, 0.360076767582, -0.00847488870186
5.6, -11.7499556932, -1.01505614376, 0.358360102911, -0.00393725536031
5.61, -11.7464042281, -1.01503239714, 0.357162355296, 0.00568300301798
5.62, -11.742862556, -1.01496425143, 0.356328882983, 0.00432274908398
5.63, -11.7393280994, -1.01497035162, 0.355687575603, -0.00595497118443
5.64, -11.735802039, -1.0150467852, 0.354466803314, -0.00803381384621
5.65, -11.7322906884, -1.01507129622, 0.352853985731, 0.00173990146037
5.66, -11.7287973626, -1.01501845755, 0.35087714655, 0.00551181881678
5.67, -11.7253267645, -1.01497290694, 0.348179411878, 0.000712754310395
5.68, -11.7218857389, -1.01500862676, 0.345198626835, -0.0074482542911
5.69, -11.7184808873, -1.01507292744, 0.340981416293, -0.00489142093123
5.7, -11.7151183711, -1.0150634326, 0.336650823359, 0.00430244377225
5.71, -11.7118020007, -1.01499968964, 0.331628694306, 0.00482607346022
5.72, -11.7085391883, -1.01499271321, 0.326019514773, -0.00436072974539
5.73, -11.7053348562, -1.01506007695, 0.320036020351, -0.00798267874727
5.74, -11.7021934944, -1.01509456059, 0.313335721529, 0.000174088822581
5.75, -11.6991211546, -1.01504201989, 0.30634485685, 0.00663071965441
5.76, -11.6961202223, -1.01499346494, 0.298991052423, 0.000517770992523
5.77, -11.6931945235, -1.01503486479, 0.291383969418, -0.0081290065504
5.78, -11.6903455333, -1.01510246329, 0.283658844342, -0.00479340844018
5.79, -11.6875733505, -1.01508709999, 0.276109358692, 0.00514783538489
5.8, -11.6848747053, -1.01501686631, 0.269023408474, 0.00512905122024
5.81, -11.6822415997, -1.01501257582, 0.263091541272, -0.00501113360093
5.82, -11.6796633288, -1.0150733586, 0.257975472439, -0.00723106218255
5.83, -11.6771309783, -1.01511286933, 0.253786513732, -0.00107471081522
5.84, -11.6746371282, -1.01507279369, 0.250270498384, 0.00580112002344
5.85, -11.6721715624, -1.01502163209, 0.248484639971, 0.00164682210713
5.86, -11.6697156922, -1.01504817644, 0.247924612355, -0.00678628023722
5.87, -11.6672622011, -1.01511234093, 0.247988150359, -0.00540197455282
5.88, -11.664801347, -1.01511010031, 0.249758597327, 0.0036548687106
5.89, -11.6623142613, -1.01504703346, 0.252785179035, 0.0052929332135
5.9, -11.6597941617, -1.01503143611, 0.256347204158, -0.00341571408749
5.91, -11.6572331216, -1.0150939097, 0.261206662779, -0.00802392418544
5.92, -11.6546178908, -1.01513437315, 0.266904060002, -0.000707372375348
5.93, -11.6519415898, -1.01508792104, 0.273511043723, 0.00644298157278
5.94, -11.6491959268, -1.01503464158, 0.28063918135, 0.00139844998879
5.95, -11.6463740205, -1.015067777, 0.28899958437, -0.00761859863137
5.96, -11.6434625049, -1.01513717925, 0.298251522161, -0.00552528894043
5.97, -11.6404573156, -1.01513088834, 0.307736074517, 0.00434908313794
5.98, -11.6373520239, -1.01506216661, 0.318491255514, 0.00554709580389
5.99, -11.6341335347, -1.0150496686, 0.330061054394, -0.00413773928508
6.0, -11.6307979529, -1.01511996083, 0.341908756372, -0.00864375237198
6.01, -11.6273405697, -1.01516106439, 0.354501885442, -0.000311434264826
6.02, -11.6237509972, -1.01510814711, 0.368414193875, 0.00706806848751
6.03, -11.6200167673, -1.01505333714, 0.383314788867, 0.00107008309804
6.04, -11.6161317186, -1.01509388893, 0.398484467337, -0.00851984382182
6.05, -11.6120906435, -1.01515451841, 0.414753269826, -0.00592292758666
6.06, -11.607882482, -1.01516080531, 0.431752558325, 0.00273846542656
6.07, -11.6034988854, -1.01510233871, 0.449775160167, 0.00530907412405
6.08, -11.5989308154, -1.01508173442, 0.468573955948, -0.00272188070883
6.09, -11.5941726301, -1.01514032957, 0.487832420504, -0.00808442988843
6.1, -11.5892186215, -1.01518735131, 0.507629953659, -0.0017419556505
6.11, -11.5840660893, -1.01515020429, 0.527471422851, 0.00581271676029
6.12, -11.5787154898, -1.01509670906, 0.547232741007, 0.00189135141304
6.13, -11.5731695441, -1.01512370952, 0.566401548566, -0.00717609494426
6.14, -11.5674361221, -1.01519494475, 0.584752213691, -0.00627129759117
6.15, -11.5615255041, -1.01519942868, 0.601731334603, 0.00324318621859
6.16, -11.5554510198, -1.01513639322, 0.617693331087, 0.00553173944319
6.17, -11.5492219398, -1.01511882274, 0.632615781465, -0.00342506432356
6.18, -11.5428487868, -1.01518572296, 0.646626376773, -0.00881019543891
6.19, -11.5363401178, -1.01523501421, 0.659571446578, -0.00150629594906
6.2, -11.5297080386, -1.0151923997, 0.671499677912, 0.00642044884492
6.21, -11.5229602134, -1.01513696381, 0.682654545279, 0.00163815256854
6.22, -11.5161071229, -1.01517106926, 0.692633126413, -0.00807897989827
6.23, -11.5091587156, -1.01524852789, 0.701717128954, -0.00647969952277
6.24, -11.5021235186, -1.01524951627, 0.710084076443, 0.00393777501577
6.25, -11.495008477, -1.01519464526, 0.717540300307, 0.00502818572178
6.26, -11.4878237794, -1.01517070972, 0.724168368644, -0.00211526252866
6.27, -11.4805779333, -1.01522592446, 0.729857941447, -0.00814976554158
6.28, -11.4732776413, -1.01527972147, 0.73505785801, -0.00278416174881
6.29, -11.4659290774, -1.01525215419, 0.739484104881, 0.00517811152045
6.3, -11.4585391144, -1.01519850778, 0.7433136585, 0.00241023375362
6.31, -11.4511147374, -1.01521901187, 0.746475022903, -0.00665434008744
6.32, -11.4436626824, -1.0152911626, 0.748731986932, -0.00688291241514
6.33, -11.4361924458, -1.01530509596, 0.750193054627, 0.00228252433294
6.34, -11.4287109585, -1.01524670008, 0.751084986185, 0.00561329412506
6.35, -11.4212226691, -1.01522323251, 0.751579759792, -0.00260345138307
6.36, -11.4137317716, -1.01528529222, 0.751366770155, -0.00877855389647
6.37, -11.4062494939, -1.01534062246, 0.750153227989, -0.00247677182239
6.38, -11.3987814203, -1.01530646852, 0.748444280073, 0.00593977557789
6.39, -11.391333278, -1.0152488977, 0.746090897204, 0.00237575481344
6.4, -11.3839130283, -1.01527461719, 0.743054819868, -0.00741651699646
6.41, -11.3765238874, -1.0153522957, 0.739957045544, -0.00707545861753
6.42, -11.3691651653, -1.01536258658, 0.736964386487, 0.00301820365926
6.43, -11.3618358269, -1.01529708404, 0.734074846354, 0.00609094951236
6.44, -11.3545348528, -1.01527463393, 0.731287073714, -0.00315798961746
6.45, -11.3472613379, -1.01533369282, 0.728584738585, -0.00714433853352
6.46, -11.3400143469, -1.01539029927, 0.725982868531, -0.00352455339297
6.47, -11.3327928693, -1.01536952818, 0.72347460409, 0.0047936445747
6.48, -11.3255960045, -1.0153133797, 0.721053840236, 0.003151000969
6.49, -11.3184233325, -1.01532508714, 0.718559783846, -0.00590414256977
6.5, -11.3112783494, -1.0153958556, 0.715479521048, -0.00728820361952
6.51, -11.3041663365, -1.01541744951, 0.712040945235, 0.00146927833278
6.52, -11.2970905882, -1.01536223003, 0.708155243363, 0.00583887243533
6.53, -11.2900566195, -1.01533118625, 0.703702692497, -0.00160744055187
6.54, -11.2830693023, -1.01538662664, 0.698932837361, -0.00858995473255
6.55, -11.2761311334, -1.01544669278, 0.693779156864, -0.00334224262887
6.56, -11.2692468141, -1.01541992431, 0.688112884855, 0.00556296124257
6.57, -11.2624234668, -1.01535902969, 0.681751451906, 0.00323009043308
6.58, -11.2556649853, -1.0153751644, 0.675162695896, -0.00664551453947
6.59, -11.2489739531, -1.01545203361, 0.668202340574, -0.00758492301423
6.6, -11.2423532369, -1.01547080361, 0.661231095033, 0.00216997095573
6.61, -11.2358010015, -1.0154079308, 0.65452804119, 0.00643383914373
6.62, -11.2293141066, -1.01537662154, 0.648145148573, -0.00205957346781
6.63, -11.2228895767, -1.01543446359, 0.642068411096, -0.00460776100964
6.64, -11.2165242651, -1.01548845614, 0.636275611395, -0.00391902261068
6.65, -11.2102157379, -1.01547374781, 0.630678572176, 0.00422590443968
6.66, -11.2039618034, -1.0154186647, 0.62538102736, 0.00349972843381
6.67, -11.1977587327, -1.0154231912, 0.620477386795, -0.00506598401925
6.68, -11.1916035662, -1.01548908572, 0.615799408191, -0.00722280549682
6.69, -11.1854938275, -1.01551498131, 0.61139709201, 0.000778950904487
6.7, -11.1794267567, -1.01546478947, 0.607261468518, 0.00568014637501
6.71, -11.1733994177, -1.01542965587, 0.603443130025, -0.000815745059844
6.72, -11.1674089663, -1.01547717613, 0.599859765474, -0.00801460581308
6.73, -11.1614526365, -1.01553724961, 0.59667927965, -0.00381284310754
6.74, -11.1555257096, -1.01551729081, 0.593914548484, 0.00493619841514
6.75, -11.1496248862, -1.01545745773, 0.591462011362, 0.00362184368641
6.76, -11.1437471124, -1.01546572524, 0.589268478739, -0.00574784823468
6.77, -11.1378889067, -1.01553761884, 0.587614683445, -0.00756755879336
6.78, -11.1320453649, -1.01556160494, 0.586260180026, 0.00136566496688
6.79, -11.1262141028, -1.01550451161, 0.585142399976, 0.0062415552601
6.8, -11.1203921235, -1.0154688367, 0.584480452881, -0.00121222212024
6.81, -11.1145741014, -1.0155230561, 0.584308022963, -0.00871083242059
6.82, -11.1087558007, -1.01558581091, 0.584545387432, -0.00363520916249
6.83, -11.1029317187, -1.01555982051, 0.585498853301, 0.00571050574586
6.84, -11.0970950206, -1.01549513539, 0.587011267035, 0.00370494819694
6.85, -11.0912405776, -1.01550788215, 0.588956907579, -0.00651519588447
6.86, -11.085364973, -1.01558625485, 0.591315962943, -0.00791827511465
6.87, -11.0794621911, -1.01560790296, 0.594445903021, 0.00201730980127
6.88, -11.0735246304, -1.0155554981, 0.598198580364, 0.00514178419651
6.89, -11.0675456481, -1.01551636935, 0.60267241939, -3.40748764722e-05
6.9, -11.0615210484, -1.01555728048, 0.607199640448, -0.00768676011675
6.91, -11.0554422754, -1.01562038689, 0.613442859786, -0.00458208374225
6.92, -11.04930073, -1.01560891272, 0.619835786086, 0.00426086984894
6.93, -11.0430925121, -1.01554960676, 0.626945290792, 0.00408984919127
6.94, -11.0368079471, -1.01555021591, 0.635084661709, -0.00499381099727
6.95, -11.0304376638, -1.01561984571, 0.643983946403, -0.00788940751095
6.96, -11.0239764754, -1.01565178415, 0.653171256575, 0.000383440619465
6.97, -11.0174203044, -1.01560071143, 0.663134620953, 0.00611784993051
6.98, -11.0107615178, -1.01556010163, 0.673502526459, -0.000381391255737
6.99, -11.0039970192, -1.01560775618, 0.68435409983, -0.00844632393233
7.0, -10.9971201021, -1.01567473461, 0.696062306136, -0.00455263127505
7.01, -10.990122929, -1.0156584158, 0.708194828243, 0.00495872738357
7.02, -10.9830038583, -1.01559437131, 0.720436196383, 0.00420032005271
7.03, -10.9757618379, -1.01559928245, 0.73278670942, -0.00577835584861
7.04, -10.9683938495, -1.01567630681, 0.745948566491, -0.00838869996655
7.05, -10.9608896941, -1.01570758801, 0.75956465967, 0.000880886259674
7.06, -10.9532459122, -1.01565006902, 0.773992150493, 0.00665616550556
7.07, -10.9454556451, -1.01560934042, 0.789049947651, -0.000857516270007
7.08, -10.9375102235, -1.01566030823, 0.804892690022, -0.00455597414275
7.09, -10.9294041289, -1.01572360264, 0.821049992646, -0.00542845479145
7.1, -10.9211349341, -1.01572183474, 0.83761517788, 0.0034424874278
7.11, -10.9126963039, -1.01566430418, 0.854872636222, 0.00446182707958
7.12, -10.9040821678, -1.01565786009, 0.872701991116, -0.00428368326639
7.13, -10.8952888249, -1.01572588521, 0.890640022925, -0.00831241021302
7.14, -10.8863124466, -1.01576733197, 0.909625905493, -0.000788769267852
7.15, -10.8771419119, -1.01572421172, 0.929116868304, 0.00582005117453
7.16, -10.867776941, -1.01567992433, 0.948570912477, 0.000361501540791
7.17, -10.858213258, -1.01572176648, 0.968891578895, -0.00826266640923
7.18, -10.8484449284, -1.01579421017, 0.989486573204, -0.00563354774276
7.19, -10.8384675613, -1.01578951726, 1.01055841282, 0.0040040575215
7.2, -10.8282795787, -1.01572785365, 1.03160528846, 0.0045597027466
7.21, -10.8178792424, -1.0157258811, 1.05325586282, -0.00511385648802
7.22, -10.8072585868, -1.0158024596, 1.07553641021, -0.00897962965211
7.23, -10.7964141685, -1.01584505809, 1.09800626448, -0.000455196022029
7.24, -10.7853411072, -1.01579641665, 1.12130677074, 0.00632834481783
7.25, -10.7740333275, -1.01575189427, 1.14484539243, -9.2950647198e-05
7.26, -10.7624890412, -1.01580211157, 1.16849170996, -0.00922406554791
7.27, -10.7507085484, -1.01588046833, 1.19218425701, -0.00578365207162
7.28, -10.7386897338, -1.01587207978, 1.21625520191, 0.00464675589502
7.29, -10.7264289865, -1.01580596385, 1.24035685302, 0.0046372630704
7.3, -10.7139277452, -1.01580925212, 1.26436034307, -0.00605049947711
7.31, -10.7011847348, -1.01588169079, 1.28899290652, -0.00845894236222
7.32, -10.6881927765, -1.01593174607, 1.31385102459, -0.00195162685274
7.33, -10.6749513837, -1.0158979959, 1.33906841719, 0.00526426699276
7.34, -10.6614560285, -1.01585309978, 1.36442149783, 0.000822053969065
7.35, -10.6477074486, -1.01589058717, 1.38996620035, -0.0080935288331
7.36, -10.6337014599, -1.01596772535, 1.41567445413, -0.00661281121134
7.37, -10.6194392299, -1.0159747206, 1.44120944475, 0.00292617953899
7.38, -10.6049205905, -1.01591798065, 1.46715283733, 0.00460488748415
7.39, -10.5901406925, -1.01591165791, 1.49323251654, -0.00459738308458
7.4, -10.5751004469, -1.01598772135, 1.51934547811, -0.00945903585074
7.41, -10.5597985486, -1.01604064906, 1.54568932911, -0.00175309194214
7.42, -10.5442286016, -1.01600207685, 1.57279336296, 0.00576245328382
7.43, -10.5283874751, -1.01595666496, 1.59981763346, 0.000405788404033
7.44, -10.5122764877, -1.01600261074, 1.62688129323, -0.00911245929808
7.45, -10.4958918537, -1.01608679981, 1.65459663847, -0.00690329573865
7.46, -10.4792294121, -1.01609120317, 1.68226792272, 0.00350588890955
7.47, -10.4622905481, -1.01602986758, 1.7099847792, 0.0047512013688
7.48, -10.4450747346, -1.01602809263, 1.73774847921, -0.00548968871729
7.49, -10.4275784741, -1.01610034091, 1.76575010977, -0.00904110046084
7.5, -10.4098026181, -1.01616220792, 1.79379856114, -0.00340417353358
7.51, -10.3917465245, -1.01613936604, 1.82202543542, 0.0046943070348
7.52, -10.3734058719, -1.01609278759, 1.85045496036, 0.0014389580045
7.53, -10.3547813687, -1.01612529661, 1.87890800943, -0.00798119676591
7.54, -10.3358717284, -1.01620922541, 1.90749995893, -0.00788232645095
7.55, -10.3166725966, -1.01623032007, 1.93699801152, 0.00170799592955
7.56, -10.2971764528, -1.01617825857, 1.96644267814, 0.00478616790234
7.57, -10.2773832048, -1.0161661931, 1.99645741552, -0.00400360481835
7.58, -10.2572886125, -1.01624257711, 2.02709486586, -0.0101481042135
7.59, -10.2368849727, -1.01630845966, 2.05792089248, -0.00330189571026
7.6, -10.2161736896, -1.01628110868, 2.08873462135, 0.00521741779603
7.61, -10.1951527188, -1.01623339703, 2.11980544709, 0.00108560646117
7.62, -10.1738196543, -1.01627425909, 2.15128180378, -0.00904294747488
7.63, -10.152170606, -1.01636621117, 2.18292355445, -0.00829865883439
7.64, -10.1302052911, -1.01638577357, 2.21441387525, 0.00221405678272
7.65, -10.1079244214, -1.0163291679, 2.24623399036, 0.00498036964428
7.66, -10.0853246273, -1.01632099933, 2.27798902371, -0.00484437069742
7.67, -10.0624086696, -1.01639667654, 2.30945074457, -0.00868959466393
7.68, -10.0391781524, -1.01646622133, 2.34113700945, -0.00463580360953
7.69, -10.0156302308, -1.01645544982, 2.37271896963, 0.00374008450862
7.7, -9.99176796525, -1.01641212339, 2.40412865965, 0.0016050121747
7.71, -9.96759091636, -1.01644109453, 2.43554599934, -0.00772389522137
7.72, -9.94309833952, -1.01652824108, 2.46738922404, -0.00874750992682
7.73, -9.91828633328, -1.01656189115, 2.49937526543, 0.000358650610689
7.74, -9.89315552969, -1.01651866459, 2.53105218808, 0.00443061674473
7.75, -9.86770800173, -1.01650448429, 2.5629553589, -0.00352192159892
7.76, -9.84194017627, -1.01657897815, 2.59487333436, -0.0104162611752
7.77, -9.81585347238, -1.0166543066, 2.62683078678, -0.00467740424168
7.78, -9.78944772215, -1.01664000932, 2.65857541256, 0.00423074452016
7.79, -9.76272424633, -1.01659501812, 2.69058643279, 0.00135904638084
7.8, -9.73568083826, -1.01663148736, 2.72229497149, -0.00875153390184
7.81, -9.70832143521, -1.01672721885, 2.75384148248, -0.0092737382781
7.82, -9.68064634383, -1.01676038728, 2.78564122511, 0.000801510136272
7.83, -9.65265280715, -1.01671250065, 2.81732757548, 0.00469272521624
7.84, -9.62434416528, -1.016701433, 2.84878513168, -0.00430185125781
7.85, -9.59571943217, -1.016775259, 2.88052051871, -0.00901329132216
7.86, -9.56677663326, -1.01685508859, 2.91237893537, -0.00609317127522
7.87, -9.53751662238, -1.01685765769, 2.94389176792, 0.00277908032511
