timestamp, prius0 x posi, prius0 y posi, prius0 x vel, prius0 y vel.
0.0, 0.0, 0.0, 0.0, 0.0
0.00999999999999, -1.00000808146, 30.0224632543, 0.00657220091791, -0.120577812049
0.02, -0.999950962972, 30.0211985055, 0.00194744926658, -0.13730202083
0.03, -0.999978464631, 30.0197621066, -0.00715277288944, -0.154740762683
0.04, -1.00004564144, 30.0181448806, -0.00551320815217, -0.173565491799
0.05, -1.00004004953, 30.0163338706, 0.00430057327767, -0.193232614008
0.06, -0.999969446396, 30.0143245423, 0.00594928278205, -0.213281240087
0.07, -0.999951105685, 30.0121084871, -0.00350799297611, -0.234659956094
0.08, -1.00001672194, 30.0096748388, -0.00838508575934, -0.256640299536
0.09, -1.00005746349, 30.007018732, -0.000399530337963, -0.279091537842
0.1, -1.00000432222, 30.0041361181, 0.00725896008939, -0.301934980443
0.11, -0.999944759324, 30.0010208819, 0.00172180426182, -0.325830660525
0.12, -0.99997874337, 29.9976625929, -0.00797416677417, -0.350340329246
0.13, -1.00003641899, 29.9940566962, -0.00585978848124, -0.375278014946
0.14, -1.00004288065, 29.9901997944, 0.00275149219146, -0.40053181075
0.15, -0.999981619375, 29.9860895546, 0.00583281071582, -0.426003704432
0.16, -0.99995368245, 29.9817227498, -0.00192729661918, -0.45181855728
0.17, -1.00000620334, 29.9770918156, -0.00771834288679, -0.478866293569
0.18, -1.00005215432, 29.9721898515, -0.00177050305071, -0.506020575275
0.19, -1.00001385807, 29.9670130528, 0.00614126100731, -0.533712691192
0.2, -0.999953758097, 29.9615588222, 0.00275492530057, -0.561561212638
0.21, -0.999972323327, 29.9558200004, -0.00648323974828, -0.590642996545
0.22, -1.00003981717, 29.949788723, -0.00614905464615, -0.619980391842
0.23, -1.00004362287, 29.943463091, 0.00337942402017, -0.649510110584
0.24, -0.999975989433, 29.9368373397, 0.00626291729223, -0.68009961148
0.25, -0.999949132293, 29.9299031581, -0.00247438338314, -0.71104726526
0.26, -1.0000089117, 29.9226588672, -0.00838340244028, -0.742127205181
0.27, -1.00005652018, 29.9151022435, -0.00146963858186, -0.773445608291
0.28, -1.00001164762, 29.9072279198, 0.00688676388198, -0.805765471339
0.29, -0.999947880964, 29.8990291471, 0.00267482216918, -0.838270143503
0.3, -0.999972043251, 29.8905046817, -0.00728438502641, -0.870895782337
0.31, -1.0000451372, 29.8816500377, -0.00633243829892, -0.904428939522
0.32, -1.00004512968, 29.8724574738, 0.0041130366939, -0.93829065061
0.33, -0.999970706261, 29.8629254624, 0.00667601014603, -0.972286801183
0.34, -0.999945564381, 29.8530530592, -0.00309868247323, -1.00636517874
0.35, -0.999999340501, 29.8428373607, -0.00779417852774, -1.04116582376
0.36, -1.00005450369, 29.8322712188, -0.00298505892914, -1.07626032969
0.37, -1.00002352422, 29.8213539604, 0.00604526183323, -1.1113917102
0.38, -0.999955941821, 29.8100851491, 0.0039846374023, -1.14657154536
0.39, -0.99996418346, 29.7984642958, -0.00594323907026, -1.18179604734
0.4, -1.0000354825, 29.7864910331, -0.0072006063247, -1.21704853156
0.41, -1.00005082369, 29.7741609236, 0.00249768141005, -1.25323280306
0.42, -0.999982999287, 29.761467508, 0.00703470548171, -1.28958694067
0.43, -0.99994435875, 29.7484100314, -0.00132608776413, -1.326010816
0.44, -0.999995472918, 29.7349882433, -0.00391962232944, -1.36247151014
0.45, -1.00004536747, 29.7212001604, -0.00368435696436, -1.39951191661
0.46, -1.00002792319, 29.7070391745, 0.00456030483198, -1.43682156371
0.47, -0.999967078612, 29.6925049535, 0.0042149289421, -1.47414472091
0.48, -0.999963651721, 29.6775947833, -0.00434356211837, -1.51218725545
0.49, -1.0000241253, 29.66230218, -0.00689715724049, -1.5504383922
0.5, -1.00004771811, 29.6466273612, 0.000961864748086, -1.58863247162
0.51, -0.999993735447, 29.6305700357, 0.00621378226469, -1.62688116003
0.52, -0.999951187517, 29.6141304208, -2.41767787128e-05, -1.66509167143
0.53, -0.999991666572, 29.5973067509, -0.00750198384165, -1.70391503748
0.54, -1.00004859787, 29.5800929962, -0.00366423552167, -1.74291840769
0.55, -1.00002647274, 29.5624887781, 0.00524483687098, -1.78194904176
0.56, -0.999960850113, 29.5444954035, 0.00435222889061, -1.8208178126
0.57, -0.999961152893, 29.5261136308, -0.00504329869675, -1.8596280611
0.58, -1.0000281069, 29.5073411128, -0.00730663595127, -1.89912641861
0.59, -1.00005040198, 29.4881714676, 0.00150419203321, -1.93883550585
0.6, -0.99998961043, 29.4686053838, 0.00679584104545, -1.97843585467
0.61, -0.99994625374, 29.4486430654, -0.000403132760917, -2.01803658407
0.62, -0.999993673566, 29.4282833509, -0.00825894448242, -2.05816060531
0.63, -1.00005401513, 29.4075217238, -0.00354480225588, -2.09827486514
0.64, -1.00002593891, 29.3863581598, 0.00605715849025, -2.13848675323
0.65, -0.999954859144, 29.3647899888, 0.00449639535838, -2.17936427835
0.66, -0.99995947736, 29.342810963, -0.0058354723786, -2.22043565081
0.67, -1.00003348494, 29.3204216654, -0.00772117010807, -2.26140118948
0.68, -1.00005376773, 29.2976194187, 0.00216160327788, -2.3031134443
0.69, -0.999985246098, 29.2744002105, 0.00742032390583, -2.34473955
0.7, -0.999941433981, 29.2507653935, -0.000866990462785, -2.38623754866
0.71, -0.999985798926, 29.226716296, -0.00667206271972, -2.42759445
0.72, -1.00004931202, 29.202251374, -0.00483919597571, -2.4695667581
0.73, -1.00003628156, 29.1773653521, 0.00485286818271, -2.5116331326
0.74, -0.999965647325, 29.1520594185, 0.00546205760691, -2.55355539916
0.75, -0.999954575479, 29.1263319928, -0.00423552245316, -2.59609524932
0.76, -1.00002246012, 29.1001775956, -0.00813764347964, -2.63874373808
0.77, -1.00005636753, 29.0735972395, 0.000421546156823, -2.68126056004
0.78, -0.999998456043, 29.0465923957, 0.00726903569174, -2.72363500656
0.79, -0.999944250918, 29.0191624291, 0.000864270605904, -2.76651556824
0.8, -0.999984902882, 28.9913022994, -0.00829384178471, -2.80947790558
0.81, -1.00003907998, 28.9630133156, -0.00511186035681, -2.85227599654
0.82, -1.00003791977, 28.934297496, 0.00326485547502, -2.89486644249
0.83, -0.99997767338, 28.9051566403, 0.00521709416109, -2.9372913076
0.84, -0.999957895658, 28.8755897102, -0.00267776497215, -2.98026804353
0.85, -1.00001213128, 28.8455905147, -0.00736624560539, -3.02346928794
0.86, -1.00005046871, 28.8151611293, -0.000919615524688, -3.0663750444
0.87, -1.0000079939, 28.7843036396, 0.00603724567008, -3.10909956678
0.88, -0.999954392943, 28.7530167701, 0.00182181434734, -3.15241852628
0.89, -0.99997950097, 28.7212954133, -0.0067143219761, -3.19580855888
0.9, -1.00004261609, 28.6891407466, -0.00529720997475, -3.23905049712
0.91, -1.00003834584, 28.6565544882, 0.00388018243744, -3.28212006944
0.92, -0.999972553723, 28.6235352717, 0.00553226081781, -3.32579615815
0.93, -0.999954798382, 28.5900780309, -0.003274884374, -3.36953848202
0.94, -1.00001598786, 28.5561851999, -0.00793485485088, -3.41297874631
0.95, -1.00005489244, 28.5218544041, -0.000528676567942, -3.45717159106
0.96, -1.00000580353, 28.4870818097, 0.0067154337511, -3.50125477486
0.97, -0.999949662491, 28.451869195, 0.00162978015132, -3.54516529415
0.98, -0.999980874705, 28.4162191146, -0.00749939556816, -3.58879819359
0.99, -1.00004893184, 28.3801307887, -0.00539453325535, -3.63297921905
1.0, -1.00004037202, 28.3436006659, 0.0046176438576, -3.67691927631
1.01, -0.999968309221, 28.3066359605, 0.00586585975293, -3.71981094695
1.02, -0.999952922926, 28.2692484297, -0.00392826422575, -3.76151714159
1.03, -1.00002147257, 28.2314498358, -0.00851377897802, -3.80205362571
1.04, -1.00006064217, 28.1932517895, -7.54820152399e-05, -3.8414424172
1.05, -1.00000432274, 28.1546655517, 0.00744474318839, -3.87972935412
1.06, -0.999945680029, 28.1157018948, 0.00139470243153, -3.91695821197
1.07, -0.999978783735, 28.0763712283, -0.00347312954374, -3.95318447205
1.08, -1.00004348825, 28.0366839719, -0.00635825635444, -3.98832077405
1.09, -1.00004992502, 27.9966500893, 0.00315131585045, -4.02249825489
1.1, -0.99998260565, 27.9562793438, 0.00640432817653, -4.05572523487
1.11, -0.999953201961, 27.9155810485, -0.00221040851112, -4.0880343897
1.12, -1.00001196962, 27.8745642927, -0.00845674579977, -4.11943951751
1.13, -1.00006200619, 27.8332380721, -0.00178701519545, -4.14995323502
1.14, -1.00001929823, 27.7916111475, 0.00681755506426, -4.1796103931
1.15, -0.999954198772, 27.749691869, 0.00293359387078, -4.2084497071
1.16, -0.99997617025, 27.707488295, -0.00717197661851, -4.23648964051
1.17, -1.00003590593, 27.6650084041, -0.00688490091122, -4.26373625245
1.18, -1.00005596803, 27.6222600116, 0.00151527408931, -4.29021185681
1.19, -0.999997838552, 27.5792506815, 0.00638989844238, -4.31594958833
1.2, -0.999957804777, 27.535987621, -0.000554253566447, -4.34097869754
1.21, -1.00000380476, 27.4924778422, -0.00789523883282, -4.36530982546
1.22, -1.00006057858, 27.4487283071, -0.00329923486069, -4.38894894178
1.23, -1.00003340438, 27.4047458344, 0.00571766626847, -4.41192127813
1.24, -0.99996694332, 27.3605369064, 0.00408432344043, -4.4342609014
1.25, -0.999972883076, 27.3161077412, -0.00567883822941, -4.45598430234
1.26, -1.00004342964, 27.271464482, -0.00731455060396, -4.47709381837
1.27, -1.00006208421, 27.2266132397, 0.00207635516831, -4.4976009319
1.28, -0.999997380069, 27.1815598812, 0.00691423936165, -4.51753811527
1.29, -0.999957449838, 27.1363099572, -0.00102491679461, -4.53692976985
1.3, -1.00000616559, 27.0908688456, -0.00387429367594, -4.55581317509
1.31, -1.00005788551, 27.0452420788, -0.00403728734336, -4.57409231308
1.32, -1.00004444903, 26.9994348226, 0.0042425865388, -4.59188720435
1.33, -0.999984460872, 26.9534521542, 0.00435162492559, -4.60919175635
1.34, -0.999978588363, 26.9072988782, -0.00408135557115, -4.62602095167
1.35, -1.00003865002, 26.8609797338, -0.00705691740326, -4.64237570613
1.36, -1.00006597966, 26.8144994592, 0.000522277063984, -4.65826200023
1.37, -1.00001514173, 26.7678626233, 0.00610413964305, -4.67370504711
1.38, -0.99997134533, 26.7210735267, 0.000261329492385, -4.68872684193
1.39, -1.00000973144, 26.6741363401, -0.00742375463293, -4.7033317162
1.4, -1.00006881503, 26.6270552506, -0.0040638396802, -4.71751789542
1.41, -1.00005120552, 26.5798343949, 0.00488888305438, -4.7313006491
1.42, -0.999986626695, 26.5324776652, 0.00449401402017, -4.74470633161
1.43, -0.999984438117, 26.4849887523, -0.00478291534583, -4.75774602852
1.44, -1.00005131502, 26.4373713233, -0.00752017093732, -4.77041641654
1.45, -1.00007800499, 26.3896290831, 0.00100589244038, -4.78272060994
1.46, -1.00002073645, 26.3417655837, 0.00667469312177, -4.79468254457
1.47, -0.999976057696, 26.2937841283, -9.57719017333e-05, -4.80632144243
1.48, -1.00002126176, 26.245687924, -0.00817559760474, -4.81763776799
1.49, -1.0000840287, 26.1974802349, -0.00399443712782, -4.82862618127
1.5, -1.00006112261, 26.149164299, 0.00564230269441, -4.83930065822
1.51, -0.999991340823, 26.1007431179, 0.00465047531895, -4.84968619448
1.52, -0.999993056645, 26.0522195166, -0.00551739187738, -4.85979052317
1.53, -1.00005345334, 26.0035963483, -0.00674128750914, -4.86960524144
1.54, -1.0000851961, 25.9548764881, -0.000281490818994, -4.87913726584
1.55, -1.00004135707, 25.9060627019, 0.00571898624118, -4.88840227797
1.56, -0.999995267972, 25.8571575515, 0.00094795100787, -4.89741811878
1.57, -1.00002587928, 25.8081635031, -0.00680552056042, -4.90618589304
1.58, -1.00008481162, 25.7590830742, -0.00456388897975, -4.91469950602
1.59, -1.0000752452, 25.709918789, 0.00408062828548, -4.92296764941
1.6, -1.00001369003, 25.6606729898, 0.00472103681879, -4.9310116537
1.61, -1.00000445529, 25.6113478535, -0.00388537797045, -4.9388397506
1.62, -1.00006594855, 25.5619455598, -0.0074502075849, -4.94644573857
1.63, -1.0000980494, 25.5124683646, 0.000119064943402, -4.95382755084
1.64, -1.00004812489, 25.4629184325, 0.00630487364503, -4.96100330563
1.65, -1.00000043868, 25.4132977221, 0.000687397035632, -4.96798925519
1.66, -1.00003716626, 25.3636081194, -0.00753225290188, -4.97478374798
1.67, -1.00010016711, 25.3138515908, -0.00457530400862, -4.98137808475
1.68, -1.00008602, 25.2640301254, 0.00479208650215, -4.98778050602
1.69, -1.00001899693, 25.214145529, 0.00495470324453, -4.99401201963
1.7, -1.0000127644, 25.1641994545, -0.00454792910106, -5.00007896562
1.71, -1.00008099743, 25.1141935842, -0.0079245523319, -5.00597204659
1.72, -1.00011244236, 25.0641297011, 0.000622659447344, -5.01168799856
1.73, -1.0000555261, 25.0140094978, 0.00695142386508, -5.01724523669
1.74, -1.00000622924, 24.9638344621, 0.000385065950421, -5.02265890626
1.75, -1.00004488579, 24.9136059974, -0.00357876826584, -5.02795662459
1.76, -1.00010376642, 24.8633257571, -0.00541889388769, -5.03303289211
1.77, -1.00010366395, 24.812995173, 0.00336541904859, -5.03799132746
1.78, -1.00004176643, 24.7626157046, 0.00539274135236, -5.04281688596
1.79, -1.00002244365, 24.7121886181, -0.00289578311193, -5.04751741666
1.8, -1.0000806449, 24.6617151906, -0.00777911964528, -5.05208494058
1.81, -1.00012174551, 24.6111968065, -0.000982065977361, -5.05651297831
1.82, -1.00007810002, 24.5606348083, 0.00628071773025, -5.06081563241
1.83, -1.00002327352, 24.5100303519, 0.00181267277032, -5.06500876445
1.84, -1.0000511214, 24.4593845227, -0.00711852827212, -5.06909011481
1.85, -1.00011835121, 24.4086984997, -0.0055755300132, -5.07304822352
1.86, -1.00011464981, 24.3579735292, 0.00403930635464, -5.07688653711
1.87, -1.00004682046, 24.3072107082, 0.00572353306976, -5.08062454813
1.88, -1.00002964716, 24.256410984, -0.00351510530292, -5.08426851222
1.89, -1.00009499832, 24.2055753346, -0.00835856466619, -5.08780827972
1.9, -1.00013662532, 24.1547048657, -0.00057377827511, -5.09123602097
1.91, -1.00008610872, 24.1038006382, 0.0069877200383, -5.0945673848
1.92, -1.00002861053, 24.0528635213, 0.00161951561736, -5.09781731986
1.93, -1.00006270864, 24.0018943262, -0.007918659672, -5.10098176309
1.94, -1.00012067168, 23.9508939967, -0.00591406245581, -5.10404738883
1.95, -1.00012874463, 23.8998634892, 0.00253742139829, -5.10701993914
1.96, -1.0000698969, 23.8488036775, 0.00563181527586, -5.1099138843
1.97, -1.00004324066, 23.7977152872, -0.00196695709398, -5.1127369904
1.98, -1.00009585035, 23.7465990527, -0.00770762329396, -5.11548091161
1.99, -1.0001425456, 23.6954558282, -0.00190393765022, -5.1181371009
2.0, -1.00010651602, 23.6442864624, 0.00589455029285, -5.12071577949
2.01, -1.00004859454, 23.5930916358, 0.00262009782153, -5.12323246945
2.02, -1.00006766895, 23.5418719558, -0.00645319856389, -5.12568524008
2.03, -1.00013513665, 23.490628124, -0.00617795236061, -5.1280616353
2.04, -1.00014050838, 23.439360935, 0.00315660413201, -5.13036176084
2.05, -1.0000755561, 23.3880710662, 0.00603505430816, -5.13260295207
2.06, -1.00005014205, 23.3367590467, -0.00250835609897, -5.1347923598
2.07, -1.0001098, 23.2854254304, -0.0083366473541, -5.13691981156
2.08, -1.00015792163, 23.2340709088, -0.00159037970338, -5.13897525879
2.09, -1.00011542039, 23.1826961646, 0.00662092456642, -5.14097056236
2.1, -1.00005403127, 23.1313017021, 0.00253210781523, -5.14292150519
2.11, -1.00007867643, 23.0798879608, -0.00723821303318, -5.14482443318
2.12, -1.00013747317, 23.0284555095, -0.00661992179313, -5.14666527403
2.13, -1.00015551276, 22.9770049548, 0.00160311491956, -5.1484462533
2.14, -1.00009925992, 22.9255368506, 0.00602851589458, -5.15018020956
2.15, -1.00006338749, 22.8740515993, -0.00088440309589, -5.15187639046
2.16, -1.00011029079, 22.8225496025, -0.00775072712782, -5.15352682158
2.17, -1.00016449378, 22.7710313908, -0.00302359669848, -5.15511984455
2.18, -1.00013685522, 22.7194975228, 0.0055573195153, -5.15666348651
2.19, -1.00007413219, 22.667948401, 0.00364785642348, -5.1581736136
2.2, -1.00008302792, 22.6163843429, -0.00575972442628, -5.15964916048
2.21, -1.00015193744, 22.5648057546, -0.00699048027327, -5.16107728575
2.22, -1.0001681573, 22.5132131604, 0.00217843404693, -5.16245412136
2.23, -1.00010539469, 22.461606995, 0.00653130581967, -5.1637964581
2.24, -1.0000696578, 22.4099875387, -0.00134170701119, -5.16511255066
2.25, -1.00012360878, 22.3583550825, -0.00845253979138, -5.16639317294
2.26, -1.00018034273, 22.3067100635, -0.00282029476974, -5.16762544221
2.27, -1.00014659854, 22.2550529444, 0.00632039425731, -5.16881873203
2.28, -1.00007941081, 22.2033850143, 0.0036820838844, -5.16973647273
2.29, -1.00009317139, 22.1517107212, -0.00654084246897, -5.17004477199
2.3, -1.00015402968, 22.1000359196, -0.00687162401723, -5.169910723
2.31, -1.00017951696, 22.0483643093, 0.000700233261722, -5.16942205423
2.32, -1.00012830028, 21.996699485, 0.00602723310604, -5.16858308604
2.33, -1.00008639653, 21.9450448685, 4.94042127399e-05, -5.16728549935
2.34, -1.00012607047, 21.8934060521, -0.00742852383571, -5.16552632966
2.35, -1.00018394636, 21.8417863761, -0.00385985010962, -5.16346460953
2.36, -1.0001648685, 21.7901897517, 0.00495639831859, -5.16086936008
2.37, -1.00010123808, 21.7386214451, 0.00430518587046, -5.15789584177
2.38, -1.00010108167, 21.6870836334, -0.00491908819528, -5.15473993144
2.39, -1.00016785133, 21.6355804667, -0.00737111606653, -5.15097390126
2.4, -1.0001925572, 21.5841167097, 0.00120187639666, -5.14690896534
2.41, -1.00013482511, 21.5326957807, 0.00659610372525, -5.1423656878
2.42, -1.00009210946, 21.4813220006, -0.000314812097303, -5.13754329211
2.43, -1.00013853879, 21.4299975425, -0.00815888556069, -5.13250886907
2.44, -1.00019976972, 21.3787249869, -0.00375361396531, -5.12707761447
2.45, -1.00017515269, 21.3275090244, 0.00571927567841, -5.12129961109
2.46, -1.00010641346, 21.2763524527, 0.00444275327596, -5.1151318038
2.47, -1.00011029163, 21.2252591093, -0.00565662486843, -5.10871974662
2.48, -1.00016944421, 21.1742307462, -0.00734141082057, -5.10213919022
2.49, -1.00020426471, 21.1232693079, -0.000329821438873, -5.09535994808
2.5, -1.00015789083, 21.0723771815, 0.00616584909497, -5.08821019461
2.51, -1.00010810041, 21.0215582423, 0.00115490745522, -5.08081181207
2.52, -1.00014013594, 20.9708136654, -0.00718471302206, -5.0733170723
2.53, -1.0002034098, 20.9201457407, -0.00489234211853, -5.06542933362
2.54, -1.00019390386, 20.8695582498, 0.00436919949207, -5.0573116567
2.55, -1.00012797214, 20.8190526376, 0.00516835711557, -5.04907053725
2.56, -1.00011720476, 20.7686299436, -0.00401221069504, -5.04072925673
2.57, -1.00018263835, 20.7182919279, -0.00793108497295, -5.03205861147
2.58, -1.00021762884, 20.6680419342, 0.000101331386074, -5.0231926524
2.59, -1.00016465875, 20.6178811033, 0.00680697593093, -5.01423358036
2.6, -1.00011298725, 20.5678118109, 0.000893011919986, -5.00487653216
2.61, -1.00015144772, 20.51783665, -0.00795427843041, -4.99542640955
2.62, -1.00020503823, 20.4679564017, -0.00516472721192, -4.98589750366
2.63, -1.00020686978, 20.4181734413, 0.0028794370693, -4.97596030815
2.64, -1.00015025187, 20.3684903603, 0.00501426087773, -4.96594705765
2.65, -1.00013058925, 20.3189076746, -0.00250063410235, -4.95588210075
2.66, -1.00018318727, 20.2694262011, -0.00723286560386, -4.94572384788
2.67, -1.00022264329, 20.2200476488, -0.00117485548279, -4.93524594647
2.68, -1.00018406142, 20.1707746877, 0.00568306446406, -4.92465851451
2.69, -1.00013254111, 20.1216074793, 0.00183245758782, -4.91407786845
2.7, -1.00015622172, 20.0725474983, -0.00647365499041, -4.9031719292
2.71, -1.00021855273, 20.0235975306, -0.00534995107916, -4.89213710432
2.72, -1.00021732625, 19.9747581409, 0.00348741428453, -4.88106085539
2.73, -1.00015520203, 19.9260299284, 0.00533642596995, -4.86992681331
2.74, -1.00013730524, 19.8774129416, -0.00305367903822, -4.85879901304
2.75, -1.00019647587, 19.8289087079, -0.00777897647396, -4.84734577819
2.76, -1.00023659898, 19.7805194454, -0.000813633336895, -4.8358338312
2.77, -1.00019167256, 19.7322467604, 0.00635407063123, -4.82400660867
2.78, -1.00013740122, 19.6840928169, 0.00168510354723, -4.81212855622
2.79, -1.00016672256, 19.6360576569, -0.00721574826788, -4.80024688119
2.8, -1.0002338347, 19.5881423836, -0.00545495247665, -4.78809505176
2.81, -1.00022852588, 19.5403495074, 0.00420432351851, -4.77584004926
2.82, -1.00016018022, 19.4926787048, 0.00568393536473, -4.76367637883
2.83, -1.00014434147, 19.445128303, -0.00366489799058, -4.75181797793
2.84, -1.00020033658, 19.3976940197, -0.00608482491419, -4.74046711266
2.85, -1.00024093447, 19.3503707384, -0.00180390114601, -4.72958708236
2.86, -1.00020958554, 19.3031539403, 0.00511808408215, -4.71915513702
2.87, -1.00015801967, 19.2560389199, 0.00232867097553, -4.70931295572
2.88, -1.00017394724, 19.2090185394, -0.00569537063039, -4.70012664293
2.89, -1.00023338053, 19.162087506, -0.00556179199202, -4.6914175162
2.9, -1.0002387553, 19.1152391187, 0.00265318752442, -4.68363762134
2.91, -1.00018152562, 19.0684654825, 0.00529591893048, -4.67641193454
2.92, -1.00015823035, 19.0217615356, -0.00218460428373, -4.66968360405
2.93, -1.00021021744, 18.9751223674, -0.0074103570237, -4.6634339927
2.94, -1.00025304277, 18.9285417433, -0.00154411889955, -4.65803630479
2.95, -1.00021607529, 18.8820118753, 0.00574558887994, -4.65317032864
2.96, -1.00016155311, 18.8355288886, 0.00223794195382, -4.64863837465
2.97, -1.00018241102, 18.7890890093, -0.00638683561982, -4.64459897251
2.98, -1.00024666953, 18.7426876833, -0.00572706272093, -4.64084004891
2.99, -1.00024885927, 18.6963231338, 0.00327529365654, -4.6372414926
3.0, -1.00018580451, 18.649996438, 0.00565420923163, -4.63319252843
3.01, -1.00016394834, 18.6037112805, -0.00271917214562, -4.62885967348
3.02, -1.00022253231, 18.5574715797, -0.00797764435981, -4.62426987599
3.03, -1.0002663147, 18.5112783818, -0.00121401968585, -4.61951595906
3.04, -1.00022307806, 18.465135155, 0.00642979857281, -4.61425878095
3.05, -1.000165451, 18.4190459141, 0.0021322146334, -4.60876738997
3.06, -1.00019170343, 18.3730132287, -0.00712889441897, -4.60287490287
3.07, -1.00026100126, 18.3270414215, -0.00586848641559, -4.59667895988
3.08, -1.0002593589, 18.2811323704, 0.00398922404097, -4.59032191727
3.09, -1.00018984603, 18.2352880061, 0.00604198106907, -4.58370479082
3.1, -1.00016973409, 18.1895106391, -0.00331571936103, -4.57699549485
3.11, -1.00022243884, 18.1438020733, -0.00739501724663, -4.56989066529
3.12, -1.00027338557, 18.0981661252, -0.00266090209642, -4.56247665651
3.13, -1.0002435085, 18.0526078668, 0.00561964894063, -4.55426153522
3.14, -1.00018229786, 18.0071380655, 0.00338735691684, -4.54487311221
3.15, -1.00019326061, 17.9617645521, -0.00583041971838, -4.5350540883
3.16, -1.00026065877, 17.9164916053, -0.00667167547159, -4.52474954894
3.17, -1.00027364945, 17.8713249409, 0.00242928877296, -4.5138637236
3.18, -1.00021075754, 17.8262712511, 0.00636199359622, -4.50199948878
3.19, -1.00017772296, 17.7813387421, -0.00158807485388, -4.48973304007
3.2, -1.0002321886, 17.7365325984, -0.00829550819042, -4.47679171283
3.21, -1.00028583088, 17.6918616248, -0.00245086894408, -4.46268229345
3.22, -1.0002500164, 17.647334246, 0.00635182855824, -4.44813705994
3.23, -1.00018481136, 17.602954378, 0.00337697189035, -4.43320572383
3.24, -1.00020089311, 17.5587261178, -0.00660845818622, -4.41785967173
3.25, -1.00026020425, 17.5146558682, -0.00652164774515, -4.40154387815
3.26, -1.00028205071, 17.4707506923, 0.000990032161784, -4.38490480145
3.27, -1.00023068379, 17.4270132527, 0.00583088981136, -4.36800870081
3.28, -1.00019199728, 17.3834500567, -0.00025012324419, -4.34984408306
3.29, -1.0002324296, 17.3400722022, -0.00726039412599, -4.33119694824
3.3, -1.0002867869, 17.2968815904, -0.00343073816878, -4.3124285008
3.31, -1.00026527547, 17.2538823364, 0.00499480103115, -4.29289165783
3.32, -1.00020395675, 17.2110781162, 0.00394623194244, -4.27354264669
3.33, -1.00020657043, 17.1684656555, -0.00501030026003, -4.25452868294
3.34, -1.00027141512, 17.1260436125, -0.00696802185359, -4.23541421222
3.35, -1.00029214597, 17.0838119737, 0.00149817072571, -4.21646488475
3.36, -1.00023452826, 17.0417688629, 0.00635320016311, -4.19770719343
3.37, -1.00019539277, 16.9999123209, -0.000631338752754, -4.17914512795
3.38, -1.00024241683, 16.9582415795, -0.00795712946583, -4.16049449559
3.39, -1.00029973757, 16.9167563701, -0.00329805999663, -4.1420184736
3.4, -1.00027267156, 16.8754565845, 0.00573507516104, -4.1235492086
3.41, -1.00020651279, 16.8343412748, 0.00405850552052, -4.10503537726
3.42, -1.00021316748, 16.7934106032, -0.00573117665636, -4.08665564109
3.43, -1.00027023165, 16.7526627995, -0.00691156795923, -4.0684503027
3.44, -1.00030075957, 16.7120957722, -9.6959729986e-06, -4.05046424142
3.45, -1.00025444787, 16.6717090212, 0.00590795982122, -4.03235489747
3.46, -1.00020846887, 16.6315032024, 0.000810832873278, -4.01433647727
3.47, -1.00024115173, 16.5914763514, -0.0069677545588, -3.99653498277
3.48, -1.00030018517, 16.5516283557, -0.00439990256113, -3.97842627842
3.49, -1.00028801218, 16.5119618618, 0.00438303152975, -3.96045788015
3.5, -1.00022493686, 16.4724737339, 0.00473895910649, -3.94270874953
3.51, -1.00021728543, 16.4331622313, -0.00410360643562, -3.92512582794
3.52, -1.00028029079, 16.3940264957, -0.00745666738184, -3.90747177594
3.53, -1.00031070584, 16.3550673201, 0.000423832575606, -3.88987424545
3.54, -1.00025808272, 16.3162833611, 0.00650055615217, -3.87242839745
3.55, -1.00021063133, 16.2776741768, 0.000523872595184, -3.85487176368
3.56, -1.0002496073, 16.239240627, -0.00769774538864, -3.83736729797
3.57, -1.00031246919, 16.2009811305, -0.00437176083212, -3.82003387542
3.58, -1.00029534358, 16.1628950356, 0.00511820496024, -3.80261851048
3.59, -1.00022683547, 16.1249834972, 0.00494494938572, -3.78521469306
3.6, -1.00022251865, 16.0872451901, -0.00479563356137, -3.76796570881
3.61, -1.00027933299, 16.0496784515, -0.0067388087479, -3.75087805569
3.62, -1.00031512056, 16.0122829149, -0.000867870377127, -3.73366729925
3.63, -1.0002755991, 15.9750597374, 0.00559423474504, -3.71648555595
3.64, -1.0002262973, 15.9380071193, 0.00159174689778, -3.69951975664
3.65, -1.00025080005, 15.9011241301, -0.00637212218884, -3.68248252916
3.66, -1.00031032239, 15.8644121706, -0.00498010747455, -3.6654040404
3.67, -1.00030647054, 15.8278701111, 0.00359739145187, -3.64848713121
3.68, -1.0002455651, 15.7914970344, 0.00507529180203, -3.63164223802
3.69, -1.00023004564, 15.7552923978, -0.0031768868148, -3.61471825956
3.7, -1.00028806857, 15.7192568113, -0.00747726696093, -3.59787345894
3.71, -1.00032471239, 15.6833893078, -0.000516978479868, -3.58111353683
3.72, -1.00027917152, 15.6476897617, 0.00621264970998, -3.56422831324
3.73, -1.00022763452, 15.6121590823, 0.00140129625944, -3.5474002604
3.74, -1.00025787243, 15.5767959771, -0.00709804051166, -3.5307063703
3.75, -1.00032187231, 15.5415991936, -0.00505677492686, -3.51412984512
3.76, -1.00031393166, 15.5065685951, 0.00428852135922, -3.49741555348
3.77, -1.00024723066, 15.4717052067, 0.00537588027153, -3.48075033609
3.78, -1.00023400989, 15.4370077695, -0.00378921121905, -3.4642199514
3.79, -1.00029877835, 15.4024755155, -0.00799673388365, -3.44762303291
3.8, -1.00033539977, 15.3681098867, -7.23231685897e-05, -3.43098515515
3.81, -1.00028300754, 15.3339104324, 0.00688593638549, -3.41430220775
3.82, -1.00022922335, 15.2998774365, 0.0011740511382, -3.3978407045
3.83, -1.00026567237, 15.2660090597, -0.00786371919874, -3.38128532937
3.84, -1.00032011228, 15.2323062648, -0.00533263195845, -3.36477416311
3.85, -1.00032335711, 15.1987682354, 0.00282395539321, -3.34822490456
3.86, -1.00026572896, 15.1653963829, 0.00523817031613, -3.33153258508
3.87, -1.00024359512, 15.1321914036, -0.00228930993904, -3.31500808204
3.88, -1.00029566615, 15.0991504909, -0.00731127355922, -3.29866378574
3.89, -1.00033672821, 15.066273807, -0.00133405374118, -3.28213151935
3.9, -1.00029845154, 15.0335620449, 0.00579427488843, -3.2657006882
3.91, -1.0002446245, 15.0010139377, 0.00211426606521, -3.24939826698
3.92, -1.00026648252, 14.9686289685, -0.00641150427339, -3.23299804696
3.93, -1.00032980639, 14.9364099483, -0.00553530370803, -3.21626926938
3.94, -1.0003300199, 14.9043581011, 0.00344318503715, -3.19960530975
3.95, -1.00026662386, 14.8724719653, 0.00559041418616, -3.18310536705
3.96, -1.00024608377, 14.8407505544, -0.00284361445305, -3.16656841842
3.97, -1.00030491473, 14.8091952006, -0.00788403273054, -3.14998303766
3.98, -1.00034682322, 14.7778051325, -0.000980066004179, -3.13350799628
3.99, -1.00030211665, 14.746579499, 0.00647994805744, -3.11711825509
4.0, -1.00024541055, 14.7155179612, 0.00196965720631, -3.1006215343
4.01, -1.00027296006, 14.6846213282, -0.00716601783262, -3.08418297789
4.02, -1.00034116272, 14.6538885734, -0.00564566121553, -3.06784530961
4.03, -1.00033725664, 14.6233195875, 0.00417111406507, -3.05137031761
4.04, -1.00026749133, 14.5929154553, 0.00594975200948, -3.03493754018
4.05, -1.00024898286, 14.5626749802, -0.00346184857165, -3.01863390282
4.06, -1.00030202471, 14.5325972219, -0.0072920934374, -3.00240887273
4.07, -1.00035078074, 14.5026818886, -0.00239196667006, -2.98606936119
4.08, -1.00031923848, 14.4729301366, 0.00566775949392, -2.96975701516
4.09, -1.00025913859, 14.4433408767, 0.00319579057545, -2.95356922096
4.1, -1.00027159812, 14.4139138605, -0.00587900719747, -2.93724818181
4.11, -1.00033779495, 14.3846502192, -0.00642725071761, -2.92095104219
4.12, -1.00034826994, 14.3555485795, 0.00262635000923, -2.90482531885
4.13, -1.00028516737, 14.3266085857, 0.00624428463872, -2.88856191976
4.14, -1.00025403405, 14.2978317991, -0.00176404189106, -2.87227172042
4.15, -1.00030876572, 14.2692172454, -0.00817173166247, -2.85610418951
4.16, -1.00035997061, 14.2407629149, -0.00216504256546, -2.8402809554
4.17, -1.00032243244, 14.212467575, 0.00638758780487, -2.82413629708
4.18, -1.00025849817, 14.1843347497, 0.00316387413012, -2.80791870384
4.19, -1.00027613663, 14.1563634791, -0.00665431297035, -2.79181939594
4.2, -1.00033413271, 14.1285538765, -0.00626707069916, -2.77554313736
4.21, -1.00035338617, 14.100907092, 0.00118502366406, -2.75930527928
4.22, -1.00030184732, 14.0734218398, 0.00570179293824, -2.74321587039
4.23, -1.0002651369, 14.0460971373, -0.000434696005052, -2.72721299791
4.24, -1.00030582259, 14.0189326036, -0.0071332276992, -2.71110009249
4.25, -1.00035764762, 13.9919294203, -0.00314125403921, -2.69500213546
4.26, -1.00033441087, 13.9650867027, 0.00502148855906, -2.67900790476
4.27, -1.00027447809, 13.9384043375, 0.00371705721604, -2.66287639844
4.28, -1.00027871178, 13.9118834093, -0.0050578415308, -2.64677818886
4.29, -1.0003420819, 13.8855229142, -0.00669264503902, -2.63078344943
4.3, -1.00036006145, 13.8593228752, 0.00169556327894, -2.61463214883
4.31, -1.00030241482, 13.8332842827, 0.00619713819281, -2.59854346426
4.32, -1.00026547774, 13.8074062027, -0.000829047910831, -2.58254079213
4.33, -1.00031265556, 13.7816878422, -0.00780272303651, -2.56661352456
4.34, -1.00036716289, 13.7561289862, -0.00298804987594, -2.55056071532
4.35, -1.00033840405, 13.7307308896, 0.00573806891889, -2.53452624287
4.36, -1.00027400319, 13.7054925473, 0.00379210797048, -2.51860865458
4.37, -1.00028244953, 13.6804137814, -0.0057727791907, -2.5025511461
4.38, -1.0003518568, 13.6554957893, -0.00701516590176, -2.48651055504
4.39, -1.00036761834, 13.6307377228, 0.00231117916736, -2.4705658106
4.4, -1.00030308283, 13.6061388328, 0.00673273991338, -2.45469726066
4.41, -1.0002660797, 13.5816987533, -0.0012762005344, -2.43872457555
4.42, -1.00031011978, 13.5574183987, -0.00625846429129, -2.42279690495
4.43, -1.00036725169, 13.533297268, -0.00418302315317, -2.40690840682
4.44, -1.00035266813, 13.5093351487, 0.00458474545403, -2.39091340986
4.45, -1.00028896031, 13.4855332655, 0.00467946133266, -2.37493118546
4.46, -1.00028263113, 13.4618906056, -0.00424387150526, -2.35906369516
4.47, -1.00034591087, 13.4384066021, -0.00736797158167, -2.34311010702
4.48, -1.00037435385, 13.4150830181, 0.000661621459099, -2.32708165722
4.49, -1.00032010974, 13.3919190471, 0.0065592808143, -2.31117780525
4.5, -1.00027338706, 13.3689137941, 0.000373229178625, -2.29535624765
4.51, -1.00031358129, 13.3460669142, -0.00774883093816, -2.27942098884
4.52, -1.00037553643, 13.3233801482, -0.00417957208252, -2.26330928517
4.53, -1.00035626456, 13.3008542261, 0.00529467620714, -2.24740015529
4.54, -1.00028736588, 13.2784886926, 0.00486300680694, -2.23110758575
4.55, -1.00028451948, 13.2562863002, -0.00494130990591, -2.2148447881
4.56, -1.00034157317, 13.2342459764, -0.00664306542503, -2.19868846765
4.57, -1.00037538008, 13.212368226, -0.000635049501768, -2.18231563576
4.58, -1.00033438492, 13.190653581, 0.00563307095236, -2.16607417286
4.59, -1.00028602265, 13.1691012384, 0.00142356668675, -2.14988861381
4.6, -1.00031179562, 13.1477097383, -0.00641591031962, -2.13387034953
4.61, -1.00037025743, 13.1264790116, -0.00477026972876, -2.11768206163
4.62, -1.00036421378, 13.1054104575, 0.00376463682125, -2.10150457958
4.63, -1.00030310681, 13.0845032947, 0.004973595153, -2.08541944065
4.64, -1.0002891795, 13.063756604, -0.00332598010701, -2.06930094411
4.65, -1.00034738387, 13.0431718847, -0.00736880740934, -2.05312155315
4.66, -1.00038191048, 13.0227483124, -0.000273746623327, -2.03705850047
4.67, -1.00033491332, 13.0024851063, 0.00623922913193, -2.02107052974
4.68, -1.00028448939, 12.9823828946, 0.00121657382839, -2.00472776912
4.69, -1.00031603558, 12.9624449592, -0.00713316286025, -1.98833532883
4.7, -1.00037879484, 12.9426703915, -0.0048259953852, -1.97204922445
4.71, -1.00036855647, 12.9230596951, 0.00445586437043, -1.95555020144
4.72, -1.00030182084, 12.9036136751, 0.00524714161097, -1.93914446332
4.73, -1.00029040199, 12.8843307312, -0.00394536012557, -1.92290826417
4.74, -1.00035520619, 12.8652100121, -0.00785949147199, -1.90672426093
4.75, -1.00038945583, 12.8462513435, 0.00018586661888, -1.89042082097
4.76, -1.00033566973, 12.8274560158, 0.00689242376937, -1.87413126492
4.77, -1.00028324795, 12.8088228708, 0.000966905038405, -1.85797599083
4.78, -1.00032104467, 12.7903521374, -0.0078833372153, -1.84162511131
4.79, -1.00037396281, 12.7720443266, -0.00507269663396, -1.82539545054
4.8, -1.0003747986, 12.7538972938, 0.00298357944943, -1.80954680133
4.81, -1.00031736201, 12.7359059855, 0.00508301831495, -1.79426563789
4.82, -1.00029718533, 12.7180639543, -0.00245022365388, -1.77966960554
4.83, -1.00034916775, 12.7003648872, -0.00715219562169, -1.7656337294
4.84, -1.00038764356, 12.6828034194, -0.00106430900877, -1.7521276787
4.85, -1.00034804837, 12.6653741014, 0.00577431026208, -1.73922271901
4.86, -1.00029586432, 12.6480703445, 0.00188437678098, -1.72699161676
4.87, -1.00031906018, 12.6308860662, -0.00641606203795, -1.71529008378
4.88, -1.00038058641, 12.6138150782, -0.0052490328526, -1.70434906923
4.89, -1.00037826931, 12.5968506678, 0.00359166462906, -1.69391949978
4.9, -1.00031532971, 12.5799881834, 0.00539623563032, -1.68395061212
4.91, -1.00029696632, 12.5632230502, -0.00300955353728, -1.67443227079
4.92, -1.00035549314, 12.5465505106, -0.00769490524273, -1.66545355655
4.93, -1.0003945805, 12.5299652619, -0.000705681925894, -1.65693254087
4.94, -1.0003487102, 12.5134630994, 0.00642607752247, -1.64882806817
4.95, -1.00029392144, 12.4970387332, 0.00172177222895, -1.64142179343
4.96, -1.0003227445, 12.4806854751, -0.00715260491728, -1.63452566476
4.97, -1.00038892495, 12.4643983073, -0.00534639958357, -1.62821032171
4.98, -1.00038250697, 12.4481719228, 0.00430048940294, -1.62240377282
4.99, -1.00031344225, 12.4320003025, 0.00572884780322, -1.61716852619
5.0, -1.0002972061, 12.4158788844, -0.00362663842528, -1.61234772852
5.01, -1.0003626987, 12.3998026376, -0.00824938268407, -1.60813962143
5.02, -1.00040199659, 12.3837656728, -0.000271993976227, -1.60450782892
5.03, -1.00034909745, 12.3677625397, 0.00713331584247, -1.60131355183
5.04, -1.00029170551, 12.3517895239, 0.00151313544468, -1.59847820001
5.05, -1.00032214775, 12.3358412662, -0.00326909256143, -1.59646793907
5.06, -1.00038513477, 12.3199103717, -0.00629448101344, -1.59489359947
5.07, -1.00039321528, 12.3039930902, 0.00288448984374, -1.59369905762
5.08, -1.00032848369, 12.2880854435, 0.00627289138735, -1.59313626109
5.09, -1.00029841422, 12.2721798725, -0.00195692287236, -1.59303660751
5.1, -1.00035442029, 12.2562721225, -0.00820986620414, -1.59357686707
5.11, -1.00040427709, 12.2403577881, -0.0019337588156, -1.59437873587
5.12, -1.00036437397, 12.2244323253, 0.00654559309748, -1.59580868558
5.13, -1.00030042905, 12.2084907896, 0.00302158822059, -1.59756505779
5.14, -1.00031992202, 12.1925303888, -0.0068319010177, -1.59958376596
5.15, -1.00037779035, 12.1765476527, -0.00613838485152, -1.60209061228
5.16, -1.00039487029, 12.1605373007, 0.00139702746943, -1.6050074878
5.17, -1.00034228736, 12.1444963287, 0.00566767864934, -1.6081998772
5.18, -1.00030698365, 12.1284219697, -0.000637036234641, -1.61166648985
5.19, -1.00034875369, 12.1123104272, -0.00714282911062, -1.61565805267
5.2, -1.00039907513, 12.0961576603, -0.00291697783453, -1.6198830518
5.21, -1.00037380205, 12.0799615558, 0.00512747985443, -1.62432263027
5.22, -1.00031430338, 12.0637189406, 0.00354284393903, -1.62923384571
5.23, -1.00032036302, 12.0474256367, -0.00520817424462, -1.63440335237
5.24, -1.00038352002, 12.0310794149, -0.00654978411296, -1.63979354958
5.25, -1.00039918638, 12.0146756128, 0.00191162670259, -1.64595963138
5.26, -1.00034060439, 11.9982085045, 0.00613771481882, -1.65238045807
5.27, -1.00030535106, 11.9816761715, -0.00105829649729, -1.65898790435
5.28, -1.00035370537, 11.9650772265, -0.00780931885446, -1.6657154743
5.29, -1.00040655834, 11.9484093104, -0.00274802412434, -1.6728302667
5.3, -1.00037571382, 11.9316688444, 0.00583379394673, -1.68016280458
5.31, -1.00031197523, 11.9148543261, 0.00358655966102, -1.68763802586
5.32, -1.0003224646, 11.8979633588, -0.00593473991898, -1.69549913814
5.33, -1.0003915905, 11.8809924575, -0.00685620409867, -1.70355493715
5.34, -1.00040488097, 11.863940487, 0.00253331351141, -1.711712098
5.35, -1.00033950748, 11.8468061117, 0.0066490602452, -1.72001535277
5.36, -1.00030446401, 11.829587389, -0.00153039144076, -1.72865194158
5.37, -1.00035988733, 11.8122810472, -0.00850031822113, -1.73746899597
5.38, -1.00041496971, 11.7948863027, -0.00250597123538, -1.74633968684
5.39, -1.00037772535, 11.7774013949, 0.00660700078752, -1.75555338173
5.4, -1.00030964976, 11.7598230387, 0.00359309340713, -1.76495846139
5.41, -1.00032521093, 11.7421499168, -0.00672518895293, -1.77447959229
5.42, -1.00038601066, 11.7243812572, -0.0067058262992, -1.78406273239
5.43, -1.00040836301, 11.7065157413, 0.00105712086417, -1.79392322618
5.44, -1.00035472169, 11.6885505798, 0.00610978874227, -1.80393096394
5.45, -1.00031379534, 11.670484919, -0.00015722320189, -1.81401551074
5.46, -1.00035484567, 11.6523165603, -0.00745164009625, -1.82448344899
5.47, -1.00041078557, 11.6340430853, -0.00352963625057, -1.83501450883
5.48, -1.00038825687, 11.6156630245, 0.00521735279646, -1.84585930738
5.49, -1.00032405319, 11.5971728996, 0.00418157589281, -1.85705005621
5.5, -1.00032581988, 11.578569283, -0.00510064662719, -1.86845573893
5.51, -1.00039241984, 11.5598514099, -0.00718167194757, -1.87989637361
5.52, -1.00041372098, 11.5410187155, 0.00157273014356, -1.89139857632
5.53, -1.00035362829, 11.5220678435, 0.00665058630238, -1.90373377443
5.54, -1.00031221687, 11.5029909869, -0.00055513637261, -1.9163895352
5.55, -1.0003601275, 11.4837873873, -0.00817928979907, -1.92907626623
5.56, -1.00041920504, 11.4644557391, -0.00340165513261, -1.94205724825
5.57, -1.0003910156, 11.4449931176, 0.00597250257213, -1.95518061597
5.58, -1.00032192733, 11.425399152, 0.00428334783903, -1.96832724827
5.59, -1.0003280026, 11.4056736036, -0.00585735553708, -1.98149387286
5.6, -1.00038663637, 11.3858154079, -0.0071213763751, -1.99492678378
5.61, -1.00041800499, 11.3658220023, 1.59660936114e-05, -2.00845842459
5.62, -1.00036972521, 11.3456937871, 0.00616447168731, -2.02192636216
5.63, -1.00032154003, 11.3254291482, 0.000908273894974, -2.03576317803
5.64, -1.00035476013, 11.3050256199, -0.00715781680939, -2.04965401503
5.65, -1.00041550149, 11.2844832631, -0.00452569032227, -2.06352669164
5.66, -1.00040265, 11.2638033926, 0.00456977197793, -2.07710090359
5.67, -1.00033690744, 11.2429863167, 0.00496539112498, -2.09114962695
5.68, -1.00032837176, 11.2220271708, -0.00418574567509, -2.10538323065
5.69, -1.00039314461, 11.2009254656, -0.00768491721929, -2.11963367084
5.7, -1.00042441956, 11.1796800086, 0.000459513290042, -2.1341717408
5.71, -1.00036965775, 11.158289111, 0.00677279434979, -2.14870365825
5.72, -1.00031997042, 11.136752667, 0.00061075224525, -2.16325771131
5.73, -1.00035972136, 11.1150695268, -0.00791768248659, -2.17808781241
5.74, -1.00042454746, 11.0932377899, -0.00451575009748, -2.19292908835
5.75, -1.00040676938, 11.0712580315, 0.00531357496179, -2.20770894534
5.76, -1.000335456, 11.0491289015, 0.00518362397921, -2.22281939119
5.77, -1.00033025768, 11.0268486093, -0.00489138357871, -2.23791694767
5.78, -1.00038868377, 11.004417421, -0.00696064651079, -2.25298465618
5.79, -1.00042574554, 10.9818358171, -0.000899315054897, -2.26800126677
5.8, -1.00038464343, 10.9591033326, 0.00583699695978, -2.2832379588
5.81, -1.00033295673, 10.9362178486, 0.00172356496998, -2.29853246258
5.82, -1.00035775679, 10.913179621, -0.00655864133813, -2.31378442174
5.83, -1.00041928324, 10.889986245, -0.0051584407823, -2.32962754999
5.84, -1.00041533847, 10.8666349605, 0.00373129079016, -2.34522337713
5.85, -1.00035198529, 10.8431273958, 0.00530710818576, -2.36099422366
5.86, -1.00033530398, 10.819461563, -0.00322577353991, -2.3768068372
5.87, -1.000394986, 10.7956371104, -0.00772208239525, -2.39279932205
5.88, -1.00043295287, 10.771652013, -0.000543535022372, -2.40884404297
5.89, -1.00038575981, 10.7475071504, 0.00645799300235, -2.42478208895
5.9, -1.00033192282, 10.7232020911, 0.00151453480589, -2.44094574238
5.91, -1.0003626822, 10.6987346707, -0.00730672190084, -2.45716430526
5.92, -1.00042881853, 10.6741056288, -0.00524091543276, -2.47328122333
5.93, -1.00042073372, 10.6493156221, 0.00443411108306, -2.48934542595
5.94, -1.00035150862, 10.6243645098, 0.0056076497425, -2.50559100101
5.95, -1.00033727309, 10.5992507075, -0.00386355863965, -2.52182906068
5.96, -1.00040396586, 10.5739746293, -0.008263355925, -2.53802734594
5.97, -1.00044197846, 10.5485359733, -9.29940774874e-05, -2.55440463734
5.98, -1.00038779672, 10.5229332537, 0.00714717909935, -2.57077690134
5.99, -1.00033167577, 10.497167506, 0.00127572062759, -2.58699978458
6.0, -1.00036889805, 10.471239278, -0.00810196007002, -2.60329169743
6.01, -1.00042526928, 10.44514988, -0.00553981072272, -2.619162969
6.02, -1.00042888052, 10.4189054656, 0.00291009077719, -2.63428549196
6.03, -1.00036906896, 10.3925137379, 0.00546778338674, -2.6486510534
6.04, -1.0003455959, 10.3659828406, -0.00231154722304, -2.66206505242
6.05, -1.00039922699, 10.3393213074, -0.00756414745306, -2.6749081114
6.06, -1.00044198562, 10.3125345652, -0.00141158619197, -2.68705722788
6.07, -1.00040257345, 10.2856323337, 0.00600226639834, -2.69794875087
6.08, -1.00034653656, 10.2586268874, 0.00224787262413, -2.70779630968
6.09, -1.00036863557, 10.23152813, -0.00659111286919, -2.71661867262
6.1, -1.00043412571, 10.2043510356, -0.00574248258518, -2.72296786104
6.11, -1.00043466981, 10.1771225583, 0.0035407916314, -2.72747624707
6.12, -1.00036907413, 10.1498546829, 0.00582571302232, -2.73094733932
6.13, -1.0003472761, 10.1225561003, -0.00287080693094, -2.73360541927
6.14, -1.00040783503, 10.0952395556, -0.00814983661723, -2.7343320689
6.15, -1.00045159503, 10.0679227536, -0.0010591648077, -2.73396983568
6.16, -1.00040570536, 10.0406124079, 0.00671204221011, -2.73313650106
6.17, -1.0003466205, 10.0133119769, 0.00212312739352, -2.73196576544
6.18, -1.0003744884, 9.98602509928, -0.0073637713661, -2.7304568327
6.19, -1.00043104669, 9.95875475729, -0.00613688500531, -2.72865716151
6.2, -1.00044393269, 9.93150548386, 0.00200937502188, -2.72624014471
6.21, -1.00038718828, 9.90428198252, 0.00578241590866, -2.7235351199
6.22, -1.00035536837, 9.87708691302, -0.00127505755795, -2.72056651894
6.23, -1.00040311343, 9.84992276088, -0.00752138798275, -2.71735000562
6.24, -1.00045242878, 9.82279324547, -0.00244193083619, -2.71360279566
6.25, -1.00042125677, 9.79570333751, 0.00563223844028, -2.70951377256
6.26, -1.00036125266, 9.76865671952, 0.00319186836102, -2.70492070628
6.27, -1.00037363717, 9.74165778493, -0.00588192700175, -2.69991845682
6.28, -1.00043994881, 9.71471122338, -0.00645922196564, -2.69454725519
6.29, -1.00045072474, 9.68781935676, 0.00259252083232, -2.68898257497
6.3, -1.00038771773, 9.66098421966, 0.00624412998682, -2.68322099834
6.31, -1.00035642927, 9.6342088286, -0.00175536096185, -2.67700502485
6.32, -1.00041111659, 9.60749690315, -0.00818352992973, -2.67057078267
6.33, -1.0004624723, 9.580850211, -0.00219094079289, -2.66396311582
6.34, -1.00042509103, 9.55427156909, 0.0063735317943, -2.65692666721
6.35, -1.00036110903, 9.52776472791, 0.00317272405832, -2.64967197853
6.36, -1.00037861156, 9.50133082059, -0.00665340665033, -2.64231968588
6.37, -1.00043653469, 9.47497144071, -0.0062810817691, -2.63479086517
6.38, -1.00045604003, 9.44868877656, 0.00114673686385, -2.62690523798
6.39, -1.00040473296, 9.42248633708, 0.00568786034622, -2.61881655757
6.4, -1.00036788864, 9.39636532652, -0.000412117835737, -2.61062277377
6.41, -1.00040831817, 9.37032779287, -0.00712252533157, -2.60206699413
6.42, -1.00046022082, 9.34437712624, -0.00317178505112, -2.59331476787
6.43, -1.0004373013, 9.31851452578, 0.00498937407551, -2.58446076673
6.44, -1.0003774289, 9.29274118202, 0.00372613431133, -2.5754892137
6.45, -1.00038139315, 9.26705868311, -0.00503301414629, -2.56621672202
6.46, -1.00044464539, 9.24146894398, -0.00670455884577, -2.55706629944
6.47, -1.00046289889, 9.21596846414, 0.00165472923715, -2.54836672873
6.48, -1.00040551004, 9.19055206798, 0.00618293676612, -2.54029177158
6.49, -1.00036842893, 9.16521328642, -0.000805287414061, -2.53279797961
6.5, -1.00041534715, 9.13994676119, -0.00779431719032, -2.52582110032
6.51, -1.00046996722, 9.11474330718, -0.00302441881273, -2.52024946651
6.52, -1.00044157047, 9.08959125565, 0.00570028221747, -2.51546133738
6.53, -1.00037723996, 9.06448162899, 0.00379866033886, -2.51184104678
6.54, -1.0003854072, 9.03940275098, -0.00575141786287, -2.50914340467
6.55, -1.000454721, 9.01434393065, -0.00703621949647, -2.50805305302
6.56, -1.00047081223, 8.98928975465, 0.00225955618468, -2.50795712499
6.57, -1.00040653373, 8.96423274275, 0.00671779518946, -2.50857278377
6.58, -1.00036930148, 8.93916539122, -0.00124740056582, -2.51018307744
6.59, -1.00041849578, 8.91407680618, -0.00380327101308, -2.51267205582
6.6, -1.00046772193, 8.88896007776, -0.0037203384861, -2.51576413934
6.61, -1.00045251514, 8.86380397475, 0.00426583188916, -2.52061047164
6.62, -1.00039435167, 8.83859529855, 0.00407084479042, -2.52614122967
6.63, -1.00039065815, 8.81332904265, -0.00415851270838, -2.5321362379
6.64, -1.00044926306, 8.78799962411, -0.00674611370337, -2.53871589475
6.65, -1.00047345145, 8.76259930367, 0.000762331129122, -2.54635791264
6.66, -1.00042261911, 8.73712001957, 0.00591503615258, -2.55446495604
6.67, -1.00038166215, 8.71155628093, 2.7308927764e-06, -2.56316350535
6.68, -1.00042050593, 8.68590188125, -0.00725573035525, -2.57272981174
6.69, -1.00047624634, 8.66014816191, -0.00367269866517, -2.58287763284
6.7, -1.00045638952, 8.63429112926, 0.00491791612498, -2.59339473313
6.71, -1.00039382729, 8.60832639884, 0.00417540220881, -2.60436579661
6.72, -1.00039389057, 8.5822480456, -0.00484023092532, -2.61621266134
6.73, -1.00045866235, 8.55604799251, -0.00712924514645, -2.62856615828
6.74, -1.00048149178, 8.52972133872, 0.00128424935367, -2.6416730743
6.75, -1.00042418033, 8.5032605071, 0.00645906205485, -2.65527407448
6.76, -1.00038253243, 8.4766619779, -0.000364441696812, -2.66920231329
6.77, -1.00042790195, 8.44992307616, -0.00795787317267, -2.68353960951
6.78, -1.00048672977, 8.42303401394, -0.00355976401122, -2.69918181927
6.79, -1.00046141771, 8.39598427653, 0.00565448663462, -2.71548020057
6.8, -1.00039392654, 8.36876967911, 0.00429732922392, -2.73215401624
6.81, -1.00039797497, 8.34138385117, -0.00556814747004, -2.74985095675
6.82, -1.00046922343, 8.31381212226, -0.00751625123835, -2.76944362365
6.83, -1.00049027423, 8.28603893763, 0.00187812737762, -2.78980543984
6.84, -1.00042577766, 8.2580575015, 0.00705171115288, -2.81120054867
6.85, -1.00038352382, 8.2298595775, -0.000790821038365, -2.83299468253
6.86, -1.00043138463, 8.20144135202, -0.00393370316258, -2.85522044502
6.87, -1.0004852025, 8.17279974075, -0.00430928662283, -2.8776656922
6.88, -1.00047341482, 8.14393162041, 0.00421610328806, -2.90044776262
6.89, -1.00041178352, 8.11483243434, 0.00462300157085, -2.92407118466
6.9, -1.00040353504, 8.08549361826, -0.00394953426959, -2.94818372216
6.91, -1.00046425108, 8.05591216247, -0.00727545297051, -2.97255992062
6.92, -1.00049404856, 8.02608006452, 0.000320637110372, -2.99855081887
6.93, -1.00044320668, 7.99598357282, 0.00626993906401, -3.02512946454
6.94, -1.00039660541, 7.96562109706, 0.000544306618189, -3.05179766147
6.95, -1.00043369731, 7.93499035521, -0.00747346042894, -3.07871750858
6.96, -1.0004948183, 7.90408775681, -0.00434273856601, -3.10636270798
6.97, -1.00047873432, 7.87290573857, 0.00488812661198, -3.13440416272
6.98, -1.00041204548, 7.84144226976, 0.00480806491738, -3.16262238924
6.99, -1.00040718238, 7.80969404279, -0.00464697326265, -3.19154987144
7.0, -1.00047476389, 7.777654069, -0.00775205858751, -3.22079586262
7.01, -1.00050377819, 7.74532123836, 0.000837090671639, -3.25011948429
7.02, -1.00044592248, 7.71268941994, 0.00689900516574, -3.28088321413
7.03, -1.00039803517, 7.67974565483, 0.000196579424106, -3.31216905527
7.04, -1.00044207507, 7.64648819031, -0.00825622418903, -3.34357275922
7.05, -1.00050703766, 7.61291635813, -0.0042795184121, -3.37502536961
7.06, -1.00048547713, 7.5790279352, 0.00566435619641, -3.40709672217
7.07, -1.00041329366, 7.54481666463, 0.00498793050649, -3.43942571664
7.08, -1.00041217797, 7.51028141145, -0.00538370274083, -3.4718462846
7.09, -1.00047317427, 7.47541976791, -0.00698413693868, -3.50489014284
7.1, -1.00050774799, 7.44022297547, -0.000526116050931, -3.53885340657
7.11, -1.00046386546, 7.40468459453, 0.00591390229243, -3.57303849914
7.12, -1.00041433406, 7.36880259642, 0.0012912856357, -3.6080593837
7.13, -1.00044328655, 7.33256268186, -0.0068652346662, -3.64408141418
7.14, -1.00050465485, 7.2959628674, -0.0049116559006, -3.68004096224
7.15, -1.00049704041, 7.25900361708, 0.00405312063442, -3.71595861
7.16, -1.00043311525, 7.22168132312, 0.00508304912997, -3.75270141573
7.17, -1.00042065908, 7.18399136086, -0.00372381011602, -3.78943493187
7.18, -1.00048303599, 7.14593507745, -0.00775085271332, -3.82600345837
7.19, -1.00051826875, 7.10751003137, -0.000135958469568, -3.86330081267
7.2, -1.00046808086, 7.06870971642, 0.00653336096861, -3.90082285429
7.21, -1.00041671188, 7.02953819066, 0.00103042145796, -3.93745704203
7.22, -1.00045207925, 6.99000553316, -0.00764435244378, -3.9730746908
7.23, -1.00051800652, 6.95012186985, -0.00495840195305, -4.00768564236
7.24, -1.00050588089, 6.90989714399, 0.00478061109036, -4.0413199773
7.25, -1.00043622379, 6.86934089121, 0.0053434375275, -4.07402152604
7.26, -1.00042673089, 6.8284622707, -0.0044043223516, -4.10581834267
7.27, -1.00049626475, 6.78727025801, -0.00827422275435, -4.13672188138
7.28, -1.00053121231, 6.74577373245, 0.000355536257213, -4.16674791571
7.29, -1.0004739202, 6.70398129005, 0.00721171721113, -4.19593466031
7.3, -1.00042071669, 6.66190112317, 0.000739833266832, -4.22431703177
7.31, -1.0004581552, 6.61954114556, -0.00363225463973, -4.25194185472
7.32, -1.00052030991, 6.57690934352, -0.00586151202793, -4.27871924878
7.33, -1.00052279726, 6.53401330928, 0.00331948836743, -4.30477140942
7.34, -1.00045825316, 6.4908604933, 0.00581628333949, -4.33010036226
7.35, -1.00043530359, 6.44745797648, -0.0027212041449, -4.35473108939
7.36, -1.00049491454, 6.40381268465, -0.00816912681855, -4.37867149415
7.37, -1.0005401519, 6.35993149974, -0.00131077584449, -4.40192978531
7.38, -1.00049645884, 6.3158211148, 0.00654491745469, -4.42453525798
7.39, -1.00043742032, 6.27148788009, 0.00221357791386, -4.44651928869
7.4, -1.00046394636, 6.22693792313, -0.00727919116216, -4.46789429509
7.41, -1.00053510751, 6.18217732561, -0.00606704056104, -4.48866210273
7.42, -1.00053419476, 6.13721210914, 0.00400602735322, -4.5088389695
7.43, -1.00046344332, 6.0920480119, 0.00617943479466, -4.52845821226
7.44, -1.00044261202, 6.04669048363, -0.00336281812678, -4.54753969142
7.45, -1.00049943052, 6.00114488554, -0.00649213104582, -4.56608302969
7.46, -1.00054587471, 5.95541656218, -0.00238603283675, -4.58410040706
7.47, -1.00051641195, 5.90951070444, 0.00528080911896, -4.6016093512
7.48, -1.00045996162, 5.86343223997, 0.0029005838161, -4.61863760182
7.49, -1.00047279376, 5.81718589711, -0.00574801779564, -4.63519631194
7.5, -1.00053671707, 5.77077636838, -0.00625194320214, -4.65128539696
7.51, -1.00054741338, 5.72420832718, 0.00237879695657, -4.66691474902
7.52, -1.00048812278, 5.67748623786, 0.00580386087366, -4.68211131361
7.53, -1.00045952596, 5.6306143137, -0.00184425223463, -4.69689330308
7.54, -1.00051274915, 5.58359667618, -0.00793523233013, -4.7112622058
7.55, -1.00056242041, 5.53643747303, -0.00219648596116, -4.7252179904
7.56, -1.00052754892, 5.48914075871, 0.00593768917355, -4.73878027182
7.57, -1.00046776079, 5.44171032887, 0.00284321432228, -4.75197354563
7.58, -1.00048581321, 5.39414981471, -0.00651330070908, -4.76480489773
7.59, -1.00055564298, 5.34646285496, -0.00651843297687, -4.77727005782
7.6, -1.00056368855, 5.29865310376, 0.00300639291756, -4.78937658057
7.61, -1.00049810048, 5.25072401976, 0.00623143809439, -4.80115008942
7.62, -1.00047066098, 5.20267883296, -0.00239399169913, -4.81260562978
7.63, -1.00053125235, 5.15452071856, -0.00860904108623, -4.82374071188
7.64, -1.00058277352, 5.1062529172, -0.00191390679343, -4.83455216061
7.65, -1.00054154236, 5.05787859417, 0.00666973008808, -4.84505866311
7.66, -1.00047823672, 5.00940066675, 0.00275436648285, -4.85528282723
7.67, -1.00050210316, 4.96082191607, -0.00734054009979, -4.86522825552
7.68, -1.00056369393, 4.91214518434, -0.00701471244958, -4.87488714818
7.69, -1.00058488574, 4.86337329291, 0.00142044206035, -4.88426765347
7.7, -1.00052813676, 4.81450895097, 0.00622584658552, -4.89338879632
7.71, -1.00049025656, 4.76555465314, -0.000779314341637, -4.9022658852
7.72, -1.00053839108, 4.71651284397, -0.00806518901507, -4.91089393519
7.73, -1.00059654996, 4.66738605494, -0.00340113847071, -4.91926859336
7.74, -1.00057054558, 4.61817676563, 0.00559212668499, -4.92740518191
7.75, -1.00050587649, 4.56888725389, 0.00389177137373, -4.93532135411
7.76, -1.00051361166, 4.51951966646, -0.00580429444531, -4.94302362127
7.77, -1.00058479003, 4.47007617886, -0.00731877618622, -4.95050213958
7.78, -1.00060342546, 4.42055902878, 0.00207308656072, -4.95776496509
7.79, -1.00053953839, 4.37097031826, 0.00676570132267, -4.96482558641
7.8, -1.00050174419, 4.32131195231, -0.00124968761023, -4.97170259503
7.81, -1.00055233456, 4.27158576908, -0.00404701377216, -4.97841657624
7.82, -1.00060474559, 4.22179383707, -0.00405124824627, -4.98487097452
7.83, -1.00059172615, 4.17193796982, 0.00415911754518, -4.9911719586
7.84, -1.00053353302, 4.12201998039, 0.00412074632839, -4.99730049046
7.85, -1.00053006278, 4.07204151073, -0.0042746985422, -5.0032681675
7.86, -1.00059111924, 4.0220042264, -0.007065077818, -5.00906748903
7.87, -1.00061811789, 3.97190987245, 0.000559995915311, -5.01469134952
7.88, -1.00056772796, 3.92176010016, 0.00598367312635, -5.02015981679
7.89, -1.00052583335, 3.87155638553, 5.6505350425e-05, -5.02548528452
7.9, -1.00056579399, 3.82130014939, -0.00750348945938, -5.03066472904
7.91, -1.00062486406, 3.77099289371, -0.00401347120238, -5.0356910361
7.92, -1.00060712306, 3.72063616936, 0.00484561212959, -5.04056826374
7.93, -1.00054404824, 3.67023133084, 0.00428067448896, -5.04531521282
7.94, -1.00054409817, 3.61977962295, -0.00496414299255, -5.04994402393
7.95, -1.00061176095, 3.56928233069, -0.00750485505995, -5.05443226941
7.96, -1.00063794122, 3.51874083525, 0.00105707443052, -5.05878660413
7.97, -1.00058114864, 3.46815643034, 0.0065407881088, -5.06302537836
7.98, -1.0005385289, 3.41753023572, -0.000322794809635, -5.06715218737
7.99, -1.00058535335, 3.36686332896, -0.00825175133235, -5.0711669464
8.0, -1.00064795163, 3.31615689877, -0.00392560363508, -5.07505845779
8.01, -1.00062474527, 3.26541216594, 0.00560824377869, -5.07883521647
8.02, -1.00055643367, 3.21463016928, 0.00443148921415, -5.08251616902
8.03, -1.00056033949, 3.16381184453, -0.0056930608925, -5.08610261743
8.04, -1.00062021591, 3.11295820213, -0.00747416411298, -5.08957765268
8.05, -1.00065662889, 3.06207030971, -0.000493953013246, -5.09295004804
8.06, -1.00061123227, 3.01114918958, 0.00611756271989, -5.09623265554
8.07, -1.00056135248, 2.96019571317, 0.00117682083112, -5.09942520527
8.08, -1.00059355127, 2.90921068629, -0.00726574300291, -5.10253787099
8.09, -1.00065825375, 2.85819500646, -0.00508014517162, -5.10555954826
8.1, -1.00065030722, 2.80714966435, 0.0042500598962, -5.10847841578
8.11, -1.00058473975, 2.75607546895, 0.00517484216358, -5.11133359996
8.12, -1.00057377881, 2.70497313028, -0.00402791039879, -5.11410906486
8.13, -1.00064014608, 2.6538433876, -0.00809687572396, -5.11680768521
8.14, -1.00067708194, 2.60268711042, -9.79636962789e-05, -5.11942343889
8.15, -1.0006252995, 2.55150512481, 0.00675088497558, -5.12195713882
8.16, -1.00057354812, 2.50029806025, 0.000913621203275, -5.12443574245
8.17, -1.0006122333, 2.44906651831, -0.0080459796581, -5.1268505288
8.18, -1.00066727508, 2.39781124644, -0.00537310454626, -5.12918576684
8.19, -1.00067101661, 2.34653297601, 0.00271922232645, -5.13145602632
8.2, -1.00061500748, 2.29523237934, 0.00501494018146, -5.13366210266
8.21, -1.0005949513, 2.24390998726, -0.00248439655997, -5.13581573898
8.22, -1.00064805921, 2.19256635631, -0.00736812497012, -5.13790812266
8.23, -1.00068927985, 2.14120215403, -0.00137485463457, -5.13993207497
8.24, -1.00065197802, 2.08981803643, 0.0056151209829, -5.14189687021
8.25, -1.00060031276, 2.03841450756, 0.00187618796211, -5.14381129444
8.26, -1.00062388451, 1.98699201473, -0.00652745857691, -5.14568352189
8.27, -1.00068757005, 1.93555110189, -0.00554764361082, -5.14749361573
8.28, -1.00068811366, 1.88409240665, 0.00334502956968, -5.14924481899
8.29, -1.00062639335, 1.83261641339, 0.00535592405428, -5.1509614851
8.3, -1.00060798415, 1.78112351137, -0.00302718662636, -5.1526282017
8.31, -1.00066772392, 1.72961412337, -0.00792456670709, -5.15425053425
8.32, -1.00070977954, 1.67808879569, -0.00102976186855, -5.15582213732
8.33, -1.00066622521, 1.62654806541, 0.00628627064314, -5.15733829761
8.34, -1.00061176288, 1.57499228265, 0.00173399600481, -5.15882886867
8.35, -1.00064090185, 1.52342176432, -0.00726507979072, -5.16028146101
8.36, -1.00070939433, 1.47183697797, -0.00566122838594, -5.16168288142
8.37, -1.00070596631, 1.42023842063, 0.0040554622938, -5.16303927282
8.38, -1.00063807984, 1.36862649775, 0.00570322519253, -5.16436151122
8.39, -1.00062174332, 1.31700146094, -0.00364323138565, -5.16565931046
8.4, -1.00068857668, 1.26536363101, -0.0084932236623, -5.16691888714
8.41, -1.0007309454, 1.21371346407, -0.00058842777786, -5.16812928935
8.42, -1.00068023858, 1.16205138728, 0.00701537745373, -5.16931092689
8.43, -1.00062292442, 1.11037766425, 0.00155068943708, -5.17046020352
8.44, -1.00065356051, 1.05869247212, -0.00336473364713, -5.17162011721
8.45, -1.00071897118, 1.00699627641, -0.00662883904086, -5.17268187135
8.46, -1.00073024342, 0.955289375152, 0.00262249907783, -5.17372520564
8.47, -1.0006667096, 0.903572134291, 0.00625920302111, -5.17474812128
8.48, -1.0006363922, 0.851844734031, -0.00195460222692, -5.17575519719
8.49, -1.00069369141, 0.800107394233, -0.00845618118228, -5.17673968334
8.5, -1.00074673791, 0.748360476578, -0.00226374035584, -5.17767767081
8.51, -1.00070902113, 0.696604348875, 0.00644567913223, -5.17858095685
8.52, -1.00064492381, 0.644839218779, 0.00308559673227, -5.1794742289
8.53, -1.00066453719, 0.593065216977, -0.00695462600499, -5.18034621776
8.54, -1.00072527562, 0.541282603975, -0.00717271201476, -5.18119685325
8.55, -1.00074998255, 0.489491715535, 0.00103316757711, -5.18200824017
8.56, -1.00069504302, 0.43769283238, 0.00630146051965, -5.18279975605
8.57, -1.00065384139, 0.385886099858, -0.000307921100299, -5.18357867338
8.58, -1.00069864814, 0.334071648871, -0.00793202616052, -5.18434001758
8.59, -1.00075861373, 0.282249742057, -0.00376927823606, -5.18506908424
8.6, -1.00073609503, 0.230420700064, 0.00539062342909, -5.18577187424
8.61, -1.00067029943, 0.17858469326, 0.0042513475732, -5.18646462961
8.62, -1.00067396527, 0.126741801476, -0.00547695634672, -5.18714632168
8.63, -1.00074513387, 0.0748922041065, -0.00758519747097, -5.18780318074
