timestamp, prius0 x posi, prius0 y posi, prius0 x vel, prius0 y vel.
0.0, 0.0, 0.0, 0.0, 0.0
0.00999999999999, 30.0190183932, 0.99991559481, -0.129372888919, 0.00496040408454
0.02, 30.0176589598, 0.999978188703, -0.147372083904, 0.00564376602396
0.03, 30.0161165988, 1.00000845992, -0.166115222617, -0.00136764016999
0.04, 30.0143792027, 0.999963446915, -0.186266446557, -0.00689816522281
0.05, 30.0124327093, 0.999923673515, -0.207798561841, -0.00135940142789
0.06, 30.0102688621, 0.999963629974, -0.229841975115, 0.00621576265557
0.07, 30.0078770613, 1.00002603617, -0.253204561467, 0.00323529312562
0.08, 30.0052499335, 1.00001572562, -0.27703499712, -0.00540849712937
0.09, 30.0023775055, 0.999958959469, -0.301992723797, -0.00518179556963
0.1, 29.9992561792, 0.999961631846, -0.327591034953, 0.00380341332144
0.11, 29.9958698147, 1.000032824, -0.354428732439, 0.00671820029825
0.12, 29.9922081029, 1.00006765285, -0.382463637774, -0.00134697508152
0.13, 29.9882652244, 1.00002146538, -0.410643675088, -0.00693737860178
0.14, 29.9840335397, 0.999986017039, -0.440063869526, -0.000494895368976
0.15, 29.9795010424, 1.00003807262, -0.470853226236, 0.00751837707556
0.16, 29.9746599776, 1.00011009248, -0.502097032434, 0.00378529193196
0.17, 29.9695009271, 1.00010079488, -0.534249254424, -0.00553870405974
0.18, 29.9640195531, 1.00004491393, -0.566751121674, -0.00474579987054
0.19, 29.9582077022, 1.00005749212, -0.60007063819, 0.00514847278102
0.2, 29.9520619305, 1.00014196131, -0.633649609625, 0.00781407793736
0.21, 29.9455748895, 1.00018224635, -0.668025041748, -0.00123340134199
0.22, 29.9387399687, 1.0001358726, -0.703447205011, -0.00685031671142
0.23, 29.9315495506, 1.00010667592, -0.738905124151, 0.000606191186743
0.24, 29.9240002356, 1.00017291469, -0.775359039739, 0.00897933274381
0.25, 29.9160847796, 1.00025535773, -0.812150317084, 0.00436783426064
0.26, 29.9077961593, 1.00024747626, -0.849878632618, -0.0055897335029
0.27, 29.8991310804, 1.00019405454, -0.887354836706, -0.00409382813185
0.28, 29.8900850788, 1.00021880957, -0.926034456998, 0.00670380493273
0.29, 29.8806533027, 1.00030351993, -0.964594014239, 0.00817091564731
0.3, 29.8708361096, 1.00035941388, -1.00322208285, 0.00102046653724
0.31, 29.8606276077, 1.00033400897, -1.04271564413, -0.00530738003825
0.32, 29.8500249156, 1.00030864091, -1.08213740869, 0.000124475193506
0.33, 29.8390225007, 1.00036796268, -1.12259351504, 0.00857463610631
0.34, 29.8276166892, 1.00045774035, -1.16291334658, 0.00609607184026
0.35, 29.8158027703, 1.00047323471, -1.20403905427, -0.0032061320393
0.36, 29.8035784725, 1.00043416312, -1.24513475992, -0.00365504431802
0.37, 29.7909384583, 1.00045403995, -1.2870191521, 0.00584149084633
0.38, 29.7778804134, 1.00055119021, -1.32887447368, 0.00968234238415
0.39, 29.7643993603, 1.00061608678, -1.37135701034, 0.00147338582836
0.4, 29.7504937063, 1.0005930268, -1.41415141334, -0.0050500489548
0.41, 29.7361568154, 1.00057485149, -1.45727069824, 0.00129374038551
0.42, 29.7213872843, 1.00064970735, -1.50103845267, 0.010251548673
0.43, 29.7061781175, 1.00075280666, -1.54481081837, 0.00700018054554
0.44, 29.6905318611, 1.00077236954, -1.58858955571, -0.00306576582296
0.45, 29.674443794, 1.0007365936, -1.63298469995, -0.00297934662963
0.46, 29.6579092614, 1.00076913527, -1.67802299584, 0.00750816915773
0.47, 29.6409281966, 1.00088309398, -1.72276118918, 0.0111419273893
0.48, 29.623491282, 1.0009566376, -1.7687348861, 0.00185425480073
0.49, 29.6055963104, 1.00093532056, -1.81448763545, -0.00481519638642
0.5, 29.5872395997, 1.00092488426, -1.86095374247, 0.00258424262436
0.51, 29.5684199756, 1.00100844114, -1.90689162375, 0.00861456825843
0.52, 29.5491344253, 1.00112216841, -1.95386228748, 0.00916864162966
0.53, 29.529377973, 1.00116669795, -2.0013011421, -0.000777702860969
0.54, 29.5091488027, 1.00114280199, -2.04843127045, -0.00280104449773
0.55, 29.4884444428, 1.00117007945, -2.09640973624, 0.0068403401165
0.56, 29.4672561388, 1.00128619953, -2.14523839642, 0.0123528195749
0.57, 29.4455822067, 1.00138254424, -2.19355266357, 0.00464812238922
0.58, 29.423426639, 1.00138379477, -2.24166619477, -0.00340609770262
0.59, 29.4007863002, 1.00137481676, -2.2903565328, 0.00191920600917
0.6, 29.3776603697, 1.00146123745, -2.33906064224, 0.0121161535289
0.61, 29.3540444926, 1.00157816465, -2.38808247627, 0.0109547979119
0.62, 29.3299400694, 1.00164802439, -2.43688305038, 0.00192006061615
0.63, 29.3053441348, 1.0016422552, -2.48623663048, -0.00198752995334
0.64, 29.2802561703, 1.00166726354, -2.53557234611, 0.00612527568047
0.65, 29.2546721005, 1.00178190761, -2.5850915064, 0.0130561851332
0.66, 29.2285915193, 1.00189758355, -2.63513237724, 0.00734822102136
0.67, 29.2020096953, 1.00192427664, -2.68541078349, -0.00145601586284
0.68, 29.1749224377, 1.00192199116, -2.73607580549, 0.00162068057781
0.69, 29.1473252096, 1.00200273445, -2.78714532564, 0.0118264256292
0.7, 29.1192134165, 1.00214313885, -2.83901051242, 0.0123566488433
0.71, 29.0905861333, 1.00222114453, -2.8902449509, 0.00233288176339
0.72, 29.0614446105, 1.00221935185, -2.9420685647, -0.00138093726264
0.73, 29.0317856663, 1.00225627923, -2.99372633471, 0.00778954750392
0.74, 29.001606952, 1.00238131155, -3.04550285328, 0.0113965015666
0.75, 28.9709040435, 1.002506375, -3.09866272602, 0.0093865221233
0.76, 28.9396757857, 1.00255854813, -3.15078008026, 0.00106558592971
0.77, 28.9079223638, 1.00257187711, -3.20367896354, 0.00221561116038
0.78, 28.8756431727, 1.00265028598, -3.2559333202, 0.0113037844352
0.79, 28.8428378077, 1.00279245779, -3.30900619935, 0.0134200191723
0.8, 28.809504523, 1.00289207913, -3.36156749291, 0.00511024044156
0.81, 28.7756493223, 1.00291474605, -3.4132816543, 0.00037197603674
0.82, 28.7412845073, 1.00295685337, -3.46354761026, 0.00744349029402
0.83, 28.7064241631, 1.00308597362, -3.51242270696, 0.0148608692594
0.84, 28.6710820828, 1.00322675216, -3.5599315304, 0.0103754099895
0.85, 28.6352718258, 1.00328476661, -3.60610121268, 0.00148479765958
0.86, 28.5990065881, 1.00330484946, -3.65097132603, 0.00325280149675
0.87, 28.5622990363, 1.00339832245, -3.69459755463, 0.0130879445963
0.88, 28.5251614248, 1.00355709658, -3.73701317196, 0.0147988624422
0.89, 28.487605798, 1.00366490025, -3.77823578577, 0.00552382192028
0.9, 28.4496439744, 1.00369063456, -3.81829336283, 0.000814942453374
0.91, 28.4112873417, 1.00374224921, -3.85723190853, 0.00884734728811
0.92, 28.3725468196, 1.00388788261, -3.8950968284, 0.0165151006222
0.93, 28.3334330813, 1.00404050149, -3.93190278557, 0.0110870695734
0.94, 28.2939566623, 1.0041011656, -3.96766798562, 0.0015752653349
0.95, 28.2541278129, 1.0041251293, -4.00242430341, 0.00405481756978
0.96, 28.2139563186, 1.00423185749, -4.03622149193, 0.014720085157
0.97, 28.1734516477, 1.00439049896, -4.06908063935, 0.0158645812442
0.98, 28.132623138, 1.0045184067, -4.10101682788, 0.00793911503901
0.99, 28.0914799515, 1.00456223514, -4.13204829896, 0.00178693817501
1.0, 28.0500309412, 1.00461197343, -4.16221003617, 0.00796791860438
1.01, 28.0082845549, 1.00475083869, -4.19154283434, 0.016455277493
1.02, 27.9662490285, 1.00491514851, -4.22005800825, 0.0131665035592
1.03, 27.9239325219, 1.00499847066, -4.24776567354, 0.00351734299274
1.04, 27.8813430094, 1.0050297241, -4.27468847147, 0.00374073813029
1.05, 27.8384880848, 1.00512711031, -4.3008678729, 0.0137616248891
1.06, 27.7953750449, 1.00530108287, -4.32632679655, 0.0170394194992
1.07, 27.7520111061, 1.0054346348, -4.35106796714, 0.00804203273612
1.08, 27.7084034144, 1.00547753214, -4.37510461169, 0.00176209209698
1.09, 27.6645588367, 1.00553204127, -4.39846769443, 0.00892353639428
1.1, 27.6204838787, 1.00568389269, -4.42119366319, 0.0178345034503
1.11, 27.5761849144, 1.00584391433, -4.44328378334, 0.0142479602509
1.12, 27.5316682741, 1.0059454339, -4.46474931449, 0.0055642558601
1.13, 27.486940147, 1.00598988837, -4.48560485283, 0.00419815135161
1.14, 27.4420064316, 1.00608182861, -4.50588331877, 0.0126978880352
1.15, 27.3968727633, 1.00624901144, -4.52560651148, 0.0170620889092
1.16, 27.3515447125, 1.00639417365, -4.54477461037, 0.00996969496111
1.17, 27.3060278237, 1.00645610086, -4.56339549386, 0.00320706585928
1.18, 27.2603274417, 1.00651322683, -4.58149218105, 0.00824740313796
1.19, 27.2144486043, 1.00665441471, -4.59909660783, 0.0169173763958
1.2, 27.1683962134, 1.00682973715, -4.61621294879, 0.0148018135264
1.21, 27.122175182, 1.00693168178, -4.63284141743, 0.00531638010315
1.22, 27.0757903447, 1.00697480558, -4.64899443858, 0.00435132239356
1.23, 27.0292462575, 1.00707358641, -4.66470334217, 0.0137632839693
1.24, 26.982547249, 1.00725187022, -4.67998551021, 0.0180016343608
1.25, 26.9356976347, 1.00740099207, -4.694835821, 0.00991219928991
1.26, 26.8887017477, 1.00745989677, -4.70925867346, 0.00291903885602
1.27, 26.8415637417, 1.0075187159, -4.72327510168, 0.00887906562758
1.28, 26.7942874834, 1.00767012017, -4.73691513923, 0.0180748739409
1.29, 26.7468767471, 1.0078535517, -4.75017735227, 0.0151835840371
1.3, 26.6993353649, 1.00795404413, -4.76305843548, 0.00488282460149
1.31, 26.6516671174, 1.00799447792, -4.77556819237, 0.00441870157454
1.32, 26.6038755162, 1.00809972967, -4.78773744806, 0.0148115348882
1.33, 26.5559638792, 1.00827456021, -4.79957710697, 0.0180516977875
1.34, 26.5079355615, 1.0084356952, -4.8110835488, 0.0117363192301
1.35, 26.4597939172, 1.00851005559, -4.82225698256, 0.00383359187669
1.36, 26.4115421974, 1.00856623831, -4.83311242927, 0.00777978282744
1.37, 26.3631833948, 1.00870544159, -4.84367803629, 0.0172163391666
1.38, 26.3147203998, 1.00889178772, -4.85395440585, 0.0164448216214
1.39, 26.2661561725, 1.00900988752, -4.8639345866, 0.00659926035748
1.4, 26.2174936722, 1.00905732622, -4.87362418874, 0.00411039559055
1.41, 26.1687356402, 1.00915087594, -4.88304847688, 0.0133457145212
1.42, 26.1198846179, 1.00933245979, -4.89222350466, 0.0190431651784
1.43, 26.07094317, 1.00949722461, -4.90113893814, 0.011605743592
1.44, 26.0219139425, 1.00956696877, -4.90979267501, 0.00331039256117
1.45, 25.9727994737, 1.00962212517, -4.91819902142, 0.00814195304136
1.46, 25.9236020479, 1.00976960561, -4.92638573527, 0.0182533943267
1.47, 25.8743238895, 1.00994980996, -4.93434734852, 0.0173756185963
1.48, 25.8249672925, 1.01008379762, -4.94208064472, 0.00830254200328
1.49, 25.7755345665, 1.01013962458, -4.94958606991, 0.00400711726281
1.5, 25.7260278621, 1.01022260992, -4.95688370536, 0.0118605742838
1.51, 25.6764491273, 1.01039487536, -4.96399202988, 0.0189263918581
1.52, 25.6268003181, 1.01057001679, -4.97090124152, 0.0133544512008
1.53, 25.5770834923, 1.01065545852, -4.97760585714, 0.00429032419856
1.54, 25.5273006524, 1.01070800392, -4.9841152136, 0.00695338917987
1.55, 25.4774535708, 1.01084118511, -4.9904556198, 0.0171127276455
1.56, 25.4275439341, 1.01102095794, -4.99662497828, 0.0177916638735
1.57, 25.3775735144, 1.01116837904, -5.00261792772, 0.010050954923
1.58, 25.3275441135, 1.01123607731, -5.00843208239, 0.00439250378924
1.59, 25.2774574264, 1.01131171328, -5.01408251852, 0.0104447756779
1.6, 25.2273149518, 1.01147169486, -5.0195889037, 0.0182850355137
1.61, 25.1771181742, 1.0116524207, -5.02494367853, 0.0148049409629
1.62, 25.126868686, 1.01175445103, -5.03013871674, 0.00565387591606
1.63, 25.0765680705, 1.01180903165, -5.0351794785, 0.00614666291662
1.64, 25.0262177132, 1.01192805167, -5.04008886727, 0.0156599373943
1.65, 24.9758188839, 1.01211748014, -5.04487202779, 0.0184011789064
1.66, 24.9253729401, 1.01226523894, -5.04951536917, 0.00965170746586
1.67, 24.8748813238, 1.01232735716, -5.05401691507, 0.00391812202947
1.68, 24.8243453554, 1.01240321754, -5.05839180954, 0.0109268548777
1.69, 24.7737661579, 1.01257121044, -5.06266031593, 0.0191482992477
1.7, 24.7231448645, 1.01275651708, -5.06681073953, 0.0148119643722
1.71, 24.6724827381, 1.01285391327, -5.07083425075, 0.00496792501737
1.72, 24.6217810363, 1.01290412997, -5.0747356243, 0.00609128034214
1.73, 24.5710408092, 1.01302817379, -5.0785392435, 0.0165125697065
1.74, 24.5202630088, 1.01321145834, -5.08224536706, 0.018119762507
1.75, 24.4694487037, 1.01336779732, -5.08584437282, 0.0111599733204
1.76, 24.4185990088, 1.01344318279, -5.08933182832, 0.00469506767812
1.77, 24.3677149733, 1.01351557528, -5.09271884697, 0.00974894159615
1.78, 24.3167974635, 1.01366987151, -5.09602468258, 0.0180642277521
1.79, 24.2658473296, 1.01385515547, -5.09924207188, 0.0157549380842
1.8, 24.2148655446, 1.01396761315, -5.10235997539, 0.00650839987792
1.81, 24.1638531075, 1.01402407026, -5.10538131049, 0.00576348037557
1.82, 24.112810848, 1.01413600613, -5.10832547621, 0.0149493018297
1.83, 24.061739477, 1.01432394067, -5.11119997388, 0.0188294129842
1.84, 24.0106397958, 1.01448113101, -5.11398905312, 0.0107905594069
1.85, 23.9595127144, 1.01455057361, -5.11668808148, 0.00412429107473
1.86, 23.9083590572, 1.01462183191, -5.11930970966, 0.0100885978443
1.87, 23.8571794605, 1.01478327406, -5.12187297364, 0.0189008605936
1.88, 23.8059745614, 1.0149734817, -5.12436782442, 0.0158241728944
1.89, 23.7547451392, 1.01508158068, -5.12678250266, 0.00579995327805
1.9, 23.7034920019, 1.01513273548, -5.12911935453, 0.00557105773946
1.91, 23.652215774, 1.01524845013, -5.1314005992, 0.0157144758168
1.92, 23.600916973, 1.01543019306, -5.13362817104, 0.018600187001
1.93, 23.5495962314, 1.01559663083, -5.13579110897, 0.0123457531904
1.94, 23.4982542515, 1.01567908124, -5.13788245204, 0.00481053685668
1.95, 23.4468917041, 1.01574557803, -5.1399105222, 0.00877851450635
1.96, 23.3955090798, 1.01589262548, -5.14189500596, 0.0178106815403
1.97, 23.3441068406, 1.01608335261, -5.14383013129, 0.0168443173673
1.98, 23.2926855808, 1.01620687213, -5.14570277196, 0.00731796216981
1.99, 23.241245955, 1.01626328963, -5.14751183911, 0.00510100084679
2.0, 23.1897884677, 1.01636566932, -5.14927612102, 0.0140749922239
2.01, 23.1383134921, 1.01655210984, -5.1510044256, 0.0193761712852
2.02, 23.0868214846, 1.01672019764, -5.15268181328, 0.0120344506969
2.03, 23.0353130364, 1.01679647368, -5.15430008928, 0.00414737067653
2.04, 22.9837886855, 1.01686051893, -5.15586783794, 0.00898727916765
2.05, 22.9322487776, 1.01701411608, -5.15740761259, 0.0186607719447
2.06, 22.8806936531, 1.01719612445, -5.15890699115, 0.0169403411584
2.07, 22.8291237886, 1.01733022615, -5.16035897479, 0.00885353533105
2.08, 22.777539694, 1.01739781095, -5.16175999854, 0.00551907387124
2.09, 22.7259417798, 1.01749345849, -5.16312464404, 0.0126886886888
2.1, 22.6743303241, 1.01766661108, -5.16446403557, 0.0185181001138
2.11, 22.6227056602, 1.01783745741, -5.16576507773, 0.0131991252354
2.12, 22.5710682475, 1.01792861681, -5.167019244, 0.00545779861437
2.13, 22.5194185255, 1.01799530785, -5.16823258896, 0.00828702009821
2.14, 22.4677567685, 1.01813505029, -5.16942348596, 0.0171326115061
2.15, 22.4160832106, 1.01832453285, -5.1705885796, 0.0172562622352
2.16, 22.3643982138, 1.01845643001, -5.17171361007, 0.0082830135174
2.17, 22.3127022167, 1.01851824507, -5.17279592819, 0.00513397505841
2.18, 22.2609955328, 1.01861515188, -5.17385185983, 0.0132263264385
2.19, 22.2092783414, 1.01879542211, -5.17489240991, 0.0191713790195
2.2, 22.157550893, 1.01896814958, -5.1759020249, 0.0129447590349
2.21, 22.1058135766, 1.0190533774, -5.17687185108, 0.00477249386736
2.22, 22.0540667535, 1.01911678629, -5.17780869304, 0.00837617615104
2.23, 22.002310607, 1.01926205212, -5.17873280155, 0.0179174893367
2.24, 21.9505452901, 1.01945728214, -5.17963833396, 0.0174818607854
2.25, 21.8987711005, 1.01958597006, -5.18050987994, 0.00760276477181
2.26, 21.8469884151, 1.01964127397, -5.18134527795, 0.00471605548736
2.27, 21.7951974702, 1.0197396583, -5.18216250725, 0.0138160265256
2.28, 21.7433983597, 1.01991942419, -5.1827224088, 0.0165117734097
2.29, 21.691591305, 1.02009004472, -5.18375314031, 0.0137799852236
2.3, 21.639776593, 1.02018875822, -5.1845052597, 0.00613327436929
2.31, 21.5879545243, 1.02025697795, -5.18522985623, 0.00795675981877
2.32, 21.5361252486, 1.02038993238, -5.18594442324, 0.0163780668313
2.33, 21.4842888661, 1.02057599418, -5.1866468689, 0.017383067344
2.34, 21.4324455944, 1.02071410423, -5.18732332831, 0.00914278385441
2.35, 21.3805957379, 1.02078196158, -5.18797019059, 0.00534134418938
2.36, 21.3287394991, 1.02087503632, -5.18860122363, 0.0124677064225
2.37, 21.2768769466, 1.02104832723, -5.18922797692, 0.0187520681432
2.38, 21.2250082054, 1.02122308632, -5.18983673093, 0.0136249446564
2.39, 21.1731335377, 1.02131662475, -5.19041799667, 0.0054825605753
2.4, 21.121253198, 1.02138127586, -5.19097646994, 0.0079730354576
2.41, 21.0693672777, 1.02151900667, -5.19153109192, 0.0171102771575
2.42, 21.0174758255, 1.02171093316, -5.19207829033, 0.0176719680317
2.43, 20.9655790233, 1.02184669515, -5.19260248577, 0.00854221372429
2.44, 20.9136771426, 1.02190825438, -5.19310085639, 0.00488899202305
2.45, 20.8617703384, 1.02200200575, -5.19358822202, 0.0129644062541
2.46, 20.8098586261, 1.0221823006, -5.19407661284, 0.0194141924928
2.47, 20.7579420935, 1.02235904998, -5.19455005775, 0.013372232888
2.48, 20.7060209766, 1.02244639216, -5.19499895251, 0.00474663292803
2.49, 20.654095496, 1.02250717095, -5.1954282919, 0.00800678477307
2.5, 20.6021656932, 1.02265013976, -5.19585935751, 0.01789191191
2.51, 20.5502315762, 1.02284800412, -5.19628612354, 0.0179227286263
2.52, 20.4982933017, 1.02298064458, -5.19669253239, 0.00784988564561
2.53, 20.4463511194, 1.02303530502, -5.19707524161, 0.00442000677131
2.54, 20.3944051434, 1.02313012023, -5.19745195303, 0.0135321238156
2.55, 20.3424553452, 1.02330606359, -5.19783095667, 0.0184489433459
2.56, 20.2905018061, 1.02348803635, -5.19820011092, 0.0147225717657
2.57, 20.2385446972, 1.02358936048, -5.19854900854, 0.0057443271516
2.58, 20.1865842231, 1.02364868602, -5.19887936303, 0.00692806730679
2.59, 20.1346204247, 1.02377659929, -5.19921117636, 0.0164874261513
2.6, 20.0826532763, 1.02397062218, -5.19954388485, 0.0185249533653
2.61, 20.0306828814, 1.02411715112, -5.19986076578, 0.00947540481209
2.62, 19.9787094573, 1.0241803181, -5.20015667257, 0.00434565029337
2.63, 19.9267331216, 1.02426380201, -5.20044520129, 0.0118495737982
2.64, 19.8747538351, 1.02443919347, -5.20074100283, 0.0196124535107
2.65, 19.8227716113, 1.02462498204, -5.20102922926, 0.0145998717081
2.66, 19.7707866248, 1.02472061187, -5.20129821985, 0.0049820205849
2.67, 19.7187990631, 1.02477520322, -5.20155068192, 0.00685703305339
2.68, 19.6668089317, 1.02490784893, -5.20180878733, 0.017284974318
2.69, 19.6148161852, 1.02509430893, -5.20206725551, 0.0188294823729
2.7, 19.5628209097, 1.02525302994, -5.20231499096, 0.0110683592788
2.71, 19.5108232806, 1.02532609895, -5.20254404993, 0.00450849533308
2.72, 19.4588234211, 1.02540015978, -5.20276448852, 0.0102552478317
2.73, 19.4068212894, 1.02556203752, -5.20299366555, 0.018886296079
2.74, 19.3548168627, 1.02575269775, -5.20321938973, 0.015965509591
2.75, 19.302810274, 1.0258636221, -5.20342920396, 0.00617353621726
2.76, 19.2508017035, 1.02591834161, -5.20362253028, 0.00586018180397
2.77, 19.1987911696, 1.02603539631, -5.20382005609, 0.0157324031461
2.78, 19.1467785974, 1.02621892505, -5.20402160465, 0.0177444142112
2.79, 19.0947640568, 1.0263809234, -5.20421532437, 0.0122499604867
2.8, 19.042747683, 1.02646791582, -5.20439308869, 0.00564594690118
2.81, 18.9907295928, 1.02654290949, -5.20456243756, 0.00942936590684
2.82, 18.9387097562, 1.02669088119, -5.20473860134, 0.0174491967274
2.83, 18.8866881345, 1.02687587218, -5.20491525971, 0.0163185162505
2.84, 18.8346648223, 1.02699905922, -5.20507871127, 0.0077631715779
2.85, 18.7826399755, 1.02706370111, -5.20522823867, 0.00603535158603
2.86, 18.7306136257, 1.02717162858, -5.20537896022, 0.0141788454108
2.87, 18.6785857006, 1.02735393535, -5.20553755387, 0.0186978557388
2.88, 18.6265562187, 1.02751730464, -5.205688839, 0.0119311061464
2.89, 18.5745253279, 1.02759847634, -5.20582478464, 0.00503407076534
2.9, 18.5224931336, 1.02767119492, -5.20595334821, 0.00961026857018
2.91, 18.4704595824, 1.02782485231, -5.20609162557, 0.018179203721
2.92, 18.4184246211, 1.02801449299, -5.20623101802, 0.0164186621259
2.93, 18.3663883438, 1.02813377928, -5.2063570672, 0.00708019703943
2.94, 18.3143509041, 1.0281926188, -5.20647000679, 0.0057258546578
2.95, 18.2623123147, 1.0283027616, -5.20658629929, 0.0147860291614
2.96, 18.2102724835, 1.02849187883, -5.20671212153, 0.0192311705119
2.97, 18.1582314241, 1.02865539942, -5.20683059315, 0.0115009016552
2.98, 18.1061892874, 1.02872975913, -5.20693370218, 0.0043516278291
2.99, 18.0541461692, 1.02880010149, -5.20703074993, 0.00982509122614
3.0, 18.0021019941, 1.02895996951, -5.20713971234, 0.0189511892703
3.01, 17.9500566969, 1.02915420371, -5.20725027585, 0.0164690538847
3.02, 17.8980103744, 1.02926876734, -5.20734789912, 0.00631270015693
3.03, 17.8459631814, 1.0293213848, -5.20743150731, 0.00542298708339
3.04, 17.7939151118, 1.02943428052, -5.20752167605, 0.0154679177628
3.05, 17.7418660602, 1.02961678424, -5.20761997083, 0.0189836206717
3.06, 17.6898160465, 1.02978940628, -5.20771396618, 0.0130299053008
3.07, 17.6377651848, 1.02987616361, -5.20779453167, 0.00494918680701
3.08, 17.5857135841, 1.02994074297, -5.20786668564, 0.0084217708117
3.09, 17.5336611842, 1.03008561958, -5.20795040595, 0.0178339590416
3.1, 17.4816079016, 1.03028037237, -5.20803832138, 0.0174970317013
3.11, 17.4295537998, 1.03041020419, -5.2081155136, 0.00778708818499
3.12, 17.3774990285, 1.03046732588, -5.20817929715, 0.00485879743209
3.13, 17.3254436065, 1.03056610754, -5.20824559458, 0.0137727292744
3.14, 17.2733874226, 1.03075311785, -5.2083250965, 0.0197688943174
3.15, 17.2213304574, 1.03092750091, -5.2083997408, 0.0127153791907
3.16, 17.1692728458, 1.03100767249, -5.20845996535, 0.00421012716147
3.17, 17.1172146926, 1.03106890393, -5.20851285314, 0.00854247403648
3.18, 17.0651559191, 1.03121978162, -5.20857938086, 0.0186626264593
3.19, 17.0130964443, 1.03140670698, -5.2086481349, 0.0182598837602
3.2, 16.9610363171, 1.03155066134, -5.20871032532, 0.00929620201721
3.21, 16.908975672, 1.03161408736, -5.20875863325, 0.00453833955498
3.22, 16.8569145509, 1.03170023134, -5.20880696019, 0.0120969295688
3.23, 16.8048528474, 1.03187627684, -5.20886936085, 0.0195032555134
3.24, 16.752790514, 1.03205963415, -5.20892971882, 0.0143199233547
3.25, 16.7007276617, 1.03215386266, -5.2089773493, 0.00500894277165
3.26, 16.6486644101, 1.03221058225, -5.20901562611, 0.0071642361481
3.27, 16.5966007025, 1.03234551512, -5.20906510118, 0.0173786781602
3.28, 16.5445364378, 1.03253074996, -5.20912039119, 0.0185654164785
3.29, 16.4924716482, 1.03268691393, -5.20917064469, 0.0109028822891
3.3, 16.4404064506, 1.03276056747, -5.20920794, 0.00474375895863
3.31, 16.3883409088, 1.03283765142, -5.20924233026, 0.0105260496118
3.32, 16.3362749294, 1.03300018549, -5.2092904491, 0.0187614302975
3.33, 16.2842084433, 1.03318821244, -5.20933975051, 0.0156718780579
3.34, 16.2321415343, 1.03329781216, -5.20937778758, 0.00622536593423
3.35, 16.1800745683, 1.03335500068, -5.20924403113, 0.00619965803705
3.36, 16.1280122354, 1.03347445297, -5.20855950643, 0.0158173077206
3.37, 16.0759583615, 1.03366841974, -5.20752112081, 0.0190979400544
3.38, 16.0239182414, 1.03382407744, -5.20590593339, 0.0104029734453
3.39, 15.9718965112, 1.0338907798, -5.20376174149, 0.00410756617106
3.4, 15.9198988959, 1.03396643492, -5.20113126903, 0.0108512871196
3.41, 15.8679306323, 1.03413571594, -5.19791610936, 0.0195246968896
3.42, 15.8159956233, 1.03431384801, -5.19445585813, 0.0161597398139
3.43, 15.764098392, 1.03443552207, -5.1903960903, 0.00764800705009
3.44, 15.7122447037, 1.03449977647, -5.18580369416, 0.00606037967812
3.45, 15.6604379611, 1.03460810417, -5.18096801434, 0.0142034346968
3.46, 15.6086822932, 1.03478981432, -5.17567830464, 0.0185662498918
3.47, 15.5569793906, 1.03495127153, -5.17019889659, 0.0117256143469
3.48, 15.5053351194, 1.03503090747, -5.1641837692, 0.00494650506304
3.49, 15.4537509219, 1.03510340053, -5.1580165294, 0.00962260765197
3.5, 15.4022300836, 1.03525670945, -5.15167704193, 0.0180817315387
3.51, 15.3507739949, 1.0354443215, -5.14481660433, 0.0161520570891
3.52, 15.2993904962, 1.03556087629, -5.13735469355, 0.00684651793771
3.53, 15.2480840985, 1.03561821096, -5.12944485154, 0.00564812720637
3.54, 15.1968591226, 1.03572766111, -5.12112201632, 0.0146942623733
3.55, 15.1457177113, 1.03591478355, -5.11275204429, 0.0189435466495
3.56, 15.0946632605, 1.03607469076, -5.10377002818, 0.011124749596
3.57, 15.0436977184, 1.03614588295, -5.09488891395, 0.00411317045053
3.58, 14.9928225094, 1.03621450052, -5.08573380225, 0.00968678614681
3.59, 14.9420387318, 1.03637232375, -5.07654929016, 0.0186716311057
3.6, 14.8913496797, 1.03656256065, -5.066903354, 0.016001241908
3.61, 14.840757953, 1.03667245071, -5.05703464459, 0.00589357175107
3.62, 14.7902655054, 1.03672177401, -5.04710460557, 0.005167395667
3.63, 14.7398724427, 1.03683211827, -5.03705483912, 0.0151828396815
3.64, 14.689580086, 1.03701067526, -5.02691786206, 0.0184868414594
3.65, 14.6393898447, 1.037177395, -5.01670881404, 0.0124151883296
3.66, 14.5893031549, 1.03725864229, -5.00629019746, 0.0044883372575
3.67, 14.5393216145, 1.03731945345, -4.99562312246, 0.00809041181166
3.68, 14.4894468169, 1.03746032066, -4.98499528483, 0.0173483633979
3.69, 14.4396797064, 1.03764877159, -4.97411190439, 0.016781027967
3.7, 14.3900233721, 1.03777131649, -4.96285899344, 0.0071057082811
3.71, 14.3404813814, 1.0378227423, -4.95103403397, 0.00438830883923
3.72, 14.2910582617, 1.0379169072, -4.93927605564, 0.0132779603012
3.73, 14.24175644, 1.03809744377, -4.92670484016, 0.0189993883781
3.74, 14.1925814643, 1.03826316924, -4.91386055169, 0.0118347326943
3.75, 14.1435375285, 1.03833536343, -4.90058480817, 0.00352101710699
3.76, 14.0946269989, 1.03839054677, -4.88706871669, 0.00797656185043
3.77, 14.045859827, 1.03853477381, -4.87206798566, 0.0178875227643
3.78, 13.9972469439, 1.03871246549, -4.85634505683, 0.0172198003052
3.79, 13.9487913907, 1.03884580847, -4.84035197314, 0.00829620122065
3.8, 13.9005015722, 1.03890054411, -4.82338809916, 0.00378664716999
3.81, 13.8523857155, 1.0389793477, -4.8056943595, 0.0113273606799
3.82, 13.8044474842, 1.0391457746, -4.78785042632, 0.0183856555728
3.83, 13.7566879355, 1.03931655478, -4.76946320996, 0.0130298092226
3.84, 13.7091167307, 1.03939882975, -4.75054052903, 0.00394687555204
3.85, 13.661738926, 1.03944606058, -4.73084954685, 0.0062751790576
3.86, 13.6145618972, 1.03957088388, -4.71031756431, 0.0162307327387
3.87, 13.5675930455, 1.03974270006, -4.68941840608, 0.0170706661507
3.88, 13.5208348013, 1.03988344194, -4.66803890276, 0.0094234163285
3.89, 13.4742909774, 1.03994393329, -4.64657963328, 0.00358266102153
3.9, 13.4279670548, 1.04000980707, -4.62411987909, 0.00937738251524
3.91, 13.3818706129, 1.04015855533, -4.60118507666, 0.0171890069285
3.92, 13.3360067865, 1.04032898718, -4.57756354828, 0.0138573090026
3.93, 13.2903782651, 1.04042138617, -4.55417175693, 0.00465974577524
3.94, 13.2449838484, 1.04046439434, -4.53053013036, 0.00487240592414
3.95, 13.1998338537, 1.04056938413, -4.5056302726, 0.0142237960534
3.96, 13.1549306249, 1.04074475255, -4.48109195012, 0.0170768677317
3.97, 13.1102727392, 1.04087972541, -4.45629893323, 0.0084060464723
3.98, 13.0658633513, 1.04092830758, -4.43161151357, 0.00246700103281
3.99, 13.0216985578, 1.04098792597, -4.40733147202, 0.00921170918482
4.0, 12.9777767593, 1.04113835105, -4.38307450058, 0.0174334649557
4.01, 12.9340951102, 1.04129396238, -4.35929341651, 0.0138174828947
4.02, 12.8906498921, 1.04139316828, -4.33578367248, 0.00556643057258
4.03, 12.8474369107, 1.04143848151, -4.31282996562, 0.00428526268321
4.04, 12.8044512191, 1.0415281041, -4.29029938781, 0.0121883582469
4.05, 12.7616887514, 1.04168684754, -4.26814289757, 0.0160832793512
4.06, 12.7191456444, 1.04182294662, -4.24642916868, 0.00926162061268
4.07, 12.6768175663, 1.04188009489, -4.22512278859, 0.00289583539017
4.08, 12.6347003679, 1.04193283298, -4.20427296739, 0.00762711178988
4.09, 12.5927891329, 1.04206374936, -4.18388353561, 0.015623035278
4.1, 12.5510796691, 1.04222478411, -4.16392248589, 0.0134323733608
4.11, 12.5095674721, 1.04231548463, -4.14441380009, 0.00445051412078
4.12, 12.4682491093, 1.04235094387, -4.12516296402, 0.0035778248639
4.13, 12.427120811, 1.04243866231, -4.10637126629, 0.0123603556803
4.14, 12.3861785767, 1.04259961002, -4.08795644172, 0.0161401865236
4.15, 12.3454184357, 1.04273125229, -4.06985807391, 0.00839172682359
4.16, 12.3048386228, 1.04277760226, -4.05191301026, 0.00183998789502
4.17, 12.2644374761, 1.04282428283, -4.03414802436, 0.00746241180992
4.18, 12.2242131843, 1.04295731298, -4.01657480704, 0.0159602214351
4.19, 12.1841628078, 1.04311850546, -3.99933232847, 0.0130432850902
4.2, 12.1442836773, 1.04320048518, -3.98226610288, 0.00331375038066
4.21, 12.1045755577, 1.0432263225, -3.96518286964, 0.00294244283872
4.22, 12.0650365908, 1.04331326491, -3.94840867911, 0.0126613490028
4.23, 12.025664788, 1.0434656654, -3.93174709492, 0.0146310907363
4.24, 11.9864590587, 1.0435964016, -3.91520718696, 0.0091457060083
4.25, 11.9474174463, 1.04365239448, -3.89893415623, 0.00255707605075
4.26, 11.9085363701, 1.04369606593, -3.88308843983, 0.00626488170919
4.27, 11.8698114935, 1.04381165275, -3.86759102835, 0.0141730529997
4.28, 11.8312486154, 1.04396355496, -3.85085064809, 0.0130160776099
4.29, 11.7928519308, 1.04405382384, -3.83431677647, 0.00449803529808
4.3, 11.7546197322, 1.04408565686, -3.81779904463, 0.00274318887033
4.31, 11.716553921, 1.04415996012, -3.80095337865, 0.0107705167096
4.32, 11.6786596596, 1.04430755827, -3.78369107455, 0.0152069555687
4.33, 11.6409390504, 1.04443596562, -3.7662277151, 0.00845895819471
4.34, 11.6033941417, 1.04448247567, -3.74856168337, 0.00157954513998
4.35, 11.5660268869, 1.04452018585, -3.73070602834, 0.00607441271727
4.36, 11.5288390639, 1.04463769729, -3.71268736687, 0.0145241644344
4.37, 11.4918303761, 1.04479043901, -3.69484206921, 0.0127360130803
4.38, 11.4550011754, 1.04487299073, -3.67688213625, 0.0034344803753
4.39, 11.4183536384, 1.04489518908, -3.65846558222, 0.00204891818572
4.4, 11.3818900446, 1.04496781095, -3.64011632847, 0.0109858667456
4.41, 11.3456107581, 1.04511826462, -3.62164848039, 0.0153443237893
4.42, 11.3095164095, 1.0452428621, -3.60307193976, 0.00763421978809
4.43, 11.2736095035, 1.04527860927, -3.58417194393, 0.000501944547868
4.44, 11.2378921967, 1.04530994882, -3.56517537896, 0.0058881923177
4.45, 11.2023637346, 1.04542961162, -3.54634735615, 0.0148902213381
4.46, 11.1670243407, 1.04558286026, -3.52740665739, 0.012376779126
4.47, 11.1318733981, 1.04565662407, -3.50860916659, 0.00226025699578
4.48, 11.0969113132, 1.0456685321, -3.48972570394, 0.00133730408302
4.49, 11.0621373951, 1.04573979742, -3.47073170217, 0.0112550744409
4.5, 11.0275554751, 1.04587973287, -3.45156764474, 0.0146961892047
4.51, 10.9931633899, 1.04600912559, -3.43257674614, 0.008714048903
4.52, 10.9589631166, 1.04605280613, -3.41328392711, 0.000665402928003
4.53, 10.9249562994, 1.04607430845, -3.39395504224, 0.00409608502868
4.54, 10.8911418683, 1.04617511595, -3.37468465854, 0.0133789004071
4.55, 10.8575224111, 1.04632474767, -3.35506568772, 0.0129729642446
4.56, 10.8240998026, 1.04640925707, -3.33538939861, 0.00327394121607
4.57, 10.7908729768, 1.04642118208, -3.31590857272, 0.000344098963373
4.58, 10.7578406344, 1.04647428422, -3.2962392615, 0.00917198596145
4.59, 10.7250064516, 1.04660284565, -3.27651084126, 0.0134397140242
4.6, 10.6923686564, 1.04673333553, -3.25691503353, 0.00962983326985
4.61, 10.6599255847, 1.04678677196, -3.23760785549, 0.00125609508562
4.62, 10.6276758894, 1.04680297338, -3.21801133647, 0.00264378541263
4.63, 10.5956251971, 1.04688488365, -3.19804259851, 0.0115722486051
4.64, 10.5637728464, 1.04702631662, -3.17835034254, 0.0131186410925
4.65, 10.5321173903, 1.04712016444, -3.15859996682, 0.0044573071703
4.66, 10.5006606502, 1.0471364935, -3.13866216722, -0.000119244942694
4.67, 10.4694044319, 1.047174349, -3.11855299252, 0.00708348105285
4.68, 10.4383475297, 1.04729769198, -3.09856540728, 0.0140998782584
4.69, 10.4074914664, 1.0474272397, -3.07850912198, 0.00906260508125
4.7, 10.3768367016, 1.04747094558, -3.05835845158, 0.000116267993762
4.71, 10.3463823212, 1.04747853699, -3.03838632486, 0.00216189574113
4.72, 10.3161282511, 1.04756063544, -3.01834141905, 0.0118827734015
4.73, 10.2860752526, 1.04770393896, -2.99817909831, 0.0130102140842
4.74, 10.2562225875, 1.04779114291, -2.97825684165, 0.00339439273733
4.75, 10.2265719946, 1.047796232, -2.95781997123, -0.00107915968477
4.76, 10.1971244046, 1.04782989613, -2.93752771548, 0.00712095826934
4.77, 10.1678800409, 1.04794818599, -2.9169721441, 0.0111097598266
4.78, 10.1388396306, 1.04807224089, -2.89670605309, 0.00953675839298
4.79, 10.1100046602, 1.048124991, -2.87616676257, 0.000957428447367
4.8, 10.0813757088, 1.04813170376, -2.85559014984, 0.00116508971985
4.81, 10.0529508205, 1.04819641164, -2.83518591455, 0.00991026891421
4.82, 10.0247327262, 1.04832693313, -2.81440935019, 0.0125792208413
4.83, 9.99672268071, 1.04841977187, -2.79355160481, 0.00448736138601
4.84, 9.96891880609, 1.04843202097, -2.77298284206, -0.00104759996808
4.85, 9.9413225716, 1.0484546755, -2.75219643159, 0.00525878075351
4.86, 9.91393279076, 1.04856220055, -2.73170850645, 0.0129428731885
4.87, 9.88675033713, 1.0486870291, -2.71076474533, 0.00904498367505
4.88, 9.85977593121, 1.04873031136, -2.68993165161, -0.00021299552715
4.89, 9.83301048267, 1.04872750106, -2.66908730006, 0.000561933788405
4.9, 9.80645213473, 1.0487914721, -2.64853597378, 0.010175875885
4.91, 9.78009789785, 1.04892419861, -2.62796224108, 0.012556321543
4.92, 9.75395161343, 1.04901122135, -2.60725313013, 0.00347293324016
4.93, 9.72800903446, 1.04901187497, -2.58719793961, -0.00210806258652
4.94, 9.70226383877, 1.04902913194, -2.56778387061, 0.00519269760069
4.95, 9.67670898832, 1.04913138281, -2.54883493679, 0.0100008251091
4.96, 9.65133770268, 1.04925174498, -2.53105192204, 0.00963177283397
4.97, 9.62614337964, 1.04930467998, -2.5136685248, 0.000627475413908
4.98, 9.60111994142, 1.04930040352, -2.49687288738, -0.000522725877769
4.99, 9.57626091177, 1.04934651789, -2.48074053489, 0.00821048053734
5.0, 9.55155957571, 1.04946742309, -2.46542953546, 0.0122753779644
5.01, 9.52700688506, 1.04956165928, -2.45089326683, 0.00469554694514
5.02, 9.50259600884, 1.04957014259, -2.43704894273, -0.00206797726786
5.03, 9.47832013612, 1.04957630064, -2.42384660136, 0.00332810511156
5.04, 9.45417392606, 1.04966855869, -2.41113321626, 0.0119834029283
5.05, 9.43015188901, 1.04979179802, -2.39902299434, 0.00936946176606
5.06, 9.40624686375, 1.04983721282, -2.38766517362, -0.000399351500504
5.07, 9.38245318606, 1.04982432783, -2.3767566574, -0.00106560355688
5.08, 9.35876626205, 1.04987065289, -2.36627474289, 0.00861613039687
5.09, 9.33517919349, 1.0499841602, -2.35674264427, 0.0108896423162
5.1, 9.31168566994, 1.05007893049, -2.34756357289, 0.00559849868149
5.11, 9.2882805936, 1.05009849789, -2.33908255483, -0.00121906623135
5.12, 9.2649582102, 1.05010287972, -2.33097230522, 0.00224804408768
5.13, 9.24171417823, 1.05017900677, -2.32339270531, 0.0103411816427
5.14, 9.21854312351, 1.05029466023, -2.31635745094, 0.00952771710356
5.15, 9.19544081658, 1.05035029805, -2.3096402033, 0.000972043282048
5.16, 9.17240319385, 1.0503451367, -2.30339411684, -0.00110837913528
5.17, 9.14942625304, 1.05038041504, -2.29760284803, 0.0068920782228
5.18, 9.12650501546, 1.05049115666, -2.29214142804, 0.0116929676961
5.19, 9.10363705982, 1.05058594941, -2.28703960041, 0.00514064850163
5.2, 9.08081756737, 1.05059820315, -2.28241702169, -0.00199351715951
5.21, 9.05804130908, 1.05059870476, -2.27829135202, 0.00227237087421
5.22, 9.03530348123, 1.05067920513, -2.27474119937, 0.0109574004865
5.23, 9.0125984605, 1.05079856624, -2.27167384599, 0.00953845688729
5.24, 8.98992195179, 1.05084936244, -2.26909855476, 0.000183661190497
5.25, 8.96726932861, 1.05083727461, -2.26682869567, -0.00153531684508
5.26, 8.94463482331, 1.05087373903, -2.26548577101, 0.00740921831201
5.27, 8.92201130861, 1.05099065268, -2.26470039028, 0.0121769391395
5.28, 8.89938869977, 1.05108521873, -2.26515822426, 0.00467150094719
5.29, 8.8767590283, 1.05109020751, -2.26613759337, -0.00273412890961
5.3, 8.85411275006, 1.05108775161, -2.26844189374, 0.00243128682859
5.31, 8.83143286413, 1.05117417626, -2.27282236138, 0.0117232191647
5.32, 8.80870199676, 1.05129837577, -2.27846987444, 0.00962458882012
5.33, 8.78590605294, 1.05134492651, -2.28574058193, -0.000545794327219
5.34, 8.76303090896, 1.05132700363, -2.29519745303, -0.00180512988988
5.35, 8.74004910886, 1.05136679341, -2.30640213929, 0.00816557065933
5.36, 8.71694775186, 1.0514801357, -2.31919568468, 0.0111928585752
5.37, 8.69371070135, 1.05157975221, -2.33342216102, 0.00603864714643
5.38, 8.67032242377, 1.05160039431, -2.34905823504, -0.00145851384231
5.39, 8.64677287848, 1.05160009468, -2.36594532867, 0.00171877456222
5.4, 8.62304244466, 1.05167437687, -2.38480994609, 0.0105167906225
5.41, 8.59911847676, 1.0517961614, -2.40489543938, 0.0103507138301
5.42, 8.57498990637, 1.05185884919, -2.42559125591, 0.00140388791221
5.43, 8.5506508022, 1.05185401538, -2.44740655871, -0.00135785947429
5.44, 8.52608656083, 1.05188752388, -2.47022625961, 0.00692085555618
5.45, 8.50129208403, 1.05200376807, -2.49351158555, 0.0126261186915
5.46, 8.47625728916, 1.05210987062, -2.51820606663, 0.00622064377776
5.47, 8.45096895628, 1.05212920924, -2.54398140618, -0.00166973431971
5.48, 8.42541541627, 1.05213061696, -2.57127547475, 0.00231000805771
5.49, 8.39958851622, 1.05221542202, -2.59861623087, 0.0117879774127
5.5, 8.37348015998, 1.05234790507, -2.62773608446, 0.0110741047672
5.51, 8.34707564798, 1.05241257515, -2.6576407267, 0.00126054955917
5.52, 8.32036543589, 1.05240691831, -2.68872901731, -0.00118887881555
5.53, 8.29334405112, 1.05244798677, -2.72035314562, 0.008116196544
5.54, 8.26599978683, 1.05257775852, -2.75319586285, 0.013879033265
5.55, 8.23832207204, 1.05269132771, -2.78666967019, 0.00649588430882
5.56, 8.21030999008, 1.05271031805, -2.82014825226, -0.00176197312388
5.57, 8.18195596658, 1.05271514407, -2.85486499684, 0.00311889886517
5.58, 8.15324718505, 1.052812854, -2.89134893774, 0.0132925360402
5.59, 8.12417355847, 1.05294301567, -2.92782748026, 0.0118716472527
5.6, 8.09473410439, 1.05302597098, -2.96488872555, 0.0035872643369
5.61, 8.06491726743, 1.05303905838, -3.00288639501, -6.85594628858e-05
5.62, 8.03471527593, 1.05307980981, -3.04175788214, 0.00734090044889
5.63, 8.00412458626, 1.05320288181, -3.08085960277, 0.0137357764196
5.64, 7.97313819089, 1.0533271828, -3.12079190723, 0.00850853549391
5.65, 7.94174803361, 1.05336969521, -3.16133515721, 0.000398451462312
5.66, 7.90995280469, 1.05338524087, -3.20196416363, 0.00318330461818
5.67, 7.87774637899, 1.05347660841, -3.24357673066, 0.0125217521173
5.68, 7.84511964647, 1.05362280222, -3.28580469471, 0.0130417648097
5.69, 7.81206623626, 1.053712185, -3.32888322842, 0.00387816169616
5.7, 7.77858121806, 1.0537280874, -3.37243392167, 0.000394323563776
5.71, 7.74465760551, 1.05377865041, -3.41663356385, 0.00874066539343
5.72, 7.71028863047, 1.05391774934, -3.46126581506, 0.0152992188554
5.73, 7.67547458486, 1.05405330768, -3.50554911597, 0.00919816343146
5.74, 7.64021289217, 1.05409923563, -3.5506872272, 0.000622519868711
5.75, 7.60449978637, 1.0541203172, -3.59619222977, 0.00413843773082
5.76, 7.56833350716, 1.05422619983, -3.64119298587, 0.0142400900986
5.77, 7.5317223061, 1.05438792713, -3.68509665564, 0.0142663139069
5.78, 7.49467842899, 1.05448389778, -3.72776527359, 0.004149924259
5.79, 7.45721411351, 1.05450249707, -3.76922682893, 0.000883562426952
5.8, 7.41934113522, 1.05456368708, -3.80953195156, 0.0102626730797
5.81, 7.38107079551, 1.05471149549, -3.84846510197, 0.0134786374976
5.82, 7.34241421105, 1.05485429105, -3.88681407494, 0.011006602461
5.83, 7.3033822658, 1.05492334369, -3.92382912762, 0.00292599117898
5.84, 7.2639855706, 1.05495800863, -3.95979964899, 0.00454778454797
5.85, 7.22423429294, 1.0550594936, -3.99477229847, 0.0134901913969
5.86, 7.18413826436, 1.05522020982, -4.02877324142, 0.0150216009782
5.87, 7.14370716699, 1.05533433909, -4.06181429502, 0.00656947200676
5.88, 7.10295051712, 1.05537380118, -4.09391723182, 0.00229508260911
5.89, 7.06187747385, 1.0554369129, -4.12512074135, 0.00960817825497
5.9, 7.02049680373, 1.05558547916, -4.15546247478, 0.0165644849612
5.91, 6.9788170852, 1.05574014052, -4.18495222639, 0.0116003223047
5.92, 6.93684680824, 1.05581101227, -4.2136028425, 0.00294616841291
5.93, 6.89459423484, 1.05584858902, -4.24144064484, 0.00521458118726
5.94, 6.85206723309, 1.0559615044, -4.26850788468, 0.0149106621073
5.95, 6.80927340323, 1.05613499405, -4.29482290659, 0.0159993301604
5.96, 6.76622027245, 1.05625327707, -4.32039044032, 0.00658970696368
5.97, 6.72291526388, 1.05629225144, -4.34522660805, 0.00240929809632
5.98, 6.67936548321, 1.05636175683, -4.36936643596, 0.0106967226523
5.99, 6.63557769098, 1.05652345794, -4.39284246801, 0.0178551327667
6.0, 6.59155852686, 1.05668621357, -4.41565708358, 0.0119369253139
6.01, 6.54731460476, 1.05675631244, -4.43781801979, 0.00272410715954
6.02, 6.50285235096, 1.05679498573, -4.4593475719, 0.00575176871103
6.03, 6.45817782792, 1.05691840653, -4.4802854225, 0.0162454589818
6.04, 6.41329689208, 1.05708870594, -4.5006409144, 0.0167248681815
6.05, 6.3682153737, 1.05722363517, -4.52041970984, 0.00866934116981
6.06, 6.32293901671, 1.05727782989, -4.53963086922, 0.00313367318142
6.07, 6.27747335147, 1.05734328927, -4.55829926002, 0.00960565029482
6.08, 6.23182364988, 1.05749583633, -4.57644708846, 0.017521618471
6.09, 6.18599517142, 1.0576672123, -4.59406546724, 0.0136901624934
6.1, 6.13999328258, 1.05775690452, -4.61114804974, 0.00438593380324
6.11, 6.0938233117, 1.05780051748, -4.62770409791, 0.00522877061614
6.12, 6.04749033712, 1.05791249626, -4.64376292246, 0.0150556850875
6.13, 6.00099927102, 1.0580951932, -4.65933404967, 0.0175845440573
6.14, 5.95435506967, 1.05823266972, -4.67440845661, 0.00847544436189
6.15, 5.90756274158, 1.05828330948, -4.6889864633, 0.00286833800917
6.16, 5.8606271537, 1.05835119364, -4.70308579159, 0.0103130993128
6.17, 5.81355293994, 1.05851385247, -4.71672163019, 0.0185767315864
6.18, 5.76634498792, 1.05867760609, -4.72984842055, 0.0144161294119
6.19, 5.71900856405, 1.05878209966, -4.74244271762, 0.00611497566766
6.2, 5.67154903217, 1.05883606291, -4.75450382259, 0.00541819222379
6.21, 5.6239715343, 1.05893981594, -4.76606439661, 0.0136904817766
6.22, 5.57628090961, 1.05911228604, -4.777153179, 0.0172307892079
6.23, 5.52848182664, 1.05925750268, -4.78778296569, 0.0100214292141
6.24, 5.48057879473, 1.05932368074, -4.79797420116, 0.00399183150632
6.25, 5.43257600585, 1.059391117, -4.80776065137, 0.00932800714003
6.26, 5.38447726716, 1.05953968758, -4.81718029655, 0.0172815007246
6.27, 5.33628619388, 1.05971451465, -4.82624256257, 0.0145497739955
6.28, 5.28800635732, 1.05981557014, -4.83495335968, 0.00551477557635
6.29, 5.23964119984, 1.05986498289, -4.8433290641, 0.0052582819584
6.3, 5.1911938653, 1.05997215538, -4.85140211585, 0.0143765352477
6.31, 5.14266727484, 1.06015149284, -4.85918876169, 0.017721154652
6.32, 5.09406433101, 1.06029630464, -4.86668558097, 0.00955297929895
6.33, 5.04538793543, 1.06035582872, -4.87389809036, 0.00337217297808
6.34, 4.99664080391, 1.06042165688, -4.88084760332, 0.0096104056966
6.35, 4.94782538697, 1.0605764592, -4.88756103807, 0.0179986918988
6.36, 4.89894406078, 1.06075480629, -4.89403630215, 0.0144748906918
6.37, 4.84999925462, 1.06085026752, -4.90027083955, 0.00470687866526
6.38, 4.80099333908, 1.06089358377, -4.90627434297, 0.0049942736967
6.39, 4.75192843633, 1.06100360396, -4.91207501026, 0.0150239821868
6.4, 4.70280650459, 1.06118916037, -4.9176827576, 0.0181078998778
6.41, 4.6536295441, 1.0613320521, -4.92308869201, 0.00890547720932
6.42, 4.60439959987, 1.06138332138, -4.92829426723, 0.00262698432482
6.43, 4.55511855842, 1.06144691165, -4.93331810985, 0.00987326760655
6.44, 4.50578806744, 1.06159977732, -4.93795141108, 0.015350122681
6.45, 4.45640978395, 1.06177727502, -4.9428827481, 0.0154492193817
6.46, 4.40698538097, 1.06188602876, -4.94741451818, 0.00587791435197
6.47, 4.35751654381, 1.06193057126, -4.95178202572, 0.00414084469744
6.48, 4.30800476561, 1.06202494435, -4.95600749784, 0.0132962534869
6.49, 4.25845138085, 1.06220145947, -4.96010274281, 0.0181424915925
6.5, 4.20885776481, 1.06235473447, -4.96405740205, 0.0104298190575
6.51, 4.15922537063, 1.06241618454, -4.96786907784, 0.0028506364373
6.52, 4.10955555467, 1.06247005303, -4.97155005913, 0.00813766431494
6.53, 4.05984946385, 1.06261468834, -4.97512308459, 0.0176097805207
6.54, 4.01010820556, 1.06279745566, -4.97858303126, 0.015405509336
6.55, 3.96033299056, 1.06290026349, -4.98192104405, 0.00496122041908
6.56, 3.9105250449, 1.06293687587, -4.98513966601, 0.00365661697911
6.57, 3.86068540919, 1.06303229949, -4.98826084743, 0.0138244820974
6.58, 3.81081499014, 1.06320078047, -4.99129170841, 0.01776585994
6.59, 3.76091476891, 1.06336179955, -4.99422427314, 0.0118086104329
6.6, 3.71098577855, 1.06343385873, -4.99705321075, 0.00324735316552
6.61, 3.66102901689, 1.06347984781, -4.99978593651, 0.0065232654387
6.62, 3.61104529497, 1.06360758855, -5.00244366329, 0.0163210755323
6.63, 3.56103536725, 1.06378927866, -5.00502442026, 0.0162752438056
6.64, 3.51100009003, 1.06390554976, -5.00751730016, 0.00623219165501
6.65, 3.46094037099, 1.06394440491, -5.00992163284, 0.00285651947489
6.66, 3.41085697478, 1.06402344862, -5.01225462852, 0.0119199894828
6.67, 3.36075052042, 1.06418266159, -5.01452667353, 0.0167245815724
6.68, 3.31062169902, 1.0643472097, -5.01672967561, 0.0129787810816
6.69, 3.26047125424, 1.06443146152, -5.01885665757, 0.00406378429465
6.7, 3.21029993467, 1.06447412824, -5.02091131939, 0.00525029787864
6.71, 3.1601083299, 1.06458475679, -5.02291223468, 0.0147043929616
6.72, 3.10989695617, 1.06476046611, -5.02486114642, 0.0166655651534
6.73, 3.05966641896, 1.0648885565, -5.02674647119, 0.00765387601608
6.74, 3.00941739784, 1.06493386746, -5.02856521825, 0.00257260607602
6.75, 2.95915047145, 1.06499938772, -5.03032988215, 0.0100108411068
6.76, 2.90886607286, 1.06515574407, -5.03205480752, 0.0176573572161
6.77, 2.85856466458, 1.06532181696, -5.03372967336, 0.0126307267588
6.78, 2.80824682378, 1.06539815957, -5.03534638409, 0.00308320335671
6.79, 2.75791312147, 1.06543387814, -5.03690803808, 0.00495320175778
6.8, 2.707563967, 1.06554691627, -5.03843383955, 0.0152646038995
6.81, 2.65719971248, 1.06571314057, -5.03992182576, 0.0160194061642
6.82, 2.60682081841, 1.06584618757, -5.04136384805, 0.00881758756186
6.83, 2.55642778274, 1.06590178145, -5.0427556882, 0.00308724964363
6.84, 2.50602104979, 1.06596133016, -5.04410585426, 0.00857539335361
6.85, 2.45560093378, 1.06610097855, -5.04542797516, 0.0162310731952
6.86, 2.40516775668, 1.06626333606, -5.04671510876, 0.0131981895071
6.87, 2.35472194209, 1.06635133495, -5.04795875393, 0.00432096170866
6.88, 2.30426393086, 1.066390681, -5.04915975893, 0.00438273078242
6.89, 2.25379403588, 1.06648898221, -5.05033343813, 0.0134061387303
6.9, 2.20331249963, 1.06665640219, -5.05148293599, 0.0163548405208
6.91, 2.15281964537, 1.06678665511, -5.05259697299, 0.00810974095189
6.92, 2.10231587935, 1.06683345588, -5.05367095734, 0.00227015365879
6.93, 2.05180153867, 1.06688951184, -5.05471375769, 0.008665653405
6.94, 2.00127683086, 1.06703332193, -5.05573903969, 0.0167255349398
6.95, 1.95074198326, 1.06719691929, -5.05673840264, 0.0128966398933
6.96, 1.9001973333, 1.06727728156, -5.0577029855, 0.00332853305441
6.97, 1.849643234, 1.06730890255, -5.05863345973, 0.00396435565058
6.98, 1.7990799048, 1.06740843965, -5.0595459581, 0.0138784599922
6.99, 1.74850750238, 1.06758017006, -5.06044244482, 0.0165408044363
7.0, 1.69792627527, 1.06770659608, -5.06131088736, 0.00728577430095
7.01, 1.64733655788, 1.06774365497, -5.06214641824, 0.00139463344713
7.02, 1.59673860876, 1.06779623882, -5.06295850337, 0.00879994523134
7.03, 1.54613255691, 1.06794470299, -5.06376079907, 0.0172505004134
7.04, 1.49551857232, 1.06809568269, -5.06454177325, 0.0131033800237
7.05, 1.44489691736, 1.06818556001, -5.06529725366, 0.00452474595273
7.06, 1.3942678658, 1.06822245224, -5.0660255944, 0.00367131370263
7.07, 1.34363159479, 1.06830936323, -5.06673923138, 0.0120988669264
7.08, 1.29298821336, 1.068466858, -5.06744238912, 0.0157817308053
7.09, 1.24233789843, 1.0685968325, -5.06812502291, 0.00839749660768
7.1, 1.19168090907, 1.06864514663, -5.06878186445, 0.00210109873321
7.11, 1.1410174581, 1.06869350778, -5.06941909296, 0.00746714359594
7.12, 1.09034764399, 1.06882469501, -5.07004930936, 0.015645521768
7.13, 1.03967157477, 1.06898339677, -5.07066632236, 0.0129057365619
7.14, 0.988989457563, 1.06906650056, -5.07126136836, 0.00358635712202
7.15, 0.938301526944, 1.06909556245, -5.0718336052, 0.00319326389836
7.16, 0.887607908278, 1.06918296043, -5.07239631645, 0.0125082678922
7.17, 0.83690866372, 1.06934470815, -5.0729530196, 0.0160134006492
7.18, 0.786203931829, 1.06947164184, -5.07349305189, 0.00765582021823
7.19, 0.73549393509, 1.06951054318, -5.07401096652, 0.00120559649449
7.2, 0.684778843313, 1.06955471797, -5.07451344199, 0.0075074690923
7.21, 0.634058710369, 1.06968993603, -5.07501333411, 0.0161534752017
7.22, 0.583333608522, 1.06985008275, -5.07550337537, 0.0126163758879
7.23, 0.532603714227, 1.06992534878, -5.07597469697, 0.00254572256822
7.24, 0.481869228325, 1.06994605072, -5.07642640271, 0.00271204505728
7.25, 0.431130235751, 1.07003435438, -5.07687267807, 0.0129776594306
7.26, 0.380386766205, 1.07018672114, -5.07731469432, 0.0154443599854
7.27, 0.329638936804, 1.07031941095, -5.07774478435, 0.00886348932789
7.28, 0.278886915636, 1.07036807885, -5.07815703128, 0.00159120750312
7.29, 0.228130852998, 1.07040467666, -5.07855523977, 0.00592348460651
7.3, 0.177370791823, 1.07052260499, -5.07895181022, 0.0147535910141
7.31, 0.126606771698, 1.0706799518, -5.07934272571, 0.0132924516
7.32, 0.0758389232085, 1.0707672876, -5.07971917885, 0.00374534438202
