timestamp, prius1 x posi, prius1 y posi, prius1 x vel, prius1 y vel.
0.0, 0.0, 0.0, 0.0, 0.0
0.01, 25.0598255998, 0.999890893722, -0.128106759786, -0.00447570923369
0.02, 25.0584884962, 0.99982567171, -0.143840063818, -0.00487336724124
0.03, 25.0569913023, 0.999819605103, -0.160149685915, 0.00459420418923
0.04, 25.0553287, 0.999889676833, -0.177030359461, 0.00827231938404
0.05, 25.0534906086, 0.999925929695, -0.195032079088, -6.00603091789e-05
0.06, 25.0514705916, 0.999873905981, -0.213416602696, -0.00654229201472
0.07, 25.0492643629, 0.999827296279, -0.232416252065, -0.000168743105748
0.08, 25.0468617478, 0.999873315284, -0.25249341306, 0.00868717048228
0.09, 25.0442566751, 0.999945922403, -0.272909608304, 0.00525260474591
0.1, 25.0414448742, 0.999933936839, -0.294050575859, -0.00483674472846
0.11, 25.0384163582, 0.999867109034, -0.31599433798, -0.00466961262262
0.12, 25.0351668234, 0.999868856164, -0.338248106471, 0.00576916326518
0.13, 25.0316932527, 0.99993715756, -0.360790370109, 0.00800311151266
0.14, 25.0279922362, 0.99998364877, -0.384031326979, 0.00174277820771
0.15, 25.0240485709, 0.999949736312, -0.408945914339, -0.00514874351911
0.16, 25.0198550416, 0.999905864494, -0.434014182915, -0.000786372535382
0.17, 25.0154093623, 0.999941955301, -0.459518249909, 0.00783836033229
0.18, 25.0107024598, 1.00001634332, -0.486266358834, 0.00640706404774
0.19, 25.0057235331, 1.00002321192, -0.513694742072, -0.00274962737023
0.2, 25.0004693345, 0.999969505457, -0.541355582169, -0.00425432423195
0.21, 24.994937694, 0.999965345917, -0.56932281704, 0.0046767438716
0.22, 24.9891211858, 1.00004064364, -0.598139459044, 0.00933464094917
0.23, 24.9830163542, 1.00009355743, -0.626970381849, 0.00193996534127
0.24, 24.9766222446, 1.00005921318, -0.656153411004, -0.00518336757215
0.25, 24.9699316937, 1.00001920557, -0.686021975617, 4.1033748429e-05
0.26, 24.9629419476, 1.00006753506, -0.716026482175, 0.00922188532384
0.27, 24.9556509511, 1.00015274398, -0.746500044658, 0.00710166395469
0.28, 24.9480509774, 1.0001615344, -0.777720249735, -0.0028430354254
0.29, 24.9401338574, 1.00010812088, -0.809772299456, -0.00392444085551
0.3, 24.9318965742, 1.00011287596, -0.841725345286, 0.00598309325672
0.31, 24.9233391241, 1.0002020281, -0.873961187074, 0.0105669513285
0.32, 24.9144548365, 1.00026164829, -0.906899351419, 0.0021326452159
0.33, 24.9052412867, 1.00022652873, -0.939835819409, -0.00524929477389
0.34, 24.895698552, 1.00019080145, -0.972761824153, 0.000975667804521
0.35, 24.8858211199, 1.00024803872, -1.0068790865, 0.00592005506594
0.36, 24.8756061768, 1.00033687155, -1.04041196662, 0.00875710077713
0.37, 24.8650530138, 1.00036738928, -1.07424818312, -0.0006972488314
0.38, 24.8541617791, 1.00032555849, -1.10814936829, -0.00375416665292
0.39, 24.8429272326, 1.00032350856, -1.14271571416, 0.00500603552048
0.4, 24.8313473945, 1.00041014982, -1.17722489178, 0.0112349623583
0.41, 24.8194225586, 1.00048768567, -1.21183408777, 0.00455180861716
0.42, 24.8071477564, 1.00047331115, -1.24689797666, -0.00388941337415
0.43, 24.7945173951, 1.00043847416, -1.28285171904, 0.000179481782365
0.44, 24.7815327366, 1.000491802, -1.31821919854, 0.010322273239
0.45, 24.7681901333, 1.0005972402, -1.35437076271, 0.00974074798995
0.46, 24.7544821249, 1.00063207683, -1.39113783304, -0.000618775757955
0.47, 24.740407383, 1.00059132366, -1.42772012133, -0.00340196385968
0.48, 24.7259670204, 1.00059853758, -1.46441605043, 0.00638537412247
0.49, 24.7111558575, 1.00068988889, -1.50168995594, 0.0103194983871
0.5, 24.6959727748, 1.00077666957, -1.53881925427, 0.00645169440887
0.51, 24.6804191217, 1.00078444408, -1.57592592503, -0.00185755682644
0.52, 24.6644851016, 1.00075957315, -1.61467045558, 0.000226396233074
0.53, 24.6481652681, 1.00080671061, -1.65315581239, 0.00957627639075
0.54, 24.6314610792, 1.00091310409, -1.69157688809, 0.0107704232784
0.55, 24.6143736348, 1.00096777053, -1.72993123077, 0.00181108093938
0.56, 24.5968990741, 1.00094616798, -1.76880487174, -0.00227336160471
0.57, 24.5790367056, 1.00095311672, -1.80752522343, 0.00563347370912
0.58, 24.5607881785, 1.00104901378, -1.84606534809, 0.0126336959365
0.59, 24.5421500401, 1.00114755142, -1.88534783199, 0.00710265496518
0.6, 24.52312055, 1.00115792678, -1.92436796366, -0.00173858524952
0.61, 24.5037008127, 1.00113728823, -1.96363999171, 0.00105046113853
0.62, 24.4838856127, 1.0011977042, -2.00333983222, 0.0111905154156
0.63, 24.4636647915, 1.00131877532, -2.04452473973, 0.011924841815
0.64, 24.4430338493, 1.00137931249, -2.08547010662, 0.00200357900827
0.65, 24.4219950426, 1.00135918616, -2.12620723384, -0.00193543265667
0.66, 24.4005462055, 1.00137515924, -2.16742691971, 0.00701111208977
0.67, 24.3786835583, 1.00147652527, -2.20882928085, 0.0118576904257
0.68, 24.3564092148, 1.00158614796, -2.24981143451, 0.00919310890164
0.69, 24.3337230779, 1.00162002419, -2.29122458988, 0.000364335175069
0.7, 24.3106223288, 1.0016093628, -2.33263512227, 0.00106188240138
0.71, 24.2871100004, 1.00166351405, -2.37359577747, 0.0104852715697
0.72, 24.2631904909, 1.00178673813, -2.41426745042, 0.0131297758759
0.73, 24.2388609691, 1.00186898843, -2.4553395408, 0.00459268097784
0.74, 24.2141239435, 1.00186868993, -2.4957944304, -0.000817089176152
0.75, 24.1889816033, 1.00188388795, -2.53647460249, 0.00621156178792
0.76, 24.1634329722, 1.00199021442, -2.57688813984, 0.0142941934852
0.77, 24.1374831863, 1.00211326351, -2.61686416114, 0.0100098539781
0.78, 24.1111361838, 1.00215063776, -2.65638033663, 0.00049231215085
0.79, 24.0843906, 1.00214366313, -2.69644172128, 0.0018010006828
0.8, 24.057247593, 1.00221067356, -2.73592154668, 0.0121119963165
0.81, 24.0297122563, 1.00234943682, -2.77495216029, 0.0144120020993
0.82, 24.0017893948, 1.00243867248, -2.81355108567, 0.00484812482877
0.83, 23.9734773098, 1.00243963424, -2.85269680285, -0.000571934395978
0.84, 23.9447743467, 1.00246278198, -2.89164507302, 0.00749308663546
0.85, 23.9156845625, 1.00258010491, -2.93035556417, 0.0110386200274
0.86, 23.8862092845, 1.00270640528, -2.96875431234, 0.0115984661335
0.87, 23.8563509706, 1.00276592476, -3.00670459242, 0.00279397511949
0.88, 23.8261165031, 1.00277334856, -3.04401274196, 0.00230551065471
0.89, 23.7955120875, 1.002836196, -3.08083559903, 0.011288924009
0.9, 23.7645387159, 1.00297250697, -3.1176496096, 0.0149816819427
0.91, 23.7332005567, 1.00307873378, -3.15382153425, 0.00722659235541
0.92, 23.7015035933, 1.00310145286, -3.18956006478, 0.000998769399455
0.93, 23.6694484034, 1.00312812291, -3.22531795674, 0.00694090528302
0.94, 23.6370387859, 1.00324274487, -3.26047167819, 0.0154547598683
0.95, 23.6042805657, 1.00338450354, -3.29511133418, 0.0124071776414
0.96, 23.5711747491, 1.00344727438, -3.32983124709, 0.00285991414326
0.97, 23.5377250473, 1.00345711063, -3.36402845558, 0.0028677987255
0.98, 23.5039359664, 1.00353096504, -3.39769677936, 0.0127475772099
0.99, 23.4698127717, 1.00368177477, -3.43093870404, 0.0162115633446
1.0, 23.435358083, 1.00379474867, -3.46388831027, 0.00745273961357
1.01, 23.4005764045, 1.00381783948, -3.49639665056, 0.00109452249268
1.02, 23.3654723366, 1.00385042286, -3.52843711248, 0.00799912133198
1.03, 23.3300483207, 1.00397917873, -3.56032600472, 0.0169575939881
1.04, 23.2943080084, 1.00413210938, -3.5917181264, 0.0130704303493
1.05, 23.2582561733, 1.00419648999, -3.6226577234, 0.00276236712911
1.06, 23.2218974609, 1.00420751639, -3.65313542266, 0.00335125265109
1.07, 23.18523398, 1.00429204274, -3.68362763483, 0.0141941323016
1.08, 23.1482659255, 1.0044422893, -3.71400241126, 0.0169410798715
1.09, 23.1109962126, 1.00457315072, -3.74406700788, 0.00974631944067
1.1, 23.0734266665, 1.0046145354, -3.77380025314, 0.00215488056199
1.11, 23.0355621729, 1.00464587624, -3.80313339151, 0.00710109336512
1.12, 22.9974057474, 1.00476643281, -3.83229568011, 0.0166551345664
1.13, 22.958958082, 1.00492867077, -3.8614065314, 0.0149583484111
1.14, 22.9202181342, 1.00501534011, -3.89061020957, 0.00478315575676
1.15, 22.8811886074, 1.0050352016, -3.91939082011, 0.00318804081192
1.16, 22.8418723566, 1.00511078763, -3.94785532864, 0.0131528278137
1.17, 22.8022707345, 1.00526104236, -3.97652801356, 0.0170491814675
1.18, 22.7623846208, 1.00540573195, -4.00474493157, 0.0118749761797
1.19, 22.7222188006, 1.00546745597, -4.03259073673, 0.00366658684869
1.2, 22.6817751831, 1.00550197226, -4.06023023858, 0.00649422520587
1.21, 22.6410570168, 1.0056133903, -4.08743997726, 0.0159549647604
1.22, 22.6000696096, 1.00577976004, -4.11413207751, 0.0163815213932
1.23, 22.5588184248, 1.00588752515, -4.14021598426, 0.00700791401775
1.24, 22.5173088366, 1.00592056785, -4.16580885867, 0.00350532639179
1.25, 22.4755465088, 1.00598925844, -4.19076771674, 0.0120030914975
1.26, 22.4335374209, 1.00614735948, -4.21518038719, 0.0185551414007
1.27, 22.3912874605, 1.00630032326, -4.23895836755, 0.012196241323
1.28, 22.34880303, 1.00636141554, -4.26209824898, 0.00347937533111
1.29, 22.3060902599, 1.00639767702, -4.28462593238, 0.00710011048885
1.3, 22.2631555624, 1.00652018417, -4.30651457464, 0.0173180461908
1.31, 22.2200054922, 1.00668342704, -4.32771821602, 0.0167264101127
1.32, 22.1766466397, 1.00680528879, -4.34828275863, 0.00899330538401
1.33, 22.1330853371, 1.00685544576, -4.36821419277, 0.00459190094444
1.34, 22.0893280634, 1.00692362848, -4.38751412394, 0.0111364819399
1.35, 22.0453807068, 1.00707202622, -4.40624631263, 0.0179348551355
1.36, 22.001248901, 1.00723005577, -4.4244130064, 0.0136395231694
1.37, 21.956938452, 1.00731043734, -4.44199508292, 0.00535116597397
1.38, 21.9124548842, 1.0073555585, -4.45905397314, 0.00699685409236
1.39, 21.8678033253, 1.00746870701, -4.4756072669, 0.0160877493297
1.4, 21.822988936, 1.00764154102, -4.49163902079, 0.0175499273416
1.41, 21.7780167435, 1.0077659339, -4.50717808141, 0.00885141888756
1.42, 21.7328916432, 1.00781380844, -4.52222665499, 0.00448920609538
1.43, 21.6876185308, 1.00788587869, -4.53679977469, 0.0119447628726
1.44, 21.6422020804, 1.00804478972, -4.55091565233, 0.0189827786884
1.45, 21.5966466743, 1.00820901407, -4.56460034041, 0.0138132993022
1.46, 21.550956658, 1.00828713324, -4.57783624163, 0.00496363422584
1.47, 21.5051366932, 1.00833131915, -4.5906168721, 0.00728864782497
1.48, 21.459191076, 1.00845240607, -4.60298395454, 0.0171640567001
1.49, 21.413123694, 1.00863462649, -4.61497844677, 0.0181769559416
1.5, 21.3669383289, 1.00875966891, -4.62658268004, 0.00851308173449
1.51, 21.3206389795, 1.00880360739, -4.63779303792, 0.00426426805851
1.52, 21.2742293104, 1.00887892394, -4.64865108485, 0.0127261641495
1.53, 21.2277128912, 1.00903760428, -4.65915716321, 0.0176675320086
1.54, 21.1810932814, 1.00920700437, -4.66930532112, 0.0152747608509
1.55, 21.1343738732, 1.0093021296, -4.67912530397, 0.00640191167934
1.56, 21.0875578834, 1.00934976798, -4.68863005749, 0.0066591307909
1.57, 21.0406483377, 1.00945843905, -4.69784697458, 0.015850426392
1.58, 20.9936482905, 1.00963661035, -4.70673660381, 0.0187345947033
1.59, 20.9465609867, 1.00977648385, -4.71530923796, 0.0103821812735
1.6, 20.8993894237, 1.00983298588, -4.7235915562, 0.00466363865695
1.61, 20.8521365506, 1.00990074505, -4.73158933709, 0.0112779394813
1.62, 20.80480498, 1.01005770805, -4.7393382282, 0.0193912752045
1.63, 20.7573971975, 1.01023368544, -4.74683622569, 0.0154127873939
1.64, 20.7099157692, 1.01032551032, -4.75406629199, 0.00584188579269
1.65, 20.6623634349, 1.01036981704, -4.76103281897, 0.00668332656438
1.66, 20.6147425616, 1.01048415983, -4.76778401199, 0.0167622183452
1.67, 20.5670552973, 1.0106708913, -4.77431127621, 0.019332422844
1.68, 20.5193040878, 1.01081095884, -4.78057890637, 0.00995512937806
1.69, 20.4714915073, 1.01086172144, -4.78659638003, 0.00419413612974
1.7, 20.4236197487, 1.01093011855, -4.79242376252, 0.0118235758333
1.71, 20.3756906241, 1.01109105051, -4.79828354641, 0.0155901814666
1.72, 20.3277069297, 1.01126376596, -4.8034411774, 0.016300963899
1.73, 20.2796698991, 1.01137020948, -4.80862816846, 0.0073605290091
1.74, 20.2315825875, 1.01142122437, -4.81349243597, 0.00645182600485
1.75, 20.1834491974, 1.01152462978, -4.81787943237, 0.015301584844
1.76, 20.1352737992, 1.01170253041, -4.82188725208, 0.019243081223
1.77, 20.0870604453, 1.01185245196, -4.82527961409, 0.0115747484262
1.78, 20.0388229903, 1.01191719319, -4.8269710758, 0.00499039129919
1.79, 19.9905713442, 1.01198183601, -4.82812214751, 0.0105861269634
1.8, 19.9423120124, 1.01213338674, -4.82835431986, 0.0192073720716
1.81, 19.8940560048, 1.01231445049, -4.82741971927, 0.0164065101297
1.82, 19.8458181292, 1.01241690348, -4.82499250328, 0.00667933668908
1.83, 19.7976073241, 1.01246265064, -4.82198552512, 0.0062285981846
1.84, 19.7494293544, 1.01256927012, -4.8183469687, 0.0159900449634
1.85, 19.7012930866, 1.01274117546, -4.81381857233, 0.0185594307494
1.86, 19.6532044234, 1.01289692213, -4.80891807656, 0.0128878806993
1.87, 19.6051686265, 1.01297445934, -4.80302458424, 0.00580725863684
1.88, 19.5572021038, 1.01303603868, -4.7953394496, 0.00938107319742
1.89, 19.5093134354, 1.01317208405, -4.78739158087, 0.0178026103258
1.9, 19.4615054225, 1.01334937009, -4.7791592214, 0.0169723836555
1.91, 19.4137829406, 1.01346439121, -4.77033471541, 0.00808105618809
1.92, 19.3661509307, 1.01351603342, -4.76110529542, 0.00589086232406
1.93, 19.3186126416, 1.01360948005, -4.75168283899, 0.0141882622711
1.94, 19.2711687705, 1.01378129281, -4.74214001841, 0.0191849390999
1.95, 19.2238224399, 1.01393656606, -4.73224400742, 0.0123697646271
1.96, 19.1765746962, 1.01400599636, -4.72240868404, 0.00494653525265
1.97, 19.1294250524, 1.01406293748, -4.71255486038, 0.00934118901404
1.98, 19.0823747241, 1.01420278855, -4.70260995121, 0.0183635521752
1.99, 19.0354237622, 1.01438299273, -4.69270300793, 0.0168844303086
2.0, 18.9885710831, 1.01449194501, -4.68294543346, 0.00715870548733
2.01, 18.9418152733, 1.01453528293, -4.67330539376, 0.00533341481868
2.02, 18.8951556582, 1.01462870828, -4.66372883707, 0.0145976064839
2.03, 18.8485910022, 1.01480556427, -4.65429437547, 0.0195513669962
2.04, 18.8021204257, 1.01495916103, -4.64492014933, 0.0117367899153
2.05, 18.7557430675, 1.01501945791, -4.63564973918, 0.00401682244918
2.06, 18.709457694, 1.015071548, -4.62652268938, 0.0093248746887
2.07, 18.6632626313, 1.0152156184, -4.61759804577, 0.0189650525629
2.08, 18.6171556992, 1.0153847046, -4.60887580639, 0.0170160449584
2.09, 18.5711352841, 1.01550313087, -4.60030097316, 0.00842174433491
2.1, 18.5251995891, 1.01555315611, -4.59192430643, 0.00521624105295
2.11, 18.4793466197, 1.01563528908, -4.58374176286, 0.0128899237085
2.12, 18.433574762, 1.01579781464, -4.5757114424, 0.0187329859284
2.13, 18.3878822239, 1.01595453284, -4.56786899736, 0.0128534565686
2.14, 18.3422672576, 1.0160270987, -4.56018070319, 0.004895249212
2.15, 18.2967283742, 1.01607688029, -4.55265822457, 0.00816240802699
2.16, 18.2512637675, 1.01620450669, -4.54532239208, 0.0173663750045
2.17, 18.205871621, 1.01638138329, -4.53815376931, 0.0171067068384
2.18, 18.1605505497, 1.01649526622, -4.53109905763, 0.00761589567452
2.19, 18.1152993701, 1.01653736579, -4.52417842194, 0.0046417478881
2.2, 18.0701165225, 1.01661917314, -4.51743114157, 0.0132872192265
2.21, 18.0250004961, 1.01678731907, -4.5108131744, 0.0192184798136
2.22, 17.9799500594, 1.01694389956, -4.50430783148, 0.0123757625028
2.23, 17.9349639717, 1.01700830625, -4.49793534756, 0.00400294746716
2.24, 17.8900408557, 1.0170530946, -4.49171155283, 0.00811150853344
2.25, 17.8451792187, 1.01718498202, -4.48563282462, 0.0180245092071
2.26, 17.8003778169, 1.01735195298, -4.47966581241, 0.0174036877615
2.27, 17.7556354328, 1.01747683873, -4.47382292933, 0.00899372895094
2.28, 17.7109508731, 1.01752599834, -4.46809093263, 0.00450361055244
2.29, 17.6663231296, 1.01759615096, -4.46246472564, 0.0115627369263
2.3, 17.621750962, 1.01775051848, -4.45696816353, 0.0185210881415
2.31, 17.5772333096, 1.01791180201, -4.45156306738, 0.0136526356121
2.32, 17.5327691638, 1.01798943312, -4.44625948238, 0.00491047562924
2.33, 17.4883576659, 1.01803157685, -4.44103472757, 0.00689101448147
2.34, 17.4439977793, 1.01814686131, -4.43593496067, 0.0164670963121
2.35, 17.3996883175, 1.01832285415, -4.43093872708, 0.0176577252952
2.36, 17.3554284631, 1.01844462227, -4.42601524464, 0.00828462435796
2.37, 17.3112175474, 1.01848598109, -4.42115147521, 0.00388330065545
2.38, 17.2670547098, 1.0185552647, -4.41639231855, 0.0119317210711
2.39, 17.2229390719, 1.01871578443, -4.41171702345, 0.0191272698755
2.4, 17.1788696937, 1.01887847918, -4.40713302195, 0.0133246538023
2.41, 17.1348457333, 1.01894872669, -4.40262911149, 0.00402391406985
2.42, 17.0908663628, 1.01898532951, -4.39820303725, 0.00676463454951
2.43, 17.0469310725, 1.01910464873, -4.39382831899, 0.0171688797919
2.44, 17.0030390309, 1.01927174926, -4.38954932303, 0.0174402922538
2.45, 16.9591894439, 1.01940157513, -4.385316699, 0.00963177642399
2.46, 16.9153820895, 1.01945326588, -4.38111660984, 0.00428505767485
2.47, 16.8716162818, 1.01951561738, -4.37700749777, 0.0104831006619
2.48, 16.8278911152, 1.0196612552, -4.37298197179, 0.0180326504138
2.49, 16.7842059731, 1.01982409145, -4.36899867991, 0.0142464786182
2.5, 16.7405604748, 1.01990775785, -4.36505972667, 0.00527332825443
2.51, 16.6969540137, 1.01994702444, -4.3611854157, 0.00607917412272
2.52, 16.6533858692, 1.02005189796, -4.35738626908, 0.0154970537917
2.53, 16.6098556302, 1.02022408272, -4.35362186145, 0.0178408092449
2.54, 16.5663627211, 1.02035200634, -4.34991047207, 0.00902065835401
2.55, 16.5229065994, 1.02039621781, -4.34626515967, 0.00363955055676
2.56, 16.4794867579, 1.02045712823, -4.34265163218, 0.0107943647378
2.57, 16.4361026458, 1.02060889221, -4.33911661174, 0.0186928082164
2.58, 16.3927535431, 1.02077418562, -4.3356407804, 0.0140426652016
2.59, 16.3494391246, 1.0208513036, -4.33217722797, 0.0044184855635
2.6, 16.3061591914, 1.02088468514, -4.32874959592, 0.00588099401935
2.61, 16.2629131706, 1.02099305982, -4.32539488528, 0.0161851021681
2.62, 16.2197003565, 1.02115691883, -4.32209989316, 0.0177313613322
2.63, 16.1765203911, 1.02129404707, -4.31882952572, 0.0104599513401
2.64, 16.1333728855, 1.02134878298, -4.31560463779, 0.00400024289777
2.65, 16.0902573333, 1.02140202628, -4.31243414642, 0.00927575161626
2.66, 16.047173324, 1.0215388369, -4.30930380791, 0.0176550423338
2.67, 16.0041203498, 1.02170537027, -4.30621507364, 0.0150923742811
2.68, 15.9610982008, 1.02179671763, -4.30314347365, 0.00569026764158
2.69, 15.9181065347, 1.02183227107, -4.30011186102, 0.00510687855816
2.7, 15.8751450536, 1.02192553931, -4.29711474505, 0.0144928328299
2.71, 15.8322132213, 1.02209509596, -4.29418638307, 0.0182479077863
2.72, 15.7893104516, 1.02223149825, -4.29127133495, 0.00993566892324
2.73, 15.746437017, 1.02227882257, -4.2883399738, 0.0032956879913
2.74, 15.703592622, 1.02232974666, -4.28546447515, 0.00950703391114
2.75, 15.6607767024, 1.02247261406, -4.28264473966, 0.0183776214419
2.76, 15.6179887455, 1.02262864659, -4.27986337508, 0.0152769783507
2.77, 15.575228593, 1.02273051084, -4.2770881185, 0.00711362735236
2.78, 15.5324959894, 1.02277496191, -4.27435277626, 0.00523689986118
2.79, 15.4897905124, 1.02285905888, -4.27165276867, 0.0129440108947
2.8, 15.447112114, 1.02301511019, -4.26895039419, 0.0174625268251
2.81, 15.4044605406, 1.02315503732, -4.26628177586, 0.0111253115408
2.82, 15.3618354888, 1.02321612958, -4.26364535765, 0.00438019996719
2.83, 15.3192366163, 1.02326696768, -4.26103492326, 0.00854765041073
2.84, 15.2766639327, 1.02339466316, -4.25842292091, 0.0168363386892
2.85, 15.2341171515, 1.02355870989, -4.25584906782, 0.015371809008
2.86, 15.1915959718, 1.02365662017, -4.25329361859, 0.00642810949014
2.87, 15.1491003719, 1.02369503558, -4.25073258332, 0.00488407488931
2.88, 15.1066302978, 1.02378068545, -4.2481984918, 0.0134738917204
2.89, 15.0641853261, 1.02394284828, -4.24571224385, 0.0179413869874
2.9, 15.0217650695, 1.0240826225, -4.24324558673, 0.0106817030469
2.91, 14.9793695262, 1.02413673764, -4.24077402434, 0.00367133232325
2.92, 14.9369985047, 1.02418462628, -4.23834118254, 0.0086843660239
2.93, 14.8946516122, 1.02431765712, -4.23593819762, 0.0175283846088
2.94, 14.8523288907, 1.02448571038, -4.23351831202, 0.0153848830933
2.95, 14.8100302483, 1.02457870736, -4.2311174584, 0.00564550617587
2.96, 14.7677554678, 1.02461053022, -4.22874586292, 0.00452119192529
2.97, 14.7255042056, 1.0246981128, -4.22640768219, 0.0140668343193
2.98, 14.6832764634, 1.02486681519, -4.22405414645, 0.0184292542367
2.99, 14.6410721059, 1.02500598244, -4.22172512257, 0.0101575585266
3.0, 14.5988909579, 1.02505237032, -4.21940411474, 0.00291289398668
3.01, 14.5567330145, 1.02509741522, -4.2170920466, 0.00887772463278
3.02, 14.5145977479, 1.02523182036, -4.21506477584, 0.0135971207855
3.03, 14.4724857717, 1.02539595611, -4.2125427171, 0.0162412198109
3.04, 14.4303961362, 1.02550261219, -4.21028364187, 0.00698866977034
3.05, 14.3883291529, 1.02553835741, -4.20801781861, 0.00395469707979
3.06, 14.3462846275, 1.02561196074, -4.20579457148, 0.0123721411508
3.07, 14.3042621784, 1.02577068293, -4.20359018501, 0.0183148613672
3.08, 14.262261954, 1.02591957983, -4.20136337465, 0.0117343238876
3.09, 14.2202839283, 1.02597835688, -4.19914506817, 0.00345794545909
3.1, 14.1783279239, 1.02601664852, -4.19695883547, 0.0073546000799
3.11, 14.1363937962, 1.02613985997, -4.19477005119, 0.0171162063893
3.12, 14.0944815485, 1.02631258581, -4.19258476727, 0.0164246609174
3.13, 14.0525910587, 1.02641541415, -4.19041491192, 0.00624212062856
3.14, 14.0107221826, 1.0264440593, -4.18825576819, 0.00349222298399
3.15, 13.9688748927, 1.02651882681, -4.18610691083, 0.0129387582615
3.16, 13.9270489404, 1.02667162765, -4.1839661503, 0.0177472982866
3.17, 13.885245151, 1.02682780708, -4.18160376433, 0.0131802546599
3.18, 13.8434671847, 1.02689953956, -4.17885045089, 0.00419667412194
3.19, 13.8017184495, 1.02693329817, -4.17576177773, 0.00600333551537
3.2, 13.7600025562, 1.02704055493, -4.17205965278, 0.0157857994413
3.21, 13.7183325712, 1.02721133334, -4.16671950442, 0.0172343590682
3.22, 13.6767225905, 1.0273285528, -4.16014202725, 0.00774284305871
3.23, 13.6351831808, 1.02736278883, -4.15244246011, 0.00303909744829
3.24, 13.5937304993, 1.02742324635, -4.14306998112, 0.0110790508939
3.25, 13.5523876002, 1.02756660907, -4.13049951743, 0.0163055216187
3.26, 13.5111757841, 1.02772469978, -4.11671600592, 0.0142666224278
3.27, 13.4701131215, 1.02780936471, -4.10052070985, 0.00519689960213
3.28, 13.429227278, 1.02784215797, -4.08188706222, 0.00491363662673
3.29, 13.3885309139, 1.02793224119, -4.06261808253, 0.0139663756361
3.3, 13.3480306801, 1.0280938466, -4.04265664419, 0.0172619038137
3.31, 13.3077334336, 1.02822069647, -4.02185833025, 0.00908305349454
3.32, 13.2676532363, 1.02826214735, -3.99949290892, 0.00288174264429
3.33, 13.2277987191, 1.02830933192, -3.97693760239, 0.00903149789823
3.34, 13.1881759988, 1.02844467628, -3.95248847208, 0.0173537101715
3.35, 13.1488093875, 1.0286030113, -3.92628627616, 0.0137842332273
3.36, 13.1097074305, 1.02867827092, -3.89950381025, 0.00400382398854
3.37, 13.0708754706, 1.0287009501, -3.87214318038, 0.00421852814261
3.38, 13.0323249967, 1.02878948709, -3.84340310797, 0.0141616643691
3.39, 12.994070047, 1.02893887478, -3.81318820465, 0.01677432967
3.4, 12.9561185916, 1.02907068345, -3.78266597956, 0.0100245570242
3.41, 12.9184746916, 1.0291169396, -3.75146630633, 0.00261690841288
3.42, 12.8811498235, 1.02915044642, -3.71913818732, 0.00693776471789
3.43, 12.8441494928, 1.0292656066, -3.68655563742, 0.0158125222152
3.44, 12.8074771534, 1.02942006055, -3.65315452052, 0.0142815622355
3.45, 12.771151769, 1.02950339344, -3.6176424794, 0.00460246266366
3.46, 12.7351823686, 1.02952133353, -3.58189722316, 0.00275000224668
3.47, 12.6995708803, 1.0295883133, -3.54611312802, 0.0118551152031
3.48, 12.6643187578, 1.02972719755, -3.50981636802, 0.0144854798915
3.49, 12.6294356626, 1.02985256121, -3.47265875751, 0.0102759786667
3.5, 12.5949255297, 1.02990471893, -3.43511785033, 0.00306032008277
3.51, 12.5607917482, 1.02993310904, -3.39715421444, 0.00552179271451
3.52, 12.5270436239, 1.03002752784, -3.35828815374, 0.0135708139374
3.53, 12.4936846914, 1.030167039, -3.31930950887, 0.01363147221
3.54, 12.460716801, 1.03025303524, -3.27985562419, 0.00530888556345
3.55, 12.4281500677, 1.03027358528, -3.23915433639, 0.0022833217049
3.56, 12.3959964467, 1.03032480239, -3.19747938482, 0.00955499724782
3.57, 12.3642598118, 1.03045144628, -3.15571609781, 0.0149496600482
3.58, 12.3329403489, 1.03057077237, -3.11426431399, 0.00919215506753
3.59, 12.3020445366, 1.03060905833, -3.07074003426, 0.00158213923063
3.6, 12.2715812463, 1.03062569081, -3.0279045496, 0.00469950116103
3.61, 12.2415535811, 1.03071591399, -2.98364684867, 0.0133460296242
3.62, 12.2119742692, 1.03085128592, -2.93827221269, 0.0128992581565
3.63, 12.1828480511, 1.03092509922, -2.8929591758, 0.00376109504392
3.64, 12.154174704, 1.03093031539, -2.84766945335, 0.000946393450959
3.65, 12.1259542371, 1.03097324925, -2.80202241866, 0.00911786638889
3.66, 12.0982015306, 1.03109687729, -2.75458448877, 0.0145542910659
3.67, 12.0709221792, 1.03120745987, -2.70710867577, 0.00787319584687
3.68, 12.0441229252, 1.03122951781, -2.6584228596, -0.000108505308848
3.69, 12.0178189911, 1.03123300143, -2.6085236464, 0.00379536301298
3.7, 11.9920117192, 1.0313185119, -2.55909539743, 0.0130681875158
3.71, 11.966696901, 1.03143523472, -2.5099839595, 0.0122579466796
3.72, 11.9418879816, 1.03151037606, -2.45818897649, 0.00415768485501
3.73, 11.9175933071, 1.03151315059, -2.40693883258, -0.000114013973189
3.74, 11.8938083948, 1.03153561712, -2.3562421152, 0.00652218244068
3.75, 11.8705292613, 1.03163661001, -2.30538245197, 0.0129344586762
3.76, 11.8477649302, 1.03174218588, -2.25354313903, 0.00813024774402
3.77, 11.8255200966, 1.03176700304, -2.20167194405, -0.000255457028839
3.78, 11.8037918625, 1.03175776557, -2.14998528984, 0.00160916385849
3.79, 11.7825813808, 1.03181745988, -2.09820799702, 0.0106020486369
3.8, 11.7618897634, 1.03193311656, -2.04639304433, 0.0115230455704
3.81, 11.7417132063, 1.03199534805, -1.99515083754, 0.00246518349899
3.82, 11.7220466499, 1.03198033408, -1.94409058913, -0.00175204087637
3.83, 11.702896164, 1.03199159391, -1.89214409344, 0.00585192928418
3.84, 11.6842657371, 1.03208845864, -1.84021231014, 0.0125220478437
3.85, 11.6661511098, 1.03218535974, -1.78902366148, 0.00680185276795
3.86, 11.6485428205, 1.03219290794, -1.73896685865, -0.00212598647733
3.87, 11.6314278569, 1.03216817918, -1.69031296533, 0.000476468416997
3.88, 11.6147923786, 1.03222167949, -1.64303250783, 0.0102766840177
3.89, 11.598622867, 1.03231886994, -1.5970777022, 0.0103294878605
3.9, 11.5829063204, 1.03237897813, -1.55240060138, 0.00278201435727
3.91, 11.5676301628, 1.03236419039, -1.50896216544, -0.00231788184575
3.92, 11.5527821109, 1.03235939525, -1.4667460968, 0.00353963599251
3.93, 11.5383500969, 1.03243279186, -1.42572098244, 0.0105675664823
3.94, 11.5243224177, 1.032520808, -1.38584282109, 0.00680206204331
3.95, 11.5106878386, 1.03253247242, -1.3470657503, -0.00177955266075
3.96, 11.4974354581, 1.03250188437, -1.30937215347, -0.00100062881277
3.97, 11.4845545424, 1.03253337304, -1.27274458425, 0.00787276101743
3.98, 11.4720345928, 1.03262743309, -1.23714776064, 0.00992661679068
3.99, 11.4598655206, 1.03267790471, -1.20253674293, 0.00143428733837
4.0, 11.4480376269, 1.03264844844, -1.16888256757, -0.00366449013374
4.01, 11.4365413994, 1.03263506156, -1.1361786463, 0.00313226497874
4.02, 11.4253674561, 1.03270727007, -1.10440015243, 0.0105054307825
4.03, 11.4145067149, 1.03279070444, -1.07350927392, 0.00592803656497
4.04, 11.4039505017, 1.03278940429, -1.04346661568, -0.00324732761699
4.05, 11.3936903963, 1.03274678602, -1.01426422742, -0.00181302383113
4.06, 11.3837180625, 1.03277541588, -0.98589147361, 0.00791984093741
4.07, 11.3740253338, 1.03286906481, -0.958318629059, 0.00962398557239
4.08, 11.3646044048, 1.0329109162, -0.931505559664, 0.000169964294632
4.09, 11.3554477995, 1.03286786865, -0.905430905602, -0.00486948737613
4.1, 11.3465481508, 1.03284787522, -0.880096093269, 0.00295742785166
4.11, 11.3378981505, 1.03291114888, -0.855478738671, 0.00842414067149
4.12, 11.3294907748, 1.03299167267, -0.8315515096, 0.00655918588333
4.13, 11.3213192891, 1.03299858178, -0.808278704808, -0.00270348743025
4.14, 11.3133772027, 1.03295062327, -0.785653146673, -0.00327414214558
4.15, 11.30565807, 1.03295918707, -0.763672556366, 0.00590553561865
4.16, 11.2981555371, 1.03304198439, -0.742314596123, 0.00950699115504
4.17, 11.2908635349, 1.03309143619, -0.72154568164, 0.00128439167337
4.18, 11.283776293, 1.03305314824, -0.701344052062, -0.00523782599734
4.19, 11.2768881339, 1.03301842475, -0.68171529685, 0.000855741484888
4.2, 11.2701933873, 1.03307360131, -0.66264743166, 0.00950075633607
4.21, 11.2636865682, 1.0331408503, -0.644111598306, 0.00637482142595
4.22, 11.2573624829, 1.03315445005, -0.626083812736, -0.00165963244473
4.23, 11.2512161088, 1.03311170494, -0.608554672984, -0.00349209581608
4.24, 11.2452424668, 1.03310778389, -0.591525726614, 0.00404032349068
4.25, 11.2394366236, 1.03317387071, -0.574981001732, 0.0083982831936
4.26, 11.2337938593, 1.03322344802, -0.558893624969, 0.0021289577936
4.27, 11.228309709, 1.03319548792, -0.543243442432, -0.00448346920206
4.28, 11.2229797946, 1.03315757078, -0.52803559517, -0.000392243785347
4.29, 11.2177997253, 1.03319477106, -0.513264128689, 0.00768432617773
4.3, 11.2127652232, 1.03326692315, -0.49890809309, 0.00617638513025
4.31, 11.2078722298, 1.03327374767, -0.48496551477, -0.00261392501056
4.32, 11.2031161172, 1.03322230543, -0.471515031229, -0.004107274096
4.33, 11.1984919839, 1.03321724196, -0.458606619808, 0.00430072095329
4.34, 11.1939933816, 1.03328673835, -0.446359074031, 0.00861517784011
4.35, 11.18961436, 1.03333364416, -0.434693381536, 0.00144765092967
4.36, 11.1853477878, 1.03329640001, -0.423773461842, -0.00541391321238
4.37, 11.1811868584, 1.03325332732, -0.413797449131, -0.000472072285376
4.38, 11.177119543, 1.03329365737, -0.404859945911, 0.00816136075459
4.39, 11.1731380878, 1.03336774449, -0.396727773375, 0.00599940989306
4.4, 11.1692305869, 1.03336789014, -0.389943891104, -0.00355592333871
4.41, 11.1653859844, 1.03330829568, -0.383983853261, -0.00461795042911
4.42, 11.1615974348, 1.03330362018, -0.378793584509, 0.00474390641395
4.43, 11.1578572487, 1.03337819644, -0.374482589802, 0.0089753509489
4.44, 11.1541515245, 1.03342341052, -0.371769179005, 0.000839257112693
4.45, 11.1504672241, 1.0333776827, -0.370067905049, -0.00623288615196
4.46, 11.1467965673, 1.03333114091, -0.369125480743, -0.000330854196286
4.47, 11.1431295911, 1.03337702507, -0.369143896421, 0.00887856356992
4.48, 11.1394594997, 1.03344069009, -0.369682737105, 0.00621017278421
4.49, 11.13578081, 1.03345148182, -0.370939753099, -0.00212458499026
4.5, 11.1320870798, 1.03340071207, -0.372738687581, -0.00449114863962
4.51, 11.1283682701, 1.03338702105, -0.37586724749, 0.00324247460507
4.52, 11.1246138729, 1.03344885163, -0.379829187274, 0.00829370350096
4.53, 11.1208175429, 1.0334985985, -0.384356189254, 0.0021314822991
4.54, 11.1169709275, 1.03346750795, -0.38973526474, -0.00506180727794
4.55, 11.1130683487, 1.03342177621, -0.39554512519, -0.00118232003827
4.56, 11.1091052741, 1.03345378104, -0.401921025932, 0.00749263500632
4.57, 11.1050733258, 1.03352719797, -0.409280338459, 0.0064866681486
4.58, 11.1009632836, 1.03353567779, -0.417373769474, -0.00265409396973
4.59, 11.0967702246, 1.03348032918, -0.425929161171, -0.00468920943708
4.6, 11.092489493, 1.03346993458, -0.435040786518, 0.0039788637394
4.61, 11.0881135921, 1.03354021968, -0.444809379462, 0.00903069336186
4.62, 11.0836349864, 1.03359234748, -0.455528422719, 0.00193451798067
4.63, 11.079048131, 1.03355648704, -0.466535776954, -0.00556464024469
4.64, 11.0743468071, 1.03350977104, -0.478302969499, -0.000834374601714
4.65, 11.0695267152, 1.03354964846, -0.490260228964, 0.008485390973
4.66, 11.0645855507, 1.03363037343, -0.502537270364, 0.00684448113761
4.67, 11.0595205369, 1.03363707061, -0.515106765413, -0.00315371854491
4.68, 11.0543222537, 1.03357760892, -0.529044969795, -0.00481428930702
4.69, 11.0489841109, 1.03357177412, -0.543109790351, 0.00487477800408
4.7, 11.0435042558, 1.03364167306, -0.557451256663, 0.00759817274639
4.71, 11.0378738, 1.03369728246, -0.573068261748, 0.00324371690914
4.72, 11.0320868757, 1.03367811192, -0.588786230559, -0.00402624652937
4.73, 11.0261418302, 1.03363696962, -0.604785633738, -0.00119864005854
4.74, 11.0200332456, 1.03366626413, -0.621370241247, 0.00725818187006
4.75, 11.0137582599, 1.03374252647, -0.638070395721, 0.00730252328171
4.76, 11.0073156906, 1.03376361878, -0.654886477023, -0.00122333534672
4.77, 11.0007040888, 1.03371889635, -0.672062158705, -0.00407999227385
4.78, 10.9939145247, 1.03370897863, -0.690232629706, 0.0037295877588
4.79, 10.9869429254, 1.0337786805, -0.708492124249, 0.00935624782482
4.8, 10.9797886378, 1.03384051023, -0.726663538123, 0.00336367697403
4.81, 10.9724515058, 1.03381933356, -0.745430870394, -0.00430296093154
4.82, 10.9649241521, 1.03377891199, -0.764423000464, -0.000720717146439
4.83, 10.9572062875, 1.03381735585, -0.783620898846, 0.00839225198097
4.84, 10.9492931714, 1.03390285216, -0.8034444819, 0.00789136815365
4.85, 10.941178777, 1.03392467446, -0.823856097671, -0.00147718037679
4.86, 10.9328574889, 1.03387782974, -0.844709076377, -0.00405409139751
4.87, 10.9243271288, 1.03387352846, -0.865826850063, 0.00471178130343
4.88, 10.9155832906, 1.03395446421, -0.887264795262, 0.0103914217573
4.89, 10.9066219512, 1.03402170479, -0.909250076777, 0.00345573632463
4.9, 10.8974411833, 1.03399828246, -0.931184933368, -0.00458236612544
4.91, 10.8880410407, 1.03395909708, -0.953226947459, -0.000143667633328
4.92, 10.8784177969, 1.03400794067, -0.97568678628, 0.00965165120057
4.93, 10.8685702447, 1.03410346363, -0.998097403392, 0.00851341027731
4.94, 10.8584984029, 1.03412594803, -1.02067463218, -0.00175102019324
4.95, 10.84819861, 1.03407714299, -1.04353876403, -0.00397113632475
4.96, 10.8376705085, 1.03407952265, -1.06632424331, 0.00582254371937
4.97, 10.8269137271, 1.03415935211, -1.08955331851, 0.0102867707579
4.98, 10.8159201011, 1.03423887961, -1.11339887038, 0.00544043524107
4.99, 10.8046883965, 1.03423417884, -1.13719023683, -0.00324678309065
5.0, 10.7932192943, 1.03419625432, -1.16087992804, -0.000938347987211
5.01, 10.7815137577, 1.03423434565, -1.1845083729, 0.00882341291781
5.02, 10.7695693651, 1.03433301032, -1.2084746617, 0.00985854398126
5.03, 10.757382521, 1.03437577208, -1.23294466192, 0.000381918000132
5.04, 10.7449545075, 1.03433896906, -1.25708711044, -0.00377950627399
5.05, 10.7322798371, 1.0343332463, -1.2820158996, 0.00457210818877
5.06, 10.7193564345, 1.03442012682, -1.30688224474, 0.0117437569023
5.07, 10.7061849942, 1.03450766956, -1.33174455662, 0.00575421515214
5.08, 10.6927595764, 1.03450216759, -1.35750093889, -0.0034576400487
5.09, 10.6790778438, 1.03446555099, -1.38302810936, -0.000380737487378
5.1, 10.665141299, 1.03451429168, -1.40848856569, 0.0101670955215
5.11, 10.6509506881, 1.03460994036, -1.43401467618, 0.0102552045306
5.12, 10.6364998752, 1.03466746469, -1.46030395287, 0.00244089938865
5.13, 10.6217873692, 1.03464817901, -1.48636168915, -0.00267044058204
5.14, 10.6068144738, 1.03464212263, -1.51252610857, 0.00374611230576
5.15, 10.5915784048, 1.03472012208, -1.53884620414, 0.0112497254518
5.16, 10.5760801014, 1.03481416889, -1.56493670396, 0.00734804267006
5.17, 10.5603213747, 1.03482910664, -1.5910566618, -0.00149449608687
5.18, 10.5442992169, 1.03480207193, -1.61763587669, -0.000403411415215
5.19, 10.5280096289, 1.03484262579, -1.64442150415, 0.0090999607613
5.2, 10.5114530927, 1.03494991481, -1.6710337999, 0.0113055688825
5.21, 10.4946308344, 1.0350119738, -1.69777493744, 0.00247341481503
5.22, 10.4775369622, 1.03499174166, -1.72501164088, -0.00265078245827
5.23, 10.4601743511, 1.03499105305, -1.75176131049, 0.00474671801412
5.24, 10.442542276, 1.0350820128, -1.77878146002, 0.0125820402384
5.25, 10.4246409565, 1.0351850355, -1.80567916652, 0.00778270925484
5.26, 10.4064688155, 1.03519982155, -1.83281861287, -0.00170082497019
5.27, 10.3880262023, 1.03517359315, -1.85982806596, 8.411667561e-05
5.28, 10.3693146841, 1.03522456217, -1.88652289433, 0.0104754530148
5.29, 10.350330127, 1.03534452309, -1.9144259331, 0.0122704555216
5.3, 10.3310686087, 1.03541019956, -1.94200407494, 0.00239760484292
5.31, 10.3115324707, 1.03538833085, -1.96936410279, -0.00265085239514
5.32, 10.2917203689, 1.03539340017, -1.99721817476, 0.00581844080544
5.33, 10.271628103, 1.03548730675, -2.02532359369, 0.0116023633129
5.34, 10.2512559939, 1.03559930386, -2.05320728452, 0.00964343810771
5.35, 10.2306059964, 1.03563480353, -2.08099956012, 7.96995654173e-05
5.36, 10.2096765839, 1.03561505603, -2.10889639025, -0.00025661441079
5.37, 10.1884689379, 1.03565668957, -2.13672476091, 0.00950950624152
5.38, 10.1669838338, 1.0357766665, -2.16460451309, 0.0132820827671
5.39, 10.1452153598, 1.03586181582, -2.19317818118, 0.0047201336875
5.4, 10.1231628179, 1.0358564829, -2.22138971601, -0.00189728258393
5.41, 10.1008286334, 1.03585730756, -2.24965863818, 0.00471241521719
5.42, 10.0782102959, 1.03595367581, -2.27811179104, 0.0138213553692
5.43, 10.0553084336, 1.03606265631, -2.30646922446, 0.0105265767265
5.44, 10.0321215138, 1.03611588685, -2.33499593796, 0.00223930919634
5.45, 10.0086504438, 1.03611235481, -2.36338864135, 0.000591204772694
5.46, 9.98489350405, 1.03615166173, -2.39209650968, 0.00862001598475
5.47, 9.96085098194, 1.03626464582, -2.42050793775, 0.0131542499331
5.48, 9.93652568323, 1.03636016042, -2.44855559852, 0.00661871036723
5.49, 9.91192111775, 1.0363758537, -2.47686803656, -8.61791859918e-05
5.5, 9.88702852071, 1.03638358744, -2.50572983547, 0.00442311284794
5.51, 9.8618483774, 1.03647121183, -2.53439906036, 0.0129127863096
5.52, 9.83638253276, 1.0365951515, -2.56297386589, 0.0112935916078
5.53, 9.81062945294, 1.03665107517, -2.59171782287, 0.00221859819763
5.54, 9.78458977303, 1.03664827469, -2.62042771278, 0.000928397629378
5.55, 9.75826167433, 1.03669618599, -2.64920258229, 0.00986048157914
5.56, 9.73164329615, 1.03682228665, -2.67850509484, 0.0143180369871
5.57, 9.70473378033, 1.03692424607, -2.70749625271, 0.00682018286933
5.58, 9.67753175197, 1.03693948786, -2.73708943162, -0.000125021411938
5.59, 9.65003271206, 1.03695128893, -2.76687367223, 0.00528584188395
5.6, 9.62223424063, 1.03705155474, -2.79686169573, 0.014327539453
5.61, 9.59413727532, 1.03718642859, -2.82658703653, 0.0119772033194
5.62, 9.56574422324, 1.03724405215, -2.85618002249, 0.00209997669855
5.63, 9.53705373542, 1.03724149917, -2.88595960059, 0.00127004808594
5.64, 9.50806669647, 1.03729857476, -2.91552264608, 0.0111849184303
5.65, 9.47878497667, 1.03743835192, -2.94508669654, 0.0155014144628
5.66, 9.44920326513, 1.03754651929, -2.97527728359, 0.00697345197093
5.67, 9.41932122569, 1.03756091905, -3.00517689544, -0.000180335093532
5.68, 9.38914140772, 1.03757705942, -3.03485478118, 0.00620637313734
5.69, 9.3586657312, 1.03768577293, -3.06465541296, 0.0109643309908
5.7, 9.32789364132, 1.03782341183, -3.09412311387, 0.0135394763207
5.71, 9.29682534444, 1.03790207481, -3.1236084142, 0.00419616817507
5.72, 9.26546323705, 1.03791081877, -3.1530760267, 0.00141620306905
5.73, 9.23380190703, 1.03796066906, -3.18323368052, 0.0101407953633
5.74, 9.20184066273, 1.03809699452, -3.21307196805, 0.0160572427475
5.75, 9.16958196956, 1.03822200099, -3.24291683645, 0.00929391886912
5.76, 9.1370206641, 1.03825635706, -3.27334531864, 0.00111555411973
5.77, 9.10415661223, 1.03827288529, -3.3035023759, 0.00536163692103
5.78, 9.0709923537, 1.03837703298, -3.33340527399, 0.0152648639871
5.79, 9.03753018175, 1.03853017129, -3.36329576942, 0.0143993267337
5.8, 9.0037617461, 1.03861191798, -3.3943617542, 0.00415839403322
5.81, 8.96968460161, 1.03862083704, -3.42510061634, 0.00169394630658
