timestamp, prius0 x posi, prius0 y posi, prius0 x vel, prius0 y vel.
0.0, 0.0, 0.0, 0.0, 0.0
0.01, -1.00003152327, 30.0482107745, -0.00616710168876, -0.130079016842
0.02, -1.00004297598, 30.0468527568, 0.00223527183027, -0.146529178261
0.03, -0.999984067764, 30.0453227552, 0.00591300124151, -0.164212289655
0.04, -0.999952323241, 30.0436131912, -0.00140706561561, -0.182432525772
0.05, -1.00000148827, 30.0417185682, -0.00763432878049, -0.201354001185
0.06, -1.00005023186, 30.0396277635, -0.00226883371051, -0.221242170711
0.0700000000001, -1.00001656352, 30.0373352684, 0.00585522625888, -0.241751706403
0.08, -0.999955506912, 30.0348346042, 0.00315241220721, -0.263021095321
0.09, -0.99996912406, 30.0321196758, -0.00605019314798, -0.284599853635
0.1, -1.00003590731, 30.0291861036, -0.00640110081539, -0.306941182549
0.11, -1.00004457353, 30.0260232586, 0.00285322098166, -0.329984738506
0.12, -0.999979377471, 30.0226319659, 0.00634342916102, -0.35309167908
0.13, -0.999948466817, 30.0190029871, -0.00191250042817, -0.377252820254
0.14, -1.00000446103, 30.0151302175, -0.00826880979199, -0.401861833078
0.15, -1.00005488609, 30.0110086176, -0.00199304083365, -0.427243631655
0.16, -1.00001483928, 30.0066279429, 0.00659630885757, -0.453390107284
0.17, -0.999949869629, 30.0019845605, 0.00311451014891, -0.479734429376
0.18, -0.99996871646, 29.9970754957, -0.00683003863469, -0.506561448084
0.19, -1.00004125463, 29.9918960985, -0.00663208297181, -0.534018443466
0.2, -1.00004660433, 29.9864363257, 0.00355312539003, -0.562384438064
0.21, -0.999974483079, 29.9806917452, 0.00680647259053, -0.59098428035
0.22, -0.999944621166, 29.9746608169, -0.00247661824084, -0.619619041712
0.23, -0.99999746455, 29.9683362307, -0.00659899775349, -0.649619560804
0.24, -1.00004954484, 29.9617115472, -0.00312969823918, -0.679650100059
0.25, -1.0000238289, 29.9547848383, 0.0053654747877, -0.710074701619
0.26, -0.999960535377, 29.9475541988, 0.00391021599857, -0.740215889877
0.27, -0.99996484374, 29.9400197543, -0.00526699689444, -0.771395093692
0.28, -1.00003043934, 29.9321675679, -0.00689160983589, -0.803579696118
0.29, -1.00004792232, 29.9239883599, 0.00190477369037, -0.836547300108
0.3, -0.999986707693, 29.9154790003, 0.00652912077399, -0.869618148373
0.31, -0.999947975248, 29.9066382665, -0.000873290859093, -0.902823095998
0.32, -0.999997074361, 29.8974644088, -0.00810278611182, -0.936444479208
0.33, -1.00005308364, 29.8879493876, -0.003005003663, -0.970802150496
0.34, -1.00002191443, 29.8780901404, 0.00608210696038, -1.0053186657
0.35, -0.999954172459, 29.8678858532, 0.0039702255593, -1.03979563679
0.36, -0.999962976687, 29.8573357248, -0.00602320803, -1.07468953672
0.37, -1.00003496846, 29.846431435, -0.00724306794384, -1.11039249282
0.38, -1.00005029517, 29.8351690281, 0.00252810948539, -1.14655776458
0.39, -0.999982036283, 29.8235412116, 0.00707538864953, -1.18319551881
0.4, -0.999943294351, 29.8115469386, -0.00134721673545, -1.21984648187
0.41, -0.999994904731, 29.7991845694, -0.00398117837211, -1.25708653467
0.42, -1.00004518031, 29.7864467244, -0.00369336015602, -1.29468139698
0.43, -1.00002743435, 29.7733327099, 0.00461205616982, -1.33227904916
0.44, -0.999966191211, 29.7598413014, 0.00422880282732, -1.37041266595
0.45, -0.999963024073, 29.745963958, -0.00439472968267, -1.40941818401
0.46, -1.00002396229, 29.7316926569, -0.00692428867768, -1.44894192227
0.47, -1.0000474033, 29.717026303, 0.00100431266794, -1.48845075518
0.48, -0.999992974177, 29.7019650632, 0.00624315268658, -1.52812194832
0.49, -0.999950507141, 29.6865028955, -6.32471938037e-05, -1.56838507511
0.5, -0.999991476858, 29.6706382167, -0.00754641568228, -1.60864956298
0.51, -1.00004847154, 29.6543710325, -0.00363389691931, -1.64909445998
0.52, -1.0000257514, 29.6376953126, 0.00530815063827, -1.6901174847
0.53, -0.999959894628, 29.6206103444, 0.00432883518112, -1.73094444095
0.54, -0.999960859972, 29.6031172135, -0.0051286389386, -1.77176591132
0.55, -1.00002831334, 29.5852162736, -0.00731311529193, -1.81270378144
0.56, -1.00005009079, 29.5669020481, 0.00158751503063, -1.8541751516
0.57, -0.999988651486, 29.5481738698, 0.00682070289588, -1.8955100459
0.58, -0.999945651764, 29.5290329702, -0.000479659834776, -1.9367225014
0.59, -0.999993740352, 29.5094805956, -0.00829338786187, -1.97780468505
0.6, -1.00005382545, 29.489518118, -0.00348123712359, -2.01874563223
0.61, -1.00002511269, 29.4691453833, 0.00609966128289, -2.06011405285
0.62, -0.999954132337, 29.4483559602, 0.00444460657825, -2.10181167825
0.63, -0.999959424074, 29.4271498924, -0.00589876852059, -2.14345631827
0.64, -1.00003364951, 29.405528475, -0.00770248868613, -2.18487085136
0.65, -1.00005333395, 29.3834929861, 0.00224013872103, -2.2264860087
0.66, -0.999984289839, 29.3610375041, 0.00743430710103, -2.26862907291
0.67, -0.999940887461, 29.3381610507, -0.000940235435915, -2.31070554491
0.68, -0.999985862422, 29.3148645911, -0.00670472504274, -2.35278868475
0.69, -1.00004919512, 29.2911426968, -0.00478490106118, -2.39559499471
0.7, -1.00003553205, 29.2669942891, 0.00490296589629, -2.43810356752
0.71, -0.999964868385, 29.2424211621, 0.00542345713014, -2.4805601954
0.72, -0.999954430771, 29.2174240388, -0.00430079407514, -2.52310341008
0.73, -1.00002259911, 29.191997981, -0.00812608744652, -2.56606266035
0.74, -1.0000559719, 29.1661434174, 0.000492126313137, -2.6087375415
0.75, -0.999997577472, 29.1398611492, 0.00728883578616, -2.65193905965
0.76, -0.999943595028, 29.1131436893, 0.00080967893342, -2.6955567435
0.77, -0.999984878144, 29.0859914728, -0.00834796151823, -2.73887769464
0.78, -1.00003914835, 29.0584055117, -0.00508408005075, -2.78255734421
0.79, -1.00003741641, 29.0303801613, 0.00333078677965, -2.82648428358
0.8, -0.999976804446, 29.0019158788, 0.00521581049464, -2.87056066659
0.81, -0.999957524034, 28.9730080166, -0.00276124823498, -2.91474625779
0.82, -1.00001240716, 28.943662685, -0.00739357373711, -2.95872210041
0.83, -1.00005033987, 28.9138698656, -0.000833445710436, -3.00375808295
0.84, -1.00000700978, 28.8836279197, 0.00609349013126, -3.0485832591
0.85, -0.999953541177, 28.8529391593, 0.00175041674151, -3.09324740447
0.86, -0.999979567158, 28.8217990243, -0.00679760122371, -3.1388900333
0.87, -1.00004286164, 28.7901995536, -0.00525590233576, -3.18490047371
0.88, -1.00003775249, 28.7581410633, 0.00396907643982, -3.23073081772
0.89, -0.999971531676, 28.7256260975, 0.00552030306239, -3.27619216662
0.9, -0.999954416081, 28.6926576663, -0.00336347095882, -3.32143005371
0.91, -1.00001616662, 28.6592373839, -0.00794410021409, -3.36678136743
0.92, -1.00005454289, 28.6253599833, -0.000444928550419, -3.41281715942
0.93, -1.00000483997, 28.591019157, 0.00673453665017, -3.4592375679
0.94, -0.999949147264, 28.5562157548, 0.00153968604528, -3.50532369019
0.95, -0.99998115759, 28.520951293, -0.00754629671432, -3.55171206453
0.96, -1.00004894445, 28.4852215801, -0.00531544575692, -3.59795617857
0.97, -1.00003945602, 28.4490351477, 0.00469011226177, -3.64304939791
0.98, -0.999967359862, 28.4124042455, 0.00580775194994, -3.68689162483
0.99, -0.999952904715, 28.3753411696, -0.00402256439445, -3.72951845103
1.0, -1.00002179439, 28.3378579575, -0.0084865106629, -3.77094957689
1.01, -1.0000601267, 28.2999664741, 2.89828343032e-05, -3.81120820536
1.02, -1.00000317798, 28.2616782249, 0.00745127686111, -3.85034087813
1.03, -0.999945178024, 28.2230042207, 0.00128907423043, -3.88839183061
1.04, -0.999979138572, 28.183955105, -0.00351334423587, -3.92541705922
1.05, -1.00004347386, 28.1445415259, -0.00626660798371, -3.96132982801
1.06, -1.00004892234, 28.1047736669, 0.003224594282, -3.99626223009
1.07, -0.999981639813, 28.0646615035, 0.00633532928258, -4.0302231472
1.08, -0.999953253666, 28.0242145569, -0.00230922206099, -4.06324562126
1.09, -1.00001232627, 27.9834421202, -0.00842034156075, -4.0953439487
1.1, -1.000061429, 27.9423533868, -0.0016749806789, -4.12653150802
1.11, -1.00001809618, 27.9009573068, 0.00681746517856, -4.15684386245
1.12, -0.999953741048, 27.859262415, 0.00281817853234, -4.18632005348
1.13, -0.999976605502, 27.8172769514, -0.00721204070461, -4.21497888514
1.14, -1.00003570683, 27.7750090715, -0.00608233752572, -4.24282631792
1.15, -1.00005025763, 27.7324667666, 0.00170806401688, -4.26988726664
1.16, -0.999995668393, 27.689657751, 0.00568077973499, -4.29619435125
1.17, -0.999962382861, 27.6465893978, -0.000989345263993, -4.3217758553
1.18, -1.00000703773, 27.6032688878, -0.00731684580641, -4.34664307304
1.19, -1.00005646818, 27.5597033357, -0.00266041383669, -4.37080408404
1.2, -1.00002817643, 27.5158996946, 0.00534547730108, -4.39428490918
1.21, -0.999968824429, 27.4718645874, 0.00330654752876, -4.4171182554
1.22, -0.999978308885, 27.4276043832, -0.00556213330035, -4.43932037074
1.23, -1.00004281112, 27.38312537, -0.00648235267399, -4.46089511401
1.24, -1.00005581511, 27.3384337811, 0.00223774288416, -4.48185589555
1.25, -0.99999537103, 27.2935356005, 0.0061206022963, -4.50223438856
1.26, -0.999962653497, 27.2484365099, -0.00145973960025, -4.52205385764
1.27, -1.0000142571, 27.2031420539, -0.0079931908004, -4.54131972055
1.28, -1.00006615872, 27.1576577695, -0.00247016584639, -4.56003491665
1.29, -1.00003225486, 27.1119890707, 0.00604286157481, -4.57822256051
1.3, -0.999969070824, 27.0661410695, 0.00329795352948, -4.59591187139
1.31, -0.999983532413, 27.0201186686, -0.00632596573939, -4.6131139757
1.32, -1.00005414853, 26.9739267435, -0.00677755438117, -4.6298274757
1.33, -1.00006465501, 26.9275701606, 0.00287006231406, -4.64606241485
1.34, -0.999997630316, 26.8810535594, 0.00659104569151, -4.66184829691
1.35, -0.999965728071, 26.8343813082, -0.00199063698671, -4.67720433634
1.36, -1.00002480938, 26.7875576841, -0.00869780001352, -4.69213103502
1.37, -1.00007890447, 26.7405870059, -0.00221246852642, -4.70662724654
1.38, -1.00003862137, 26.6934734954, 0.00680069388141, -4.72071434665
1.39, -0.999971553009, 26.6462210913, 0.0032449052705, -4.73441894906
1.4, -0.999991726435, 26.5988335585, -0.00716654107822, -4.74774784414
1.41, -1.00005440055, 26.5513146974, -0.00731586247101, -4.76069533003
1.42, -1.00007835045, 26.5036682694, 0.00127499808932, -4.77327130201
1.43, -1.00001996616, 26.4558979013, 0.00662505929299, -4.78549783615
1.44, -0.999977249205, 26.4080069691, -0.000349429301313, -4.79739380436
1.45, -1.0000239294, 26.3599987564, -0.00818340599764, -4.80895961108
1.46, -1.00008496814, 26.3118766017, -0.0037191521779, -4.82019041265
1.47, -1.00005980758, 26.2636438088, 0.00575686124676, -4.83110099648
1.48, -0.999990912927, 26.2153034425, 0.0044167348591, -4.84171615725
1.49, -0.999995187866, 26.1668583934, -0.00571382367414, -4.8520434746
1.5, -1.00005432049, 26.1183115838, -0.007336875968, -4.86207521596
1.51, -1.00008891659, 26.0696659426, -0.000317220417567, -4.87181733693
1.52, -1.00004242395, 26.020924305, 0.00615525400262, -4.88128659346
1.53, -0.999992749912, 25.9720892868, 0.00112794827752, -4.89050162316
1.54, -1.00002488779, 25.923163405, -0.00719740793893, -4.89946337743
1.55, -1.0000880821, 25.8741492321, -0.00488759487481, -4.90816497708
1.56, -1.00007844753, 25.8250493544, 0.00436369393875, -4.91661532526
1.57, -1.00001261548, 25.7758661657, 0.0051370565679, -4.92483679382
1.58, -1.0000020834, 25.726601887, -0.00404258064022, -4.93283812496
1.59, -1.00006759452, 25.677258743, -0.00793767231109, -4.94061234248
1.6, -1.00010246566, 25.6278390434, 0.000104407191626, -4.9481568692
1.61, -1.00004946862, 25.5783450048, 0.00678815214622, -4.95549068125
1.62, -0.99999799561, 25.5287786264, 0.000858303254268, -4.96263102007
1.63, -1.00003664175, 25.4791418311, -0.00797479541279, -4.96957601491
1.64, -1.00010421452, 25.429436629, -0.00490409573132, -4.97631596385
1.65, -1.00008971741, 25.3796650597, 0.00512473913868, -4.98285928899
1.66, -1.00001797867, 25.3298289686, 0.00539533870048, -4.98922836283
1.67, -1.00001058087, 25.2799300406, -0.00474692224537, -4.99542952746
1.68, -1.00007010249, 25.2299700057, -0.00725846810693, -5.00145171028
1.69, -1.00011097319, 25.1799506585, -0.00124725876865, -5.00729677011
1.7, -1.00007129729, 25.1298737345, 0.00589995645879, -5.01297620506
1.71, -1.00001750271, 25.0797407875, 0.00198188391968, -5.01850688738
1.72, -1.00004141362, 25.0295532851, -0.00665377208339, -5.02388851763
1.73, -1.0001060861, 24.9793127696, -0.00557595583636, -5.02911128911
1.74, -1.00010540191, 24.9290208399, 0.00357539074745, -5.03417898409
1.75, -1.00004111659, 24.8786789468, 0.00557350034781, -5.03911115968
1.76, -1.00002201267, 24.8282883828, -0.00309057096529, -5.04391565814
1.77, -1.00008307591, 24.7778504534, -0.00806142585727, -5.04858396602
1.78, -1.00012522244, 24.7273665759, -0.000907976671291, -5.05310966433
1.79, -1.00007927556, 24.6768381227, 0.00656767700246, -5.05750735432
1.8, -1.00002283889, 24.6262662729, 0.0018122059057, -5.0617931896
1.81, -1.00005269388, 24.5756521346, -0.0074313690221, -5.06596481636
1.82, -1.00012242639, 24.5249969148, -0.00569770674471, -5.0700102015
1.83, -1.00011767728, 24.4743018895, 0.00430210825794, -5.07393307407
1.84, -1.00004706876, 24.4235681785, 0.0059253696124, -5.07775363745
1.85, -1.00003012385, 24.3727967481, -0.00372412738802, -5.08147828673
1.86, -1.00008528242, 24.3219886116, -0.00745252219121, -5.08509476279
1.87, -1.00013435755, 24.2711448699, -0.00234312450342, -5.08860137523
1.88, -1.00010186602, 24.2202666091, 0.00573058156999, -5.0920058054
1.89, -1.00004212286, 24.1693547506, 0.0030446981565, -5.09532501431
1.9, -1.00005670407, 24.1184101284, -0.00611954427853, -5.09855838148
1.91, -1.00012430814, 24.0674336577, -0.00648219945657, -5.10169409223
1.92, -1.00013416707, 24.0164263465, 0.0027253472226, -5.10473189134
1.93, -1.00007049021, 23.9653890897, 0.00620591902064, -5.10768935749
1.94, -1.00004086825, 23.9143226226, -0.00200673089118, -5.11057521269
1.95, -1.00009776831, 23.8632276911, -0.00834091109262, -5.11338038114
1.96, -1.00014922845, 23.812105172, -0.0021035712559, -5.11609457463
1.97, -1.00011067107, 23.7609559397, 0.00645029227198, -5.11872982828
1.98, -1.00004721312, 23.7097806879, 0.00299612431197, -5.12130210877
1.99, -1.0000671371, 23.6585800302, -0.00690767268706, -5.12380968139
2.0, -1.00012627912, 23.6073546982, -0.00630110743145, -5.12623809739
2.01, -1.00014497423, 23.5561054698, 0.00125666635137, -5.12859091714
2.02, -1.0000932606, 23.504833057, 0.00562397352539, -5.13088034286
2.03, -1.00005822491, 23.4535380271, -0.000669874796454, -5.13311574726
2.04, -1.00010082164, 23.4022209377, -0.00727072874617, -5.13529039257
2.05, -1.00015277238, 23.3508824609, -0.00308690565831, -5.13739404097
2.06, -1.00012882007, 23.2995232946, 0.00504147224821, -5.13943392219
2.07, -1.00006970561, 23.2481439882, 0.00353029093989, -5.14142545102
2.08, -1.00007613444, 23.1967450018, -0.00528020222441, -5.14336911518
2.09, -1.00014059976, 23.1453268719, -0.00671604499145, -5.14525259483
2.1, -1.00015791137, 23.0938902427, 0.00177494399591, -5.14707280239
2.11, -1.00010011894, 23.0424356761, 0.00610899568731, -5.14884515562
2.12, -1.00006502416, 22.9909635821, -0.00108158374342, -5.15057889793
2.13, -1.000114206, 22.9394743731, -0.00794074930563, -5.1522656504
2.14, -1.0001687579, 22.8879685932, -0.00292114496421, -5.15389363807
2.15, -1.00013922248, 22.836446812, 0.00575757528027, -5.15547145918
2.16, -1.00007574076, 22.7849094381, 0.00359073050504, -5.15701514306
2.17, -1.00008648658, 22.7333567969, -0.00599782487613, -5.15852314421
2.18, -1.0001568942, 22.6817893061, -0.00702013211947, -5.15998266602
2.19, -1.0001718017, 22.6302075027, 0.00240436112821, -5.16138963212
2.2, -1.0001071054, 22.5786118274, 0.00663493611131, -5.16276196425
2.21, -1.00007210239, 22.527002566, -0.00154430800614, -5.16410711779
2.22, -1.00012362639, 22.4753799858, -0.00393094640241, -5.16544760131
2.23, -1.00017244064, 22.4237446459, -0.00357051335998, -5.16667606925
2.24, -1.00015587461, 22.3720968729, 0.00433014774703, -5.16789726757
2.25, -1.00009881546, 22.320437036, 0.0038294549593, -5.169091947
2.26, -1.00009802815, 22.2687653751, -0.00441643251932, -5.17026083935
2.27, -1.00015766265, 22.2170821965, -0.00670054606642, -5.17139291507
2.28, -1.00018044005, 22.1653879207, 0.000925011828907, -5.17248304787
2.29, -1.00012921828, 22.1136829111, 0.00582472328375, -5.17354434601
2.3, -1.00009059773, 22.0619673882, -0.000292688079547, -5.17458612944
2.31, -1.00013173729, 22.0102415653, -0.007369273131, -5.17560135077
2.32, -1.00018704115, 21.9585057812, -0.00352016937229, -5.17657794876
2.33, -1.00016586365, 21.9067604196, 0.00498237263365, -5.17752170974
2.34, -1.00010440021, 21.855005724, 0.00394071011259, -5.17844755853
2.35, -1.00010731743, 21.8032418495, -0.00509032001005, -5.17935561908
2.36, -1.00017309023, 21.7514690321, -0.0070789690876, -5.18023314051
2.37, -1.00019449001, 21.6996876317, 0.00145417279605, -5.18107499766
2.38, -1.00013680169, 21.6478979399, 0.0063657943667, -5.18189584348
2.39, -1.00009759372, 21.5961000982, -0.000665573578335, -5.18270512218
2.4, -1.00014526735, 21.5442942508, -0.00806066484009, -5.18349369741
2.41, -1.00020348219, 21.4924806826, -0.00338167750808, -5.18424879462
2.42, -1.0001767013, 21.4406597217, 0.0057263315899, -5.18497723473
2.43, -1.00011043173, 21.3888315415, 0.00404714956921, -5.18569508148
2.44, -1.00011748092, 21.3369962291, -0.00581735270117, -5.18640139441
2.45, -1.00018957191, 21.2851539673, -0.00743301271744, -5.18708169505
2.46, -1.00020890659, 21.2333050733, 0.00207402573764, -5.18773094319
2.47, -1.00014407491, 21.1814497818, 0.00693755578895, -5.18836573645
2.48, -1.00010455421, 21.1295881694, -0.00110562260633, -5.18899486933
2.49, -1.0001491051, 21.0777203361, -0.00651372062975, -5.18960542619
2.5, -1.00021025371, 21.0258465118, -0.00462038790389, -5.19019257697
2.51, -1.00019791791, 20.9739669659, 0.00456901411957, -5.19075484188
2.52, -1.00013208152, 20.9220818518, 0.00497639933666, -5.19130908118
2.53, -1.00012403781, 20.8701912149, -0.00427569203745, -5.19185752441
2.54, -1.00019019015, 20.8182951709, -0.0078265485134, -5.19238691492
2.55, -1.00022259879, 20.766393977, 0.000399370429288, -5.1928893433
2.56, -1.00016801556, 20.7144878489, 0.00678970031945, -5.19337862552
2.57, -1.00011845699, 20.6625768415, 0.00056989327309, -5.19386564227
2.58, -1.00015933693, 20.6106609929, -0.00806472298269, -5.19434305441
2.59, -1.00022569884, 20.5587404841, -0.00463325612197, -5.1947960951
2.6, -1.0002085192, 20.5068155697, 0.0053145425245, -5.19522883675
2.61, -1.00013711093, 20.4548863577, 0.00519032626561, -5.19565848039
2.62, -1.000132567, 20.4029528483, -0.00500417094116, -5.19608616193
2.63, -1.00019156975, 20.351015141, -0.00789655729417, -5.19649650291
2.64, -1.00023511838, 20.2990734312, -0.00121244911856, -5.19688579584
2.65, -1.00019194333, 20.2471279181, 0.00641447906524, -5.19726198429
2.66, -1.00013443772, 20.1951786454, 0.00211979068287, -5.1976386785
2.67, -1.00016071481, 20.143225612, -0.00713215423952, -5.19801084511
2.68, -1.00023003625, 20.0912689417, -0.00588077671398, -5.19836355455
2.69, -1.00022858856, 20.0393088616, 0.00395694547276, -5.19869674512
2.7, -1.0001593767, 19.9873454789, 0.00600984879543, -5.19902757633
2.71, -1.00013944939, 19.9353787736, -0.00333173784447, -5.19935985228
2.72, -1.00019501136, 19.8834087895, -0.00631197416245, -5.19967863642
2.73, -1.00023985819, 19.8314357007, -0.00227751244156, -5.19998141805
2.74, -1.00021073999, 19.779459671, 0.00516149184431, -5.20027155595
2.75, -1.00015581546, 19.7274807448, 0.00279289447362, -5.20056226514
2.76, -1.00016854649, 19.6754989054, -0.00561510360963, -5.20085155897
2.77, -1.00023057952, 19.623514232, -0.00604897161001, -5.20112631449
2.78, -1.00024041431, 19.5715269114, 0.00236362776699, -5.20138379667
2.79, -1.00018240312, 19.5195370482, 0.00564488462632, -5.20163829249
2.8, -1.00015472666, 19.4675446205, -0.00182514852939, -5.20189586558
2.81, -1.00020652658, 19.4155496335, -0.00770557024887, -5.20214652205
2.82, -1.0002543047, 19.3635522323, -0.00207386960963, -5.20237868846
2.83, -1.00021972239, 19.3115525791, 0.00581555388506, -5.202601199
2.84, -1.00016139116, 19.2595506886, 0.00275014137196, -5.20282748262
2.85, -1.00017901863, 19.2075465188, -0.00634082955343, -5.20305412464
2.86, -1.0002465534, 19.1555401373, -0.00628378585566, -5.20326689991
2.87, -1.00025354612, 19.1035317243, 0.00299691199172, -5.20346362976
2.88, -1.00018918983, 19.0515213631, 0.00607856436356, -5.20366008608
2.89, -1.0001624429, 18.9995090044, -0.0023411814608, -5.20386200245
2.9, -1.00022117015, 18.9474946366, -0.00833697867113, -5.20405779248
2.91, -1.00027045984, 18.8954784008, -0.00177177800825, -5.20423570695
2.92, -1.00022943362, 18.8434604487, 0.00654828532441, -5.20440580775
2.93, -1.00016746978, 18.7914407695, 0.00268283706359, -5.20458229237
2.94, -1.00019052266, 18.7394192993, -0.00712133975753, -5.20476064388
2.95, -1.00024930636, 18.6873961145, -0.00605744829545, -5.20492475133
2.96, -1.00026471067, 18.6353713518, 0.001559683296, -5.20507656147
2.97, -1.0002122781, 18.5833450925, 0.00548004074477, -5.20522748008
2.98, -1.0001803656, 18.5313172964, -0.00102524493477, -5.20538360776
2.99, -1.00022474433, 18.4792879356, -0.00724016900505, -5.2055367329
3.0, -1.00027409504, 18.4272571131, -0.0027101874489, -5.20567533283
3.01, -1.00024743289, 18.3752249656, 0.00514007379345, -5.20580575668
3.02, -1.00019004585, 18.3231914955, 0.00318217683747, -5.20594144298
3.03, -1.00019982336, 18.271156639, -0.00549758574228, -5.20608046004
3.04, -1.00026366874, 18.2191204266, -0.00643187455161, -5.20620960321
3.05, -1.00027736265, 18.1670830055, 0.00209347350234, -5.20632461547
3.06, -1.00021899192, 18.1150444468, 0.00592774708318, -5.20644054171
3.07, -1.00018740037, 18.0630046895, -0.00146549514237, -5.20656370486
3.08, -1.00023834891, 18.0109636946, -0.00788402664434, -5.20668417458
3.09, -1.0002899143, 17.9589215665, -0.00250725148746, -5.20678986977
3.1, -1.00025754758, 17.9068784384, 0.00584336267055, -5.20688840891
3.11, -1.00019616041, 17.8548342943, 0.00319711906169, -5.2069946183
3.12, -1.00021054719, 17.802789054, -0.0062233174819, -5.20710485047
3.13, -1.00028014764, 17.750742745, -0.0067041111564, -5.20720492542
3.14, -1.00029118677, 17.6986955183, 0.00273104158116, -5.20729149977
3.15, -1.00022613354, 17.6466474336, 0.00641341572352, -5.20738010231
3.16, -1.00019505047, 17.5945984105, -0.0019588627444, -5.20747795795
3.17, -1.00025303351, 17.5425484011, -0.00854916586413, -5.20757318251
3.18, -1.00030649566, 17.4904975149, -0.00223399360985, -5.20765308929
3.19, -1.00026762789, 17.4384458828, 0.00661028798043, -5.20772722783
3.2, -1.00020213006, 17.3863934716, 0.00317529522234, -5.20781025394
3.21, -1.00022177377, 17.3343401857, -0.00701688141416, -5.2078986338
3.22, -1.00028318083, 17.2822860695, -0.00720642484116, -5.20797623627
3.23, -1.00030723912, 17.2302312319, 0.00117728084994, -5.20804212396
3.24, -1.00025044942, 17.1781757516, 0.00647385204333, -5.20810866366
3.25, -1.0002083363, 17.1261195589, -0.000303897211472, -5.20818445644
3.26, -1.00025375958, 17.0740625861, -0.00801656942822, -5.20826055008
3.27, -1.00031390098, 17.0220049111, -0.00371099993923, -5.20832363593
3.28, -1.00028984872, 16.9699466695, 0.00558998220603, -5.20837846906
3.29, -1.00022236172, 16.9178878484, 0.0043530797747, -5.20844142594
3.3, -1.00022607203, 16.8658283486, -0.00556094099157, -5.20851164247
3.31, -1.00029816453, 16.813768167, -0.00765044194712, -5.20857386492
3.32, -1.00032083295, 16.7617074439, 0.0017459723307, -5.20862222114
3.33, -1.00025709153, 16.7096462495, 0.00705040563884, -5.2086724747
3.34, -1.00021453594, 16.657584497, -0.000733095228421, -5.20873325091
3.35, -1.00025696968, 16.6055221208, -0.00650626261346, -5.20879209002
3.36, -1.00032052833, 16.5534591897, -0.00499788837551, -5.20884307028
3.37, -1.00031119416, 16.5013958246, 0.00442967167297, -5.20888338628
3.38, -1.00024395081, 16.4493320364, 0.00531043743089, -5.20893029954
3.39, -1.00023241149, 16.3972677255, -0.00402313582602, -5.20898603473
3.4, -1.00029886305, 16.3452028614, -0.00808769303512, -5.2090366686
3.41, -1.00033498372, 16.2931375646, 4.85559260916e-05, -5.20907368705
3.42, -1.00028140914, 16.2410719254, 0.00693286888309, -5.20910989489
3.43, -1.00022846328, 16.1890058724, 0.000970119667812, -5.20915656322
3.44, -1.00026252268, 16.1369392826, -0.00338467203025, -5.20923829639
3.45, -1.00032365947, 16.0848723201, -0.00593698148789, -5.20924541541
3.46, -1.00032899122, 16.0328049823, 0.00297442139659, -5.20927506003
3.47, -1.00026674182, 15.9807373401, 0.0057833459336, -5.20930940043
3.48, -1.00024186844, 15.9286693019, -0.00237031800363, -5.20935323717
3.49, -1.00029867137, 15.8766008156, -0.00800877541911, -5.20939486447
3.5, -1.00034508513, 15.8245319763, -0.0016039947284, -5.20942375546
3.51, -1.00030480255, 15.7724628881, 0.00629480417061, -5.20944931323
3.52, -1.00024583333, 15.7203935006, 0.00244209903715, -5.20948453722
3.53, -1.00026897942, 15.6683237141, -0.00692858544566, -5.20952551498
3.54, -1.00033896741, 15.6162535526, -0.00615966341496, -5.20955678071
3.55, -1.00034110108, 15.5641831518, 0.00364069551999, -5.20957686115
3.56, -1.00027254386, 15.5121125367, 0.00617734817994, -5.20960271464
3.57, -1.00024928777, 15.4600416018, -0.00296187928052, -5.20963936948
3.58, -1.00030314635, 15.4079703026, -0.00636602652828, -5.20967088217
3.59, -1.00035088896, 15.3558987271, -0.00267881281231, -5.20969452487
3.6, -1.00032455374, 15.3038269645, 0.005073555671, -5.20971285788
3.61, -1.00026767911, 15.2517549872, 0.00316668227679, -5.20973909646
3.62, -1.00027697023, 15.1996827011, -0.00540446198055, -5.20977173465
3.63, -1.00033987927, 15.1476101063, -0.00636331711074, -5.20979775616
3.64, -1.00035354755, 15.0955373197, 0.00204063448799, -5.20981277026
3.65, -1.00029596469, 15.0434643836, 0.00585520381477, -5.20983086503
3.66, -1.00026452978, 14.9913912107, -0.00142575745031, -5.20985918352
3.67, -1.00031462697, 14.9393177358, -0.00778506649872, -5.2098875291
3.68, -1.00036567043, 14.8872440362, -0.00250946232835, -5.20990351922
3.69, -1.00033394531, 14.8351702179, 0.0057454533652, -5.20991534996
3.7, -1.00027327734, 14.7830962417, 0.00316930283399, -5.20993672771
3.71, -1.00028722921, 14.7310220046, -0.00613194904261, -5.20996454185
3.72, -1.00035592237, 14.6789475106, -0.00664091679715, -5.20998453721
3.73, -1.00036707109, 14.626872886, 0.00266144981344, -5.20999363887
3.74, -1.00030294738, 14.5747981685, 0.0063287059289, -5.21000690818
3.75, -1.00027205049, 14.5227232583, -0.00191442674472, -5.21003090103
3.76, -1.00032913781, 14.4706480867, -0.00844768335553, -5.21005483651
3.77, -1.00038210169, 14.4185727417, -0.0022432172295, -5.21006546
3.78, -1.00034397876, 14.3664973336, 0.00650356195595, -5.21007194501
3.79, -1.00027923646, 14.3144218107, 0.00314884112226, -5.21008954761
3.8, -1.00029837276, 14.2623460607, -0.00691530944427, -5.21011416935
3.81, -1.00035883327, 14.2102701095, -0.00714586771799, -5.21012949239
3.82, -1.00038307077, 14.1581940463, 0.00109697639931, -5.21013554686
3.83, -1.00032729739, 14.1061179331, 0.00638678384216, -5.2101436568
3.84, -1.00028533025, 14.0540416852, -0.000250768209357, -5.21016237355
3.85, -1.00032976015, 14.0019652194, -0.00790868059748, -5.21018302953
3.86, -1.00038941448, 13.9498885965, -0.00372892285323, -5.21019240769
3.87, -1.00036621728, 13.8978119351, 0.00547369223845, -5.21019521416
3.88, -1.00029952668, 13.8457352098, 0.0043305882495, -5.2102070687
3.89, -1.00030264806, 13.7936583076, -0.00545179158426, -5.21022762808
3.9, -1.00037375522, 13.7415812108, -0.00759162173176, -5.21024224713
3.91, -1.0003967117, 13.6895040445, 0.00165185473164, -5.21024398576
3.92, -1.00033409535, 13.6374268655, 0.00695653886585, -5.21024869237
3.93, -1.00029164908, 13.5853495763, -0.000670494106775, -5.21026557278
3.94, -1.00033859228, 13.533272058, -0.00397316791314, -5.21031551983
3.95, -1.00039348309, 13.4811944921, -0.00447338830323, -5.21029004637
3.96, -1.00038365581, 13.4291168594, 0.00406070959275, -5.21029085695
3.97, -1.00032272622, 13.377039195, 0.00465456390021, -5.21029896882
3.98, -1.00031381536, 13.3249613985, -0.0038679032832, -5.21031540228
3.99, -1.00037471253, 13.2728834346, -0.00736380298557, -5.21032842099
4.0, -1.00040626907, 13.220805405, 0.000136807812813, -5.21032997197
4.01, -1.00035680186, 13.1687273802, 0.00622623140148, -5.21033169677
4.02, -1.00030989503, 13.1166492849, 0.000641299149993, -5.21034400141
4.03, -1.00034651767, 13.0645710285, -0.00747016817661, -5.21035993397
4.04, -1.00040880414, 13.0124926549, -0.00451170084321, -5.21036567523
4.05, -1.00039464989, 12.9604142839, 0.0047452034285, -5.21036344081
4.06, -1.00032848552, 12.9083359038, 0.00486774003626, -5.21036966635
4.07, -1.00032268873, 12.8562574037, -0.00453726677175, -5.21038538608
4.08, -1.00039034798, 12.8041787506, -0.00784144722805, -5.21039639181
4.09, -1.00042131594, 12.7521000583, 0.000629098295941, -5.21039468065
4.1, -1.00036500025, 12.7000213961, 0.00685792674415, -5.21039450257
4.11, -1.00031656743, 12.6479426768, 0.000335546182298, -5.21040617695
4.12, -1.00035979807, 12.5958638054, -0.0082303564572, -5.21042084099
4.13, -1.00042598227, 12.5437848351, -0.00446620258013, -5.21042384244
4.14, -1.0004064873, 12.4917058937, 0.00552690711556, -5.21041961931
4.15, -1.00033460835, 12.4396269608, 0.00507998509182, -5.21042471619
4.16, -1.00033237906, 12.3875479149, -0.00526960259604, -5.21043945101
4.17, -1.000392765, 12.335468741, -0.00788371261218, -5.21044824566
4.18, -1.00043452122, 12.2833895244, -0.00094769682512, -5.21044710114
4.19, -1.00038943191, 12.2313103504, 0.00648291775509, -5.21044419004
4.2, -1.00033319434, 12.1792311517, 0.00186545528823, -5.21045246656
4.21, -1.00036192311, 12.1271518245, -0.00729378081799, -5.21046637095
4.22, -1.00043084048, 12.0750723951, -0.00568117783055, -5.21047036292
4.23, -1.0004267995, 12.022992992, 0.00418508346247, -5.21046475285
4.24, -1.00035717188, 11.9709136214, 0.00588067020294, -5.21046674419
4.25, -1.00033979165, 11.9188341684, -0.00361418995098, -5.21047954213
4.26, -1.00039385258, 11.866754594, -0.00737031724391, -5.21048791768
4.27, -1.00044298834, 11.8146749734, -0.00241997156978, -5.21048755799
4.28, -1.00041165804, 11.7625953977, 0.0056200079506, -5.21048335586
4.29, -1.00035229865, 11.710515824, 0.00308337674067, -5.21048870563
4.3, -1.00036586837, 11.6584361473, -0.00599477332775, -5.21050083833
4.31, -1.00043279687, 11.6063563674, -0.006480982787, -5.21050586742
4.32, -1.00044349797, 11.5542766036, 0.00259645813785, -5.21050059742
4.33, -1.00038085458, 11.5021968887, 0.00615933870424, -5.21049972041
4.34, -1.00035077373, 11.4501171209, -0.00189433215883, -5.21050987947
4.35, -1.00040652742, 11.3980372299, -0.00825750790854, -5.21052011995
4.36, -1.00045814171, 11.3459572977, -0.00219540666542, -5.21051796778
4.37, -1.0004208731, 11.2938774285, 0.00633123260983, -5.21051208907
4.38, -1.00035778077, 11.2417975684, 0.0030432661104, -5.21051716816
4.39, -1.00037658619, 11.1897176042, -0.00677452896847, -5.21052966238
4.4, -1.00043508634, 11.1376375582, -0.00630940436704, -5.21053286556
4.41, -1.00045471778, 11.085557519, 0.00112057583688, -5.21052819776
4.42, -1.00040402508, 11.0334775311, 0.00558567064657, -5.21052599692
4.43, -1.00036841224, 10.981397514, -0.000545714877558, -5.21053381543
4.44, -1.0004098018, 10.9293173932, -0.00718814102816, -5.2105431247
4.45, -1.00046195479, 10.8772372242, -0.0031862486073, -5.21054220351
4.46, -1.00043932448, 10.825157108, 0.0049247146484, -5.21053637996
4.47, -1.00038049241, 10.773077016, 0.00358894245077, -5.21053925568
4.48, -1.00038570793, 10.7209968455, -0.00514266953807, -5.21054948403
4.49, -1.00044953539, 10.6689165825, -0.00673193205743, -5.21055425425
4.5, -1.00046790559, 10.6168363369, 0.00162639597924, -5.21054834
4.51, -1.00041117864, 10.564756154, 0.0060725955567, -5.21054536098
4.52, -1.00037540266, 10.5126759426, -0.000944964505017, -5.21055322531
4.53, -1.00042330619, 10.4605956251, -0.00785785531897, -5.21056258949
4.54, -1.00047815091, 10.4085152673, -0.00303509550162, -5.21056053953
4.55, -1.00045004736, 10.3564349766, 0.0056343442002, -5.21055342778
4.56, -1.00038681427, 10.304354715, 0.00365793663935, -5.21055617858
4.57, -1.00039627325, 10.252274371, -0.00585770682927, -5.21056699318
4.58, -1.00046614247, 10.2001939357, -0.00705609366251, -5.21057102978
4.59, -1.00048232582, 10.148113531, 0.00223674458815, -5.21056342627
4.6, -1.00041877636, 10.0960331987, 0.00660198063236, -5.21056024862
4.61, -1.00038297968, 10.0439528364, -0.00139396437501, -5.2105687432
4.62, -1.00043787393, 9.99187236398, -0.00855416111363, -5.21057788889
4.63, -1.00049513026, 9.93979185904, -0.00281536654836, -5.21057434697
4.64, -1.00046074238, 9.88771143476, 0.00641442897896, -5.21056644512
4.65, -1.00039293918, 9.83563104262, 0.00369630843404, -5.21056962368
4.66, -1.00040727691, 9.78355056287, -0.00664343422199, -5.21058072557
4.67, -1.00046928524, 9.73147000796, -0.00761656673968, -5.21058397342
4.68, -1.00049897272, 9.67938946469, 0.000656988792586, -5.21057747729
4.69, -1.00044350798, 9.62730900151, 0.00671336223659, -5.21057219338
4.7, -1.00039611751, 9.57522853136, 0.000304700359178, -5.21057859223
4.71, -1.0004384351, 9.52314795939, -0.00805735241707, -5.2105884727
4.72, -1.00050293275, 9.47106733726, -0.00434959200817, -5.21058698655
4.73, -1.00048356121, 9.4189867886, 0.00541226379238, -5.21057815425
4.74, -1.00041325894, 9.36690629169, 0.00493770613937, -5.21057878212
4.75, -1.0004112903, 9.3148257262, -0.00518608574295, -5.21058927103
4.76, -1.00047004567, 9.26274507766, -0.00770175782506, -5.21059367699
4.77, -1.00051088982, 9.21066442716, -0.000961424280108, -5.21058851562
4.78, -1.00046708266, 9.15858385681, 0.00629944636466, -5.21058197175
4.79, -1.00041213486, 9.10650330063, 0.00182384142389, -5.21058642897
4.8, -1.0004399415, 9.05442265607, -0.00711473420893, -5.21059611818
4.81, -1.00050717607, 9.00234194733, -0.00557430664738, -5.21059643908
4.82, -1.00050347105, 8.95026129834, 0.00404385634325, -5.21058780596
4.83, -1.00043563494, 8.8981807154, 0.00572517836007, -5.21058637389
4.84, -1.00041849064, 8.84610008531, -0.00351852880808, -5.21059541328
4.85, -1.00048392382, 8.79401935498, -0.00836499791721, -5.21060198544
4.86, -1.00052562551, 8.74193862818, -0.000577281619395, -5.21059553518
4.87, -1.00047515643, 8.68985799207, 0.00698617308787, -5.2105884541
4.88, -1.00041770676, 8.63777736901, 0.00161447646068, -5.21059339827
4.89, -1.00045190641, 8.58569664995, -0.00792836572958, -5.21060369444
4.9, -1.00051003888, 8.53361588424, -0.00592375494985, -5.21060341682
4.91, -1.00051815249, 8.48153515856, 0.00253975529587, -5.21059570823
4.92, -1.00045930903, 8.42945450189, 0.00563028160903, -5.21059275283
4.93, -1.00043275448, 8.37737381786, -0.0019801215945, -5.21060007003
4.94, -1.00048553436, 8.32529304255, -0.007721047148, -5.21060705805
4.95, -1.00053230808, 8.27321225417, -0.00190422031108, -5.21060252399
4.96, -1.00049626039, 8.2211315465, 0.00589903354392, -5.2105951349
4.97, -1.00043836951, 8.16905086661, 0.00261216625902, -5.2105981273
4.98, -1.00045759844, 8.11697010936, -0.00646941834691, -5.21060743287
4.99, -1.00052520119, 8.06488928333, -0.00618489712687, -5.21060866901
5.0, -1.00053057934, 8.0128085096, 0.00316164523941, -5.21060008864
5.01, -1.00046560892, 7.96072781045, 0.00603291981989, -5.21059722798
5.02, -1.00044030542, 7.90864707886, -0.00252522611034, -5.2106052051
5.03, -1.00050015511, 7.85656625004, -0.00835251730677, -5.21061229961
5.04, -1.00054836037, 7.80448541425, -0.00159069325295, -5.21060669531
5.05, -1.00050583198, 7.75240466939, 0.00662573839083, -5.21059871456
5.06, -1.00044447751, 7.7003239517, 0.00252265913803, -5.21060219261
5.07, -1.00046928816, 7.64824314843, -0.00725570197335, -5.2106122379
5.08, -1.00052825083, 7.59616229179, -0.00662568715918, -5.21061305397
5.09, -1.00054624392, 7.54408146667, 0.00161512954961, -5.21060544662
5.1, -1.00048992585, 7.49200071954, 0.00602819264967, -5.21060100627
5.11, -1.00045419088, 7.43991995975, -0.000905469676666, -5.21060735005
5.12, -1.00050132662, 7.38783911005, -0.00776815766684, -5.21061505142
5.13, -1.00055558298, 7.33575823497, -0.00301771072462, -5.210611498
5.14, -1.00052784106, 7.28367744045, 0.00556777982384, -5.21060316352
5.15, -1.00046514716, 7.23159668872, 0.00363455424939, -5.21060456575
5.16, -1.00047429227, 7.17951586931, -0.00578697496742, -5.21061385465
5.17, -1.00054339366, 7.12743497247, -0.00699779222984, -5.21061646897
5.18, -1.00055956804, 7.07535411824, 0.00219092925774, -5.2106079015
5.19, -1.00049673261, 7.02327334836, 0.00653092505472, -5.21060347063
5.2, -1.00046115356, 6.97119256101, -0.0013667189616, -5.21061052779
5.21, -1.0005153621, 6.91911167643, -0.00847150677978, -5.21061852646
5.22, -1.00057215416, 6.86703077063, -0.00281295978452, -5.21061402414
5.23, -1.00053829751, 6.81494995573, 0.00633077408393, -5.21060501277
5.24, -1.00047114112, 6.76286918368, 0.00366728446157, -5.21060697443
5.25, -1.00048515799, 6.71078833539, -0.00656873965473, -5.2106170432
5.26, -1.00054622041, 6.65870742258, -0.00688042133149, -5.2106186134
5.27, -1.00057164551, 6.60662653612, 0.000714166726645, -5.2106116607
5.28, -1.00052033874, 6.55454573065, 0.00602497511134, -5.210606304
5.29, -1.00047865137, 6.50246492491, 1.50812868744e-05, -5.21061152998
5.3, -1.00051864316, 6.45038403417, -0.00745165869883, -5.21061949652
5.31, -1.00057654127, 6.39830310834, -0.00384828728065, -5.21061703972
5.32, -1.00055730265, 6.34622225798, 0.00496532372011, -5.21060839429
5.33, -1.00049377587, 6.29414146034, 0.00427648016627, -5.2106085313
5.34, -1.00049396566, 6.24206060574, -0.00495420064752, -5.21061735112
5.35, -1.00056088961, 6.18997966974, -0.00737183054418, -5.21062099623
5.36, -1.00058544844, 6.13789876535, 0.00121745897203, -5.21061299731
5.37, -1.00052766807, 6.08581794882, 0.00658270291959, -5.21060741973
5.38, -1.00048524209, 6.0337371278, -0.000355677686888, -5.21061348338
5.39, -1.00053198128, 5.98165621381, -0.00818161215814, -5.21062195442
5.4, -1.00059322152, 5.9295752672, -0.00374507078527, -5.2106186078
5.41, -1.00056847555, 5.87749440625, 0.00572174410344, -5.21060921268
5.42, -1.00049986082, 5.82541359904, 0.00441135121769, -5.21060983786
5.43, -1.00050408557, 5.77333272646, -0.00569394512735, -5.21061949864
5.44, -1.00056332284, 5.7212517839, -0.00734469541834, -5.21062224086
5.45, -1.00059810474, 5.6691708555, -0.000332341846975, -5.21061591855
5.46, -1.00055181891, 5.61709001218, 0.00614335102335, -5.21060938545
5.47, -1.0005022798, 5.56500918263, 0.0011230892504, -5.21061352213
5.48, -1.00053449832, 5.51292827145, -0.00719757371472, -5.21062197169
5.49, -1.00059776785, 5.46084731213, -0.00489236070609, -5.2106209162
5.5, -1.00058826585, 5.40876642278, 0.00435535877847, -5.21061188595
5.51, -1.00052254727, 5.35668559841, 0.00513416044929, -5.21061051273
5.52, -1.00051205526, 5.30460472802, -0.00403943150545, -5.21061900879
5.53, -1.00057759507, 5.25252376946, -0.00793833534165, -5.21062400519
5.54, -1.00061256618, 5.20044282912, 9.54220162895e-05, -5.21061662161
5.55, -1.0005597203, 5.1483619818, 0.00677865712535, -5.21060974002
5.56, -1.00050834449, 5.09628114479, 0.000855463330778, -5.21061470292
5.57, -1.000547034, 5.04420021747, -0.00797359301666, -5.21062387795
5.58, -1.00061467924, 4.99211924291, -0.00491016411827, -5.21062196721
5.59, -1.00060031276, 4.94003834858, 0.00511571536311, -5.21061196206
5.6, -1.00052868563, 4.88795752128, 0.00539190911158, -5.21061112004
5.61, -1.00052131032, 4.83587663989, -0.00474227547489, -5.21062056712
5.62, -1.00058091512, 4.78379567841, -0.00726436625824, -5.2106240579
5.63, -1.00062181324, 4.73171472447, -0.00124281868916, -5.21061875796
5.64, -1.00058212172, 4.67963385462, 0.00590451586995, -5.21061154853
5.65, -1.00052837703, 4.62755300965, 0.00197492497845, -5.21061458096
5.66, -1.00055241602, 4.57547208955, -0.00666250929314, -5.2106231281
5.67, -1.00061717802, 4.5233911126, -0.00557831108229, -5.21062326328
5.68, -1.0006165011, 4.47131019697, 0.00358055607858, -5.2106143498
5.69, -1.00055223437, 4.41922935351, 0.00557071406782, -5.21061180577
5.7, -1.00053322652, 4.36714847516, -0.00309883929091, -5.21061959038
5.71, -1.00059440466, 4.31506750701, -0.00806707164183, -5.21062556416
5.72, -1.00063657554, 4.26298654453, -0.000904249211001, -5.21061911262
5.73, -1.00059060692, 4.21090567463, 0.00657200477551, -5.2106114053
5.74, -1.00053419943, 4.15882482691, 0.00180722580704, -5.21061527785
5.75, -1.00056415633, 4.10674389533, -0.00743842728741, -5.21062461428
5.76, -1.00063395533, 4.05466290642, -0.00569823122269, -5.21062402971
5.77, -1.00062920404, 4.00258198875, 0.00430636780437, -5.2106140852
5.78, -1.00055861796, 3.9505011464, 0.0059211452646, -5.21061196465
5.79, -1.00054178498, 3.89842026165, -0.00373591899244, -5.21062078746
5.8, -1.00059712969, 3.84633929422, -0.00746596602891, -5.21062529176
5.81, -1.00064623474, 3.79425832062, -0.00233610823976, -5.21062100871
5.82, -1.00061366926, 3.74217743103, 0.00573835988069, -5.21061291179
5.83, -1.00055397048, 3.69009657953, 0.00303330998165, -5.21061473129
5.84, -1.0005687353, 3.63801565894, -0.00613538839111, -5.21062356262
5.85, -1.00063642781, 3.58593467004, -0.00648005885475, -5.21062512885
5.86, -1.00064619862, 3.53385373296, 0.00273926425566, -5.21061622735
5.87, -1.00058247394, 3.48177287765, 0.00620363495839, -5.21061226874
5.88, -1.00055299627, 3.42969199974, -0.00202521237833, -5.21061947174
5.89, -1.00061007561, 3.37761102844, -0.00835096452243, -5.21062662775
5.9, -1.00066152909, 3.32553004765, -0.00209275577354, -5.21062125927
5.91, -1.00062287756, 3.27344916039, 0.00645745966621, -5.21061246571
5.92, -1.00055948312, 3.22136830962, 0.00298067735311, -5.21061507302
5.93, -1.00057962261, 3.16928738074, -0.00692570932596, -5.2106248003
5.94, -1.0006388787, 3.1172063971, -0.00629757385208, -5.21062517981
5.95, -1.0006574244, 3.06512544831, 0.0012789498947, -5.21061788473
5.96, -1.00060559229, 3.01304457642, 0.00562476177905, -5.21061326566
5.97, -1.0005707135, 2.96096369824, -0.000692911273516, -5.21061878032
5.98, -1.000613519, 2.90888273926, -0.0072808782408, -5.21062575569
5.99, -1.00066540109, 2.85680175691, -0.0030659749232, -5.21062234669
6.0, -1.00064124336, 2.80472085153, 0.00505802171265, -5.21061429992
6.01, -1.0005821558, 2.75263999135, 0.00351372437051, -5.21061509677
6.02, -1.00058884759, 2.70055907213, -0.00530457145989, -5.21062338418
6.03, -1.00065341826, 2.64847808149, -0.00670993901985, -5.21062591455
6.04, -1.00067054247, 2.59639713082, 0.00180017276978, -5.21061779501
6.05, -1.00061262283, 2.5443162626, 0.00610773514289, -5.21061304316
6.06, -1.00057771597, 2.49223538293, -0.00110801551562, -5.21061924802
6.07, -1.00062711549, 2.44015441472, -0.00795030084385, -5.21062670049
6.08, -1.00068157172, 2.38807342624, -0.00289735028034, -5.21062259313
6.09, -1.00065180731, 2.33599252404, 0.00577362013223, -5.21061372008
6.1, -1.00058839135, 2.28391166655, 0.00356724945973, -5.21061508463
6.11, -1.00059948152, 2.2318307414, -0.00603078600374, -5.21062439445
6.12, -1.00067006305, 2.17974974161, -0.00701902158067, -5.2106265541
6.13, -1.00068482281, 2.12766879054, 0.00242640036002, -5.21061729088
6.14, -1.00062004145, 2.07558792722, 0.00662879453845, -5.21061271459
6.15, -1.00058528109, 2.02350704652, -0.00157636650567, -5.2106199236
6.16, -1.00063707472, 1.97142603762, -0.00394918269808, -5.21065912729
6.17, -1.00068580967, 1.91934509022, -0.0035450811729, -5.21062323495
6.18, -1.00066898108, 1.8672641728, 0.00434858661005, -5.21061544038
6.19, -1.00061196876, 1.81518330515, 0.00380587579866, -5.21061532184
6.2, -1.00061153029, 1.76310238838, -0.00444962018893, -5.21062295607
6.21, -1.00067130139, 1.71102139992, -0.00669415955101, -5.210626138
6.22, -1.00069385256, 1.65894044026, 0.000954425986725, -5.2106190061
6.23, -1.00064249416, 1.60685956099, 0.00582095951659, -5.21061379889
6.24, -1.00060414458, 1.55477867984, -0.000330720084311, -5.21061894239
6.25, -1.00064559272, 1.50269771674, -0.00738562913514, -5.21062641456
6.26, -1.00070079904, 1.45061672519, -0.00349271274268, -5.21062348797
6.27, -1.00067933986, 1.398535811, 0.00500254363537, -5.2106148401
6.28, -1.00061793188, 1.34645494694, 0.00391611905515, -5.21061518833
6.29, -1.00062120103, 1.29437402592, -0.00512227285658, -5.21062381717
6.3, -1.00068707187, 1.2422930293, -0.00706664081475, -5.21062681806
6.31, -1.00070819257, 1.19021206929, 0.00148701854484, -5.21061851474
6.32, -1.00065036025, 1.13813119542, 0.00636017327928, -5.21061326485
6.33, -1.00061145634, 1.08605031468, -0.000708112902967, -5.21061944334
6.34, -1.00065945662, 1.03396934404, -0.00807577597281, -5.21062727641
6.35, -1.00071754776, 0.981888347394, -0.00335069099718, -5.21062339883
6.36, -1.00069046404, 0.929807437409, 0.00574584209255, -5.2106143245
6.37, -1.00062427976, 0.877726577877, 0.00401667340066, -5.2106152254
6.38, -1.00063172433, 0.82564565277, -0.0058532116109, -5.21062447307
6.39, -1.00070392426, 0.773564647728, -0.00742038573656, -5.21062723937
6.4, -1.0007229646, 0.72148368787, 0.00210779819861, -5.21061813785
6.41, -1.00065800399, 0.669402820289, 0.00692788362238, -5.21061290258
6.42, -1.00061883181, 0.617321940164, -0.00115222456614, -5.21061976284
6.43, -1.00066373881, 0.565240971141, -0.00653010734814, -5.21062551551
6.44, -1.00072475105, 0.513159972138, -0.00458603091149, -5.21062476317
6.45, -1.00071209636, 0.461079045834, 0.00458899588449, -5.21061554414
6.46, -1.00064638446, 0.408998182622, 0.00493969801348, -5.21061448952
6.47, -1.0006387926, 0.356917271041, -0.00431567623555, -5.21062310808
6.48, -1.00070506013, 0.304836273896, -0.00781116627669, -5.21062764994
6.49, -1.00073713248, 0.252755300294, 0.00043701539617, -5.21061979421
6.5, -1.00068240822, 0.200674419873, 0.00677891026715, -5.21061315511
6.51, -1.00063323282, 0.148593546648, 0.000518767485978, -5.21061845131
6.52, -1.00067447767, 0.0965125828936, -0.00807915969613, -5.2106273003
