timestamp, prius0 x posi, prius0 y posi, prius0 x vel, prius0 y vel.
0.0, 0.0, 0.0, 0.0, 0.0
0.00999999999999, -29.9942758047, -1.49999534791, 0.133655790737, 0.00251443434823
0.02, -29.9928631242, -1.49998167821, 0.153506293007, -0.00133485101436
0.03, -29.9912469097, -1.50000881258, 0.174532963769, -0.00433107938402
0.04, -29.989411803, -1.50003388588, 0.19715708705, -0.00148909623555
0.05, -29.9873422781, -1.50001754392, 0.221289207976, 0.00246943728138
0.06, -29.985028398, -1.49998937182, 0.246286211383, 0.000914167989883
0.07, -29.9824574558, -1.49999957006, 0.272266286834, -0.00368083184937
0.08, -29.9796222997, -1.5000351699, 0.299303141666, -0.00368682452501
0.09, -29.9765148165, -1.50004062993, 0.326659853393, 0.000954771977393
0.1, -29.9731308802, -1.50001035751, 0.354832342303, 0.0024965220868
0.11, -29.9694585931, -1.49999909116, 0.383897369877, -0.00175331174545
0.12, -29.9654979226, -1.50003106035, 0.412915003622, -0.00480123743405
0.13, -29.9612401087, -1.50005865988, 0.44306713244, -0.00153793581145
0.14, -29.9566789115, -1.50004111311, 0.47354434715, 0.0026279077981
0.15, -29.9518055793, -1.50001316771, 0.505354074828, 0.000670976415553
0.16, -29.9466100889, -1.5000281438, 0.538113011183, -0.00428297180945
0.17, -29.941079397, -1.5000686601, 0.572194149027, -0.004005988636
0.18, -29.9352072515, -1.50007447119, 0.606377559244, 0.00109658440068
0.19, -29.9289897899, -1.50004297068, 0.641413584579, 0.00248391225322
0.2, -29.9224194203, -1.5000347872, 0.67674831314, -0.00229764159777
0.21, -29.9154926406, -1.50007293215, 0.712877339272, -0.00536982392911
0.22, -29.9082030127, -1.50010342264, 0.74952657318, -0.00158180938055
0.23, -29.9005423726, -1.50008457143, 0.786758053453, 0.00278317896091
0.24, -29.8925067146, -1.50005733597, 0.824708644119, 0.000341090912848
0.25, -29.8840902491, -1.50007816729, 0.862775612953, -0.00499144682814
0.26, -29.8752879808, -1.50012424495, 0.901860533598, -0.00434641824102
0.27, -29.8660964061, -1.50013034965, 0.940816482859, 0.0012558834342
0.28, -29.8565114459, -1.50009762286, 0.980084041081, 0.002446830315
0.29, -29.8465315461, -1.50009321857, 1.02032716701, -0.00294028343338
0.3, -29.8361460831, -1.50013852922, 1.06090153633, -0.00601447567338
0.31, -29.8253528695, -1.50017215902, 1.10174567672, -0.00161045409866
0.32, -29.8141475672, -1.50015173219, 1.14337882825, 0.00295647597892
0.33, -29.8025257016, -1.50012552007, 1.18497753377, -5.94806283498e-05
0.34, -29.7904885746, -1.5001531519, 1.22643663671, -0.00579238596804
0.35, -29.778041016, -1.50020532342, 1.26727792263, -0.00469675711878
0.36, -29.7651718227, -1.50021142733, 1.31046195356, 0.00145679645299
0.37, -29.7518682979, -1.50017746192, 1.35431350758, 0.0023770318704
0.38, -29.738123179, -1.50017748334, 1.39883250476, -0.00366349387276
0.39, -29.7239310611, -1.50023062738, 1.44348696198, -0.00671031632848
0.4, -29.7092926381, -1.50026759472, 1.48801502592, -0.00163059021195
0.41, -29.6942071864, -1.50024548293, 1.53307828804, 0.00313104811009
0.42, -29.6786714368, -1.50022049928, 1.57831394579, -0.000495440938749
0.43, -29.6626779017, -1.50025538842, 1.62416920585, -0.00664163880364
0.44, -29.6462242751, -1.5003140421, 1.67052471513, -0.00507779195299
0.45, -29.6293070856, -1.50032032117, 1.71676071649, 0.00164700725324
0.46, -29.6119259152, -1.50028528792, 1.76348754771, 0.00226863373608
0.47, -29.5940788796, -1.50029030177, 1.8098840125, -0.00444150904092
0.48, -29.5757656914, -1.5003515829, 1.85686478337, -0.00740446761485
0.49, -29.5569795149, -1.50039169662, 1.90410833624, -0.00162985502662
0.5, -29.5377237834, -1.50036793479, 1.95145971737, 0.00327753265281
0.51, -29.51798513, -1.50034478057, 2.00003807431, -0.00101039441508
0.52, -29.4977662755, -1.50038759733, 2.04742451932, -0.00753344586421
0.53, -29.4770726354, -1.50045273152, 2.09520856444, -0.00542452611908
0.54, -29.4558910954, -1.50045881886, 2.14484858592, 0.00186423109126
0.55, -29.4342173593, -1.500422845, 2.19378644367, 0.00211853096094
0.56, -29.412054382, -1.50043349661, 2.24263658612, -0.0052940646204
0.57, -29.3894000907, -1.50050343425, 2.29209871009, -0.00812371420022
0.58, -29.3662516307, -1.50054655449, 2.34135324263, -0.0015917015559
0.59, -29.3426086131, -1.50052084636, 2.39111400257, 0.00343199565891
0.6, -29.3184675453, -1.50049987059, 2.44076353162, -0.00159059164632
0.61, -29.2938297532, -1.5005512119, 2.49070720397, -0.00845547320959
0.62, -29.2686931157, -1.50062278622, 2.54042823486, -0.00575107858242
0.63, -29.2430594019, -1.50062859912, 2.58998148616, 0.00206893970754
0.64, -29.2169291229, -1.50059204907, 2.63993177107, 0.00192087351333
0.65, -29.1903014399, -1.50060875369, 2.68971298113, -0.00616917327571
0.66, -29.1631725729, -1.50068733056, 2.73988872483, -0.00882196533889
0.67, -29.1355402357, -1.50073324932, 2.79054101051, -0.00154175841123
0.68, -29.1074003258, -1.50070573445, 2.84115697294, 0.00355324604906
0.69, -29.0787524417, -1.50068734731, 2.89224440593, -0.00220725037803
0.7, -29.0495934604, -1.50074759406, 2.94318102697, -0.00942654888762
0.71, -29.0199229184, -1.50082588714, 2.99462384385, -0.00607018395066
0.72, -28.989736243, -1.50083080956, 3.04651382773, 0.00236631174601
0.73, -28.9590276189, -1.50079304139, 3.09899430195, 0.00173621418353
0.74, -28.9277912444, -1.50081644865, 3.15204948761, -0.00716576650299
0.75, -28.8960252883, -1.50090481287, 3.20479960992, -0.00960210678207
0.76, -28.8637319899, -1.500953491, 3.25775411151, -0.0014232442247
0.77, -28.8309115564, -1.50092325094, 3.3100965049, 0.00375103135544
0.78, -28.7975654946, -1.5009074912, 3.36288667244, -0.00290113472361
0.79, -28.7636960789, -1.50097778791, 3.41456191478, -0.0105046794473
0.8, -28.729317328, -1.50106311585, 3.46479559333, -0.00635258943261
0.81, -28.6944434576, -1.50106650396, 3.51362362943, 0.00272286203857
0.82, -28.6590883161, -1.50102752709, 3.56108836305, 0.00150500735248
0.83, -28.623265365, -1.50105841244, 3.60722765013, -0.00822931238791
0.84, -28.5869876916, -1.50115672816, 3.65207403294, -0.0103342920336
0.85, -28.5502680137, -1.50120726046, 3.69566350794, -0.00118706005668
0.86, -28.513118692, -1.50117351631, 3.7380348751, 0.00399034844012
0.87, -28.4755517431, -1.50116058106, 3.77922468036, -0.00363538283435
0.88, -28.4375788484, -1.50124116945, 3.81926208386, -0.0115557992805
0.89, -28.3992113645, -1.50133271949, 3.85817628908, -0.00650301158769
0.9, -28.360460325, -1.5013332078, 3.89600112905, 0.00321159003627
0.91, -28.3213364578, -1.50129226415, 3.93277113195, 0.00130648310769
0.92, -28.2818501896, -1.50133067486, 3.96851491743, -0.00930254174348
0.93, -28.2420116596, -1.5014238026, 4.00325631012, -0.0105479004479
0.94, -28.2018307196, -1.50148730873, 4.03702380237, -0.0030298591319
0.95, -28.161316945, -1.50146823294, 4.06984724009, 0.00323749600038
0.96, -28.1204796451, -1.5014511232, 4.10175587034, -0.00241612157862
0.97, -28.0793278685, -1.50151952904, 4.13277246207, -0.0107831547326
0.98, -28.0378704136, -1.50161538267, 4.16291850901, -0.00789001486248
0.99, -27.9961158277, -1.50163387746, 4.19221997065, 0.00155526036541
1.0, -27.9540724215, -1.50159873167, 4.2207042817, 0.00176069765438
1.01, -27.9117482723, -1.50162479609, 4.24839450972, -0.00785068593194
1.02, -27.8691512342, -1.50172667963, 4.27530826342, -0.0113498077469
1.03, -27.8262889398, -1.50179223801, 4.30146643468, -0.00277661334815
1.04, -27.7831688066, -1.50176865578, 4.32689351008, 0.00364219728743
1.05, -27.7397980465, -1.50175237467, 4.35161296434, -0.00295824406063
1.06, -27.6961836689, -1.50182983403, 4.37564130117, -0.0117824698012
1.07, -27.6523324903, -1.50193190942, 4.39899427347, -0.00806063688206
1.08, -27.6082511314, -1.50194713552, 4.42169264225, 0.00214239363632
1.09, -27.5639460309, -1.50190826409, 4.44375885884, 0.0017741405527
1.1, -27.5194234456, -1.50194000954, 4.46521062047, -0.00879540752183
1.11, -27.4746894602, -1.5020377067, 4.48606000218, -0.010811264857
1.12, -27.4297499873, -1.50211070488, 4.50632399383, -0.00428168088413
1.13, -27.3846107732, -1.50210234766, 4.52602119839, 0.00254004940407
1.14, -27.3392774049, -1.50208602063, 4.54517054831, -0.00205370646065
1.15, -27.2937553121, -1.50215062231, 4.56378517611, -0.0106147271731
1.16, -27.2480497752, -1.50225110693, 4.58187638058, -0.00885435756726
1.17, -27.2021659234, -1.50228162352, 4.59945988798, 0.000420320428713
1.18, -27.1561087447, -1.50225226286, 4.61655357556, 0.00173388531034
1.19, -27.1098830861, -1.50227433367, 4.6331719845, -0.00731282181617
1.2, -27.0634936606, -1.50237512652, 4.64932405368, -0.0117381030205
1.21, -27.0169450492, -1.5024503899, 4.66502148025, -0.004036377948
1.22, -26.9702417031, -1.50243705539, 4.68027994298, 0.00304383399666
1.23, -26.923387951, -1.50242006039, 4.69511503168, -0.00242987086132
1.24, -26.8763879983, -1.50249241664, 4.70953598778, -0.0115350980964
1.25, -26.8292459358, -1.50259893511, 4.7235505352, -0.00904265468959
1.26, -26.7819657368, -1.50262615551, 4.73717133028, 0.00104715609062
1.27, -26.7345512661, -1.50259196283, 4.75041345313, 0.00190486601827
1.28, -26.6870062776, -1.50261806528, 4.76328820315, -0.00811667480866
1.29, -26.6393344228, -1.50272733812, 4.77580100587, -0.0123950248327
1.3, -26.5915392503, -1.50280345008, 4.78796077884, -0.00364065396319
1.31, -26.5436242084, -1.50279185332, 4.79978470373, 0.000298178667512
1.32, -26.4955926507, -1.50277728639, 4.81127326941, -0.00161989413982
1.33, -26.4474478344, -1.50283701756, 4.82244538346, -0.0103202695593
1.34, -26.399192929, -1.50294074861, 4.83330247783, -0.00968301096443
1.35, -26.3508310124, -1.50298203105, 4.84385391649, -0.00060435807248
1.36, -26.3023650784, -1.50295736295, 4.85411185364, 0.00181602808362
1.37, -26.2537980358, -1.502974126, 4.86408583733, -0.00662804876471
1.38, -26.2051327128, -1.50307217034, 4.87377972344, -0.0119568260263
1.39, -26.1563718593, -1.5031555189, 4.88319950936, -0.00515101267315
1.4, -26.107518146, -1.50315112066, 4.89235558259, 0.00256401409888
1.41, -26.058574171, -1.50313215189, 4.90125876018, -0.00176733959306
1.42, -26.0095424573, -1.50319783411, 4.90991413214, -0.0111198543903
1.43, -25.9604254606, -1.50330710592, 4.91832458518, -0.00986769591287
1.44, -25.9112255649, -1.50334493569, 4.92649777473, 7.17358621112e-05
1.45, -25.8619450898, -1.50331427052, 4.93444423348, 0.00214974774166
1.46, -25.8125862881, -1.50333340186, 4.94217166426, -0.00729229130287
1.47, -25.7631513508, -1.50343927076, 4.94968152481, -0.0126124495625
1.48, -25.7136424084, -1.50352378311, 4.95697819982, -0.0047871055966
1.49, -25.6640615296, -1.50351274779, 4.96407061753, 0.00326194947283
1.5, -25.6144107275, -1.50349127131, 4.97096825415, -0.00199120380546
1.51, -25.5646919561, -1.50356377696, 4.97767405138, -0.0119958440342
1.52, -25.5149071185, -1.50366450727, 4.98418928934, -0.010275583429
1.53, -25.4650580614, -1.5037146077, 4.99052051697, -0.00146128720943
1.54, -25.4151465812, -1.50369311117, 4.99667595938, 0.00204229223735
1.55, -25.3651744236, -1.5037030904, 5.00266232119, -0.00579511686543
1.56, -25.3151432852, -1.50379692616, 5.00848058247, -0.0120398186175
1.57, -25.2650548171, -1.50388718398, 5.01413310169, -0.00616811590384
1.58, -25.2149106213, -1.50389089814, 5.01962694945, 0.00215820806508
1.59, -25.1647122578, -1.50386912776, 5.02497013268, -0.00101364255702
1.6, -25.11446124, -1.50392709366, 5.03016546005, -0.0105961199187
1.61, -25.0641590424, -1.5040380791, 5.03521284253, -0.0106008549074
1.62, -25.0138070954, -1.50408580491, 5.04011679902, -0.000851044421832
1.63, -24.9634067911, -1.50405818729, 5.04488504178, 0.00244381985865
1.64, -24.9129594812, -1.50406968968, 5.04952337286, -0.0063905165805
1.65, -24.8624664805, -1.504171303, 5.05403094942, -0.0127477592257
1.66, -24.811929068, -1.50426356348, 5.05840926518, -0.00588864485366
1.67, -24.7613484844, -1.50426087823, 5.06266455617, 0.00289140332089
1.68, -24.7107259385, -1.50424933921, 5.06680395747, -0.000544781517873
1.69, -24.6600626026, -1.50429529892, 5.07082905796, -0.0091734547659
1.7, -24.6093596186, -1.5043991584, 5.07473954342, -0.0107336712673
1.71, -24.5586180952, -1.50445789955, 5.07853835968, -0.00245074963842
1.72, -24.5078391103, -1.5044422882, 5.08223174263, 0.00194349780934
1.73, -24.4570237116, -1.50444750781, 5.08582498117, -0.00500923541432
1.74, -24.4061729171, -1.50453555236, 5.08931741973, -0.0118450871356
1.75, -24.3552877182, -1.5046303424, 5.09270926471, -0.00705758408587
1.76, -24.3043690756, -1.50464299707, 5.09600530269, 0.00151592484557
1.77, -24.2534179259, -1.50462102159, 5.09921194022, -0.000457383805079
1.78, -24.2024351769, -1.50467111297, 5.1023307891, -0.0098770107039
1.79, -24.1514217137, -1.50478087729, 5.10536005049, -0.0110442733163
1.8, -24.100378395, -1.50483737188, 5.10830217912, -0.00184163800615
1.81, -24.049306056, -1.50481505326, 5.11116306875, 0.00245550887752
1.82, -23.9982055081, -1.50482043833, 5.11394738363, -0.00547416902092
1.83, -23.9470775398, -1.50491558625, 5.11665328013, -0.012547063902
1.84, -23.8959229193, -1.50501286229, 5.11928031991, -0.00684736426644
1.85, -23.8447423906, -1.50501940331, 5.1218330711, 0.00227267813747
1.86, -23.7935366797, -1.50499312558, 5.1243175251, -0.000444613044681
1.87, -23.7423064892, -1.5050483014, 5.12673438769, -0.0106767496575
1.88, -23.6910525055, -1.50516447533, 5.12908095932, -0.0113560231955
1.89, -23.6397753932, -1.50521826426, 5.13135938185, -0.00116480961214
1.9, -23.5884757995, -1.50520077661, 5.13357569004, 0.00131435170593
1.91, -23.5371543532, -1.50520327118, 5.13573258731, -0.00434193606423
1.92, -23.4858116647, -1.50528520802, 5.13782927282, -0.0114921356504
1.93, -23.4344483295, -1.50538228076, 5.13986458775, -0.00772726971052
1.94, -23.3830649238, -1.50540296549, 5.14184179206, 0.000834198175224
1.95, -23.3316620101, -1.50538231589, 5.14376608729, -9.45354587198e-05
1.96, -23.2802401326, -1.50542553158, 5.14563872925, -0.00914008791717
1.97, -23.228799823, -1.5055324249, 5.14745689632, -0.0112415808996
1.98, -23.1773415962, -1.5055957116, 5.14922178646, -0.00273097118808
1.99, -23.1258659533, -1.50557932809, 5.15093817084, 0.0022880658071
2.0, -23.0743733817, -1.50558046366, 5.15260972512, -0.004686821283
2.01, -23.0228643542, -1.5056687424, 5.15423430869, -0.0121690758553
2.02, -22.9713393325, -1.50576860596, 5.15581060569, -0.00757683001794
2.03, -22.9197987625, -1.50578356885, 5.15734164227, 0.00158905039301
2.04, -22.8682430804, -1.50575803433, 5.15883254063, 1.53750947935e-05
2.05, -22.816672707, -1.50580540263, 5.16028404024, -0.00987449998398
2.06, -22.7650880547, -1.50591871153, 5.16169244517, -0.0116065510857
2.07, -22.7134895224, -1.50598000335, 5.1630590686, -0.00211554124654
2.08, -22.6618774984, -1.50595650838, 5.16438827622, 0.00285693735217
2.09, -22.6102523601, -1.50595738579, 5.16568398288, -0.00513464407939
2.1, -22.5586144697, -1.50604825382, 5.16694698064, -0.00821261617276
2.11, -22.5069641971, -1.50614296547, 5.16816387612, -0.00827357117664
2.12, -22.4553018755, -1.50617098962, 5.16934962665, 0.000185614974344
2.13, -22.4036278469, -1.50615142351, 5.17050419118, 0.000300984919909
2.14, -22.3519424375, -1.50618710174, 5.1716288518, -0.0083098585013
2.15, -22.3002459664, -1.5062901073, 5.17272043984, -0.0113478163003
2.16, -22.248538743, -1.50635965895, 5.17377887717, -0.00360485011505
2.17, -22.1968210676, -1.50634935479, 5.17480816222, 0.00209655830683
2.18, -22.1450932329, -1.50634623361, 5.1758118156, -0.00386897747708
2.19, -22.0933555221, -1.50642701207, 5.17678775042, -0.0117123564179
2.2, -22.0416082131, -1.50652885379, 5.17773343931, -0.00827389250752
2.21, -21.989851573, -1.50655232698, 5.17865128781, 0.000869603185314
2.22, -21.9380858641, -1.50652785406, 5.17954588681, 0.000462033434735
2.23, -21.8863113384, -1.50656710872, 5.18041789812, -0.00900790490604
2.24, -21.8345282436, -1.50667680392, 5.18126353928, -0.0117910354845
2.25, -21.7827368193, -1.50674536535, 5.18208286179, -0.00308089243646
2.26, -21.7309372981, -1.50672824179, 5.18287984605, 0.0026946987653
2.27, -21.6791299069, -1.50672410966, 5.18365801617, -0.0042275569343
2.28, -21.6273148646, -1.50681174155, 5.18441453728, -0.0124669442433
2.29, -21.5754923868, -1.50691714448, 5.1851467271, -0.0081825338733
2.3, -21.5236626801, -1.50693502277, 5.1858571151, 0.00165035004074
2.31, -21.471825948, -1.50690520193, 5.18655037191, 0.000617394771333
2.32, -21.4199823853, -1.50694851347, 5.18722674298, -0.00976775693744
2.33, -21.3681321845, -1.50705202767, 5.18788174217, -0.0110331470895
2.34, -21.3162755312, -1.50712552879, 5.18851636026, -0.00433813875186
2.35, -21.2644126053, -1.50712151754, 5.18913340409, 0.00175819110598
2.36, -21.2125435828, -1.50711606152, 5.18973604622, -0.00321770747782
2.37, -21.160668633, -1.50718951122, 5.19032252399, -0.0111367601229
2.38, -21.1087879234, -1.50729120411, 5.19088990076, -0.00874076600431
2.39, -21.0569016138, -1.50732209384, 5.19143995089, 0.000124524232553
2.4, -21.0050098619, -1.50730032196, 5.19197656624, 0.0006805864687
2.41, -20.9531128187, -1.50733299603, 5.19250075522, -0.00818045690302
2.42, -20.9012106329, -1.50743780183, 5.19300870712, -0.0117435994311
2.43, -20.8493034485, -1.50751151861, 5.19349969363, -0.00391685221052
2.44, -20.7973914047, -1.50750122607, 5.19397727087, 0.00235299706345
2.45, -20.7454746382, -1.50749425868, 5.19444474729, -0.00350152341618
2.46, -20.6935532796, -1.50757408355, 5.19489963198, -0.0118842244379
2.47, -20.6416274594, -1.50767985728, 5.19533881624, -0.00873851454551
2.48, -20.5896973007, -1.50770594251, 5.19576420741, 0.000857487409869
2.49, -20.5377629262, -1.50767864425, 5.196180053, 0.000902355696047
2.5, -20.4858244526, -1.50771456717, 5.19658696991, -0.0088738494363
2.51, -20.4338819953, -1.50782627944, 5.19698046996, -0.0122207512652
2.52, -20.3819356657, -1.50789916108, 5.19736016108, -0.0033845781027
2.53, -20.3299855717, -1.50788166075, 5.19772972043, 0.00300763954513
2.54, -20.2780318192, -1.50787320151, 5.19809253582, -0.00383228253688
2.55, -20.2260745051, -1.50795525942, 5.19844947329, -0.00797557347519
2.56, -20.1741137427, -1.50805695814, 5.19878567872, -0.00956196361321
2.57, -20.1221496155, -1.50809674958, 5.19911477582, -0.000536604679201
2.58, -20.0701822222, -1.50807446468, 5.19943641582, 0.00132778992917
2.59, -20.0182116534, -1.50809763685, 5.19975195943, -0.00726457751451
2.6, -19.9662379981, -1.50819957556, 5.20005733688, -0.0120809155895
2.61, -19.9142613434, -1.50828188022, 5.2003513782, -0.00495124875983
2.62, -19.8622817722, -1.50827732506, 5.20063706734, 0.00235235277958
2.63, -19.810299367, -1.50826348152, 5.20091798061, -0.00244147395227
2.64, -19.7583142055, -1.50833510569, 5.20119207731, -0.0115238262645
2.65, -19.7063263668, -1.50844510912, 5.20145546811, -0.0096972291531
2.66, -19.6543359242, -1.50848099484, 5.20170985097, 0.000165502297131
2.67, -19.6023429516, -1.50845272169, 5.20195898837, 0.00164177981599
2.68, -19.5503475188, -1.50847835759, 5.20220421091, -0.0079202862921
2.69, -19.4983496949, -1.50858763165, 5.20244102068, -0.0126589273788
2.7, -19.4463495475, -1.50867021998, 5.20266816093, -0.00450771880098
2.71, -19.3943471406, -1.50866655247, 5.20289293013, -0.000252380567596
2.72, -19.3423425383, -1.50865372087, 5.20310671048, -0.00149521766204
2.73, -19.2903358009, -1.50871162142, 5.20331952687, -0.0102312542725
2.74, -19.2383269893, -1.50881830768, 5.20352399877, -0.0102986877982
2.75, -19.1863161608, -1.50886767227, 5.20372068689, -0.00140764005299
2.76, -19.1343033723, -1.50884781397, 5.20391320121, 0.00167929554079
2.77, -19.0822886782, -1.50886292157, 5.20410337167, -0.00633565987592
2.78, -19.0302721316, -1.50896035873, 5.20428738467, -0.0121890290061
2.79, -18.9782537851, -1.50904991744, 5.20446334144, -0.0059852608299
2.8, -18.9262336883, -1.50905285219, 5.20463384981, 0.00207278183773
2.81, -18.8742118909, -1.50903450312, 5.20480267452, -0.0015153541572
2.82, -18.822188439, -1.50909726112, 5.20496821314, -0.010952056625
2.83, -18.7701633805, -1.50920909928, 5.20512642141, -0.0104716155757
2.84, -18.7181367594, -1.5092548319, 5.20527805811, -0.000695190156523
2.85, -18.6661086202, -1.50922816972, 5.2054270712, 0.00212439560422
2.86, -18.6140790046, -1.50924443371, 5.20557520149, -0.0068894458073
2.87, -18.5620479539, -1.50934900844, 5.20571793746, -0.0128141881704
2.88, -18.510015509, -1.50943966333, 5.20585374126, -0.00561900639988
2.89, -18.4579817079, -1.50943559444, 5.20598514767, 0.00284108193114
2.9, -18.4059465896, -1.5094272824, 5.2061161952, -0.00104337840992
2.91, -18.3539101895, -1.50947789572, 5.20624475011, -0.00949881831956
2.92, -18.3018725447, -1.50958201799, 5.20636766449, -0.0105295488512
2.93, -18.2498336896, -1.50963805347, 5.20648500704, -0.00223919482335
2.94, -18.1977936582, -1.50962315027, 5.20659993117, 0.00162473498588
2.95, -18.1457524832, -1.50963320443, 5.2067148156, -0.00551039194158
2.96, -18.0937101963, -1.50972394482, 5.20682585711, -0.0118603490918
2.97, -18.0416668295, -1.50981644801, 5.20693110155, -0.00671959067161
2.98, -17.989622412, -1.50982725437, 5.20703262289, 0.00148579715343
2.99, -17.9375769744, -1.50980861126, 5.20713392497, -0.000969239261389
3.0, -17.8855305436, -1.50986328956, 5.20723431884, -0.0101715783747
3.01, -17.8334842436, -1.50997274088, 5.20695819944, -0.0107686995244
3.02, -17.7814443254, -1.51002594689, 5.20609527643, -0.0015934419182
3.03, -17.7294144706, -1.51000428019, 5.20483150971, 0.00212162524236
3.04, -17.6774009755, -1.51001463296, 5.20285978276, -0.00597370470987
3.05, -17.6254102668, -1.51011212121, 5.20040670693, -0.0125000776687
3.06, -17.573447321, -1.51020637441, 5.19733215605, -0.0064352361425
3.07, -17.521517545, -1.51021062797, 5.19373010935, 0.00226114686136
3.08, -17.4696273629, -1.51018772749, 5.18948536945, -0.000965648300872
3.09, -17.4177816391, -1.51024736222, 5.1846623156, -0.0109286105879
3.1, -17.3659884438, -1.51036248906, 5.17910579803, -0.0109856535167
3.11, -17.3142527973, -1.51041214905, 5.17324025529, -0.000846710045132
3.12, -17.2625775573, -1.51039686415, 5.16696220192, 0.00186401473635
3.13, -17.2109671264, -1.51039840533, 5.16038658289, -0.00446215939888
3.14, -17.1594233475, -1.51048318369, 5.15341646763, -0.0118211661371
3.15, -17.1079531492, -1.51058211018, 5.14589195172, -0.00772443888535
3.16, -17.0565587245, -1.51060065216, 5.13825070749, 0.00117149942418
3.17, -17.0052433676, -1.51057740201, 5.13011484514, 3.10268773657e-05
3.18, -16.9540107857, -1.51062181327, 5.12151709688, -0.00941589245956
3.19, -16.9028674494, -1.5107315225, 5.11249020968, -0.0114221364407
3.2, -16.8518171775, -1.51079415425, 5.10289826834, -0.00245448685303
3.21, -16.8008672369, -1.51077414052, 5.09230996834, 0.00263711010682
3.22, -16.75002444, -1.51077402037, 5.08153395375, -0.0047610788789
3.23, -16.6992938656, -1.51086470961, 5.06987463721, -0.0124435338015
3.24, -16.6486817589, -1.51096561195, 5.05737955163, -0.00746520559406
3.25, -16.5982056632, -1.51097720251, 5.04335735623, 0.00205613192258
3.26, -16.5478733848, -1.51096222045, 5.02843527366, 0.000154633922596
3.27, -16.497693813, -1.51099593809, 5.01268326648, -0.00786436986374
3.28, -16.4476806329, -1.51109412508, 4.99542267538, -0.0109368985482
3.29, -16.3978410354, -1.5111626223, 4.97792752606, -0.00373741457272
3.3, -16.348183636, -1.51115498523, 4.95912376283, 0.00186519753105
3.31, -16.2987146497, -1.51115146289, 4.93959790611, -0.00353693120774
3.32, -16.2494552382, -1.51122664979, 4.91784480311, -0.0110525196468
3.33, -16.2004167179, -1.51132395265, 4.89550234484, -0.00804605761705
3.34, -16.151609543, -1.51134811537, 4.87163380048, 0.000671872308012
3.35, -16.1030386648, -1.51132454846, 4.84831131921, 0.000599576627823
3.36, -16.0547302627, -1.51135913517, 4.81916487072, -0.00828861985151
3.37, -16.0067206158, -1.51146151641, 4.78851116734, -0.0111374146277
3.38, -15.9590222646, -1.51152701894, 4.75613388156, -0.00303165292445
3.39, -15.9116630593, -1.51151096816, 4.72162126801, 0.00264003168725
3.4, -15.8646512972, -1.51150429985, 4.68679838746, -0.00362443990735
3.41, -15.8179983835, -1.51158333336, 4.64948665228, -0.0114802340716
3.42, -15.7717240561, -1.51168124942, 4.61127153182, -0.00768281146152
3.43, -15.7258350194, -1.51169765835, 4.57247700756, 0.00165075518896
3.44, -15.6803358304, -1.51166671875, 4.53335330313, 0.00100017614492
3.45, -15.6352288683, -1.51170232674, 4.49414234679, -0.00868446933514
3.46, -15.5905126401, -1.51180815307, 4.455255261, -0.0112446794728
3.47, -15.546182171, -1.5118694391, 4.41696258231, -0.0021884525731
3.48, -15.502231639, -1.51185503024, 4.37925276578, 0.00194173019708
3.49, -15.4586546669, -1.5118411065, 4.34230740308, -0.00209270273579
3.5, -15.4154432878, -1.51190403287, 4.30608022293, -0.010225728693
3.51, -15.3725907657, -1.51200021189, 4.27051247691, -0.0084052332708
3.52, -15.3300915097, -1.51202824016, 4.23539101695, 0.000551575514822
3.53, -15.2879395329, -1.51199876499, 4.20104948756, 0.00178539325017
3.54, -15.2461270076, -1.51201877717, 4.16748068689, -0.00687884233678
3.55, -15.2046496971, -1.51211358883, 4.13394708211, -0.0110112452539
3.56, -15.1635043713, -1.51218270189, 4.10108999653, -0.00352024112134
3.57, -15.1226855804, -1.51216637671, 4.06866534889, 0.00326501696156
3.58, -15.0821880186, -1.51214690283, 4.03686013529, -0.00202409995184
3.59, -15.0420060073, -1.51221302602, 4.00553579533, -0.0106961774259
3.6, -15.0021345341, -1.51231082112, 3.97470566891, -0.0081774363484
3.61, -14.9625679368, -1.51233161746, 3.94449616319, 0.00154632365196
3.62, -14.9233021868, -1.51229366437, 3.91460583775, 0.00231544285424
3.63, -14.8843330287, -1.5123139583, 3.88512120785, -0.00730444574976
3.64, -14.845656321, -1.51241341287, 3.85611289777, -0.0112961597632
3.65, -14.8072661484, -1.51247982251, 3.82784233589, -0.0027947268246
3.66, -14.7691623912, -1.51246176466, 3.79887153958, 0.000948897836388
3.67, -14.7313459208, -1.51244143781, 3.77028223161, -0.00093778109695
3.68, -14.6938131701, -1.51249232349, 3.74212328256, -0.00922143838233
3.69, -14.6565623383, -1.51258434018, 3.71382737163, -0.00848982301046
3.7, -14.6195927756, -1.51261560057, 3.68591821308, 0.000259795214086
3.71, -14.5828997367, -1.51258378504, 3.65843491462, 0.00252528892869
3.72, -14.5464819041, -1.51259219031, 3.63098958718, -0.0055928194638
3.73, -14.5103362467, -1.51267809296, 3.60397990754, -0.0106075649104
3.74, -14.4744580088, -1.51274876028, 3.57741610848, -0.00398249384023
3.75, -14.4388459136, -1.51273502993, 3.55085028572, 0.00338802528036
3.76, -14.4035006202, -1.51270761972, 3.52404022422, -0.000778183197333
3.77, -14.3684216014, -1.5127611378, 3.49748297413, -0.00969249935118
3.78, -14.3336065781, -1.51285575796, 3.47130777984, -0.00842085285348
3.79, -14.2990521723, -1.51288141698, 3.44526618522, 0.00112761837932
3.8, -14.2647567927, -1.51284145245, 3.41964832703, 0.00310398047165
3.81, -14.2307167592, -1.51284931559, 3.39414047881, -0.00594241934915
3.82, -14.1969312439, -1.51293990034, 3.36858943009, -0.0109711027256
3.83, -14.1634016351, -1.51300920871, 3.34312909962, -0.00339650646632
3.84, -14.1301247125, -1.51299440852, 3.31804166878, 0.00107599611357
3.85, -14.0970960164, -1.5129655529, 3.29336351394, 0.000382947120542
3.86, -14.0643146771, -1.51300361113, 3.26856320946, -0.00825471022622
3.87, -14.0317811585, -1.51309340972, 3.2438949569, -0.00885440782398
3.88, -13.9994925306, -1.51313045141, 3.21957226951, -0.000206379577895
3.89, -13.967446904, -1.51309646986, 3.19527053149, 0.00337064203499
3.9, -13.9356448949, -1.51309186238, 3.17090566071, -0.00419435884582
3.91, -13.9040859354, -1.5131691878, 3.14660803135, -0.0103633931459
3.92, -13.8727685232, -1.51324384721, 3.12250916821, -0.00468679220259
3.93, -13.8416922919, -1.51323368598, 3.09848898314, 0.00354904383967
3.94, -13.8108532699, -1.51319718841, 3.07508835735, 0.000593435391815
3.95, -13.7802466436, -1.51323791722, 3.05178634985, -0.00877871602281
3.96, -13.7498732034, -1.5133312286, 3.02867335062, -0.00888739061191
3.97, -13.7197300255, -1.51336324221, 3.00546185474, 0.000656037622324
3.98, -13.6898201535, -1.51332060206, 2.98228321411, 0.00402755110636
3.99, -13.6601412552, -1.51331492495, 2.95918005693, -0.00453227981835
4.0, -13.6306935779, -1.51339753845, 2.93604326292, -0.0108352391052
4.01, -13.6014761818, -1.51347197688, 2.91315711871, -0.00419692624814
4.02, -13.5724873636, -1.51345332662, 2.89028268167, 0.00449179881824
4.03, -13.5437256745, -1.51342451925, 2.86764208176, 0.00127071881492
4.04, -13.5151914817, -1.51345144033, 2.84493944097, -0.00719204533142
4.05, -13.4868833666, -1.51353586895, 2.82232573724, -0.00882777906347
4.06, -13.4587995129, -1.51357663246, 2.80017466401, -0.000695392083095
4.07, -13.4309344497, -1.51354350223, 2.77856138534, 0.00376155300714
4.08, -13.4032824932, -1.5135295756, 2.75752286285, -0.00298939903546
4.09, -13.3758381891, -1.51359715106, 2.73701565877, -0.00978647549806
4.1, -13.3485964819, -1.51367231148, 2.71696866756, -0.00515636549826
4.11, -13.321553051, -1.51366663239, 2.69736891115, 0.00335646884605
4.12, -13.2947031483, -1.51362560488, 2.67825204261, 0.00155123181873
4.13, -13.2680421623, -1.5136547748, 2.65952644125, -0.0077196967503
4.14, -13.2415668054, -1.51374340749, 2.64115729233, -0.00897439576756
4.15, -13.2152733116, -1.51378027058, 2.62308272335, 7.45127182069e-05
4.16, -13.1891593894, -1.51373878363, 2.6052765499, 0.00443724627063
4.17, -13.1632222778, -1.51372330621, 2.58769382052, -0.00328209330423
4.18, -13.137459821, -1.51379624827, 2.5703738152, -0.010322493922
4.19, -13.1118695812, -1.51387230898, 2.55322752609, -0.00479752955106
4.2, -13.0864499374, -1.51385904699, 2.53615010684, 0.00425833629295
4.21, -13.0612005253, -1.51381216988, 2.51931144207, 0.00172264428759
4.22, -13.0361179751, -1.513844782, 2.5027194329, -0.00835706116893
4.23, -13.0112002065, -1.51393828126, 2.48638602728, -0.00914430563767
4.24, -12.9864447587, -1.51397109392, 2.47022941278, 0.000881437359802
4.25, -12.9618501405, -1.51393481011, 2.45421825975, 0.00431796024847
4.26, -12.9374141464, -1.51390920924, 2.43850209373, -0.00166712976036
4.27, -12.9131339042, -1.51396881524, 2.42301891786, -0.00961848662778
4.28, -12.8890079008, -1.51404931207, 2.40766285945, -0.00605271305451
4.29, -12.8650344532, -1.51404953542, 2.39254048222, 0.00327981020031
4.3, -12.8412106781, -1.51400102281, 2.37771934342, 0.00283785777403
4.31, -12.8175344997, -1.51401761549, 2.36299207187, -0.00680915258328
4.32, -12.7940044529, -1.5141056275, 2.34851737046, -0.00958739882994
4.33, -12.770618148, -1.51415114994, 2.33422237348, -0.000668122860319
4.34, -12.7473737556, -1.51410926977, 2.32011124029, 0.0051975989542
4.35, -12.724269519, -1.51408094468, 2.3062236777, -0.00188457013736
4.36, -12.701303358, -1.51414610188, 2.29249056999, -0.0102482240315
4.37, -12.6784735907, -1.51422881242, 2.27892171991, -0.00582065992747
4.38, -12.6557781519, -1.51422196244, 2.265615712, 0.00420718719234
4.39, -12.6332150862, -1.51418098589, 2.25243881302, 0.00303567971003
4.4, -12.6107826804, -1.51418641124, 2.23949363842, -0.00525488522716
4.41, -12.5884787624, -1.51426327846, 2.22671079604, -0.00917211994167
4.42, -12.5663013717, -1.51431517699, 2.21422178626, -0.00198047431396
4.43, -12.5442478369, -1.51428547213, 2.20189363842, 0.00446482643215
4.44, -12.5223166959, -1.51425338094, 2.18973286678, -0.000654844330489
4.45, -12.5005060862, -1.51430342303, 2.17780831367, -0.00894124559216
4.46, -12.4788142441, -1.51438341756, 2.16599801722, -0.00649030672721
4.47, -12.4572392138, -1.51438960457, 2.15442977922, 0.00279582438414
4.48, -12.4357815198, -1.51434009964, 2.14251350282, 0.00346321936784
4.49, -12.4144441772, -1.51434689052, 2.1303199737, -0.00577538145154
4.5, -12.3932290775, -1.51442928411, 2.11798776246, -0.00954248752788
4.51, -12.3721395169, -1.51447951444, 2.10536945972, -0.00137327155462
4.52, -12.3511770213, -1.51444168197, 2.09250939447, 0.00523286586287
4.53, -12.3303437909, -1.51440672617, 2.07958628202, -0.000835544151029
4.54, -12.3096392458, -1.51446233802, 2.06654945918, -0.00961391031644
4.55, -12.2890683435, -1.51454541733, 2.05305826339, -0.00636036069134
4.56, -12.2686316961, -1.51454526456, 2.03966843501, 0.00369414039299
4.57, -12.2483301977, -1.5145030225, 2.0259941147, 0.0037259765332
4.58, -12.2281669616, -1.51449804422, 2.01202586266, -0.00418128458126
4.59, -12.208144198, -1.51456952042, 1.99798665609, -0.00919655164735
4.6, -12.188262847, -1.5146270243, 1.98370920615, -0.00276242223848
4.61, -12.1685256928, -1.51460151231, 1.96915172387, 0.0045477426655
4.62, -12.1489343072, -1.51456190419, 1.95460249659, 0.000494322315252
4.63, -12.1294877376, -1.5146019026, 1.94016183513, -0.00830900174313
4.64, -12.1101868116, -1.51468287428, 1.92546254896, -0.0071152967886
4.65, -12.0910329096, -1.51469632328, 1.91067850279, 0.00227310024664
4.66, -12.0720277555, -1.51464496788, 1.89579887483, 0.00426141995111
4.67, -12.0531717604, -1.51464025314, 1.88077759318, -0.00461300069639
4.68, -12.0344673332, -1.51471715205, 1.86549628451, -0.0096212468192
4.69, -12.0159166148, -1.51477387455, 1.85002715036, -0.00223855834913
4.7, -11.9975214968, -1.51474034912, 1.83437866026, 0.00537631568324
4.71, -11.9792840597, -1.51469666748, 1.81858269803, 0.0004551960627
4.72, -11.961204565, -1.51474137365, 1.80282126981, -0.00896274571595
4.73, -11.9432835318, -1.5148260307, 1.78686205274, -0.00708663628012
4.74, -11.92552201, -1.51483383624, 1.77095476818, 0.00315869081347
4.75, -11.9079209278, -1.5147884731, 1.75465567839, 0.00395374705715
4.76, -11.8904837978, -1.51477566705, 1.73829492012, -0.00314603045151
4.77, -11.8732107013, -1.51483913504, 1.72167688458, -0.00877163320264
4.78, -11.8561058859, -1.51489820035, 1.70472319308, -0.00329177840153
4.79, -11.8391714191, -1.51487757408, 1.68771418577, 0.00432120236148
4.8, -11.822407607, -1.51483415904, 1.67055496574, 0.0013497674157
4.81, -11.8058151487, -1.51486398613, 1.65348446863, -0.00739526669273
4.82, -11.7893939877, -1.51494148939, 1.63626141966, -0.00728288972977
4.83, -11.7731451065, -1.51496015422, 1.6190921407, 0.00169217100357
4.84, -11.7570659793, -1.51491004974, 1.60223155966, 0.0046406137683
4.85, -11.7411572522, -1.51489643677, 1.58505073089, -0.00348761203465
4.86, -11.7254216759, -1.51496500391, 1.56763721129, -0.00921766224384
4.87, -11.7098586903, -1.51502387843, 1.55047306199, -0.00283579852995
4.88, -11.6944691703, -1.51499546379, 1.53300205583, 0.00517859043698
4.89, -11.6792547049, -1.51494713629, 1.51541013411, 0.00141999786016
4.9, -11.6642160194, -1.5149808461, 1.49790149524, -0.00801048239951
4.91, -11.6493529692, -1.51506230889, 1.48025208091, -0.00732482816849
4.92, -11.6346676525, -1.51507604954, 1.46238179183, 0.00252662397365
4.93, -11.6201602132, -1.51501802246, 1.44466935121, 0.00519270777142
4.94, -11.6058285733, -1.5150044598, 1.42709807857, -0.00392376376814
4.95, -11.5916744087, -1.51507885973, 1.40920264719, -0.00970381845497
4.96, -11.5776993652, -1.51513741492, 1.39134481323, -0.00233025061712
4.97, -11.5639028177, -1.51510858024, 1.37355600152, 0.00280365188453
4.98, -11.5502832934, -1.51505902313, 1.35592726201, 0.00258095240516
4.99, -11.5368403522, -1.51507741191, 1.33818732032, -0.00661041965537
5.0, -11.5235763881, -1.51515491951, 1.32019570045, -0.00787729171572
5.01, -11.5104932547, -1.51518120783, 1.3020244871, 0.00110148336823
5.02, -11.4975920831, -1.51512954847, 1.28374903861, 0.00546224108576
5.03, -11.4848739744, -1.51510343671, 1.26537522607, -0.00218228517554
5.04, -11.4723398326, -1.51516512561, 1.2470463526, -0.00918975998462
5.05, -11.4599893104, -1.51523011932, 1.22860736353, -0.0037194355704
5.06, -11.4478230401, -1.51520639731, 1.21025725601, 0.00529033580549
5.07, -11.4358388837, -1.51514904858, 1.19203076253, 0.00279637558826
5.08, -11.4240382049, -1.51517055419, 1.17370578136, -0.0072215234564
5.09, -11.4124216418, -1.51525269686, 1.15521252654, -0.00801943612339
5.1, -11.4009889619, -1.51527460719, 1.1369077113, 0.00194574220649
5.11, -11.3897384267, -1.51522778255, 1.11877530417, 0.00537594921409
5.12, -11.3786679963, -1.51519134959, 1.10063243383, -0.000555920515148
5.13, -11.3677840212, -1.51523962278, 1.08179380159, -0.00847408299927
5.14, -11.3570869357, -1.515308842, 1.06319766228, -0.00494320113088
5.15, -11.3465750068, -1.51529825773, 1.04457739731, 0.00434820782352
5.16, -11.3362519807, -1.51523900278, 1.02563080624, 0.00393216263174
5.17, -11.3261174383, -1.5152443448, 1.0068745272, -0.00565696117401
5.18, -11.3161714255, -1.5153207988, 0.987946440568, -0.00843574202169
5.19, -11.3064146962, -1.51535511496, 0.968968180567, 0.000431340217661
5.2, -11.2968454247, -1.51530239361, 0.950527417866, 0.00628656051433
5.21, -11.2874574493, -1.51526293581, 0.932689884254, -0.000740898313806
5.22, -11.2782451456, -1.5153164342, 0.915368829723, -0.00906977274138
5.23, -11.2692018979, -1.51538754783, 0.898927908028, -0.00468111901146
5.24, -11.2603185922, -1.51536961055, 0.883316035168, 0.00530138931587
5.25, -11.2515880547, -1.51531758509, 0.868335636529, 0.0041576001163
5.26, -11.2430029594, -1.51531150079, 0.85424658391, -0.00408114037234
5.27, -11.2345546778, -1.51537659944, 0.840933118883, -0.00800305672535
5.28, -11.2262364279, -1.51541708228, 0.828262155001, -0.000859487862775
5.29, -11.2180403666, -1.51537630035, 0.816427163524, 0.00556951135178
5.3, -11.2099589035, -1.51533299137, 0.805314302197, 0.000485593831615
5.31, -11.2019848577, -1.51537143219, 0.794919929629, -0.00777324393685
5.32, -11.1941119204, -1.5154398448, 0.785054755639, -0.00534924918449
5.33, -11.1863341241, -1.51543484853, 0.775977875737, 0.00389729664771
5.34, -11.1786442865, -1.51537431103, 0.767327228181, 0.00457402920321
5.35, -11.171036527, -1.51536969873, 0.759559440154, -0.00461450855643
5.36, -11.163504091, -1.51544046169, 0.75225877765, -0.00839715106483
5.37, -11.1560418355, -1.51547956936, 0.745552854381, -0.000292464473736
5.38, -11.148643651, -1.51543101662, 0.739453047186, 0.00630349315647
5.39, -11.1413032126, -1.51538504835, 0.733911174424, 0.000286352932888
5.4, -11.1340170477, -1.51542922526, 0.728565798762, -0.00847296891907
5.41, -11.1267810139, -1.51550112123, 0.724114277457, -0.00527709643348
5.42, -11.1195845942, -1.51549042639, 0.720418058024, 0.00472417108344
5.43, -11.1124220978, -1.51542349685, 0.717363009113, 0.00486213587748
5.44, -11.105286083, -1.51542172365, 0.715065768802, -0.00529181645427
5.45, -11.0981692174, -1.51548610468, 0.71348955876, -0.00766694602596
5.46, -11.0910645913, -1.51553050824, 0.712810937426, -0.0015792073751
5.47, -11.0839621898, -1.51549482761, 0.712807686776, 0.00543216698855
5.48, -11.0768581175, -1.51544653231, 0.713131808168, 0.00139748500689
5.49, -11.0697474913, -1.51547589583, 0.714102973, -0.00713088824684
5.5, -11.062623128, -1.51554449049, 0.715939905717, -0.00591069889912
5.51, -11.055476441, -1.5155473814, 0.718490868324, 0.00316871242925
5.52, -11.0483019909, -1.51548818225, 0.721409295254, 0.00499403132052
5.53, -11.0410946783, -1.515474966, 0.725292329042, -0.00364241713457
5.54, -11.033843034, -1.51554062099, 0.73007078319, -0.00844357104642
5.55, -11.0265421831, -1.5155863063, 0.735103798391, -0.00127505620928
5.56, -11.019188053, -1.51554488202, 0.740729797254, 0.00603341955277
5.57, -11.0117751386, -1.51549440726, 0.746882961912, 0.00119736477807
5.58, -11.0042975786, -1.51552976855, 0.753640683642, -0.00790639021849
5.59, -10.9967508018, -1.51560346049, 0.760663459936, -0.00605908019607
5.6, -10.9891314295, -1.51560278927, 0.768319195527, 0.00382276017621
5.61, -10.9814318579, -1.51553797193, 0.776481574504, 0.00527935413053
5.62, -10.9736504394, -1.51552738928, 0.784725909279, -0.004318542387
5.63, -10.9657838521, -1.5156006439, 0.79351072077, -0.00905969626893
5.64, -10.9578283861, -1.51564706804, 0.802670670068, -0.000886096289205
5.65, -10.9497779588, -1.5155990869, 0.812250113447, 0.00668761798313
5.66, -10.9416287333, -1.51554665434, 0.822488000356, 0.000917778058488
5.67, -10.9333749464, -1.51558910389, 0.833178643908, -0.00878924255432
5.68, -10.9250139791, -1.51565405416, 0.843830957532, -0.00644767589609
5.69, -10.9165432751, -1.5156655071, 0.855152931371, 0.0022819617337
5.7, -10.9079568787, -1.51561035318, 0.86695554766, 0.00508469607596
5.71, -10.8992500437, -1.51559152693, 0.879229319509, -0.00290169016938
5.72, -10.8904192754, -1.51565302641, 0.891660931304, -0.00847752336758
5.73, -10.8814641977, -1.51570484251, 0.904113756263, -0.00223748599043
5.74, -10.8723807882, -1.51567178037, 0.917422887992, 0.00551522628509
5.75, -10.8631641505, -1.51562017464, 0.930698325708, 0.00176094741541
5.76, -10.8538100623, -1.51564903026, 0.94485155891, -0.0074389800641
5.77, -10.844312531, -1.51572417369, 0.959496241662, -0.00673769829985
5.78, -10.8346642056, -1.51573319255, 0.974904802742, 0.00285006832804
5.79, -10.8248595961, -1.51567290011, 0.990822652537, 0.0053476739403
5.8, -10.8148932266, -1.5156569099, 1.00707720973, -0.00360807866292
5.81, -10.8047623815, -1.51572672871, 1.02381414711, -0.00920197535034
5.82, -10.7944619442, -1.5157806009, 1.04104508024, -0.00198147228595
5.83, -10.7839886947, -1.51574186843, 1.05830653118, 0.00612587797761
5.84, -10.7733394553, -1.51568825822, 1.0762559792, 0.00150830431217
5.85, -10.7625063784, -1.51572427042, 1.09493800149, -0.00837730385906
5.86, -10.7514866402, -1.51580620107, 1.11361112303, -0.00703034961059
5.87, -10.7402795971, -1.51581246163, 1.13235053834, 0.00347691562072
5.88, -10.7288808213, -1.51576069901, 1.1520346897, 0.00483374264522
5.89, -10.7172845057, -1.51573821278, 1.17179359863, -0.00230041843298
5.9, -10.7054886796, -1.51579681749, 1.19199101213, -0.00864586464639
5.91, -10.693492164, -1.51585656905, 1.21192209767, -0.00341695577097
5.92, -10.6812915273, -1.51583407926, 1.23270520504, 0.00479299068789
5.93, -10.6688854823, -1.51578279446, 1.25304150441, 0.00222793777417
5.94, -10.6562725901, -1.51580583016, 1.2743302168, -0.00703923352046
5.95, -10.6434437926, -1.51588355732, 1.29597506195, -0.00757378721105
5.96, -10.6303964348, -1.51590426809, 1.31805874316, 0.00166102951877
5.97, -10.6171278833, -1.51585021432, 1.340146194, 0.00530168062669
5.98, -10.6036384766, -1.5158292894, 1.36239743831, -0.00290806339191
5.99, -10.5899250874, -1.51589606003, 1.38480260263, -0.00942902112052
6.0, -10.5759856804, -1.51595898582, 1.40762131714, -0.00328422050039
6.01, -10.5618191815, -1.51593149061, 1.43020674467, 0.00540833103767
6.02, -10.5474279314, -1.51587756036, 1.45246467909, 0.00205782806974
6.03, -10.5328170535, -1.51590740955, 1.47437378985, -0.00799614280399
6.04, -10.5179782863, -1.51599277469, 1.49783485057, -0.00798516954437
6.05, -10.5029035073, -1.51601173487, 1.52169402545, 0.00222997759665
6.06, -10.4875899696, -1.51595197774, 1.54551012747, 0.00564138225835
6.07, -10.4720351295, -1.51593365262, 1.56986558872, -0.00365336572188
6.08, -10.4562388028, -1.51599936896, 1.59407047354, -0.00797863565528
6.09, -10.4401954781, -1.51606585913, 1.61907368972, -0.00457953658828
6.1, -10.4239026313, -1.51605405756, 1.64389270606, 0.00404688608738
6.11, -10.4073623114, -1.51600335266, 1.66859713924, 0.00267747548608
6.12, -10.3905758064, -1.51602061473, 1.69316087034, -0.00663273824193
6.13, -10.3735458036, -1.51610094786, 1.71722448546, -0.00842625122525
6.14, -10.3562780419, -1.51613379799, 1.74072348129, 0.000413290497073
6.15, -10.3387781098, -1.51608667043, 1.76367137294, 0.00519415349972
6.16, -10.3210516228, -1.51606126651, 1.78605788211, -0.00223152355273
6.17, -10.3031042378, -1.51612509327, 1.80786672639, -0.00965741306102
6.18, -10.2849413255, -1.51619726533, 1.82922527661, -0.00461913248471
6.19, -10.2665671853, -1.51618163042, 1.85007033597, 0.00460965694964
6.2, -10.2479869779, -1.51612810873, 1.8704692335, 0.00257561004965
6.21, -10.2292048352, -1.51615160581, 1.89047486313, -0.00756043082102
6.22, -10.2102243372, -1.51624003822, 1.91018904427, -0.00893273245553
6.23, -10.1910482318, -1.51627220026, 1.92955077508, 0.000902821459022
6.24, -10.171680559, -1.51621942379, 1.94859858118, 0.00559968309935
6.25, -10.1521236177, -1.51619557428, 1.96737257722, -0.00286224956084
6.26, -10.1323793283, -1.51626357885, 1.98602673572, -0.00576528443099
6.27, -10.1124495912, -1.51633164561, 2.00448246501, -0.0054324491272
6.28, -10.0923359125, -1.51633049157, 2.02281185397, 0.00304606510032
6.29, -10.072038768, -1.51628463497, 2.04123861312, 0.00269633886215
6.3, -10.0515578698, -1.51629785829, 2.05951570787, -0.00611353885417
6.31, -10.0308947414, -1.51637699926, 2.07776634593, -0.00876993255963
6.32, -10.0100496849, -1.51641855939, 2.09600130777, -0.000717825687983
6.33, -9.98901954908, -1.51638048323, 2.11459245257, 0.00467822448772
6.34, -9.9678032966, -1.51635419868, 2.13326797708, -0.00174160758628
