timestamp, prius1 x posi, prius1 y posi, prius1 x vel, prius1 y vel.
0.0, 0.0, 0.0, 0.0, 0.0
0.00999999999999, -1.00003166509, 29.9955798398, -0.000265492294437, -0.268720205959
0.02, -1.00001132737, 29.9923356081, 0.00472691730687, -0.357044008849
0.03, -0.99997368125, 29.9882156657, 0.00309861167323, -0.445292375603
0.04, -0.999981739512, 29.983220467, -0.00255607474021, -0.533534942554
0.05, -1.00002290355, 29.9773501099, -0.0028178491668, -0.621777017208
0.0599999999999, -1.00002864293, 29.9706046666, 0.00286889152074, -0.710012203126
0.07, -0.999988637629, 29.9629841529, 0.00506321666175, -0.798249559238
0.08, -0.999969280341, 29.9544885054, 5.41957705764e-06, -0.886495175877
0.09, -1.00000354297, 29.9451176823, -0.00394323599865, -0.974741703541
0.1, -1.00003487861, 29.9348717375, -0.00012439548835, -1.06297914832
0.11, -1.00001053624, 29.9237507344, 0.00519921062548, -1.15121365666
0.12, -0.999970347179, 29.9117546333, 0.00310163363633, -1.23945837407
0.13, -0.999981596538, 29.8988843293, -0.00303899859287, -1.32674978595
0.14, -1.00002645318, 29.8851476007, -0.00298095316017, -1.412857393
0.15, -1.000030159, 29.8705551527, 0.00330809656839, -1.49790086946
0.16, -0.999985657906, 29.8551175416, 0.00537427614376, -1.58189995824
0.17, -0.999966807958, 29.8388451092, -0.000340650635651, -1.66487325365
0.18, -1.0000057904, 29.8217480939, -0.00438012549618, -1.74682477397
0.19, -1.00003818082, 29.8038367145, 7.65308802131e-05, -1.8277565992
0.2, -1.00000936992, 29.7851210709, 0.00570607206881, -1.90768866759
0.21, -0.999966590065, 29.7656110277, 0.00305885803919, -1.98664478433
0.22, -0.999981491651, 29.7453162896, -0.00357277618326, -2.0646347872
0.23, -1.00003015752, 29.7242465337, -0.00312306676311, -2.14165711843
0.24, -1.00003142288, 29.7024113974, 0.00379438239649, -2.21772177258
0.25, -0.999982230471, 29.6798206938, 0.00567239686279, -2.2928136929
0.26, -0.999964258271, 29.6564887128, -0.000735739765936, -2.36691039474
0.27, -1.00000814421, 29.6324266769, -0.00480274867392, -2.44020140199
0.28, -1.00004105315, 29.6076431631, 0.000352139631531, -2.51261143382
0.29, -1.00000720762, 29.5821469681, 0.00624130422955, -2.58413099839
0.3, -0.999962035537, 29.5559467943, 0.00296455580305, -2.65477975545
0.31, -0.999981133761, 29.5290512357, -0.00414664627371, -2.72456549505
0.32, -1.00003355674, 29.5014688763, -0.0032214148761, -2.79348338967
0.33, -1.00003174503, 29.4732084142, 0.00434093877827, -2.86124800809
0.34, -0.999977698528, 29.4442827049, 0.005943555695, -2.9269503941
0.35, -0.999961257796, 29.4147096552, -0.0012187971409, -2.99082605692
0.36, -1.00001076458, 29.3845071885, -0.00527640706091, -3.05291653856
0.37, -1.00004424978, 29.3536929099, 0.000646558375165, -3.11326002398
0.38, -1.00000509929, 29.3222839548, 0.00678791252626, -3.17191516646
0.39, -0.99995774658, 29.290296866, 0.00281508495858, -3.22894109708
0.4, -0.999981690885, 29.2577477028, -0.00478560612342, -3.28437851974
0.41, -1.00003813871, 29.2246522013, -0.00331709937444, -3.33825539256
0.42, -1.00003289711, 29.1910257499, 0.0049325419599, -3.39061567448
0.43, -0.999973681912, 29.1568832044, 0.0062162228435, -3.44151772595
0.44, -0.999959124738, 29.1222388993, -0.00176107826916, -3.49100736619
0.45, -1.00001472094, 29.0871068235, -0.00577102117044, -3.53911123401
0.46, -1.00004852745, 29.0515007112, 0.00100034512399, -3.5858562916
0.47, -1.00000345399, 29.0154338954, 0.007381210332, -3.63129254914
0.48, -0.999953946048, 28.9789191933, 0.0026238485468, -3.67546957219
0.49, -0.999983374753, 28.9419690362, -0.00548460690771, -3.71841771367
0.5, -1.00004405222, 28.9045956351, -0.00338970680048, -3.76015398368
0.51, -1.00003482876, 28.8668109439, 0.00559147990528, -3.80071310587
0.52, -0.999970139431, 28.8286264645, 0.00648194381858, -3.84014522841
0.53, -0.999957978866, 28.7900532689, -0.00237274842923, -3.87848645742
0.54, -1.00002016388, 28.7511021861, -0.00628024969674, -3.91575282893
0.55, -1.00005395969, 28.7117838889, 0.0014203772668, -3.95196230806
0.56, -1.00000237932, 28.6721087238, 0.00801061999176, -3.98715839594
0.57, -0.999950904562, 28.632086593, 0.00237528758848, -4.02138277841
0.58, -0.999986531907, 28.5917271001, -0.00624248361188, -4.05465661726
0.59, -1.00005155031, 28.5510397219, -0.00342723065811, -4.08698762347
0.6, -1.00003772054, 28.5100337545, 0.00631861668479, -4.11840435121
0.61, -0.99996730379, 28.4687180996, 0.0067303269282, -4.14895101129
0.62, -0.999958164551, 28.4271012994, -0.00306421030053, -4.17865601032
0.63, -1.00002748319, 28.3851917358, -0.00680378074771, -4.20752665798
0.64, -1.00006089059, 28.3429977143, 0.00191225699718, -4.23557399567
0.65, -1.00000219576, 28.3005272669, 0.00867384344283, -4.26283710374
0.66, -0.999949009877, 28.2577880344, 0.0020598120211, -4.28935155049
0.67, -0.999991618829, 28.2147874289, -0.00706268607481, -4.31513099806
0.68, -1.00004711987, 28.1715328289, -0.00401369868446, -4.34017591329
0.69, -1.0000464728, 28.128031422, 0.00479009054274, -4.36451212181
0.7, -0.999983750669, 28.0842901298, 0.00684182437651, -4.38817352607
0.71, -0.999963570029, 28.0403155585, -0.00146557533095, -4.41118522665
0.72, -1.00002124195, 27.9961141777, -0.00638102978471, -4.43355270922
0.73, -1.00006200557, 27.9516924227, 0.000408692251271, -4.45528036352
0.74, -1.00001778802, 27.9070565433, 0.00771276106905, -4.47639785031
0.75, -0.999962181021, 27.8622124631, 0.00323978572983, -4.49693654662
0.76, -0.999989446034, 27.8171659011, -0.00571763803002, -4.51690871937
0.77, -1.00005644558, 27.7719225447, -0.00420642117567, -4.53631183618
0.78, -1.0000524556, 27.7264880222, 0.00543911952536, -4.55516106525
0.79, -0.99998402872, 27.680867688, 0.00714567462246, -4.57349011367
0.8, -0.999966248941, 27.6350666253, -0.00211486846711, -4.59131939894
0.81, -1.00003136439, 27.589089835, -0.00699343134635, -4.60864863697
0.82, -1.00007294335, 27.5429423354, 0.000786860725807, -4.62547770815
0.83, -1.00002210728, 27.4966289887, 0.00839350507007, -4.64183436974
0.84, -0.999964087158, 27.4501543567, 0.00301509667744, -4.65774659249
0.85, -0.999997912059, 27.4035228403, -0.00655254968806, -4.67322180799
0.86, -1.00005640048, 27.3567388761, -0.00491035802028, -4.68825257829
0.87, -1.00006641404, 27.3098068115, 0.00388287906614, -4.70285338461
0.88, -1.00000526003, 27.2627308244, 0.00734440961714, -4.71705004612
0.89, -0.999975717883, 27.2155148415, -0.000480893998102, -4.73086211894
0.9, -1.00002962394, 27.1681627085, -0.0066696195148, -4.74428951532
0.91, -1.00007968856, 27.1206783115, -0.000807705703701, -4.75732742403
0.92, -1.00004351077, 27.0730654484, 0.00748061609898, -4.76999613908
0.93, -0.999982225261, 27.0253276608, 0.00428244961065, -4.78232167796
0.94, -1.00000048513, 26.9774683321, -0.00524968346966, -4.79431200673
0.95, -1.00007137103, 26.9294908666, -0.00523453081215, -4.80595841174
0.96, -1.00007905181, 26.8813986924, 0.00448586260085, -4.81726639218
0.97, -1.00001181571, 26.8331950439, 0.00774314329273, -4.82826342464
0.98, -0.999983781605, 26.7848829297, -0.0010762242686, -4.83896621319
0.99, -1.00003737801, 26.7364653224, -0.00402988998188, -4.84933096625
1.0, -1.00008600457, 26.6879452555, -0.00173262935556, -4.85946921538
1.01, -1.0000640918, 26.6393256715, 0.00606337785096, -4.86928201011
1.02, -1.00000775044, 26.5906093259, 0.00471969623748, -4.8788291605
1.03, -1.00001338013, 26.5417988255, -0.00368154332092, -4.88811863221
1.04, -1.00007509192, 26.4928967925, -0.00516336006952, -4.89714264126
1.05, -1.000092593, 26.4439058928, 0.00291020910759, -4.90590196495
1.06, -1.00003792568, 26.394828653, 0.00714982532094, -4.91441910124
1.07, -1.00000396445, 26.3456674027, 0.000343488039831, -4.92270926296
1.08, -1.00005060328, 26.296424417, -0.00627513007908, -4.93077111964
1.09, -1.00010348609, 26.247102044, -0.00159882927943, -4.93859443162
1.1, -1.00007642658, 26.1977026039, 0.00672908346789, -4.94619321463
1.11, -1.00001606485, 26.1482282161, 0.00476130277303, -4.95358965667
1.12, -1.00002600074, 26.0986808707, -0.00439259726693, -4.9607886971
1.13, -1.00009370753, 26.0490625997, -0.00549106640065, -4.96777991702
1.14, -1.00010928875, 25.9993755017, 0.00347585980494, -4.97456237202
1.15, -1.00004832226, 25.9496215407, 0.00763106502699, -4.9811593276
1.16, -1.0000145952, 25.899802491, -0.000106772190738, -4.98758406896
1.17, -1.00006808769, 25.849920096, -0.00694871375172, -4.99383165526
1.18, -1.00012330473, 25.7999762015, -0.00138603995401, -4.99988997414
1.19, -1.00009018059, 25.7499726328, 0.00748098450201, -5.00577416598
1.2, -1.00002544516, 25.6999110144, 0.00479245151531, -5.01150431958
1.21, -1.00004009083, 25.6497928561, -0.00514549976197, -5.01708409523
1.22, -1.00011382561, 25.5996197351, -0.00577783524802, -5.02250068073
1.23, -1.00012660897, 25.5493933158, 0.004148206019, -5.02775177664
1.24, -1.00005853621, 25.4991151255, 0.00814759489734, -5.03286002965
1.25, -1.00002527324, 25.4487865013, -0.000625025183134, -5.03784027526
1.26, -1.00007419351, 25.3984087888, -0.00599658788125, -5.04268047095
1.27, -1.0001350332, 25.3479834204, -0.00278454348003, -5.04737596715
1.28, -1.00011611423, 25.2975118333, 0.00649399923573, -5.05193152778
1.29, -1.00004942542, 25.2469953014, 0.0059410194101, -5.05636846264
1.3, -1.00004844553, 25.1964349676, -0.00371388117612, -5.06069295061
1.31, -1.00011851694, 25.1458320291, -0.00642919045518, -5.06489125598
1.32, -1.00014569623, 25.0951877927, 0.00248876093265, -5.06895807771
1.33, -1.00008602049, 25.0445034744, 0.00827021489524, -5.07291272452
1.34, -1.00004075367, 24.9937801021, 0.00112111746236, -5.0767701621
1.35, -1.00008090045, 24.9430186809, -0.00385268805206, -5.08048660804
1.36, -1.00014249308, 24.8922203275, -0.00389401202672, -5.08416217262
1.37, -1.00013842873, 24.8413861722, 0.00515154200962, -5.0876885388
1.38, -1.00007471126, 24.7905172221, 0.00663132584239, -5.09112417559
1.39, -1.00005949206, 24.7396143463, -0.00210467517534, -5.0944743988
1.4, -1.0001216212, 24.688678443, -0.00657871733843, -5.09773079775
1.41, -1.00016055367, 24.6377105336, 0.000806092887627, -5.10088117173
1.42, -1.00011285349, 24.5867115916, 0.00785867207941, -5.10394202034
1.43, -1.00005957972, 24.535682414, 0.00270482457382, -5.1069293425
1.44, -1.00009280104, 24.4846237446, -0.00622858429072, -5.10984052211
1.45, -1.00016099851, 24.4335364394, -0.00400469116946, -5.11265841395
1.46, -1.0001528215, 24.382421424, 0.0058674074876, -5.11538741592
1.47, -1.0000831404, 24.3312794713, 0.00693036643641, -5.11804886223
1.48, -1.00007049218, 24.2801112197, -0.00276509906629, -5.12064711034
1.49, -1.00012787076, 24.2289173687, -0.00547302926306, -5.12316879816
1.5, -1.00017035322, 24.1776987191, -0.000405660303452, -5.12561027678
1.51, -1.00013644663, 24.1264560375, 0.00677267205826, -5.12798032311
1.52, -1.00008330614, 24.0751899496, 0.00361279095176, -5.13029341076
1.53, -1.00010213096, 24.0239010116, -0.00478369174113, -5.13254990234
1.54, -1.00016504349, 23.9725898731, -0.00441959001712, -5.134734507
1.55, -1.0001695712, 23.9212572632, 0.004264347801, -5.13684786312
1.56, -1.00010944991, 23.8699038033, 0.0068231907972, -5.13890708339
1.57, -1.00008703148, 23.8185299774, -0.0011687446484, -5.14092130477
1.58, -1.00014328659, 23.7671362968, -0.00647956254677, -5.14287878291
1.59, -1.0001877514, 23.715723401, -0.00013422605462, -5.14476701581
1.6, -1.00014800561, 23.6642919133, 0.00743255841721, -5.14660026223
1.61, -1.00009183895, 23.6128422971, 0.00351299852952, -5.14839304876
1.62, -1.00011594715, 23.5613749555, -0.00551696660771, -5.15014436522
1.63, -1.00018399311, 23.5098904009, -0.00458838811415, -5.15183700803
1.64, -1.00018505861, 23.4583892351, 0.0049389971988, -5.15347167809
1.65, -1.00011870951, 23.4068719392, 0.00720676918291, -5.15506523519
1.66, -1.00009780795, 23.3553388541, -0.00172806135254, -5.15662773404
1.67, -1.00016092188, 23.3037903595, -0.0070515876665, -5.15814729196
1.68, -1.00020603029, 23.2522269837, 0.000258906539215, -5.15960821314
1.69, -1.00015927678, 23.200649236, 0.00818088595807, -5.16102550153
1.7, -1.00009981694, 23.1490574479, 0.00338702565122, -5.16241587194
1.71, -1.00012968909, 23.0974519006, -0.00629174217644, -5.16377597032
1.72, -1.00018921887, 23.0458330187, -0.00528590378474, -5.16508740172
1.73, -1.0002040161, 22.9942012579, 0.00343375815882, -5.16635112452
1.74, -1.00014420807, 22.9425570213, 0.00749158540902, -5.16758375665
1.75, -1.00011089724, 22.8909005638, -5.17196858147e-05, -5.1687945023
1.76, -1.00016273768, 22.8392321507, -0.00673952271056, -5.16997471847
1.77, -1.00021643569, 22.7875521883, -0.00132638620459, -5.17110663288
1.78, -1.00018396965, 22.7358611038, 0.00733168766438, -5.17220279508
1.79, -1.00012048387, 22.6841591665, 0.00472952064237, -5.17327743758
1.8, -1.00013435144, 22.6324465648, -0.0049684318415, -5.17433384719
1.81, -1.00020604294, 22.5807235964, -0.00560837570026, -5.17535115954
1.82, -1.00021844479, 22.5289906739, 0.00406580986987, -5.17632841726
1.83, -1.00015187279, 22.4772481111, 0.00798774637992, -5.17728123324
1.84, -1.00011906071, 22.4254960702, -0.000556237281315, -5.17822173247
1.85, -1.00017016943, 22.3737347459, -0.00411426314012, -5.17909955777
1.86, -1.00022248969, 22.3219644734, -0.00224161256506, -5.18001457196
1.87, -1.00020379074, 22.2701855869, 0.00600182108652, -5.18086166123
1.88, -1.00014427753, 22.2183983081, 0.00526045151521, -5.18169332638
1.89, -1.00014507818, 22.166602769, -0.00340077090394, -5.18251205726
1.9, -1.00020798845, 22.1147991801, -0.00558837149164, -5.18330299851
1.91, -1.00023049614, 22.0629878701, 0.00249544556591, -5.18405918516
1.92, -1.00017610329, 22.0111691059, 0.00745344148145, -5.18479594532
1.93, -1.00013697115, 21.9593430104, 0.000874662440257, -5.18552424796
1.94, -1.00018146667, 21.9075097057, -0.00640145892447, -5.18623632822
1.95, -1.00023870898, 21.8556694499, -0.00216387643487, -5.18691596527
1.96, -1.0002149695, 21.8038225475, 0.0067031782375, -5.18756927566
1.97, -1.00015079694, 21.7519691574, 0.00537492030228, -5.18821369918
1.98, -1.00015549709, 21.7001093484, -0.00410462527454, -5.18885102895
1.99, -1.00022471348, 21.6482432823, -0.00596330180135, -5.18946549823
2.0, -1.00024556834, 21.5963712513, 0.00306661063967, -5.19004729323
2.01, -1.00018434569, 21.5444934698, 0.00801571463708, -5.19061650268
2.02, -1.00014470757, 21.4926100033, 0.000471299638492, -5.19118294932
2.03, -1.00019606739, 21.4407209234, -0.0071192076416, -5.19173823812
2.04, -1.00025621791, 21.3888264562, -0.00200308258923, -5.19226207535
2.05, -1.00022654347, 21.3369268662, 0.00747854816376, -5.19276536769
2.06, -1.00015753171, 21.2850222605, 0.00545687585409, -5.19326499077
2.07, -1.00016677703, 21.2331126575, -0.00487852912025, -5.19376239406
2.08, -1.00022815544, 21.1811982017, -0.00624393150856, -5.19423881449
2.09, -1.00026100465, 21.1292791135, 0.00148837171597, -5.19468898672
2.1, -1.00020961042, 21.0773555912, 0.00785941152771, -5.19512781744
2.11, -1.000160466, 21.0254276818, 0.00207921669899, -5.19556523743
2.12, -1.00019811704, 20.97349541, -0.00637006963418, -5.19599824943
2.13, -1.00026293657, 20.9215589416, -0.00335444571628, -5.19640546985
2.14, -1.00024851554, 20.8696185147, 0.00628164236741, -5.19679250685
2.15, -1.00017968622, 20.817674226, 0.006449711692, -5.19717778738
2.16, -1.00017332006, 20.7657260685, -0.00331821725271, -5.19756435792
2.17, -1.00023168675, 20.7137741232, -0.00514955664962, -5.19793517479
2.18, -1.00026785226, 20.6618185867, 0.000292810004073, -5.19828454952
2.19, -1.00023055415, 20.6098596236, 0.00670303263571, -5.19862227037
2.2, -1.00018245211, 20.5578972747, 0.00290281525163, -5.19896161964
2.21, -1.00020614795, 20.5059315442, -0.00492171621687, -5.19929685023
2.22, -1.00026522351, 20.4539625462, -0.00370609878001, -5.19961462098
2.23, -1.0002631396, 20.4019904782, 0.00467929723403, -5.19991366784
2.24, -1.00020434003, 20.3500154333, 0.00626726816601, -5.200211291
2.25, -1.00018877027, 20.2980373984, -0.00174628193619, -5.20050999344
2.26, -1.0002456858, 20.2460564098, -0.00608335951537, -5.20080008103
2.27, -1.00028311323, 20.1940726366, 0.000614322221944, -5.20106892851
2.28, -1.00024009057, 20.1420862334, 0.0073006191634, -5.2013283922
2.29, -1.00018977817, 20.0900972097, 0.0027244484193, -5.20159177467
2.3, -1.00021903567, 20.0381055407, -0.00563302414429, -5.2018560024
2.31, -1.00028266594, 19.986111329, -0.00380614453457, -5.2021009637
2.32, -1.00027678382, 19.93411476, 0.00534461856008, -5.2023298583
2.33, -1.00021235312, 19.8821159017, 0.00656786549191, -5.20255934374
2.34, -1.00019894493, 19.8301147113, -0.00233524521487, -5.20279420167
2.35, -1.00026244098, 19.7781112081, -0.00659360538575, -5.20302057181
2.36, -1.00029990093, 19.7261055561, 0.00104514559536, -5.20322626767
2.37, -1.00025014148, 19.6740978934, 0.00797205471372, -5.20342508979
2.38, -1.00019747306, 19.6220882008, 0.00251598657565, -5.20363078438
2.39, -1.00023278074, 19.5700764325, -0.00638834295517, -5.20383793686
2.4, -1.00030086658, 19.5180626835, -0.00384874947297, -5.20402741226
2.41, -1.00029033959, 19.4660471334, 0.00609724380281, -5.20420148592
2.42, -1.00021981274, 19.4140298279, 0.00686608776546, -5.20437878873
2.43, -1.00020912661, 19.3620106983, -0.00301059960487, -5.20456394795
2.44, -1.00026592612, 19.3099897649, -0.00634214942341, -5.20473980546
2.45, -1.00031256167, 19.2579671547, -0.000499852418383, -5.20489960099
2.46, -1.0002753744, 19.2059430031, 0.00736204002546, -5.20505081191
2.47, -1.00021694486, 19.1539173009, 0.00393133282974, -5.20520871676
2.48, -1.00023702462, 19.1018899854, -0.00524268480758, -5.20537111681
2.49, -1.00030544539, 19.0498611109, -0.00487274342151, -5.20552098825
2.5, -1.00031025626, 18.9978308429, 0.00460737292125, -5.20565295155
2.51, -1.00024436492, 18.9457992392, 0.0074236424082, -5.2057878825
2.52, -1.00021946798, 18.8937662301, -0.00129404601903, -5.20593201842
2.53, -1.00028055177, 18.8417317893, -0.00710914706067, -5.20607263497
2.54, -1.00032894511, 18.7896960492, -0.000200035740585, -5.20619399048
2.55, -1.00028538849, 18.737659143, 0.00807834172097, -5.2063086225
2.56, -1.00022369612, 18.6856210394, 0.00381560875585, -5.20643285956
2.57, -1.00024960717, 18.6335816603, -0.00604957558879, -5.20656121416
2.58, -1.0003092311, 18.5815410712, -0.00497471880632, -5.20667642358
2.59, -1.00032457366, 18.5294993955, 0.00310218808043, -5.20677884746
2.6, -1.00026916349, 18.4774567021, 0.00709885350154, -5.20688127594
2.61, -1.00023661796, 18.4254129309, 0.000165451530853, -5.20699260069
2.62, -1.00028410881, 18.3733680395, -0.00625810342329, -5.20710328133
2.63, -1.00033546694, 18.3213221233, -0.00137964543644, -5.20719855605
2.64, -1.00030661156, 18.2692753116, 0.00681937432898, -5.20728550759
2.65, -1.00024675899, 18.2172275905, 0.00460675983117, -5.20737983985
2.66, -1.00025823039, 18.1651788793, -0.00449773395792, -5.20748189236
2.67, -1.00032545196, 18.1131292006, -0.00532750361302, -5.20757267051
2.68, -1.00033881774, 18.0610786964, 0.00367743218938, -5.20764913715
2.69, -1.00027714288, 18.0090274264, 0.00756541957082, -5.20772723195
2.7, -1.00024500081, 17.956975312, -0.000300306163928, -5.2078158406
2.71, -1.00029936248, 17.9049223023, -0.00692112753349, -5.20790422365
2.72, -1.00035289515, 17.852868499, -0.00115165275333, -5.20797604393
2.73, -1.0003179456, 17.80081403, 0.00756228082987, -5.20804047342
2.74, -1.00025395309, 17.7487588644, 0.00460912039143, -5.20811503859
2.75, -1.00027033923, 17.6967029071, -0.00525948330389, -5.20819630463
2.76, -1.00034355247, 17.6446461803, -0.00559840972403, -5.20826771354
2.77, -1.00035400791, 17.5925888343, 0.00435581840239, -5.20832343717
2.78, -1.00028530424, 17.5405309183, 0.00806845654292, -5.20838256627
2.79, -1.00025380213, 17.4884723367, -0.000825817891389, -5.20845416847
2.8, -1.0003036302, 17.4364130455, -0.0059607889865, -5.20852295128
2.81, -1.00036256859, 17.3843531282, -0.00252589933505, -5.2085792414
2.82, -1.00034166978, 17.3322927025, 0.00657856287202, -5.20862763065
2.83, -1.00027589465, 17.2802317621, 0.00573281534888, -5.2086830005
2.84, -1.00027687115, 17.2281702079, -0.0038347455355, -5.20874794861
2.85, -1.00034630489, 17.1761080323, -0.00622547916352, -5.20880607306
2.86, -1.00037091528, 17.1240453679, 0.00271435234525, -5.20884847391
2.87, -1.00031063763, 17.0719822859, 0.00817332770664, -5.20889142691
2.88, -1.0002673962, 17.0199187035, 0.000894936277218, -5.20894642888
2.89, -1.00030847621, 16.9678545513, -0.00380671855794, -5.20896571853
2.9, -1.00036794354, 16.9157899009, -0.00360571026704, -5.20904806464
2.91, -1.00036180889, 16.8637248601, 0.00522737536447, -5.20908280608
2.92, -1.00029924748, 16.8116594428, 0.00638988063164, -5.20912363374
2.93, -1.00028620401, 16.7595935557, -0.00223418978052, -5.20917468311
2.94, -1.00034757744, 16.7075271669, -0.00634839317893, -5.20922240892
2.95, -1.0003837362, 16.6554603866, 0.00104011035728, -5.20925510823
2.96, -1.00033555763, 16.6033933014, 0.00773538914701, -5.20928565914
2.97, -1.00028462862, 16.5513258462, 0.00245206847548, -5.20932743767
2.98, -1.0003187931, 16.4992579323, -0.00615421731867, -5.20937512957
2.99, -1.00038457061, 16.4471896095, -0.00369353618926, -5.20940884579
3.0, -1.00037430677, 16.3951210087, 0.00592462522157, -5.20943357545
3.01, -1.00030612733, 16.3430521342, 0.00665337442466, -5.20946480645
3.02, -1.00029588165, 16.2909828786, -0.0028985116774, -5.20950655843
3.03, -1.00036429959, 16.238913207, -0.00687320123668, -5.20954622846
3.04, -1.00040026301, 16.1868432438, 0.00151340663968, -5.20956846299
3.05, -1.00034504675, 16.1347730727, 0.00841231436238, -5.20958979306
3.06, -1.00029210863, 16.0827026134, 0.00218397638319, -5.2096242532
3.07, -1.0003328785, 16.0306317715, -0.00694611796998, -5.2096647924
3.08, -1.00038943356, 15.9785606186, -0.00427006332556, -5.20969033748
3.09, -1.0003920108, 15.9264892437, 0.00445588786392, -5.20970774829
3.1, -1.00033095913, 15.8744176748, 0.00681298424191, -5.20973044487
3.11, -1.00030952332, 15.8223458187, -0.00130248494428, -5.20976316732
3.12, -1.00036648019, 15.7702736251, -0.00646076104124, -5.20979554929
3.13, -1.00040963291, 15.7182011899, 5.866299805e-05, -5.20981312506
3.14, -1.00036827392, 15.6661286061, 0.00752322263032, -5.20982768155
3.15, -1.00031245419, 15.6140944834, 0.00338422433947, -5.20200963956
3.16, -1.00033797073, 15.5621414448, -0.00562385830403, -5.19394959079
3.17, -1.000405767, 15.510268059, -0.00446739609073, -5.18608047962
3.18, -1.00040497184, 15.4584723061, 0.00511064260721, -5.1784198224
3.19, -1.00033796818, 15.4067520226, 0.00715581433247, -5.1709807959
3.2, -1.00031858392, 15.3551049819, -0.001927247673, -5.16376278673
3.21, -1.00038294443, 15.3035290778, -0.00708903340319, -5.15674515792
3.22, -1.00042710571, 15.2520224174, 0.000421449546254, -5.14991012999
3.23, -1.00037902308, 15.2005831536, 0.00823347604312, -5.14326421713
3.24, -1.00032030955, 15.1492093302, 0.00321420035196, -5.13681600001
3.25, -1.00035196992, 15.097899007, -0.00642879947484, -5.13055566202
3.26, -1.00041164061, 15.0466676865, -0.00520082344211, -5.11929001362
3.27, -1.0004249256, 14.9955729231, 0.0035993474102, -5.10519965323
3.28, -1.00036399632, 14.944617197, 0.00750800326586, -5.09147502055
3.29, -1.00033159202, 14.8937967052, -0.000227255691734, -5.07814070442
3.3, -1.00038497157, 14.8431076035, -0.00684561916119, -5.06518321813
3.31, -1.00043835306, 14.792546285, -0.00120553077753, -5.05257417999
3.32, -1.00040425929, 14.7421092746, 0.00746219758543, -5.04031389189
3.33, -1.00034063916, 14.6917930503, 0.0046238149218, -5.02840616195
3.34, -1.00035621065, 14.6415941203, -0.00515886855886, -5.01684207816
3.35, -1.00041441906, 14.591509219, -0.00550496801689, -5.00559287482
3.36, -1.0004395271, 14.5415465288, 0.00204012171197, -4.98892657677
3.37, -1.00038876739, 14.4918230624, 0.00727193329523, -4.96180818524
3.38, -1.00034772669, 14.4423662763, 0.00129493654119, -4.93544679264
3.39, -1.00038752803, 14.3931694212, -0.00607080147265, -4.90980404
3.4, -1.00044492625, 14.3442253341, -0.00250014734285, -4.88487048768
3.41, -1.000425947, 14.2955270351, 0.00622592597145, -4.8606285632
3.42, -1.00036326922, 14.2470676161, 0.00552210342101, -4.83707430894
3.43, -1.00036369551, 14.1988402759, -0.0036025395673, -4.81419095257
3.44, -1.00043001157, 14.1508384852, -0.00597491571119, -4.7919443082
3.45, -1.00045425022, 14.1030560344, 0.00252976432278, -4.77030707684
3.46, -1.00039705493, 14.0555641735, 0.00783164601841, -4.73359132523
3.47, -1.00035517188, 14.0084422966, 0.000941113437271, -4.69697456174
3.48, -1.00039380056, 13.9616816318, -0.00360841366856, -4.66129693568
3.49, -1.00045099274, 13.9152723286, -0.00351588396106, -4.6266731863
3.5, -1.00044585126, 13.8692046793, 0.00496117696972, -4.5929740709
3.51, -1.0003858414, 13.8234691494, 0.00618929618033, -4.56022206199
3.52, -1.00037247162, 13.7780563633, -0.00204706526355, -4.52839634684
3.53, -1.00043092818, 13.7329572499, -0.00609336025937, -4.49745995729
3.54, -1.00046619549, 13.6881631113, 0.000926847520171, -4.46737794733
3.55, -1.00042063158, 13.6436858743, 0.00735979690748, -4.43029639104
3.56, -1.00037211934, 13.5996392842, 0.0023964739045, -4.38550221461
3.57, -1.00040322063, 13.5560342494, -0.00567137313835, -4.3419114503
3.58, -1.00046448021, 13.5128590016, -0.00346210023179, -4.29951271557
3.59, -1.0004555299, 13.470101674, 0.00548012860336, -4.25829304619
3.6, -1.00039210234, 13.4277505594, 0.00626192756096, -4.21823549934
3.61, -1.00038170774, 13.3857941836, -0.00257669670239, -4.17931025439
3.62, -1.00044480831, 13.3442214642, -0.0063696134436, -4.14147067415
3.63, -1.00047876505, 13.3030217712, 0.00135532830791, -4.10467568524
3.64, -1.00042788756, 13.2621847426, 0.0078452012546, -4.06890969007
3.65, -1.00037802405, 13.2217001511, 0.00215941263926, -4.03415718791
3.66, -1.00041496237, 13.1815848699, -0.0063644088427, -3.99128652196
3.67, -1.00048026276, 13.1419508159, -0.00347762129801, -3.94210470278
3.68, -1.00046671897, 13.1028018568, 0.00618995797769, -3.89422332302
3.69, -1.00039771812, 13.0641248564, 0.0064932332865, -3.84767556421
3.7, -1.00039037283, 13.0259065425, -0.00325685033623, -3.80244329707
3.71, -1.00044706237, 12.9881340685, -0.00610588264569, -3.75847022992
3.72, -1.00048943852, 12.9507950622, -9.10700920264e-05, -3.71571382397
3.73, -1.00045048617, 12.9138775033, 0.00724256870347, -3.67414798833
3.74, -1.00039542847, 12.8773700899, 0.00346626178127, -3.63323043987
3.75, -1.00041881628, 12.8413583195, -0.0053848850828, -3.57677116666
3.76, -1.00048429505, 12.8058957042, -0.0043227875902, -3.52246570427
3.77, -1.00048312326, 12.770968651, 0.00500333653302, -3.46963008513
3.78, -1.00041752364, 12.7365622986, 0.00698242416624, -3.41828024089
3.79, -1.00039837349, 12.7026619596, -0.00185025286017, -3.36838178366
3.8, -1.00044909376, 12.6692534265, -0.00525923627843, -3.31987647108
3.81, -1.00049470185, 12.6363230127, -0.00112636879924, -3.27271868768
3.82, -1.00046742732, 12.6038584678, 0.00631055354227, -3.22583205857
3.83, -1.00041416381, 12.5719468277, 0.00400616158337, -3.1641878897
3.84, -1.00042509561, 12.5406364184, -0.00390246308662, -3.10476025082
3.85, -1.00048233117, 12.5099120122, -0.00435065943851, -3.04695026627
3.86, -1.00049162758, 12.4797574289, 0.00341142679863, -2.99074841755
3.87, -1.00043800896, 12.4501567365, 0.00650614380719, -2.93612565811
3.88, -1.00041166788, 12.42109434, -0.000330461922647, -2.88304223789
3.89, -1.00045860887, 12.3925551214, -0.00579547394124, -2.83144434563
3.9, -1.00050262481, 12.3645245251, -0.000688428926122, -2.78127629791
3.91, -1.00047097701, 12.336988428, 0.0066195020987, -2.73250551751
3.92, -1.00041670666, 12.3099329751, 0.00388019469607, -2.68510651933
3.93, -1.0004318763, 12.2833446453, -0.00448125923125, -2.63903971701
3.94, -1.00049356677, 12.2572103938, -0.00451950801554, -2.59425249406
3.95, -1.00050015073, 12.2315176403, 0.00400297755468, -2.55070595509
3.96, -1.00044064352, 12.2063028925, 0.00692713118728, -2.49597770715
3.97, -1.00041492713, 12.1816640651, -0.000780810717803, -2.43859026291
3.98, -1.00046800415, 12.1575912321, -0.00636359171181, -2.38274655568
3.99, -1.00051329744, 12.1340688927, -0.000407154582235, -2.32844671632
4.0, -1.00047561447, 12.1110817365, 0.00730986983237, -2.27566591622
4.01, -1.00041777507, 12.0886147252, 0.00384363685819, -2.22437313543
4.02, -1.00043768517, 12.0666532026, -0.00517952424473, -2.17452339578
4.03, -1.00050442318, 12.0451830403, -0.00470255026012, -2.12605931162
4.04, -1.00050769654, 12.0241906144, 0.00466793811241, -2.07893914253
4.05, -1.00044174957, 12.0036682282, 0.00735329444912, -2.03028164746
4.06, -1.00041705784, 11.9836628141, -0.00129356240183, -1.97753845118
4.07, -1.00046553405, 11.9641769686, -0.00537487250988, -1.92626267657
4.08, -1.00051512372, 11.9451966147, -0.00163373165945, -1.87640158006
4.09, -1.00049056092, 11.9267077232, 0.00635210571772, -1.82793087497
4.1, -1.00043159315, 11.9086965043, 0.00484949524408, -1.78082630617
4.11, -1.00043706102, 11.8911494888, -0.00379708497245, -1.73504905278
4.12, -1.00049946844, 11.8740536807, -0.00519953925139, -1.69054613244
4.13, -1.00051548221, 11.8573965717, 0.00314124001692, -1.64727500152
4.14, -1.00045780096, 11.8411542104, 0.00738785579542, -1.6091924856
4.15, -1.00042252893, 11.8252614978, 0.000320034827161, -1.57546404045
4.16, -1.00046998984, 11.8097010634, -0.00639258347607, -1.54270988552
4.17, -1.00052260129, 11.794463496, -0.00146351939968, -1.51086373346
4.18, -1.00049261124, 11.7795398634, 0.00705941487718, -1.47990027913
4.19, -1.00042945617, 11.7649213602, 0.0049050484241, -1.44981176135
4.2, -1.00043928185, 11.7505993506, -0.00450116455595, -1.4205743281
4.21, -1.0005076042, 11.7365655396, -0.00549292696904, -1.39214722602
4.22, -1.00052128743, 11.7228119888, 0.00376904243148, -1.36450174149
4.23, -1.00045685314, 11.7093309, 0.00791287792391, -1.33763326657
4.24, -1.00042169535, 11.6961145508, -0.000129688838459, -1.31152951112
4.25, -1.00046827611, 11.6831392842, -0.00383912432845, -1.29082123347
4.26, -1.00051971933, 11.6703466711, -0.00236571712035, -1.27330837272
4.27, -1.00050314922, 11.6577268953, 0.00579187155371, -1.25627298545
4.28, -1.00044348486, 11.6452749546, 0.00547684893098, -1.23972667655
4.29, -1.00044025049, 11.6329860398, -0.00295320245054, -1.22365264883
4.3, -1.00050015046, 11.6208555648, -0.00549615514634, -1.20802440877
4.31, -1.00052394729, 11.6088791967, 0.00223226168097, -1.19282057258
4.32, -1.00047122855, 11.5970526799, 0.00743636879444, -1.17804317059
4.33, -1.00042949152, 11.5853717422, 0.001307848228, -1.16369079519
4.34, -1.0004694971, 11.5738313157, -0.00606365014038, -1.15065613304
4.35, -1.00052599417, 11.5623811185, -0.00232093855067, -1.14445910713
4.36, -1.00050475028, 11.5509938464, 0.00647262966693, -1.13830441889
4.37, -1.00044041941, 11.5396670878, 0.00562312775773, -1.13234613841
4.38, -1.00044076783, 11.5283989933, -0.00361991511454, -1.12656502337
4.39, -1.00050693958, 11.5171879037, -0.00588542895467, -1.12093972229
4.4, -1.00052943631, 11.5060323405, 0.00277217962293, -1.1154577374
4.41, -1.00047006277, 11.4949308051, 0.00800977853689, -1.11013109158
4.42, -1.00042753086, 11.4838816943, 0.000951145517197, -1.10496648393
4.43, -1.00047416121, 11.4728834543, -0.00676839196291, -1.09995055727
4.44, -1.00053378911, 11.4619347237, -0.00219242295082, -1.09506138316
4.45, -1.00050689823, 11.4510342335, 0.00723730904488, -1.09030146021
4.46, -1.0004375037, 11.4401500968, 0.00574828655429, -1.09218234822
4.47, -1.0004419531, 11.4292404956, -0.00435413138158, -1.09478869764
4.48, -1.00050071609, 11.418305094, -0.00546740664472, -1.09733792246
4.49, -1.00053074617, 11.4073446169, 0.00135268967593, -1.09980691113
4.5, -1.00048403316, 11.3963598269, 0.00728735196028, -1.10220488489
4.51, -1.00043740841, 11.385351339, 0.00221129481639, -1.10454691913
4.52, -1.00046930244, 11.3743197281, -0.00555930880766, -1.10682930589
4.53, -1.00052777056, 11.3632656771, -0.00303047518584, -1.10903721216
4.54, -1.00051524454, 11.3521873477, 0.00574732826648, -1.1129062965
4.55, -1.0004517196, 11.3410352247, 0.00612583901667, -1.12225388473
4.56, -1.00044335041, 11.3297916577, -0.00268890312107, -1.13131664406
4.57, -1.00050566112, 11.3184586958, -0.00606002073783, -1.1401354057
4.58, -1.00053566531, 11.3070389051, 0.00178561738621, -1.14869285459
4.59, -1.00048270992, 11.2955347861, 0.00787792333131, -1.15701025803
4.6, -1.00043467043, 11.2839486202, 0.00192634556815, -1.16510740291
4.61, -1.00047288082, 11.2722826093, -0.00628867205517, -1.17298374568
4.62, -1.00053527985, 11.2605390315, -0.00301308009913, -1.18062779977
4.63, -1.00051791418, 11.2487201745, 0.00648215098398, -1.18804904073
4.64, -1.00044896906, 11.2368259684, 0.0063288170086, -1.19679757477
4.65, -1.00044429686, 11.2248091643, -0.00342806093024, -1.21112041444
4.66, -1.00051345778, 11.2126522301, -0.00647710777929, -1.224980765
4.67, -1.00054175654, 11.20035869, 0.00240956489289, -1.23845173042
4.68, -1.00048134657, 11.1879323907, 0.00850062315348, -1.25154646629
4.69, -1.00043268673, 11.1753769572, 0.00149566230613, -1.26428767764
4.7, -1.00047837812, 11.1626959076, -0.00707009644685, -1.27667789066
4.71, -1.00053027118, 11.1498928288, -0.00342703977934, -1.28870801128
4.72, -1.00052471718, 11.1369712101, 0.00503711932169, -1.30039483779
4.73, -1.00046381848, 11.1239343763, 0.00634148451035, -1.31176102763
4.74, -1.00044894494, 11.1107828749, -0.00186633723532, -1.32455225608
4.75, -1.00050621402, 11.0974696818, -0.00598319642236, -1.34256324382
4.76, -1.00054103909, 11.0839798019, 0.000986565017546, -1.36002250974
4.77, -1.00049477104, 11.070317779, 0.00754327862117, -1.37700461203
4.78, -1.00044403294, 11.0564883226, 0.00264180012774, -1.39352263076
4.79, -1.00047449048, 11.0424960255, -0.00569680719334, -1.40958447943
4.8, -1.00053705238, 11.0283454767, -0.00353509275971, -1.42518638067
4.81, -1.00052768247, 11.0140412189, 0.00570323769962, -1.44034219013
4.82, -1.00046131534, 10.9995875486, 0.00661181490316, -1.45508153633
4.83, -1.00044902697, 10.9849885351, -0.00249659503497, -1.4694205828
4.84, -1.00051316198, 10.9702482007, -0.00650728876523, -1.48335608121
4.85, -1.00054803587, 10.9553544224, 0.00141469837901, -1.50158787954
4.86, -1.00049512551, 10.9402598165, 0.00819315976394, -1.52186322403
4.87, -1.00044236701, 10.9249651341, 0.00239872093108, -1.54161359509
4.88, -1.00047915564, 10.9094757235, -0.00645821195976, -1.56082237059
4.89, -1.00054609819, 10.8937970652, -0.00355904922699, -1.57948007961
4.9, -1.00053194507, 10.8779345859, 0.00646056939804, -1.59760530812
4.91, -1.00045965164, 10.861893421, 0.00688005587455, -1.61523210204
4.92, -1.00045037833, 10.8456784504, -0.00318771994516, -1.63237847121
4.93, -1.00050755023, 10.8292945107, -0.00622032286702, -1.64904031669
4.94, -1.0005514586, 10.8127464082, -0.000133314447864, -1.66522495028
4.95, -1.00051140664, 10.7960308362, 0.00753683941548, -1.68419813376
4.96, -1.00045320562, 10.7790987278, 0.00379659473079, -1.70666508545
4.97, -1.00047470049, 10.7619451128, -0.00528834863458, -1.72853493668
4.98, -1.00054176186, 10.7445759461, -0.00456426417504, -1.74979148131
4.99, -1.00054305102, 10.7269973598, 0.00494491042511, -1.77044028582
5.0, -1.00047572887, 10.7092152364, 0.00740876835201, -1.79051665515
5.01, -1.00045231775, 10.6912351652, -0.00145848873739, -1.81004409609
5.02, -1.00051375782, 10.673062624, -0.00697195164979, -1.82902501325
5.03, -1.00055916474, 10.654703093, 0.000194384434216, -1.84745968714
5.04, -1.00051266668, 10.6361618977, 0.00824541868143, -1.86537563229
5.05, -1.00045147385, 10.6174431419, 0.00364589612971, -1.88371421754
5.06, -1.00047902253, 10.5985052792, -0.00610610375245, -1.90803363784
5.07, -1.00053695097, 10.5793295908, -0.00465677997482, -1.93153772902
5.08, -1.00054898803, 10.5599221903, 0.00340025447331, -1.95439037945
5.09, -1.0004925811, 10.5402895516, 0.00705407640191, -1.97660611383
5.1, -1.00046153035, 10.5204378958, 2.64914069802e-05, -1.99821052353
5.11, -1.00050901652, 10.5003732903, -0.00608523375725, -2.019212072
5.12, -1.00055732939, 10.480101766, -0.00100571717076, -2.03961287249
5.13, -1.00052593171, 10.4596292122, 0.00694418932181, -2.0594374118
5.14, -1.00046681958, 10.4389612158, 0.00443664189571, -2.07871690485
5.15, -1.00047965557, 10.4181005698, -0.00451498580816, -2.09919766594
5.16, -1.00054515636, 10.3970024808, -0.00499695496697, -2.12467655952
5.17, -1.00055513131, 10.3756541049, 0.00397280223609, -2.14939496578
5.18, -1.00049265901, 10.3540620127, 0.00749402077938, -2.17343755468
5.19, -1.00046232442, 10.3322328982, -0.000463024264838, -2.1968180027
5.2, -1.00051675034, 10.3101733413, -0.00674247080624, -2.21954372872
5.21, -1.0005671066, 10.2878898858, -0.000765888666245, -2.24161796629
5.22, -1.00052968259, 10.2653889114, 0.00766508792842, -2.26306851624
5.23, -1.00046675261, 10.2426764667, 0.00440872310474, -2.28392872807
5.24, -1.00048469983, 10.2197583705, -0.00527811923389, -2.30421358002
5.25, -1.00055603155, 10.196640395, -0.00524687279233, -2.32392087668
5.26, -1.00056275209, 10.1733025276, 0.00469254038323, -2.34902228729
5.27, -1.00049317282, 10.1497056467, 0.00795578126288, -2.3747260598
5.28, -1.00046439442, 10.1258551963, -0.00109748898002, -2.39974726061
5.29, -1.00051867516, 10.1017581394, -0.00403489743739, -2.42402765205
5.3, -1.00056660033, 10.0774214931, -0.00155824443314, -2.44768834497
5.31, -1.00054228376, 10.0528520854, 0.00633015412237, -2.47063976012
5.32, -1.00048415832, 10.0280564431, 0.00481235369963, -2.49295374703
5.33, -1.00049000272, 10.0030408378, -0.00375185010593, -2.51464873572
5.34, -1.00055208373, 9.97781145301, -0.00511835415205, -2.53572691263
5.35, -1.00056806458, 9.95237441573, 0.00314380206919, -2.55619927384
5.36, -1.00051121663, 9.92673665697, 0.00732206319556, -2.57505542355
5.37, -1.00047681689, 9.90095681744, 0.00029939277378, -2.58597485883
5.38, -1.00052429361, 9.87506727407, -0.00633727110494, -2.59673427187
5.39, -1.00057663495, 9.84907184949, -0.00143799120001, -2.60716691097
5.4, -1.00054718436, 9.82297359846, 0.00698897435427, -2.61731004547
5.41, -1.00048514489, 9.79677526565, 0.0048306474798, -2.62719047987
5.42, -1.00049548283, 9.77047943085, -0.00448171205307, -2.63681604732
5.43, -1.00056355543, 9.74408869411, -0.00544059625285, -2.64617774795
5.44, -1.00057736794, 9.71760571037, 0.00373881768608, -2.65526915461
5.45, -1.00051400831, 9.69103312899, 0.00780522550235, -2.6641083596
5.46, -1.00047988796, 9.66437386973, -0.000171068572384, -2.67219506229
5.47, -1.0005343042, 9.63768029982, -0.00701963095321, -2.67201712427
5.48, -1.00058892028, 9.61098542664, -0.00121278357997, -2.67206844145
5.49, -1.00055327786, 9.58429016973, 0.00774419062268, -2.67209859684
5.5, -1.00048696585, 9.55759457043, 0.00483393484857, -2.67213071706
5.51, -1.0005022406, 9.53089849221, -0.00525702969521, -2.67219452365
5.52, -1.00056193257, 9.5042019547, -0.00564204087894, -2.67223724349
5.53, -1.00058710945, 9.47750506967, 0.00217368366486, -2.67226028285
5.54, -1.00053394092, 9.45080786817, 0.00756187811951, -2.67230019976
5.55, -1.00049111721, 9.42411029544, 0.00137024727223, -2.67234245727
5.56, -1.00053212915, 9.39744527003, -0.00628086813155, -2.66516227584
5.57, -1.00059095363, 9.37086080639, -0.00248337946009, -2.65709051518
5.58, -1.00056958691, 9.34435614678, 0.00661574315878, -2.64920867005
5.59, -1.00050339812, 9.31792911388, 0.00576195509717, -2.64154854841
5.6, -1.00050407838, 9.29157742736, -0.00380185197988, -2.63412289392
5.61, -1.00057300198, 9.26529893508, -0.00616773794804, -2.62691056335
5.62, -1.00059684025, 9.23909170887, 0.0027826279174, -2.61986214588
5.63, -1.00053597096, 9.21295377472, 0.00821478430574, -2.61304542474
5.64, -1.00049238804, 9.18688312623, 0.000918898274634, -2.60641602134
5.65, -1.00053307318, 9.16088072825, -0.00377030669069, -2.59795850534
5.66, -1.00059180375, 9.13500213768, -0.00351929818088, -2.5834038078
5.67, -1.00058464371, 9.10926638525, 0.00530894482871, -2.5692826419
5.68, -1.00052137991, 9.08367003088, 0.00642670424142, -2.55553430563
5.69, -1.00050798267, 9.05820909335, -0.00220329905843, -2.54217811919
5.7, -1.0005688671, 9.03287972561, -0.00628556932866, -2.52920137467
5.71, -1.00060410691, 9.00767834169, 0.00113301477412, -2.51656676833
5.72, -1.00055502312, 8.98260143206, 0.00779496924535, -2.50429104703
5.73, -1.00050366781, 8.95764543461, 0.0024715257549, -2.49237930092
5.74, -1.00053751603, 8.93280687511, -0.00611365358521, -2.48079266933
5.75, -1.00060244336, 8.90808156466, -0.00358936563159, -2.47044746804
5.76, -1.00059103795, 8.88342006322, 0.00602060487592, -2.46685314171
5.77, -1.0005221419, 8.8587956956, 0.00669972841922, -2.46324629926
5.78, -1.00051154995, 8.83420666869, -0.00286060353121, -2.45978497806
5.79, -1.00057933533, 8.80965191686, -0.00678644835665, -2.45639185893
5.8, -1.0006141378, 8.78513056871, 0.00163535682426, -2.45308951804
5.81, -1.00055788956, 8.76064177697, 0.0084859073404, -2.44988548439
5.82, -1.00050462599, 8.73618455178, 0.00218922743636, -2.44678392655
5.83, -1.00054520621, 8.71175793154, -0.00690412626986, -2.44375621128
5.84, -1.00060096925, 8.68736110579, -0.00415701074168, -2.44081284687
5.85, -1.00060229746, 8.66298836093, 0.00456790753941, -2.44045995719
5.86, -1.00054048251, 8.6385864567, 0.00685557893745, -2.44486862922
5.87, -1.00051886964, 8.61414114887, -0.00128521463379, -2.449193345
5.88, -1.00057539508, 8.58965326835, -0.00638295076374, -2.45338330529
5.89, -1.00061747766, 8.56512404366, 0.000179348102533, -2.45745259443
5.9, -1.00057513082, 8.5405547478, 0.00759328246977, -2.46140370341
5.91, -1.00051901622, 8.51594644517, 0.0033918743759, -2.46525533857
5.92, -1.00054442656, 8.49130012199, -0.0055843038169, -2.46901956302
5.93, -1.00061144886, 8.46661688889, -0.00434642140365, -2.47264420372
5.94, -1.00060945841, 8.4418978751, 0.00522846781935, -2.47617980147
5.95, -1.00054172376, 8.41714320075, 0.00719789583286, -2.48050990467
5.96, -1.00052206976, 8.3923073268, -0.00188725450404, -2.49123553564
5.97, -1.00058573557, 8.36736759913, -0.00697422769965, -2.50152989737
5.98, -1.00062863595, 8.34232639224, 0.000567785817152, -2.51153101491
5.99, -1.00057945467, 8.31718658509, 0.00832095478952, -2.5212661777
6.0, -1.00052035642, 8.29195088943, 0.00324510242338, -2.53072248797
6.01, -1.00055171413, 8.26662188107, -0.00636313898613, -2.53992175868
6.02, -1.00061002066, 8.24120221114, -0.00502317888391, -2.54885835413
6.03, -1.00062174737, 8.21569450242, 0.00371629998852, -2.5575465221
6.04, -1.00056080761, 8.19010128657, 0.00745488116984, -2.56598152154
6.05, -1.00052896439, 8.16442483756, -0.000212282114758, -2.57419023357
6.06, -1.0005812674, 8.13866652123, -0.00664163454374, -2.58308937197
6.07, -1.00063246048, 8.11278230795, -0.00100027415635, -2.59820706485
6.08, -1.00059762133, 8.08675092755, 0.00745741525934, -2.61277337767
6.09, -1.00053479413, 8.06057581696, 0.00456038291185, -2.62694772747
6.1, -1.00055024062, 8.03426083797, -0.0050323640215, -2.64075586459
6.11, -1.00062069082, 8.00780992232, -0.00533230481416, -2.65415837838
6.12, -1.00062993943, 7.9812270144, 0.00435425010593, -2.66716443461
6.13, -1.00056247467, 7.95451582845, 0.00791769718067, -2.67982372959
6.14, -1.00053150673, 7.92767986548, -0.000748289767089, -2.69213451013
6.15, -1.00058301445, 7.90072254095, -0.0039599661087, -2.70406355109
6.16, -1.00063256757, 7.87367173199, -0.0019023063639, -2.70952322204
6.17, -1.00061158691, 7.84658584694, 0.00608564647831, -2.71268286618
6.18, -1.00055308189, 7.81946896429, 0.00505195691792, -2.71572632576
6.19, -1.0005555002, 7.7923219692, -0.00345630334059, -2.71870523651
6.2, -1.00061689414, 7.7651457138, -0.0052893652459, -2.72158838718
6.21, -1.00063619723, 7.73794110315, 0.00275831784357, -2.72437892904
6.22, -1.00058115754, 7.71070898043, 0.00734718026523, -2.72709412985
6.23, -1.00054398922, 7.68345003099, 0.00068086865119, -2.72974498753
6.24, -1.00058868752, 7.65616492118, -0.00625056795284, -2.7323266345
6.25, -1.00064295147, 7.6288549589, -0.00181261725862, -2.73430249404
6.26, -1.00061695238, 7.60154748847, 0.00677224698966, -2.73250074509
6.27, -1.00055410318, 7.57425663582, 0.00512868132753, -2.73084133725
6.28, -1.00056058468, 7.54698216883, -0.00415681677514, -2.72922763173
6.29, -1.00062803719, 7.51972366087, -0.00563753961149, -2.72765009443
6.3, -1.0006455066, 7.49248077108, 0.00332688076105, -2.72610320956
6.31, -1.00058389358, 7.46525310522, 0.00787295773354, -2.72459297742
6.32, -1.00054650235, 7.43804012838, 0.000261920971267, -2.72315026021
6.33, -1.00059798426, 7.41084134623, -0.00693687017935, -2.72175636461
6.34, -1.00065480982, 7.38365643249, -0.00162888945913, -2.72038936626
6.35, -1.00062289686, 7.35648835949, 0.0075100411616, -2.71751205992
6.36, -1.0005557317, 7.32936687771, 0.00516780847926, -2.71209124835
6.37, -1.00056668471, 7.30229851702, -0.00488143628456, -2.70685269706
6.38, -1.00062566364, 7.27528200922, -0.00584746384378, -2.70173500126
6.39, -1.0006548166, 7.24831598982, 0.00172849656965, -2.69674977779
6.4, -1.00060367587, 7.22139909737, 0.00762128853675, -2.69190646538
6.41, -1.00055742438, 7.19452987799, 0.00184812913618, -2.68721074901
6.42, -1.00059479303, 7.16770691358, -0.00611721352358, -2.68263840158
6.43, -1.00065558599, 7.14092891715, -0.00293913821145, -2.67820967918
6.44, -1.00063906264, 7.11419477477, 0.00626517573617, -2.6738702845
6.45, -1.00057252593, 7.08750322183, 0.00612384938292, -2.66968703396
6.46, -1.00056795759, 7.06086518403, -0.00330058236361, -2.66251531652
6.47, -1.00063529661, 7.03430696588, -0.00635766161689, -2.65448328912
6.48, -1.00066389617, 7.00782797156, 0.002211482364, -2.64666820715
6.49, -1.00060612768, 6.98142616045, 0.00822404808776, -2.63905771823
6.5, -1.00055861394, 6.95509926365, 0.00151768318091, -2.6316638972
6.51, -1.00060266042, 6.92884506313, -0.00686623843659, -2.62450762989
6.52, -1.00065359877, 6.90266162479, -0.00344134381374, -2.61751349665
6.53, -1.00064950887, 6.8765470213, 0.00478962988199, -2.61072034574
6.54, -1.0005907084, 6.85049933462, 0.00620336992699, -2.60413041059
6.55, -1.00057557412, 6.82451660186, -0.00173167049613, -2.59772965272
6.56, -1.00063117884, 6.79859695806, -0.00587231210715, -2.59150032694
6.57, -1.00066626774, 6.77274797008, 0.000813744509817, -2.58275014641
6.58, -1.00062235748, 6.74699733732, 0.00728325897866, -2.57278400087
6.59, -1.00057272198, 6.72134499143, 0.00264883292332, -2.56308722799
6.6, -1.00060161502, 6.69578815859, -0.00550335491026, -2.55367536449
6.61, -1.00066300681, 6.67032421763, -0.00355623197696, -2.54450384221
6.62, -1.00065525783, 6.64495066857, 0.0054350752868, -2.53558687484
6.63, -1.00059100751, 6.61966496509, 0.00647544454941, -2.52692693703
6.64, -1.0005781475, 6.59446454041, -0.00232946911767, -2.5185216069
6.65, -1.00064025826, 6.56934696546, -0.00637239902561, -2.51034979002
6.66, -1.00067533062, 6.54431458881, 0.00123769431753, -2.50054599594
6.67, -1.00062485502, 6.51939581831, 0.00793362475402, -2.48869977701
6.68, -1.00057300987, 6.49459362991, 0.00243800218026, -2.47720019681
6.69, -1.00060791834, 6.46990481437, -0.0062436002896, -2.46601981998
6.7, -1.00067359207, 6.44532625582, -0.00358550244002, -2.45513604853
6.71, -1.00066118242, 6.42085498602, 0.00617661904089, -2.44455166827
6.72, -1.00059102735, 6.39648798945, 0.00675505930957, -2.43428144555
6.73, -1.00058093258, 6.37222224211, -0.00299245004804, -2.42429165479
6.74, -1.00063623191, 6.34805485682, -0.00609996786647, -2.4145892055
6.75, -1.0006801802, 6.32398317717, -0.000282164347362, -2.40515368228
6.76, -1.00064218677, 6.30000514013, 0.00731261427816, -2.39543985827
6.77, -1.00058484376, 6.27614460832, 0.0038178896462, -2.38230593697
6.78, -1.00060473955, 6.25241241261, -0.0051059192691, -2.36962271142
6.79, -1.00067056735, 6.22880534623, -0.00457915745046, -2.35727569884
6.8, -1.00067324231, 6.20532004766, 0.00470049827211, -2.34526108506
6.81, -1.00060776219, 6.18195314115, 0.00729490260722, -2.33358686003
6.82, -1.00058364321, 6.15870118627, -0.00129005325899, -2.32225672762
6.83, -1.00064303821, 6.13556092206, -0.00683912733583, -2.31124258485
6.84, -1.00068855163, 6.11252930305, 2.65297263545e-05, -2.30051848695
6.85, -1.00064424878, 6.089603391, 0.00801116866208, -2.29009605195
6.86, -1.00058378955, 6.06678014682, 0.00369803128024, -2.27997425746
6.87, -1.00060941784, 6.04407597047, -0.00588891479927, -2.2662172997
6.88, -1.00066635803, 6.0215094167, -0.0046617905057, -2.25261285899
6.89, -1.00067936146, 5.999077093, 0.00320430411772, -2.23936655934
6.9, -1.00062444386, 5.97677531235, 0.00694523616783, -2.22649432993
6.91, -1.0005929497, 5.9546003157, 0.000147567611028, -2.2139971949
6.92, -1.00063876513, 5.9325484475, -0.00596888581476, -2.2018565362
6.93, -1.0006869372, 5.9106162775, -0.00112164718695, -2.19004859338
6.94, -1.00065715072, 5.88880049404, 0.00675654374441, -2.17857185863
6.95, -1.00059866539, 5.86709774209, 0.00446381866234, -2.167431828
6.96, -1.00060998699, 5.84550926852, -0.00433592349652, -2.15476173753
6.97, -1.00067421155, 5.8240625411, -0.00498732411009, -2.14014753026
6.98, -1.00068518104, 5.80275992036, 0.00376594252643, -2.12591968415
6.99, -1.00062423917, 5.78159753562, 0.00738534560918, -2.11209031651
7.0, -1.00059327766, 5.76057137922, -0.000317277227629, -2.09865978837
7.01, -1.00064576573, 5.73967758799, -0.00660591921135, -2.08560399941
7.02, -1.00069591383, 5.71891257542, -0.000886813191464, -2.07289459073
7.03, -1.00066018248, 5.69827289672, 0.0074700184547, -2.0605294706
7.04, -1.00059780323, 5.67775506654, 0.00445381785235, -2.04851382023
7.05, -1.00061395376, 5.65735564302, -0.00507385575604, -2.03683595177
7.06, -1.00068384277, 5.63707139785, -0.00523090103797, -2.02546820595
7.07, -1.00069198931, 5.61691582161, 0.00440840716799, -2.01078357929
7.08, -1.0006244156, 5.59690985665, 0.0078701838113, -1.99596688405
7.09, -1.00059380424, 5.57704997299, -0.000785185945171, -1.98155750342
7.1, -1.00064133906, 5.55733213658, -0.00563217312829, -1.96754375027
