timestamp, prius1 x posi, prius1 y posi, prius1 x vel, prius1 y vel.
0.0, 0.0, 0.0, 0.0, 0.0
0.00999999999999, 0.999986629918, -30.0332698479, 0.00569903676925, 0.115288604844
0.02, 0.999985853865, -30.0320652988, -0.0036577465791, 0.130659781338
0.03, 0.999920952729, -30.0307009423, -0.00555453791196, 0.147210943875
0.04, 0.9999035261, -30.0291664411, 0.00338279063766, 0.164665443588
0.05, 0.999967930216, -30.0274524566, 0.00838214300136, 0.183053562787
0.06, 1.00001202039, -30.0255495795, 0.0010070531075, 0.202254318961
0.07, 0.999966474331, -30.0234535376, -0.00650722460502, 0.221895599675
0.08, 0.999911830935, -30.0211516781, -0.00149561141645, 0.24312108051
0.09, 0.999945992297, -30.0186371632, 0.00792679275787, 0.264461336162
0.1, 1.00002000689, -30.0159066505, 0.00604908576615, 0.286482986877
0.11, 1.00001756092, -30.0129530732, -0.00412054475931, 0.308958867795
0.12, 0.999949204849, -30.0097692318, -0.00559368881085, 0.332400080197
0.13, 0.999937140766, -30.0063517052, 0.00434480021896, 0.355701711141
0.14, 1.00001190241, -30.0026950442, 0.00925891960592, 0.380332757563
0.15, 1.00005911626, -29.9987868644, 0.00084991577365, 0.406033333956
0.16, 1.00001768363, -29.9946187709, -0.00349257070222, 0.43208352358
0.17, 0.999967612636, -29.9901890187, -0.00210464598239, 0.458542942593
0.18, 0.999991174621, -29.9854917615, 0.00694026569738, 0.485423010416
0.19, 1.00006506389, -29.9805246721, 0.00699492948806, 0.51268676513
0.2, 1.00007986106, -29.9752816392, -0.00214425139503, 0.540407586069
0.21, 1.00002395671, -29.9697603419, -0.00523732254759, 0.568515474402
0.22, 1.00000498102, -29.9639549429, 0.00310651927958, 0.597178683053
0.23, 1.00007143906, -29.9578591812, 0.00917199087015, 0.626412713914
0.24, 1.00012982701, -29.9514713351, 0.00276939119022, 0.655600281178
0.25, 1.0000990157, -29.9447908203, -0.00549888823586, 0.685123631015
0.26, 1.00004708524, -29.9378122461, -0.00169158842969, 0.715014238444
0.27, 1.00007976209, -29.9305319629, 0.00811255596566, 0.745854209014
0.28, 1.00016333244, -29.9229376237, 0.00761525200373, 0.777609131024
0.29, 1.00017866267, -29.9150189939, -0.00246308693961, 0.810699596451
0.3, 1.000119796, -29.9067664351, -0.00527703669404, 0.844168910206
0.31, 1.00010649281, -29.8981782201, 0.00415423459563, 0.878044515636
0.32, 1.0001851107, -29.8892474281, 0.0102958490765, 0.912463944482
0.33, 1.00024915862, -29.8799706825, 0.00282726629683, 0.947463255447
0.34, 1.00021540049, -29.8703376614, -0.00584740545234, 0.983679730512
0.35, 1.00017863142, -29.8603402346, -0.00166228839662, 1.02003614886
0.36, 1.00020403434, -29.849976715, 0.00713295313934, 1.05717052952
0.37, 1.00028448454, -29.839238036, 0.00814474231238, 1.09482174122
0.38, 1.00031524711, -29.8281222087, -0.000356318840947, 1.13283337988
0.39, 1.00027402476, -29.8166227439, -0.00418691042598, 1.17139373548
0.4, 1.00025986388, -29.8047322105, 0.00326397133492, 1.21088463483
0.41, 1.00032918284, -29.7924452576, 0.00979699222074, 1.25093757949
0.42, 1.00040017531, -29.7797562737, 0.00450640208772, 1.2908067547
0.43, 1.00038765014, -29.7666714926, -0.00383328220531, 1.33058729381
0.44, 1.00034617547, -29.753183688, -0.00116656044626, 1.37137888078
0.45, 1.00038113194, -29.7392844772, 0.00835614235467, 1.41285277532
0.46, 1.0004725238, -29.7249659215, 0.00895886933769, 1.45521720416
0.47, 1.00050619745, -29.7102203628, -0.000426227168312, 1.4979950193
0.48, 1.0004639398, -29.6950441258, -0.00410282705761, 1.54181315891
0.49, 1.0004560093, -29.6794231169, 0.00433970404101, 1.58667112764
0.5, 1.00053828876, -29.6633494622, 0.0110692046395, 1.63229686913
0.51, 1.00061726524, -29.6468159323, 0.00484305428299, 1.67863183521
0.52, 1.00060427214, -29.6298156625, -0.00398808488455, 1.72539962898
0.53, 1.00056497188, -29.6123482379, -0.000492611715581, 1.77230749559
0.54, 1.00061181146, -29.5944076412, 0.00982082430299, 1.82001144259
0.55, 1.00071576349, -29.5759888047, 0.00985597766361, 1.86770479387
0.56, 1.00075247762, -29.5570940961, -0.000510406654894, 1.91538885554
0.57, 1.00070948007, -29.5377178842, -0.0039365007219, 1.96401049376
0.58, 1.00070928515, -29.5178530883, 0.00560987544797, 2.01286998669
0.59, 1.00079558448, -29.4974999483, 0.0101005886457, 2.06191505826
0.6, 1.00088338795, -29.476653158, 0.00669208260613, 2.11179344707
0.61, 1.00089167508, -29.4553018235, -0.00208417667177, 2.16232940611
0.62, 1.00086061895, -29.4334474677, -0.00063514253109, 2.21241588096
0.63, 1.00089969425, -29.4110955991, 0.00896152393193, 2.26162874464
0.64, 1.00100402543, -29.3882481163, 0.0108621912169, 2.31275060165
0.65, 1.00106035831, -29.3648780593, 0.0018735832833, 2.36505565292
0.66, 1.0010353988, -29.3409877717, -0.00295853485052, 2.41680895299
0.67, 1.00103329261, -29.3165798782, 0.00469943775446, 2.46899437377
0.68, 1.00112312096, -29.2916475633, 0.0123759549145, 2.52120756754
0.69, 1.00122245047, -29.2661947106, 0.00732033862701, 2.57315638005
0.7, 1.00123266006, -29.2402224124, -0.00207853391371, 2.62552414329
0.71, 1.00120433559, -29.2137231422, 2.30318996227e-05, 2.67811413995
0.72, 1.00125527292, -29.186700654, 0.010466026438, 2.73038516375
0.73, 1.00137363139, -29.1591545011, 0.0119880633398, 2.7826373333
0.74, 1.00143557132, -29.1310867826, 0.00202080631963, 2.83491484268
0.75, 1.00141109834, -29.1024956947, -0.00277234477841, 2.88727696432
0.76, 1.0014162506, -29.0733811287, 0.00590237857362, 2.93940805429
0.77, 1.00151601259, -29.043746521, 0.00894440856264, 2.99166289579
0.78, 1.00161715482, -29.0135863062, 0.00878492721043, 3.04391356621
0.79, 1.00164861494, -28.9829065737, 0.000164644740722, 3.09585698196
0.8, 1.00163427645, -28.9517099529, 0.00048678494149, 3.14743777165
0.81, 1.00168037716, -28.9199969868, 0.00955703495928, 3.19894139621
0.82, 1.00179528586, -28.8877717392, 0.0124551617213, 3.25008393682
0.83, 1.00187328745, -28.8550339731, 0.00432196507783, 3.30127077566
0.84, 1.00187001855, -28.8217856534, -0.00124053616032, 3.35259617805
0.85, 1.00187833015, -28.7880206881, 0.00531115427572, 3.40416029323
0.86, 1.00197488237, -28.7537446991, 0.0133509136253, 3.45467214384
0.87, 1.00209085899, -28.7189707813, 0.00951567605773, 3.50378785502
0.88, 1.00212480005, -28.6837127182, 0.000166645269206, 3.55153929341
0.89, 1.00211250512, -28.6479840662, 0.00103361510678, 3.59794483989
0.9, 1.00216951657, -28.6117981198, 0.0109934585219, 3.64303979397
0.91, 1.00229835328, -28.5751676874, 0.0135944612047, 3.6868799482
0.92, 1.00238204001, -28.5381050833, 0.0044402003163, 3.72950778824
0.93, 1.00237841209, -28.5006223289, -0.0011890748995, 3.7709431929
0.94, 1.00239243913, -28.462731278, 0.00634654809887, 3.81120335562
0.95, 1.00250258814, -28.4244434513, 0.0147541017291, 3.85033438722
0.96, 1.00262832289, -28.3857698733, 0.0100077459567, 3.88838440396
0.97, 1.00266239926, -28.3467212118, -5.12365176688e-05, 3.92537967486
0.98, 1.00265060892, -28.3073079817, 0.001473746026, 3.96132848564
0.99, 1.00271778486, -28.2675405235, 0.012355968808, 3.99625865246
1.0, 1.00284456955, -28.2274287399, 0.0141290338219, 4.0302206915
1.01, 1.0029442066, -28.1869821727, 0.00655208454349, 4.06324339656
1.02, 1.00295755618, -28.1462101076, -0.000228196074084, 4.09534529308
1.03, 1.0029695162, -28.1051217253, 0.00535373852513, 4.12653468016
1.04, 1.00307007139, -28.0637259845, 0.0142640198821, 4.15684579118
1.05, 1.0032029531, -28.0220314348, 0.011666783999, 4.18632060301
1.06, 1.0032573652, -27.9800463128, 0.00180479702487, 4.21498188812
1.07, 1.00325314839, -27.9377787421, 0.00119322229853, 4.24283321949
1.08, 1.00330996406, -27.8952367561, 0.0111301248515, 4.26989120236
1.09, 1.00344800346, -27.8524280683, 0.0151911585404, 4.29619717305
1.1, 1.00355207398, -27.8093600234, 0.00650797508759, 4.32178192732
1.11, 1.00356260851, -27.7660397919, -0.000488181279775, 4.34665328432
1.12, 1.00357687443, -27.7224745182, 0.00606063444795, 4.370812548
1.13, 1.0036884943, -27.6786711742, 0.015491405547, 4.39429056444
1.14, 1.00382991552, -27.6346363596, 0.0120571164424, 4.41712490673
1.15, 1.00388284756, -27.5903764176, 0.0013614241004, 4.43933198254
1.16, 1.00389085549, -27.5458976659, 0.00138086420953, 4.46090745259
1.17, 1.00394019718, -27.5012063238, 0.00996017592306, 4.48186774639
1.18, 1.00407181618, -27.4563083961, 0.0153143109533, 4.50224365687
1.19, 1.00418805263, -27.4112095648, 0.0083881619245, 4.52206327716
1.2, 1.00421564148, -27.3659153557, 0.00064320678355, 4.54133323199
1.21, 1.00422940965, -27.3204312969, 0.00512281829937, 4.56005002578
1.22, 1.00432938934, -27.2747628215, 0.0145954482581, 4.57823532941
1.23, 1.00447309721, -27.2289150554, 0.0132686413799, 4.59592270656
1.24, 1.00454420352, -27.1828928873, 0.0032215967397, 4.61312758445
1.25, 1.00454665648, -27.1367011741, 0.00121772347227, 4.62984476915
1.26, 1.00460041017, -27.09034479, 0.0108354347, 4.64607869819
1.27, 1.00474198859, -27.043828398, 0.0161795241778, 4.66186154071
1.28, 1.00486143915, -26.9971563641, 0.00822303359044, 4.6772178541
1.29, 1.00489248169, -26.9503329516, 0.00350749048827, 4.69210670597
1.3, 1.00490932454, -26.903362462, 0.00436009786461, 4.70664769943
1.31, 1.00499761228, -26.8562491126, 0.0135295868239, 4.72073327137
1.32, 1.00514069947, -26.8089968952, 0.0141615135319, 4.73443308493
1.33, 1.00522814913, -26.7616095764, 0.00505504494092, 4.74776233683
1.34, 1.0052411778, -26.7140908919, 0.00135737541154, 4.7607156561
1.35, 1.00528606313, -26.6664446283, 0.00942042115904, 4.77329128013
1.36, 1.0054179064, -26.618674431, 0.0159521210857, 4.78551503608
1.37, 1.00554696643, -26.5707836789, 0.00996053469865, 4.79741053559
1.38, 1.00558673611, -26.5227756378, 0.00131654764481, 4.80898004562
1.39, 1.00559942666, -26.4746536357, 0.00451646484301, 4.82021269773
1.4, 1.00569427772, -26.4264209925, 0.0144506258107, 4.83112100777
1.41, 1.00584477599, -26.3780807888, 0.0145637339263, 4.84173377776
1.42, 1.00593060814, -26.3296359044, 0.00450707726973, 4.85206306679
1.43, 1.00595212626, -26.281089244, 0.00180787242762, 4.86209776754
1.44, 1.00598976045, -26.2324437403, 0.0080456622229, 4.8718401596
1.45, 1.00611033502, -26.1837022445, 0.0154399800981, 4.881306867
1.46, 1.00624609046, -26.1348673788, 0.0114781057042, 4.89052075572
1.47, 1.00630245205, -26.0859416448, 0.00262607762645, 4.89948558335
1.48, 1.00631665836, -26.0369276028, 0.00368054489994, 4.90818951933
1.49, 1.00639774174, -25.9878278504, 0.0130851729505, 4.9166380471
1.5, 1.00654457008, -25.9386447989, 0.0152039621018, 4.92485698434
1.51, 1.00664564464, -25.889380662, 0.00635022630454, 4.93285943573
1.52, 1.00666436859, -25.8400376465, 0.00121396296261, 4.94063734213
1.53, 1.00670206607, -25.7906180615, 0.00851570585194, 4.94818183739
1.54, 1.00683031414, -25.741124144, 0.0162479544685, 4.95551277317
1.55, 1.00697001323, -25.6915578986, 0.0114250360468, 4.96265196527
1.56, 1.00702146005, -25.6419212313, 0.00194224149405, 4.96960029209
1.57, 1.00704608047, -25.592216157, 0.00373840066006, 4.97634203103
1.58, 1.00711795474, -25.5424446792, 0.011676503421, 4.98288628012
1.59, 1.00725491423, -25.4926086874, 0.0149207238344, 4.98925133181
1.6, 1.00736423615, -25.4427098908, 0.00789777512595, 4.99545046708
1.61, 1.00739786569, -25.3927499779, 0.00222466533253, 5.00147781183
1.62, 1.00743413555, -25.3427307326, 0.00746655699367, 5.00732318474
1.63, 1.00754855711, -25.2926539111, 0.0150404827391, 5.01300051826
1.64, 1.00768680027, -25.2425210761, 0.0122576100266, 5.01852972175
1.65, 1.00775353144, -25.1923336862, 0.00361367715034, 5.02391358598
1.66, 1.00777188593, -25.1420932712, 0.00353039671901, 5.02913864895
1.67, 1.00784691482, -25.0918014346, 0.0123328828123, 5.03420516998
1.68, 1.00799053909, -25.0414596426, 0.0154032948662, 5.03913487603
1.69, 1.00809970433, -24.9910691866, 0.00747812609334, 5.04393980415
1.7, 1.00812739807, -24.9406313582, 0.00168424972665, 5.04861127872
1.71, 1.0081627871, -24.8901475691, 0.00780950141821, 5.05313739708
1.72, 1.00828397705, -24.8396192057, 0.0158104096497, 5.05753273159
1.73, 1.00842645506, -24.7890474567, 0.0122728363576, 5.06181710852
1.74, 1.00848878782, -24.7384334194, 0.00294243063455, 5.06599125308
1.75, 1.00850241527, -24.6877782878, 0.00339361460051, 5.07003894488
1.76, 1.00858139433, -24.6370833435, 0.0130773136934, 5.07396040497
1.77, 1.00873222092, -24.5863497232, 0.0158968475343, 5.07777831156
1.78, 1.00884081537, -24.5355783907, 0.00698785757928, 5.08150350126
1.79, 1.00886197016, -24.4847703306, 0.00111303145553, 5.08512469496
1.8, 1.0088967041, -24.4339266701, 0.00821212148625, 5.08862846457
1.81, 1.00902528669, -24.3830485105, 0.0166232336621, 5.09203050813
1.82, 1.0091718543, -24.3321367464, 0.0122263490241, 5.09535072499
1.83, 1.0092289315, -24.2811921939, 0.00218843663341, 5.098588087
1.84, 1.00925113168, -24.2302158063, 0.00269359617994, 5.10172386004
1.85, 1.00931653019, -24.1792086728, 0.0116142625152, 5.10471698226
1.86, 1.00946153977, -24.1281724766, 0.0162712723699, 5.10755449398
1.87, 1.00958338741, -24.0771085376, 0.00873213499901, 5.11025611953
1.88, 1.00961618967, -24.0260184011, 0.00143971122227, 5.11280783133
1.89, 1.00964246953, -23.9749034308, 0.00664935816495, 5.11521401075
1.9, 1.00975734017, -23.9237655528, 0.0158579088802, 5.11741498371
1.91, 1.00990881221, -23.8726061508, 0.0136494126439, 5.11951939955
1.92, 1.00998237508, -23.8214262344, 0.00352729617611, 5.12150750055
1.93, 1.01000672715, -23.7702272423, 0.0024284065105, 5.12335126325
1.94, 1.01006020895, -23.7190103415, 0.010028542582, 5.12509262744
1.95, 1.01019521606, -23.6677768342, 0.0160908653419, 5.12667543725
1.96, 1.01032648389, -23.6165281179, 0.010345971252, 5.12814874846
1.97, 1.01037326831, -23.5652652032, 0.00222594381564, 5.12949331312
1.98, 1.01039520083, -23.5139895157, 0.00531629170667, 5.13072013559
1.99, 1.01049481926, -23.4627021061, 0.0146491875677, 5.13183254714
2.0, 1.01064600453, -23.4114040796, 0.0146413478812, 5.13286930838
2.01, 1.01073542066, -23.3600960331, 0.00512984620107, 5.13382786981
2.02, 1.01075134087, -23.3087791045, 0.0019144187042, 5.13464810602
2.03, 1.01080537133, -23.2574544887, 0.0105240056627, 5.13535624738
2.04, 1.01094721392, -23.2061233338, 0.0167165015412, 5.1359631974
2.05, 1.01107988467, -23.1547866258, 0.0100242674906, 5.13647804106
2.06, 1.01111991928, -23.1034450284, 0.00145692322264, 5.13693962556
2.07, 1.01115155547, -23.0520993374, 0.00479175789427, 5.13728260065
2.08, 1.01123856782, -23.0007510398, 0.0131684369056, 5.13747470779
2.09, 1.01138215322, -22.949401227, 0.0147378567496, 5.13759021167
2.1, 1.01148232272, -22.8980506964, 0.00670936816373, 5.13762877164
2.11, 1.01151000667, -22.8467000121, 0.002384328709, 5.13761505777
2.12, 1.01155735531, -22.7953500254, 0.00909639854402, 5.13750686493
2.13, 1.01168519467, -22.7440014778, 0.0157762457193, 5.13731371245
2.14, 1.01182013801, -22.692655201, 0.0111768898843, 5.13706365827
2.15, 1.01187537548, -22.6413116931, 0.00281583474772, 5.13674778273
2.16, 1.0118963454, -22.5899717292, 0.00466198979692, 5.13636285793
2.17, 1.01198695623, -22.5386361379, 0.0138156287426, 5.1358865789
2.18, 1.0121360089, -22.487305492, 0.0150191357192, 5.13537325238
2.19, 1.01223380406, -22.4359800987, 0.00609495719859, 5.13481495827
2.2, 1.01225464648, -22.3846609146, 0.00184670548832, 5.13415407225
2.21, 1.01230169792, -22.3333485714, 0.00950236482087, 5.13345044684
2.22, 1.01243605095, -22.282043472, 0.0164287629603, 5.13270755431
2.23, 1.01257317216, -22.230746003, 0.0109514724258, 5.13190109458
2.24, 1.01262221588, -22.1794570174, 0.00204902801916, 5.13103369515
2.25, 1.01263859925, -22.1281769157, 0.00460438265561, 5.13012541877
2.26, 1.01273371753, -22.0769062517, 0.0145554732143, 5.12912853006
2.27, 1.01288874049, -22.0256458816, 0.0153041649395, 5.12810287404
2.28, 1.01298373507, -21.9743958825, 0.00541661331723, 5.12703496536
2.29, 1.01301123013, -21.9231568614, 0.00209229439033, 5.12591908695
2.3, 1.01304905291, -21.8719292384, 0.00795141089555, 5.12474209867
2.31, 1.01317070824, -21.8207136406, 0.0157991646496, 5.123540358
2.32, 1.01331339669, -21.76951045, 0.0123472561779, 5.12225604432
2.33, 1.01337746413, -21.7183201095, 0.00317503382784, 5.12095127878
2.34, 1.01339336056, -21.6671431019, 0.00356961059943, 5.11960272844
2.35, 1.01347299298, -21.615979791, 0.0130494605167, 5.11820370685
2.36, 1.0136232014, -21.5648306821, 0.0158426766337, 5.11677590697
2.37, 1.0137322222, -21.51369581, 0.00711429431654, 5.11534492562
2.38, 1.01375528315, -21.4625755019, 0.00130975082381, 5.11386719189
2.39, 1.01379117615, -21.4114703965, 0.00823173251295, 5.11231392041
2.4, 1.01391900314, -21.3603808604, 0.0164961330061, 5.11074565743
2.41, 1.0140647667, -21.3093072015, 0.0122140167433, 5.10914877524
2.42, 1.0141228196, -21.2582494908, 0.0023499431025, 5.10755290199
2.43, 1.01414644009, -21.2072078501, 0.00278537439052, 5.10591878758
2.44, 1.01421162587, -21.1561830239, 0.0114987997581, 5.10422328302
2.45, 1.01435515339, -21.1051753301, 0.0161345846939, 5.102473348
2.46, 1.01447665511, -21.0541851809, 0.00878562202832, 5.10072235296
2.47, 1.01451063607, -21.0032124518, 0.00156396986339, 5.09899794087
2.48, 1.01453731015, -20.952257278, 0.0065899463793, 5.09717683655
2.49, 1.01465062659, -20.9013206791, 0.0156525739714, 5.09531347121
2.5, 1.01480057014, -20.8504025791, 0.0135701909045, 5.09348732267
2.51, 1.01487447792, -20.7995031216, 0.00362846166972, 5.09156828122
2.52, 1.0148991303, -20.7486230669, 0.00316054997853, 5.08960232123
2.53, 1.01495658681, -20.6977628384, 0.0100452859256, 5.08761540749
2.54, 1.01508683099, -20.646922507, 0.0153177938948, 5.08561383124
2.55, 1.01521143299, -20.5961023372, 0.00995097986757, 5.08358298678
2.56, 1.01525961736, -20.5453025933, 0.00274981890255, 5.08153846849
2.57, 1.01528753496, -20.4945234001, 0.00576229928527, 5.07946202956
2.58, 1.01538638048, -20.4437651365, 0.0141184329438, 5.07736751452
2.59, 1.0155297273, -20.3930277071, 0.013851655476, 5.07528957841
2.6, 1.01561570708, -20.3423111641, 0.00523846159049, 5.07320649819
2.61, 1.01563681202, -20.2916156358, 0.00258454133561, 5.07106601822
2.62, 1.01569437991, -20.2409415693, 0.0104603170694, 5.06892561766
2.63, 1.01583033542, -20.1902891862, 0.0158249466034, 5.06673420782
2.64, 1.01595555593, -20.1396585898, 0.00959683330049, 5.06455198462
2.65, 1.01599716532, -20.0890499114, 0.00202315807217, 5.06236041323
2.66, 1.01602136621, -20.0384632054, 0.00579477619011, 5.06014683143
2.67, 1.01612487288, -19.9878988749, 0.0147964019349, 5.05788967841
2.68, 1.01627286794, -19.9373571708, 0.0139783531823, 5.05563388396
2.69, 1.01635499878, -19.8868381465, 0.0045263749452, 5.0532173454
2.7, 1.01636941283, -19.8363494071, 0.00214919723698, 5.04929320597
2.71, 1.01642797635, -19.7859115885, 0.0109702321898, 5.04299545233
2.72, 1.01657034853, -19.7355467357, 0.0163662222839, 5.03458636583
2.73, 1.01669604446, -19.6852826991, 0.00917894890847, 5.02343440956
2.74, 1.0167380325, -19.6351411844, 0.00445837972731, 5.00927189462
2.75, 1.01676102176, -19.5851569929, 0.00458789980768, 4.99273310212
2.76, 1.01684872061, -19.5353432779, 0.0133459033439, 4.97564518226
2.77, 1.01699267121, -19.4857199372, 0.0145336568639, 4.95376478149
2.78, 1.01708742974, -19.4363272448, 0.00592607246827, 4.93018082176
2.79, 1.01710751019, -19.3871782732, 0.00175030596549, 4.90467342079
2.8, 1.01715191558, -19.3382961017, 0.00902226607252, 4.87729097799
2.81, 1.01727952253, -19.2896945447, 0.0156302081149, 4.84818998018
2.82, 1.01740966678, -19.2413947883, 0.0103743353802, 4.81743050057
2.83, 1.01745513506, -19.1934096294, 0.00179093643467, 4.7848766712
2.84, 1.01748168412, -19.1457595544, 0.00358086767959, 4.75100655071
2.85, 1.01755223005, -19.0984635855, 0.0114157813111, 4.7141210441
2.86, 1.01768415524, -19.0515377605, 0.014164465394, 4.67685165506
2.87, 1.01778488221, -19.0049953769, 0.00699607575652, 4.63781503449
2.88, 1.01781152753, -18.9588411888, 0.00167677323722, 4.59898273953
2.89, 1.01784393437, -18.9130764156, 0.00707290200405, 4.5599468448
2.9, 1.01795262022, -18.8677024585, 0.0142002598854, 4.52111415213
2.91, 1.01807997084, -18.8227114739, 0.0109842012163, 4.48330126325
2.92, 1.01813486992, -18.7780935548, 0.00254688323589, 4.44648244873
2.93, 1.0181452541, -18.7338388481, 0.00286334927365, 4.41061927568
2.94, 1.01821343298, -18.6899381363, 0.0114782047442, 4.37566558245
2.95, 1.01834553546, -18.6463827222, 0.0139689389258, 4.3415436364
2.96, 1.01843939261, -18.6031638598, 0.00593733188225, 4.30829979181
2.97, 1.01845422834, -18.560273307, 0.000594661764512, 4.27587899966
2.98, 1.01848042882, -18.5177025946, 0.00688213291435, 4.24430782981
2.99, 1.01859017553, -18.4754433609, 0.0143801542985, 4.21356141458
3.0, 1.01871573489, -18.4334874283, 0.0104123203655, 4.1836002542
3.01, 1.01876065839, -18.3918274062, 0.00135678271059, 4.15437881576
3.02, 1.0187753769, -18.3504556284, 0.00232548593488, 4.1259417994
3.03, 1.01882861807, -18.3093667237, 0.00953164907467, 4.09774183436
3.04, 1.01894574043, -18.2685573638, 0.0131976803495, 4.07003342906
3.05, 1.01904282734, -18.2280219728, 0.00697093372085, 4.04289649105
3.06, 1.01906713201, -18.1877556824, 0.0010506013617, 4.01627380056
3.07, 1.01908638337, -18.1477591382, 0.00530282727391, 3.98849152569
3.08, 1.01917731949, -18.1080454928, 0.0127092221214, 3.95991356522
3.09, 1.01929687104, -18.0686188726, 0.0107844562975, 3.9309631042
3.1, 1.01935207814, -18.0294923838, 0.00249577165576, 3.89953326755
3.11, 1.0193554856, -17.9906957194, 0.00156885149656, 3.86530744037
3.12, 1.01940629769, -17.9522530495, 0.00963455802475, 3.82883227931
3.13, 1.01952484195, -17.9141860705, 0.0131633607766, 3.79023958541
3.14, 1.01961658785, -17.8765096168, 0.00601075179584, 3.75103210664
3.15, 1.01962933922, -17.8392264554, -7.84801780878e-05, 3.71134746042
3.16, 1.01964178873, -17.8023472554, 0.00504268276869, 3.67053630346
3.17, 1.0197335545, -17.7658764277, 0.0128717464609, 3.62966120133
3.18, 1.01985122871, -17.7298144477, 0.0101747155197, 3.58905567779
3.19, 1.01989584821, -17.6941528387, 0.00119790334107, 3.54954424865
3.2, 1.01988825797, -17.6588809964, 0.000787043829542, 3.5110514323
3.21, 1.01993636342, -17.6239893267, 0.00969796216795, 3.47350527511
3.22, 1.02005548146, -17.5894679927, 0.0130281267721, 3.43694398759
3.23, 1.02014084571, -17.5553075575, 0.00497184875539, 3.4012855182
3.24, 1.02014917061, -17.5214992064, 0.00196853426412, 3.36647133501
3.25, 1.02015792021, -17.4880341132, 0.00363830238926, 3.3326214719
3.26, 1.02023080964, -17.4549037462, 0.0110165379323, 3.29931180609
3.27, 1.02033906227, -17.4221110132, 0.0101561226001, 3.26488088725
3.28, 1.0203913013, -17.3896685567, 0.00223905905978, 3.22927243416
3.29, 1.02038746437, -17.3575869315, 0.000328660345785, 3.19299846969
3.3, 1.02042074789, -17.3258688835, 0.00764849918848, 3.15634988677
3.31, 1.02052257554, -17.2945232483, 0.0119517896023, 3.11876871128
3.32, 1.02060866204, -17.2635569182, 0.00584119536992, 3.07969717341
3.33, 1.02061851407, -17.2329958055, -0.000718210592599, 3.03846712297
3.34, 1.02061747501, -17.2028518288, 0.00316826585373, 2.99589190307
3.35, 1.02068930531, -17.1731433007, 0.0110562610841, 2.95183906257
3.36, 1.02079570652, -17.1438809363, 0.0096454262515, 2.90628672955
3.37, 1.02083844855, -17.1150838182, 0.00100140568494, 2.85883279189
3.38, 1.02082276336, -17.0867685517, -0.000656005491618, 2.8107709071
3.39, 1.02085094235, -17.0589274382, 0.00748926132865, 2.76394966339
3.4, 1.02095239218, -17.0315479538, 0.0118150700758, 2.71841778925
3.41, 1.02103266835, -17.0046178457, 0.00484605688656, 2.67401880232
3.42, 1.02102984825, -16.9781257694, -0.00203461688508, 2.63077224841
3.43, 1.02101931429, -16.9520603846, 0.00261979185477, 2.58866037066
3.44, 1.02108975863, -16.9264104028, 0.0111077358321, 2.54766088168
3.45, 1.02119431872, -16.9011646271, 0.00911135985332, 2.50779674603
3.46, 1.02122677363, -16.8763128162, -0.00031408428149, 2.46883965333
3.47, 1.02121286192, -16.8518451888, -0.00150333073296, 2.43091896967
3.48, 1.02122336057, -16.8277515915, 0.00534332399673, 2.39399784769
3.49, 1.02130900533, -16.8040224529, 0.0110474263491, 2.35799863418
3.5, 1.0213926027, -16.7806484714, 0.00585109781824, 2.32295775721
3.51, 1.02139777607, -16.7576200846, -0.00181851930579, 2.28885227603
3.52, 1.02137747786, -16.734928545, 0.000776727277888, 2.25555089242
3.53, 1.02142754698, -16.712565279, 0.00938702348944, 2.22319553014
3.54, 1.0215264187, -16.6905206079, 0.00955286948095, 2.19180401568
3.55, 1.02156916121, -16.6687849193, 0.00074849148269, 2.16138097432
3.56, 1.02154227855, -16.6473485642, -0.00248641183594, 2.13190760441
3.57, 1.02154823608, -16.6262022999, 0.00531372096005, 2.10332583595
3.58, 1.02163546557, -16.6053374176, 0.0111741978133, 2.07562017056
3.59, 1.0217159053, -16.5847449182, 0.00511985914817, 2.04883571462
3.6, 1.02171044014, -16.5644155279, -0.00296658186354, 2.02295662862
3.61, 1.0216953378, -16.5443404758, -0.000174994251687, 1.99797347857
3.62, 1.02172858419, -16.5245106018, 0.0075026890163, 1.97391443653
3.63, 1.02181588959, -16.5049161779, 0.00926802936235, 1.95080450676
3.64, 1.02186554669, -16.4855487571, 0.00195084070183, 1.92850514272
3.65, 1.02184660778, -16.466400044, -0.00239047889583, 1.90707830878
3.66, 1.0218421836, -16.4474607473, 0.00353298871676, 1.88659470062
3.67, 1.02191196447, -16.4287217911, 0.00990693530192, 1.86694128874
3.68, 1.02199142657, -16.4101753085, 0.00595574831782, 1.84811720402
3.69, 1.02199793569, -16.3918128324, -0.0019227884563, 1.83003394874
3.7, 1.0219693965, -16.373626018, -0.000615940986257, 1.81304343056
3.71, 1.0220028847, -16.3556049446, 0.00781664153917, 1.7968243736
3.72, 1.02209258659, -16.3377421707, 0.00928435575598, 1.78141232242
3.73, 1.02213762308, -16.320029175, 0.00114462485475, 1.76684217276
3.74, 1.02210982313, -16.3024581306, -0.00314418972055, 1.75294299114
3.75, 1.0221025277, -16.2850217102, 0.00366204586807, 1.73988818297
3.76, 1.0221760433, -16.2677127145, 0.0103051468018, 1.72750374192
3.77, 1.02225560279, -16.2505239115, 0.00557084377999, 1.7158004757
3.78, 1.02225453995, -16.2334483468, -0.00281987464836, 1.70475559024
3.79, 1.02221971781, -16.2164798319, -0.000874871616874, 1.69458184282
3.8, 1.0222553636, -16.1996079837, 0.00831906323751, 1.68523050449
3.81, 1.02234900124, -16.1828272713, 0.00941574533669, 1.67633656574
3.82, 1.02239017384, -16.1661324369, 0.000393178246471, 1.66809593017
3.83, 1.02235422249, -16.1495167129, -0.00380203261731, 1.66050176707
3.84, 1.02234543826, -16.1329742449, 0.00395566809573, 1.65337675028
3.85, 1.02242431898, -16.1164984299, 0.0108479994616, 1.64730413078
3.86, 1.02250495708, -16.1000785762, 0.00524156020679, 1.64203174104
3.87, 1.02249644364, -16.0837056601, -0.00372121512065, 1.6378337413
3.88, 1.02246941779, -16.0673695898, -0.00157974817041, 1.6346161084
3.89, 1.02249138514, -16.0510636875, 0.00681062639475, 1.63206564208
3.9, 1.02257764789, -16.0347772406, 0.00955463945019, 1.63057915953
3.91, 1.02262940153, -16.0185010189, 0.00189801859617, 1.62990753483
3.92, 1.02260379884, -16.0022289861, -0.0034923918645, 1.62973000903
3.93, 1.02258714147, -15.9859571461, 0.00247743616937, 1.62985191462
3.94, 1.02265229857, -15.9696743914, 0.00999445893675, 1.63169202248
3.95, 1.0227359637, -15.9533724791, 0.00644061015896, 1.63399204768
3.96, 1.0227425002, -15.9370438753, -0.00241112975159, 1.6369549466
3.97, 1.02270411354, -15.9206803645, -0.00178478531736, 1.64092683207
3.98, 1.02272925713, -15.9042713478, 0.00747001288461, 1.64609536258
3.99, 1.02282179054, -15.8878052093, 0.00997010338691, 1.65246905664
4.0, 1.0228724951, -15.8712687607, 0.00139925961998, 1.65986175312
4.01, 1.02284052615, -15.8546558233, -0.00402654648599, 1.6678875597
4.02, 1.02282343326, -15.8379591088, 0.00289267493999, 1.67638644643
4.03, 1.0228958742, -15.8211716475, 0.010793717997, 1.68603548871
4.04, 1.02298361965, -15.80428603, 0.00642272196776, 1.69618497844
4.05, 1.02298553185, -15.7872942219, -0.00306571880536, 1.70724673153
4.06, 1.02294319315, -15.7701869064, -0.00178978966721, 1.71925985935
4.07, 1.02297371084, -15.7529553299, 0.00835197020309, 1.73208066903
4.08, 1.02307425259, -15.7355930906, 0.0105061962542, 1.74519754993
4.09, 1.02312450722, -15.7180968672, 0.000926301882908, 1.75903029681
4.1, 1.02309882436, -15.7004592396, -0.0027824561271, 1.77333421966
4.11, 1.02307948789, -15.6826758421, 0.00183192426934, 1.78843971619
4.12, 1.02314006186, -15.6647365604, 0.00994640633096, 1.80421613203
4.13, 1.02323027666, -15.6466383942, 0.00760341565874, 1.82034457261
4.14, 1.02324891767, -15.6283746035, -0.0014199724951, 1.83744557906
4.15, 1.02321348204, -15.6099343462, -0.00205091251089, 1.85533573123
4.16, 1.02323314292, -15.5913145326, 0.00698201615379, 1.87349398231
4.17, 1.02332697937, -15.5725104017, 0.0107222345748, 1.89204743364
4.18, 1.02339017935, -15.5535202021, 0.00282209086237, 1.91081495943
4.19, 1.02336786308, -15.534338532, -0.00360949655862, 1.93033527916
4.2, 1.02334834719, -15.5149592744, 0.00231276422529, 1.95019049589
4.21, 1.02341749028, -15.4953807459, 0.0109357033335, 1.97032392144
4.22, 1.02351427173, -15.4755977619, 0.00785529793317, 1.99106155707
4.23, 1.02353056378, -15.4556043688, -0.00190978976852, 2.01238609918
4.24, 1.02349200826, -15.4353961546, -0.00202419158237, 2.03374682644
4.25, 1.02351755052, -15.4149723836, 0.00795783668447, 2.05587237887
4.26, 1.02362126872, -15.394321842, 0.0115085629799, 2.07895286366
4.27, 1.02368669505, -15.3734390426, 0.00259406450325, 2.10218511217
4.28, 1.02366827282, -15.3523234685, -0.0005835190882, 2.12559483233
4.29, 1.02365374003, -15.3309723015, 0.00174544454006, 2.14902982302
4.3, 1.02371233141, -15.3093825499, 0.00991157518663, 2.17339954881
4.31, 1.02380819248, -15.287549983, 0.00869709576332, 2.1979243606
4.32, 1.02384087706, -15.2654677519, 1.68082187753e-05, 2.22303739826
4.33, 1.02381492547, -15.2431338398, -0.00160645564697, 2.24839654783
4.34, 1.02383418079, -15.2205450564, 0.00674997696112, 2.27387244588
4.35, 1.0239290284, -15.1977014063, 0.0112844501518, 2.29950578841
4.36, 1.02400395268, -15.1745993215, 0.00437578305936, 2.32562197131
4.37, 1.02399615908, -15.1512322463, -0.00248235919788, 2.35211820013
4.38, 1.02398087251, -15.127599541, 0.00222008280809, 2.37893277416
4.39, 1.02404794509, -15.1036975635, 0.010924431099, 2.40591498848
4.4, 1.02415158981, -15.0795255104, 0.00915341524161, 2.43309671827
4.41, 1.02418435247, -15.0550807726, -0.000246693420302, 2.460310403
4.42, 1.02415650137, -15.0303648709, -0.0015586001852, 2.48749184565
4.43, 1.02418116286, -15.0053713996, 0.00766269194834, 2.51574490905
4.44, 1.02428615741, -14.9800941701, 0.0121975074172, 2.54423757895
4.45, 1.02436555323, -14.9545301784, 0.00440255832791, 2.57296915755
4.46, 1.02435515654, -14.9286787709, -0.00277256872281, 2.60199347847
4.47, 1.02434126383, -14.9025342833, 0.00281835570108, 2.63122151325
4.48, 1.02441854818, -14.8760977958, 0.0121164147704, 2.66046158908
4.49, 1.02453101542, -14.8493704619, 0.0096294896611, 2.68951425393
4.5, 1.02456328699, -14.8223495037, -0.000596588263172, 2.71932211615
4.51, 1.02453326289, -14.7950261591, -0.00146064697845, 2.74982816807
4.52, 1.02456475269, -14.7673977113, 0.00876778046976, 2.78022146751
4.53, 1.02468141647, -14.7394657245, 0.0131932415832, 2.81079317149
4.54, 1.02476506508, -14.7112254992, 0.00434793272824, 2.84156072435
4.55, 1.02475978359, -14.6826786652, 0.000346057380778, 2.87210776355
4.56, 1.02475144787, -14.653827733, 0.00230276988719, 2.90239956468
4.57, 1.02481910581, -14.6246742291, 0.0112239585936, 2.93301693486
4.58, 1.02493239335, -14.5952100429, 0.0106628689378, 2.96413959449
4.59, 1.02498270719, -14.5654365481, 0.00145276292634, 2.99489163069
4.6, 1.02496589754, -14.5353562369, -0.00102727837113, 3.0257303252
4.61, 1.02499129496, -14.5049657366, 0.00760764439567, 3.05678696581
4.62, 1.02510034774, -14.4742647877, 0.0131523763965, 3.08761426183
4.63, 1.02519543208, -14.4432585377, 0.00628699879079, 3.11795389485
4.64, 1.02520123317, -14.4119514783, -0.00160289684056, 3.14803126916
4.65, 1.02519186673, -14.380336347, 0.00279988998497, 3.17918961006
4.66, 1.02526925655, -14.3484134957, 0.0124297169042, 3.20972386817
4.67, 1.02539225856, -14.3161854572, 0.0112663606179, 3.24045134191
4.68, 1.02544305599, -14.2836479793, 0.00114493211783, 3.27148194556
4.69, 1.02542371746, -14.2508006665, -0.00101270788039, 3.30230646173
4.7, 1.02545522787, -14.2176469207, 0.00867261288052, 3.33305683888
4.71, 1.02557626812, -14.1841786616, 0.0142297418885, 3.3648432604
4.72, 1.02567657143, -14.1503953479, 0.00631389742242, 3.3960227645
4.73, 1.02568770059, -14.1163005182, 0.00148637077236, 3.4272697787
4.74, 1.02568323209, -14.0818933133, 0.00220801305086, 3.45862547151
4.75, 1.02575066133, -14.0471717382, 0.0115565354424, 3.49008289256
4.76, 1.02587528882, -14.0121360015, 0.0124113488641, 3.52146123893
4.77, 1.02594500818, -13.9767877495, 0.00323863244778, 3.55249895688
4.78, 1.02593860408, -13.9411303228, -0.00065739124615, 3.5832622636
4.79, 1.02596318247, -13.9051681849, 0.00744853992288, 3.61353677448
4.8, 1.02607662527, -13.868905353, 0.0142463596246, 3.64327662389
4.81, 1.02618929205, -13.8323477887, 0.00834594278994, 3.6724977507
4.82, 1.02621185863, -13.7955020306, -0.000493001946599, 3.70095870704
4.83, 1.026205489, -13.7583755017, 0.00259537460969, 3.72866041702
4.84, 1.02628194708, -13.7209759267, 0.0127352082138, 3.75557913464
4.85, 1.02641662782, -13.683311497, 0.0130780503489, 3.78165341209
4.86, 1.02648728989, -13.6453903569, 0.00293123710748, 3.80694010913
4.87, 1.02647755801, -13.6072204312, -0.000794679417526, 3.83141831941
4.88, 1.02650651101, -13.5688103373, 0.00834786059058, 3.85502117053
4.89, 1.02663107537, -13.5301682015, 0.0152978096839, 3.87784216248
4.9, 1.02674906731, -13.4913018261, 0.00836931133051, 3.89990779787
4.91, 1.02677606421, -13.4522185552, 0.00239163783357, 3.92121711031
4.92, 1.02678682639, -13.4129259816, 0.00181404613089, 3.94177347244
4.93, 1.02683654798, -13.3734322189, 0.00940830405577, 3.96154259286
4.94, 1.02695411355, -13.3337445876, 0.0133668021243, 3.98055634644
4.95, 1.02705178442, -13.2938710688, 0.00692733664969, 3.99877304582
4.96, 1.02707356662, -13.253819177, 0.000726830177347, 4.01625121051
4.97, 1.02709007024, -13.2135963707, 0.00519805920811, 4.03301568208
4.98, 1.02718226095, -13.1732098992, 0.0130486683939, 4.0490174172
4.99, 1.02730550774, -13.1326665381, 0.0111439202894, 4.06441337383
5.0, 1.02736219324, -13.0919728707, 0.00251242510103, 4.07912096026
5.01, 1.02736475797, -13.0511352453, 0.00153257952145, 4.0932173781
5.02, 1.02741694178, -13.0101597734, 0.0100102416032, 4.10673175816
5.03, 1.02754111483, -12.9690518955, 0.0138775467861, 4.11971320287
5.04, 1.02763907214, -12.9278169264, 0.00654120851881, 4.13217025915
5.05, 1.02765478044, -12.8864603624, 0.000122563125834, 4.14406998834
5.06, 1.02766938235, -12.8449872972, 0.00542048028284, 4.15547354185
5.07, 1.02776743932, -12.8034028745, 0.0137610257662, 4.16635445306
5.08, 1.02789477751, -12.7617127796, 0.0111649195246, 4.17659096266
5.09, 1.02794692433, -12.7199240305, 0.00178609497477, 4.18610375836
5.1, 1.02794357331, -12.6780440143, 0.00122814127811, 4.19476382258
5.11, 1.02799798636, -12.6360831622, 0.0105981740825, 4.20223429576
5.12, 1.02812838663, -12.5940549122, 0.0143160703232, 4.20842791422
5.13, 1.02822539175, -12.5519714791, 0.00599503088768, 4.21307223602
5.14, 1.02823340236, -12.5098519234, -0.000622472907822, 4.21540492355
5.15, 1.02824521035, -12.4677236802, 0.0055822990801, 4.21533157344
5.16, 1.02834842578, -12.4256023495, 0.0143688405806, 4.21381086483
5.17, 1.02847823941, -12.3835058206, 0.010963717039, 4.21056218919
5.18, 1.02852336427, -12.3414534561, 0.000811879233895, 4.20517999723
5.19, 1.02852668258, -12.299461346, 0.000876596082311, 4.19826335727
5.2, 1.02856811926, -12.257547395, 0.00884273840563, 4.18960111685
5.21, 1.02868577385, -12.2157298639, 0.0137619183112, 4.17903973709
5.22, 1.02878809271, -12.1740256441, 0.0071885799435, 4.1673378341
5.23, 1.02880671658, -12.132441557, -0.000112247084467, 4.15468358144
5.24, 1.02881196455, -12.0909905577, 0.00402375886548, 4.14113573024
5.25, 1.02889700337, -12.0496753781, 0.0127773997838, 4.12751104343
5.26, 1.02902189951, -12.008498368, 0.0114458972983, 4.11327955567
5.27, 1.02907825898, -11.9674663247, 0.00200636165815, 4.09886395781
5.28, 1.02907002326, -11.9265766161, 8.65913863238e-05, 4.08478908029
5.29, 1.02910905345, -11.8858255846, 0.00898860171189, 4.07110634592
5.3, 1.02922917594, -11.8452093246, 0.0138843850223, 4.0577979958
5.31, 1.02932781679, -11.8047245798, 0.00638897795421, 4.04480763325
5.32, 1.02934374104, -11.7643678659, 0.00208218377422, 4.03213183081
5.33, 1.02934576565, -11.7241360428, 0.00263894245573, 4.01980653622
5.34, 1.02941279709, -11.6840264129, 0.0110777071262, 4.00773493476
5.35, 1.02953064075, -11.6440357455, 0.0116986389034, 3.99599848327
5.36, 1.02959703932, -11.6041607424, 0.00322974472469, 3.98458665547
5.37, 1.02959347456, -11.5643983362, -0.000342249657105, 3.97344303095
5.38, 1.0296179771, -11.5247462363, 0.00701128823148, 3.96254314793
5.39, 1.02972259726, -11.4852016918, 0.0130759044868, 3.95191881511
5.4, 1.02982501327, -11.4457619781, 0.00755535172989, 3.94154145306
5.41, 1.02984435493, -11.406425004, -0.000549146563555, 3.93138401136
5.42, 1.02983719476, -11.3671883071, 0.00226380810047, 3.92147602525
5.43, 1.02990514844, -11.3280493618, 0.0114263672375, 3.91183701802
5.44, 1.03002489868, -11.2890058474, 0.0115880015718, 3.90235105202
5.45, 1.03008499048, -11.2500561385, 0.00224676710377, 3.89308590284
5.46, 1.03007148, -11.211197923, -0.00114002343536, 3.88403413669
5.47, 1.03009332127, -11.1724294788, 0.0071803010534, 3.87512571572
5.48, 1.03020157938, -11.1337492414, 0.0133935265961, 3.86638666112
5.49, 1.03030242571, -11.0951554332, 0.00694515058429, 3.8578431113
5.5, 1.0303121018, -11.0566460535, -0.00161412935126, 3.8494813842
5.51, 1.0303114162, -11.0182195052, 0.00142290256048, 3.84128023965
5.52, 1.03036367259, -10.9798742883, 0.0096463510098, 3.83321569858
5.53, 1.03047287158, -10.9416087549, 0.0113936116669, 3.82533557886
5.54, 1.03054075437, -10.9034212115, 0.00352640275133, 3.81758818741
5.55, 1.03053593174, -10.8653105603, -0.000979683869761, 3.80997524626
5.56, 1.03054800621, -10.8272752079, 0.00545120231886, 3.80252486776
5.57, 1.03063931342, -10.7893136415, 0.0121667220796, 3.79519099326
5.58, 1.03073957654, -10.751424941, 0.00781233319149, 3.78797015893
5.59, 1.0307615169, -10.7136076677, -0.000553208046918, 3.78088803245
5.6, 1.03074726358, -10.675860612, 0.000990677959979, 3.77394572624
5.61, 1.03080007187, -10.6381824352, 0.00999528072544, 3.76708719127
5.62, 1.03091189733, -10.6005723113, 0.0114046549925, 3.76033154093
5.63, 1.03097476697, -10.5630291242, 0.00265023133887, 3.75370628843
5.64, 1.0309603702, -10.5255515417, -0.00180059065365, 3.74719492051
5.65, 1.03096922021, -10.4881385842, 0.00556258309849, 3.74080225194
5.66, 1.03106417555, -10.4507893222, 0.0125445389386, 3.73444887025
5.67, 1.03116401267, -10.4135028233, 0.00733608822338, 3.72822704947
5.68, 1.03117720094, -10.3762780918, -0.00158364144451, 3.72209437229
5.69, 1.03115557316, -10.3391143591, 0.000645552685985, 3.71603525492
5.7, 1.03121000326, -10.3020107263, 0.0104524303688, 3.71006102416
5.71, 1.03132511118, -10.2649664376, 0.0114348096946, 3.70416348432
5.72, 1.03138268822, -10.2279806191, 0.00172331546546, 3.69838580839
5.73, 1.0313703126, -10.1910525944, -0.000969773262033, 3.69261260837
5.74, 1.03137300466, -10.1541814952, 0.00409843208087, 3.68696391345
5.75, 1.03145158607, -10.1173668174, 0.0111941285991, 3.68135576209
5.76, 1.03154851522, -10.0806075264, 0.00796131805785, 3.67585655421
5.77, 1.03157322672, -10.0439027999, -0.000421005475936, 3.67045170792
5.78, 1.0315541786, -10.0072521832, -2.87082406592e-05, 3.66504317724
5.79, 1.0315933684, -9.97065522584, 0.00859694380377, 3.65969954291
5.8, 1.03169627801, -9.93411143534, 0.0110537913998, 3.65440741495
5.81, 1.03176081286, -9.89762029097, 0.00303659985758, 3.64916783886
5.82, 1.03174685808, -9.86118127546, -0.00223150736882, 3.64399130466
5.83, 1.03174493608, -9.82479357783, 0.00410089033977, 3.6388942057
5.84, 1.03182657452, -9.7884566325, 0.0115688302967, 3.63383583627
5.85, 1.03192366595, -9.75217029341, 0.00757515142539, 3.62878656897
5.86, 1.03194027957, -9.71593397429, -0.00142941341332, 3.62381694819
5.87, 1.03191339474, -9.67974716337, -0.000465585850404, 3.61889449461
5.88, 1.03195333153, -9.64360926121, 0.00899661828493, 3.61402261191
5.89, 1.03205967964, -9.60751982573, 0.0111564387692, 3.60919896655
5.9, 1.03211985752, -9.57147834941, 0.0021916795675, 3.60444094841
5.91, 1.03209620163, -9.53548410934, -0.00309142608207, 3.59973755413
5.92, 1.03209074994, -9.49953671627, 0.00420460398676, 3.59508323634
5.93, 1.03217641559, -9.46363553228, 0.0120163623621, 3.59048211982
5.94, 1.03227381448, -9.42778014543, 0.00715658498872, 3.58592334652
5.95, 1.03228178786, -9.39197018139, -0.00248829478533, 3.58140625934
5.96, 1.03226139985, -9.35620497521, -0.00078022953731, 3.57698153131
5.97, 1.03228860108, -9.32048413971, 0.0072488483669, 3.57250963653
5.98, 1.03238163689, -9.2848077053, 0.0105190203819, 3.56811059886
5.99, 1.03244627802, -9.24917488155, 0.0033445948123, 3.56378460652
6.0, 1.03243352826, -9.21358496361, -0.00247360726535, 3.55952848108
6.01, 1.03242294701, -9.17803714659, 0.00280746276587, 3.555385101
6.02, 1.03249142753, -9.142529919, 0.0104771315412, 3.55140561355
6.03, 1.03258386016, -9.10706169809, 0.00762096198342, 3.54756569686
6.04, 1.03260324916, -9.07163056195, -0.00120831237094, 3.54399887083
6.05, 1.0325729688, -9.03623424355, -0.00134409568451, 3.54059222712
6.06, 1.03259984019, -9.00087116468, 0.00756563930159, 3.53737171198
6.07, 1.03269614933, -8.96553913463, 0.0106626030904, 3.53435012049
6.08, 1.03275716413, -8.93023664892, 0.002575075566, 3.53145888617
6.09, 1.03273494216, -8.89496232659, -0.00336409318489, 3.52872624837
6.1, 1.03272003956, -8.85971443155, 0.00281535181811, 3.52618404638
6.11, 1.03279198902, -8.824490861, 0.0109213483885, 3.52383032603
6.12, 1.03288533558, -8.7892901502, 0.00730073575772, 3.52162228253
6.13, 1.03289688939, -8.75411063094, -0.00222462791436, 3.51958541072
6.14, 1.0328584559, -8.718950492, -0.00181505773373, 3.51774346302
6.15, 1.03288603702, -8.68380805914, 0.00799565460312, 3.51602701854
6.16, 1.03298640314, -8.64868225261, 0.010841366359, 3.51441174447
6.17, 1.03304359526, -8.61357203488, 0.00175339377673, 3.51293080484
6.18, 1.03301148548, -8.57847583703, -0.00426605980056, 3.51157810494
6.19, 1.03299271621, -8.54339241681, 0.00290869774547, 3.51037129036
6.2, 1.03306901751, -8.5083206262, 0.0114332094476, 3.5092765196
6.21, 1.03316336028, -8.47325892762, 0.00693915520739, 3.50832275383
6.22, 1.03316642163, -8.43820642024, -0.00330334690824, 3.50743834352
6.23, 1.03313330655, -8.40316234486, -0.00282504442704, 3.50664802446
6.24, 1.03314433109, -8.36812565059, 0.00624325707976, 3.5059687931
6.25, 1.0332359238, -8.33309491638, 0.0109121728036, 3.50542822674
6.26, 1.03330317756, -8.29806931578, 0.00317108390254, 3.50494144936
6.27, 1.03327944937, -8.26304822069, -0.00425761042168, 3.50454966404
6.28, 1.03324918196, -8.22803030955, 0.00105502133256, 3.50427839085
6.29, 1.03330891271, -8.19301485799, 0.0103828809984, 3.50405714439
6.3, 1.03340518352, -8.15800133798, 0.00805367737481, 3.50391049787
6.31, 1.03342154209, -8.12298852718, -0.00228350575156, 3.50389017594
6.32, 1.03338751661, -8.08797568411, -0.00338646837241, 3.50393052973
6.33, 1.03338377388, -8.05296196413, 0.00438141180627, 3.50406366908
6.34, 1.03346255984, -8.01794641274, 0.0104460558034, 3.50429327457
6.35, 1.0335362254, -7.98292820226, 0.0044761461618, 3.50458852741
6.36, 1.03352336407, -7.94790661172, -0.00377676708901, 3.50495887458
6.37, 1.03348585188, -7.91288105951, -0.000551470320317, 3.50539516688
6.38, 1.03352765212, -7.87785070637, 0.00890763556575, 3.50591688127
6.39, 1.03362082588, -7.84281480284, 0.00875249724265, 3.50649967146
6.4, 1.03364998523, -7.80777274389, -0.000988929188141, 3.50712433587
6.41, 1.03360457286, -7.77272368097, -0.0041835568138, 3.50789722328
6.42, 1.03359867425, -7.73766683524, 0.00461506848579, 3.50870228576
6.43, 1.03368163716, -7.7026016965, 0.0107993321279, 3.5095436473
6.44, 1.03375383753, -7.66752808059, 0.00385994893388, 3.51040697578
6.45, 1.03373129644, -7.63244567359, -0.00483122649787, 3.51128347954
6.46, 1.03370076507, -7.59735408603, -0.00133973340346, 3.51224701542
6.47, 1.03372734698, -7.56225294112, 0.00716443197849, 3.51321212442
6.48, 1.03381016779, -7.52714165314, 0.00856470925326, 3.51425780247
6.49, 1.03384715859, -7.4920198771, 0.000297992455623, 3.51532204464
6.5, 1.03381067047, -7.45688722552, -0.00398672860128, 3.51643348914
6.51, 1.03379545036, -7.42174331624, 0.00292920177136, 3.51755389624
6.52, 1.03386174717, -7.38658817309, 0.00958455941397, 3.51869502453
6.53, 1.03393334511, -7.35142137134, 0.00471825043744, 3.51988039885
6.54, 1.03392307437, -7.31624252306, -0.00375769241372, 3.52109826094
6.55, 1.03387914614, -7.28105147851, -0.00172904687404, 3.52232883843
6.56, 1.03390676245, -7.24584778647, 0.00755368135963, 3.52363021046
6.57, 1.03399233108, -7.21063094847, 0.00856240343563, 3.52494658382
6.58, 1.03402402225, -7.17540097921, -0.000609450204761, 3.52626263581
6.59, 1.03397786566, -7.14015778626, -0.00479465986046, 3.52758578815
6.6, 1.03395977282, -7.10490137668, 0.00308420274256, 3.52891404354
6.61, 1.03403000025, -7.06963158805, 0.00996854429678, 3.53025402269
6.62, 1.0341009394, -7.0343484464, 0.0041999365976, 3.53157916551
6.63, 1.03408154201, -6.99905217579, -0.00481136644362, 3.5328881136
6.64, 1.03403031698, -6.96374278207, -0.00204451059126, 3.53420500841
6.65, 1.03405990197, -6.92842024992, 0.00803680545184, 3.53550980242
6.66, 1.03414870693, -6.89308475087, 0.00856027278378, 3.53680130304
6.67, 1.03417461664, -6.85773636663, -0.00158779995396, 3.53808842964
6.68, 1.0341302965, -6.82237512404, -0.00395393248097, 3.5393703735
6.69, 1.03410625468, -6.78700117068, 0.00164102688174, 3.54062679571
6.7, 1.03416011848, -6.7516144812, 0.00859667725616, 3.54191099083
6.71, 1.03422772336, -6.71621515557, 0.00477206945134, 3.54316718449
6.72, 1.03421944718, -6.68080328245, -0.00367099870821, 3.54442262715
6.73, 1.03417083611, -6.64537884752, -0.00270046883771, 3.54567609252
6.74, 1.03418532198, -6.60994191995, 0.00618076933563, 3.54692527113
6.75, 1.03426163725, -6.57449252133, 0.00812782588486, 3.54816197909
6.76, 1.03429393189, -6.53903071939, -0.000326145425128, 3.54941096952
6.77, 1.03424770619, -6.50355645371, -0.0052279953942, 3.5506532189
6.78, 1.03421921393, -6.46806978427, 0.0016694884902, 3.55189730082
6.79, 1.03427618812, -6.4325706486, 0.00894947269037, 3.5531386782
6.8, 1.03434339989, -6.39705919481, 0.00431096601714, 3.55436491339
6.81, 1.03432636996, -6.36153548869, -0.00472549231665, 3.55559183954
6.82, 1.03426982866, -6.32599947628, -0.00312138410847, 3.55682258846
6.83, 1.0342852469, -6.29045113526, 0.00658649142551, 3.55806572234
6.84, 1.03436469425, -6.2548903077, 0.00816879537129, 3.55930627877
6.85, 1.03439186149, -6.21931716801, -0.00124682892242, 3.56053483351
6.86, 1.03433549383, -6.18373177163, -0.00610106627617, 3.5617572263
6.87, 1.03430360574, -6.14813396371, 0.00179512312702, 3.56300768587
6.88, 1.03436458706, -6.11252376571, 0.00936496017746, 3.56424413108
6.89, 1.03443142881, -6.07690125624, 0.00380482532292, 3.5654636802
6.9, 1.03440500396, -6.04126664064, -0.00583674207862, 3.56667418955
6.91, 1.03434047294, -6.00561987202, -0.00350037124143, 3.56789063487
6.92, 1.03435758138, -5.96996097077, 0.00707468602433, 3.56910284173
6.93, 1.0344261784, -5.93428989843, 0.00777452930613, 3.57032310147
6.94, 1.03445963005, -5.89860664384, -8.9163295352e-05, 3.57153888995
6.95, 1.03441137442, -5.86291123563, -0.00594703119391, 3.57275204188
6.96, 1.03436996986, -5.82720371852, 9.20048582633e-05, 3.573961025
6.97, 1.03441379688, -5.79148411777, 0.00806917391973, 3.5751752362
6.98, 1.03447896036, -5.75575231151, 0.00454820507696, 3.57638950453
6.99, 1.03446394209, -5.72000847371, -0.0048152683414, 3.57758540843
7.0, 1.03439951616, -5.68425268567, -0.00445629875334, 3.57879152651
7.01, 1.0343995957, -5.64848470099, 0.0051646810207, 3.58000908222
7.02, 1.03447129682, -5.61270466085, 0.00799155012066, 3.5811995721
7.03, 1.03450089516, -5.57691290744, -0.000916926716814, 3.5823567709
7.04, 1.03444266645, -5.54110959937, -0.00686532556533, 3.58351097298
7.05, 1.03439708003, -5.50529481952, 0.000139989784484, 3.58465365532
7.06, 1.03444003202, -5.46946845811, 0.00382322218566, 3.58584629309
7.07, 1.03449771061, -5.433630662, 0.00503612112151, 3.58696095699
7.08, 1.03449326624, -5.39778138084, -0.0037135503446, 3.5881048885
7.09, 1.03443105524, -5.36192058772, -0.00516121983939, 3.58926129204
7.1, 1.0344153694, -5.32604827131, 0.00323097723226, 3.59040347235
7.11, 1.03447383131, -5.29016431069, 0.00749532046927, 3.59158597939
7.12, 1.03450942156, -5.25426868304, 0.000325648934261, 3.59274133283
7.13, 1.03446115447, -5.21836154712, -0.00649329102909, 3.59389665923
7.14, 1.03440729414, -5.18244282425, -0.00155439859486, 3.59504914259
7.15, 1.03443648868, -5.14651249751, 0.00702312519838, 3.59621361059
7.16, 1.03449888747, -5.11057047509, 0.0048177587209, 3.59738563585
7.17, 1.03448725438, -5.07461684321, -0.00472063642812, 3.59854774895
7.18, 1.03441614478, -5.03865151965, -0.00576444238467, 3.59972655101
7.19, 1.03439981787, -5.00267431755, 0.00355298847639, 3.60091583699
7.2, 1.0344620488, -4.96668528309, 0.0077066725577, 3.60209422554
7.21, 1.03449439189, -4.93068438118, -0.000451209536043, 3.60328272184
7.22, 1.0344359358, -4.89467166887, -0.00749818205222, 3.60446711367
7.23, 1.03437663113, -4.8586470512, -0.00163493906308, 3.60565381541
7.24, 1.03440901453, -4.82261059513, 0.00748396831126, 3.60684514079
7.25, 1.03445845056, -4.78656220604, 0.00477200585214, 3.60803099212
7.26, 1.03445494063, -4.75050205284, -0.00355468890193, 3.60920292893
7.27, 1.03438984136, -4.71443015829, -0.00594546786739, 3.61037803974
7.28, 1.0343612197, -4.67834639332, 0.00170255864299, 3.61157178521
7.29, 1.0344072526, -4.64225071072, 0.00667883522549, 3.61276359169
7.3, 1.03444081398, -4.60614314911, 0.000504857633977, 3.61394289936
7.31, 1.03439350461, -4.5700239054, -0.00670347883849, 3.61510913855
7.32, 1.03433098897, -4.53389288408, -0.00291373496347, 3.61629438485
7.33, 1.03434521006, -4.49775000513, 0.00566887895737, 3.61748163826
7.34, 1.03440028597, -4.46159527919, 0.00463857881669, 3.61865739247
7.35, 1.03439035716, -4.42542881036, -0.00451128974246, 3.61983093302
7.36, 1.03431618313, -4.38925064158, -0.00662143824394, 3.62100663095
7.37, 1.03428595185, -4.35306058565, 0.00193453936071, 3.6222053813
7.38, 1.03433546285, -4.31685850758, 0.00691937480075, 3.62340041849
7.39, 1.03436652094, -4.28064465799, -0.000185055060255, 3.62455586987
7.4, 1.03430942685, -4.2444191058, -0.00772289429646, 3.62574387689
7.41, 1.03424070325, -4.20818168591, -0.00310232623355, 3.62693388431
7.42, 1.03425730436, -4.17193234074, 0.0060948169095, 3.62812998745
7.43, 1.03431397657, -4.13567105919, 0.00441929754834, 3.6293156956
7.44, 1.03429659254, -4.0993979626, -0.00557582574463, 3.63049494786
7.45, 1.03421267225, -4.06311311119, -0.00731872603623, 3.63167134783
7.46, 1.03418112877, -4.02681643606, 0.00222309338166, 3.63286152226
7.47, 1.03422134105, -3.99050783588, 0.00597660450664, 3.63404674044
7.48, 1.03425598111, -3.95418748619, 0.000914937822561, 3.635219354
7.49, 1.03420895041, -3.91785534135, -0.00722774635398, 3.6364012637
7.5, 1.03413347777, -3.88151141061, -0.00467870592566, 3.63757384974
7.51, 1.03413137795, -3.8451555261, 0.00444392044977, 3.63879374668
7.52, 1.03418254197, -3.80878750309, 0.00486661684594, 3.63999443469
7.53, 1.0341763599, -3.77240761068, -0.00434172944087, 3.64118153956
7.54, 1.03409590004, -3.73601574022, -0.00794755610954, 3.64238633236
7.55, 1.03404819665, -3.69961167354, 0.000159950853481, 3.64361500526
7.56, 1.0340866946, -3.66319530814, 0.00652243649613, 3.64484548054
7.57, 1.03412032878, -3.6267667135, 0.000337795756469, 3.64606049072
7.58, 1.03406382359, -3.59032602902, -0.0082909077051, 3.64726486621
7.59, 1.03398115571, -3.55387327762, -0.00497932864509, 3.64847972798
7.6, 1.03398092023, -3.51740823071, 0.00488730044213, 3.64971820937
7.61, 1.03402022202, -3.48093084916, 0.00434814815545, 3.65094090529
7.62, 1.03401947233, -3.44444139018, -0.00321694999213, 3.65213400163
7.63, 1.03394747366, -3.40794005877, -0.00771957936702, 3.65332910253
7.64, 1.0338908074, -3.37142654599, -0.00152981615965, 3.65455915051
7.65, 1.03391151404, -3.33490075936, 0.00510765850947, 3.65577849077
7.66, 1.03394219757, -3.29836292199, 0.000976788493882, 3.65696820846
7.67, 1.03389680788, -3.26181329983, -0.00723516255662, 3.65814643878
7.68, 1.0338149225, -3.22525179078, -0.0058699016466, 3.65934744444
7.69, 1.03379765934, -3.18867814788, 0.00291120718805, 3.66056795006
7.7, 1.0338388282, -3.15209226918, 0.00442024248549, 3.66178883426
7.71, 1.03383325351, -3.11549427846, -0.00408104851248, 3.6629938498
7.72, 1.03375167254, -3.07888422502, -0.00855692825357, 3.66420177462
7.73, 1.03369140458, -3.04226200135, -0.00147156093789, 3.66543101361
7.74, 1.03371519198, -3.00562746702, 0.00543045331295, 3.6666471149
7.75, 1.03374502405, -2.9689807904, 0.000466655005284, 3.66786151462
7.76, 1.03369056511, -2.93232213802, -0.008302455209, 3.66905091613
7.77, 1.03360077291, -2.89565153908, -0.00628418994009, 3.67026285513
7.78, 1.0335843271, -2.85896862671, 0.00328394831835, 3.67149429436
7.79, 1.03362804156, -2.82227338722, 0.00438800975694, 3.67271838056
7.8, 1.03361667135, -2.78556619068, -0.00505438928822, 3.67390674202
7.81, 1.03352467385, -2.74884700336, -0.00943997205677, 3.67510789291
7.82, 1.03346091692, -2.71211561741, -0.00136486829318, 3.6763505014
7.83, 1.03347794247, -2.6753718273, 0.00349635066277, 3.67757805774
7.84, 1.03350681515, -2.63861585841, 0.00132423679128, 3.67879034119
7.85, 1.03346328727, -2.60184787072, -0.00747249521038, 3.67998932889
7.86, 1.03337079198, -2.56506783025, -0.00752797097952, 3.68119791384
7.87, 1.03333584658, -2.52827559233, 0.00137570039401, 3.68242985874
7.88, 1.03336972556, -2.49147102596, 0.00438271029856, 3.683656969
7.89, 1.0333676181, -2.45465431176, -0.00373780793219, 3.68485744061
7.9, 1.03328257379, -2.41782564421, -0.00960603184851, 3.68606458347
7.91, 1.03320555169, -2.38098467186, -0.00338115036837, 3.68730649461
7.92, 1.03321517459, -2.34413130119, 0.00465326705096, 3.6885319901
7.93, 1.03324526964, -2.3072657564, 0.000947763603908, 3.68974692334
7.94, 1.03319331581, -2.2703881916, -0.00854891865492, 3.69094527704
7.95, 1.03309208245, -2.23349855104, -0.00805902037643, 3.69216022018
7.96, 1.03305718723, -2.19659664127, 0.00173138032963, 3.69339827532
7.97, 1.03308114159, -2.15968236515, 0.00328407824599, 3.69462873444
7.98, 1.03308090245, -2.1227558825, -0.00277282855741, 3.69583485084
7.99, 1.03300581295, -2.08581748039, -0.00901677668065, 3.69701952792
8.0, 1.0329235428, -2.04886703802, -0.00481133408307, 3.69824184135
8.01, 1.03291484426, -2.01190433018, 0.00293075407461, 3.69947190998
8.02, 1.03293776716, -1.97492940731, 0.00119391146588, 3.70068201776
8.03, 1.03289578784, -1.93794235175, -0.00733854764759, 3.70189719138
8.04, 1.03279900138, -1.9009431505, -0.00852172056252, 3.70312165632
8.05, 1.03274922595, -1.86393157244, -0.000282700935719, 3.7043599432
8.06, 1.03277058026, -1.82690762931, 0.00364488992005, 3.70559453522
8.07, 1.03276740991, -1.78987144821, -0.0034950783622, 3.70681014903
8.08, 1.03268277381, -1.75282316108, -0.00997341366875, 3.70801801456
8.09, 1.03259492632, -1.71576273968, -0.00495974033703, 3.70923662482
8.1, 1.0325883875, -1.67868996966, 0.00328360222813, 3.71047865227
8.11, 1.03261193524, -1.64160494122, 0.000881533657879, 3.71169098033
8.12, 1.03256209987, -1.60450789694, -0.00839187277308, 3.71288441361
8.13, 1.03245608478, -1.56739890949, -0.00915572952712, 3.71408957386
8.14, 1.03240521325, -1.53027768041, -2.22198759608e-05, 3.71532590556
8.15, 1.03242957552, -1.4931440574, 0.0037752337489, 3.71655975139
8.16, 1.0324224839, -1.4559982148, -0.00432206482927, 3.71777345384
8.17, 1.03232737621, -1.41884029263, -0.010994144463, 3.71897462071
8.18, 1.03223387573, -1.38167019295, -0.00507353726019, 3.72021910344
8.19, 1.03222526866, -1.34448748625, -0.00102926018491, 3.72154324944
8.2, 1.03224130101, -1.30729268769, 0.00140265115782, 3.72267959611
8.21, 1.03220218258, -1.27008570721, -0.00731445177228, 3.72388280036
8.22, 1.03209745252, -1.23286665849, -0.0100008910575, 3.72509388741
8.23, 1.03202938809, -1.19563542068, -0.00207328054926, 3.72631216858
8.24, 1.03204004356, -1.15839188592, 0.00329044826648, 3.72755650964
8.25, 1.03203932834, -1.12113604892, -0.00304598827812, 3.72876609885
8.26, 1.03195389399, -1.08386819227, -0.0107108900806, 3.72997922103
8.27, 1.03185075415, -1.04658799851, -0.0069183751175, 3.73122401457
8.28, 1.03182735569, -1.00929527697, 0.00212417389468, 3.73248110711
8.29, 1.03184829997, -0.971990069233, 0.00123821418804, 3.7337103548
8.3, 1.03180228061, -0.934672771536, -0.00833872026752, 3.73491237992
8.31, 1.03168772476, -0.897343381624, -0.010747747997, 3.73613514578
8.32, 1.03161758492, -0.860001575463, -0.00186506149379, 3.73738451125
8.33, 1.03162133927, -0.822647360767, 0.00124687800337, 3.73860175612
8.34, 1.03161810437, -0.785280944028, -0.00233860792134, 3.73983334496
8.35, 1.0315430893, -0.747902354847, -0.00983545354816, 3.74104360291
8.36, 1.03143848869, -0.710511626629, -0.00801358835566, 3.74226377941
8.37, 1.03139732667, -0.673108568606, 0.000197599689773, 3.74351195479
8.38, 1.03140718244, -0.635693004357, 0.00105036318553, 3.74474827366
8.39, 1.03136900702, -0.59826532895, -0.00709062889156, 3.74594003693
8.4, 1.03126193922, -0.560825748246, -0.0107785657134, 3.74714640418
8.41, 1.0311798856, -0.523373830731, -0.00379418225179, 3.74839320127
8.42, 1.03117587013, -0.485909455738, 0.002266887751, 3.74962926393
8.43, 1.03117206709, -0.448432868491, -0.00287973504697, 3.75084542666
8.44, 1.03108810042, -0.410944182618, -0.0108581134963, 3.75204753911
8.45, 1.0309761109, -0.373443277706, -0.00838849101547, 3.753290303
8.46, 1.03093569031, -0.335929881107, 0.000521277797112, 3.75453861456
8.47, 1.03094733629, -0.298404092833, 0.000938480141477, 3.75577204997
8.48, 1.03090293196, -0.260866050474, -0.00806819840342, 3.75698602235
8.49, 1.03078578505, -0.22331593239, -0.0116119216508, 3.7581955252
8.5, 1.0307004794, -0.185753522402, -0.00369997398815, 3.75944959918
8.51, 1.03069939539, -0.148178454504, 0.00252315856981, 3.76070578144
8.52, 1.03069362249, -0.110591038293, -0.00351762747562, 3.76192532958
8.53, 1.03059969794, -0.072991551241, -0.0119649836779, 3.76312808289
