timestamp, prius0 x posi, prius0 y posi, prius0 x vel, prius0 y vel.
0.0, 0.0, 0.0, 0.0, 0.0
0.00999999999999, 30.0447838492, 0.999847781342, -0.113524488882, 0.00360661211667
0.02, 30.0436018177, 0.999910941751, -0.127422802309, 0.00801563606502
0.03, 30.0422732586, 0.999950878201, -0.142750245034, 0.000689160818254
0.04, 30.0407895978, 0.999905315099, -0.158479044253, -0.006228316397
0.05, 30.0391465888, 0.9998550626, -0.174636183302, -0.00104147859108
0.06, 30.0373356699, 0.999891142286, -0.192095294826, 0.00785479251527
0.07, 30.0353415168, 0.999961922345, -0.211092728981, 0.00563247333718
0.08, 30.0331582079, 0.999957083058, -0.230071268238, -0.00410882199522
0.09, 30.0307805486, 0.999892036552, -0.249824828395, -0.00506537799555
0.1, 30.0281943662, 0.999884448221, -0.271777811704, 0.00461275487728
0.11, 30.0253861894, 0.999958520246, -0.294154651425, 0.00897420674681
0.12, 30.0223485728, 1.00000267296, -0.317702994118, 0.000659050175625
0.13, 30.0190722466, 0.999954284367, -0.341728750274, -0.00648769827108
0.14, 30.0155555401, 0.999906159254, -0.366183535581, -0.000340185483633
0.15, 30.0117875457, 0.999953381661, -0.39161884056, 0.00912877364067
0.16, 30.0077639689, 1.00001901564, -0.417292424189, 0.00641432217477
0.17, 30.0034772682, 1.00003087695, -0.444168831658, -0.00206037824641
0.18, 29.9989212219, 0.999980577513, -0.471194187773, -0.00437997490813
0.19, 29.9940936731, 0.999969154418, -0.498446277728, 0.00360736898347
0.2, 29.9889911537, 1.00003553055, -0.526432524022, 0.00881880682189
0.21, 29.9836047692, 1.00008990977, -0.554955115691, 0.00254116919265
0.22, 29.9779324276, 1.0000618844, -0.58361674803, -0.00477856840788
0.23, 29.9719724934, 1.00001944562, -0.61245167965, -0.000738157397379
0.24, 29.9657228021, 1.00005743381, -0.641508313304, 0.00823409832451
0.25, 29.9591778675, 1.00013864511, -0.671546216797, 0.00727124767116
0.26, 29.952331168, 1.00015362169, -0.701776497583, -0.00209605963733
0.27, 29.9451825107, 1.00010316878, -0.732011695667, -0.00416491451636
0.28, 29.9377307286, 1.00009942278, -0.762382658065, 0.00481487474321
0.29, 29.9299749104, 1.00017944623, -0.792836326288, 0.010094781788
0.3, 29.9219132287, 1.0002414729, -0.823471460914, 0.00284231245021
0.31, 29.9135439765, 1.00021316624, -0.854653057058, -0.00487435147189
0.32, 29.9048599107, 1.00017382513, -0.886222326678, 3.17251905875e-05
0.33, 29.8958583252, 1.00022431377, -0.918034574343, 0.00971616425468
0.34, 29.8865355737, 1.00031771098, -0.950621303268, 0.00809622590032
0.35, 29.8768846029, 1.00033524759, -0.983477538924, -0.00218763746057
0.36, 29.8669021697, 1.00028468469, -1.0170821037, -0.00388691742526
0.37, 29.8565833357, 1.00028979482, -1.05072271892, 0.00616210930051
0.38, 29.8459261926, 1.00037096328, -1.0846008732, 0.0102106854382
0.39, 29.8349304429, 1.00044737258, -1.11846347616, 0.00502630243401
0.4, 29.8235965135, 1.00043972469, -1.15227396988, -0.00333621156676
0.41, 29.8119192133, 1.00040389485, -1.18707240925, -0.000521958983107
0.42, 29.7998944072, 1.00044599884, -1.22181737025, 0.0091150748289
0.43, 29.7875222329, 1.00054464776, -1.25654444351, 0.00964319804488
0.44, 29.7748029628, 1.00058445131, -1.29123427807, 0.000152224619433
0.45, 29.7617298508, 1.00054819619, -1.32749526274, -0.00344818114614
0.46, 29.7482917513, 1.00054770102, -1.36400173747, 0.00515652525803
0.47, 29.7344879602, 1.00063830837, -1.40055520537, 0.0118906383114
0.48, 29.7203170802, 1.00072474984, -1.43797886539, 0.00553730203454
0.49, 29.7057655612, 1.00071844909, -1.47614706687, -0.00330831542705
0.5, 29.6908328748, 1.00068655329, -1.51421654728, 0.000317284548515
0.51, 29.6755151151, 1.00074203982, -1.55314094759, 0.0107167186032
0.52, 29.6598087295, 1.00083984225, -1.59194263906, 0.0102619007498
0.53, 29.6437143583, 1.00089694173, -1.63068073549, 0.0024966461193
0.54, 29.6272330843, 1.00088128456, -1.66930640553, -0.00202326100049
0.55, 29.6103661601, 1.00088333516, -1.70781729839, 0.00458632027165
0.56, 29.5931120717, 1.00096725824, -1.74691289122, 0.011599489521
0.57, 29.5754664663, 1.00106244965, -1.78600515335, 0.0073892243716
0.58, 29.5574298764, 1.00107965297, -1.82503248051, -0.00100749689321
0.59, 29.5390039738, 1.0010605952, -1.86389263229, 0.000591063284926
0.6, 29.5201901225, 1.00111040599, -1.9029785074, 0.00987054118043
0.61, 29.5009813161, 1.00122215003, -1.94285752107, 0.0115343284866
0.62, 29.4813684789, 1.00128621843, -1.98367838049, 0.00280130082328
0.63, 29.4613491743, 1.00127265477, -2.02383030659, -0.00168323160365
0.64, 29.4409305119, 1.00128308111, -2.06367489545, 0.0058634810347
0.65, 29.4201072142, 1.00138240333, -2.10494544676, 0.0131585924513
0.66, 29.3988697044, 1.00148896143, -2.14628604975, 0.00808678293238
0.67, 29.3772193076, 1.00150898092, -2.18746629288, -0.000892032141318
0.68, 29.3551553525, 1.00149404072, -2.22915300229, 0.00140873877488
0.69, 29.3326735225, 1.00155726778, -2.2708584165, 0.011519013928
0.7, 29.3097768026, 1.00168413502, -2.31222749754, 0.0127380240832
0.71, 29.2864638932, 1.0017544986, -2.35417457194, 0.00302718291951
0.72, 29.2627318586, 1.00174267314, -2.39597189041, -0.00132736357658
0.73, 29.2385850831, 1.00176229691, -2.43722500774, 0.00725772966339
0.74, 29.2140235182, 1.0018779841, -2.47873517956, 0.0147736858483
0.75, 29.1890449556, 1.00199568739, -2.52075982361, 0.00870694637836
0.76, 29.1636473236, 1.00201787566, -2.56253421204, -0.000800934406803
0.77, 29.1378338114, 1.00200755446, -2.60421883304, 0.0023229052744
0.78, 29.1115990668, 1.00208521498, -2.64648286306, 0.0132447949907
0.79, 29.0849419785, 1.00221261938, -2.68862133735, 0.0141713802155
0.8, 29.0578641336, 1.00230560355, -2.73058047922, 0.00554905815582
0.81, 29.0303653265, 1.00231137066, -2.77298631751, -0.000495920615559
0.82, 29.0024417599, 1.00232848455, -2.81571362897, 0.00643665562301
0.83, 28.9740902738, 1.00244017499, -2.85856627318, 0.0151359586287
0.84, 28.9453079095, 1.00257409061, -2.90146100335, 0.0111796210656
0.85, 28.9160985082, 1.00262092531, -2.94403213747, 0.00116760279812
0.86, 28.8864584937, 1.00261744773, -2.98785048449, 0.00198296572324
0.87, 28.8563788973, 1.00268749535, -3.03170667502, 0.0126468059732
0.88, 28.8258617282, 1.00282175317, -3.07532979851, 0.0143643038513
0.89, 28.7949096034, 1.00292986372, -3.11868681606, 0.0078714989439
0.9, 28.7635253909, 1.00295923335, -3.16175434675, 0.00144845265748
0.91, 28.7317127165, 1.00298422416, -3.20446681643, 0.00628175635353
0.92, 28.6994707115, 1.00309010909, -3.24772011443, 0.0146613268967
0.93, 28.6667963028, 1.00322966415, -3.29083643488, 0.0127423070806
0.94, 28.6336922066, 1.00329998111, -3.33366193734, 0.00374338696035
0.95, 28.6001578221, 1.0033143757, -3.3769911086, 0.00283113439095
0.96, 28.5661854881, 1.00338219345, -3.42112350778, 0.0118689828626
0.97, 28.5317724219, 1.00352690372, -3.46506751497, 0.0160555547172
0.98, 28.4969188522, 1.00364513887, -3.50939345688, 0.00843935976822
0.99, 28.4616224159, 1.00367777757, -3.55353371131, 0.00177602776445
1.0, 28.425885918, 1.003710187, -3.59739757024, 0.00745094655073
1.01, 28.3897120747, 1.00383160839, -3.64099518905, 0.0163645927007
1.02, 28.3531023076, 1.00398522571, -3.68467486187, 0.0137601273421
1.03, 28.3160600954, 1.0040607325, -3.72733956199, 0.00397642842981
1.04, 28.2785973678, 1.00407872687, -3.76881234074, 0.00348649258046
1.05, 28.2407258379, 1.00415863305, -3.80913851933, 0.0134698957606
1.06, 28.2024568154, 1.0043197594, -3.84834460381, 0.0175052412025
1.07, 28.163801407, 1.00444685887, -3.88644503099, 0.00884987762186
1.08, 28.1247705444, 1.00448124899, -3.9234653969, 0.0019716617635
1.09, 28.0853747815, 1.00452051465, -3.95945891424, 0.00860985709375
1.1, 28.0456239577, 1.00465258031, -3.99471744749, 0.0131699678685
1.11, 28.0055286976, 1.00481069049, -4.02847771253, 0.015483949052
1.12, 27.9650979238, 1.00490894973, -4.06153423239, 0.00624072137274
1.13, 27.9243413801, 1.00493997586, -4.09365910698, 0.00379021163651
1.14, 27.8832681736, 1.00501404867, -4.12489692207, 0.0125345428468
1.15, 27.841887044, 1.00517263305, -4.15527029699, 0.0181289696381
1.16, 27.8002065675, 1.00531725873, -4.18478856603, 0.0112322421218
1.17, 27.7582352252, 1.00537233149, -4.21346596316, 0.0033355305465
1.18, 27.7159812251, 1.00541261105, -4.24134628122, 0.00780746068517
1.19, 27.6734523878, 1.00554040306, -4.26845952602, 0.0174999358478
1.2, 27.630656297, 1.0057140164, -4.29481762443, 0.0163200628
1.21, 27.5876004799, 1.00581505796, -4.32042354232, 0.00616276504408
1.22, 27.5442923244, 1.00584595257, -4.34530662585, 0.00403263421353
1.23, 27.5007388761, 1.0059281907, -4.36950665555, 0.0137746125264
1.24, 27.4569468637, 1.00608979509, -4.39303688657, 0.0170121715864
1.25, 27.412922955, 1.00624118418, -4.41590617912, 0.012856314916
1.26, 27.3686737086, 1.0063159519, -4.43812169244, 0.00514173357865
1.27, 27.3242055054, 1.00636419883, -4.45971753439, 0.00765073821264
1.28, 27.2795244093, 1.0064835006, -4.48072099532, 0.0164776796661
1.29, 27.2346362744, 1.00665486332, -4.50114147212, 0.0169941980048
1.3, 27.1895469191, 1.00677236213, -4.52097916548, 0.00827020461046
1.31, 27.1442620837, 1.006819506, -4.54025354852, 0.00488294549858
1.32, 27.0987872446, 1.00689866991, -4.55899911808, 0.0127167100618
1.33, 27.0531276058, 1.00706123414, -4.57723002488, 0.0189060972647
1.34, 27.0072882885, 1.00722016949, -4.5949471799, 0.0130853194407
1.35, 26.9612744157, 1.00729367021, -4.61215365634, 0.00489748060828
1.36, 26.9150909503, 1.00734276044, -4.62888186394, 0.00812827341676
1.37, 26.868742564, 1.00747145917, -4.64515474805, 0.0176524988102
1.38, 26.8222337629, 1.0076526723, -4.66097682458, 0.0176400520262
1.39, 26.7755690703, 1.00777120551, -4.67634304861, 0.00800464034448
1.4, 26.7287529684, 1.00781571007, -4.69127110218, 0.00482492121824
1.41, 26.6817896946, 1.00789977375, -4.7057933894, 0.0136394571832
1.42, 26.634683243, 1.00807333693, -4.71991955033, 0.0199297377079
1.43, 26.5874375725, 1.0082374655, -4.73364575876, 0.0131252053169
1.44, 26.5400566876, 1.00830780998, -4.74697153022, 0.00448700858556
1.45, 26.4925444528, 1.00835668191, -4.75992899624, 0.008551508412
1.46, 26.4449044576, 1.00849452169, -4.77253752115, 0.0188048150979
1.47, 26.3971401731, 1.00867055515, -4.78479538742, 0.0184320065023
1.48, 26.3492551098, 1.00880511793, -4.79670122365, 0.00987520993073
1.49, 26.3012527529, 1.0088613605, -4.80826318394, 0.00512425779288
1.5, 26.2531364094, 1.00893794515, -4.81951122999, 0.0123178216059
1.51, 26.204909158, 1.00910190719, -4.8304555326, 0.0196606260394
1.52, 26.1565740357, 1.00927519766, -4.84109185611, 0.0148478199356
1.53, 26.1081341497, 1.00936306931, -4.85141479098, 0.00579689250017
1.54, 26.059592525, 1.00941301235, -4.86144972083, 0.00767613432172
1.55, 26.0109519486, 1.00953768131, -4.87121689201, 0.0175933150368
1.56, 25.9622150723, 1.00972667446, -4.8807168486, 0.019060866932
1.57, 25.9133846082, 1.00986162883, -4.8899391874, 0.00948952006951
1.58, 25.8644633012, 1.00991312466, -4.89889231924, 0.00479689414701
1.59, 25.8154537148, 1.00999189501, -4.90760613838, 0.0130044105899
1.6, 25.7663581928, 1.01015499765, -4.91608498817, 0.0183124879083
1.61, 25.7171791021, 1.01033324606, -4.92432783592, 0.0162886170527
1.62, 25.6679188335, 1.01043768045, -4.93232514927, 0.00717013756944
1.63, 25.6185797626, 1.01049024567, -4.94009575806, 0.00695930075542
1.64, 25.569164061, 1.01060183141, -4.94766122409, 0.0162386721909
1.65, 25.5196737542, 1.01078665014, -4.95502266732, 0.0196237559775
1.66, 25.4701109218, 1.01093642894, -4.96216941974, 0.0113447178803
1.67, 25.4204777111, 1.01100005855, -4.96910288592, 0.0051337490579
1.68, 25.3707761363, 1.01107061944, -4.97585079844, 0.0114990175892
1.69, 25.3210080059, 1.01123167635, -4.98242175675, 0.020023481986
1.7, 25.2711750982, 1.0114165508, -4.9888092437, 0.016433081828
1.71, 25.2212793034, 1.01151752838, -4.99500190696, 0.00657231337987
1.72, 25.1713224916, 1.01156614736, -5.00101900289, 0.00691690648937
1.73, 25.1213063265, 1.011682898, -5.00688135012, 0.0171231338553
1.74, 25.0712323428, 1.01186309636, -5.01258489847, 0.019048374919
1.75, 25.0211021721, 1.01201983218, -5.01812326322, 0.012798984154
1.76, 24.9709174717, 1.01209816347, -5.02349407937, 0.00619063943686
1.77, 24.9206798256, 1.01216824447, -5.02871935777, 0.0105576264145
1.78, 24.8703906344, 1.01231605743, -5.03380974847, 0.0188180543688
1.79, 24.8200512525, 1.01249884666, -5.03875967854, 0.017173556667
1.8, 24.7696631362, 1.01261451083, -5.04355803784, 0.0082349619881
1.81, 24.7192277564, 1.01267208415, -5.04821706286, 0.00690988867804
1.82, 24.6687464165, 1.01277871024, -5.05275709834, 0.0156001542858
1.83, 24.6182202868, 1.01296136555, -5.05717884429, 0.0199114188516
1.84, 24.5676505994, 1.01311992448, -5.0614696711, 0.0125261484414
1.85, 24.517038683, 1.01319304469, -5.0656266549, 0.00566123351462
1.86, 24.4663857763, 1.0132620355, -5.06967379589, 0.010878947647
1.87, 24.4156929335, 1.01341692645, -5.07361970589, 0.0196700716101
1.88, 24.3649611803, 1.01360521447, -5.07745700723, 0.0173264838611
1.89, 24.3141916694, 1.01371740177, -5.08117171203, 0.00760049644317
1.9, 24.2633855713, 1.01376996908, -5.0847778933, 0.00670993894074
1.91, 24.2125438827, 1.0138801385, -5.08829637934, 0.0163447999614
1.92, 24.1616674738, 1.01407069905, -5.09172498088, 0.0205228851626
1.93, 24.1107572998, 1.01422985193, -5.09504924563, 0.0121235951997
1.94, 24.0598144283, 1.01429657913, -5.0982655861, 0.00504668116258
1.95, 24.0088398299, 1.0143642188, -5.10140022316, 0.0112200852758
1.96, 23.9578340334, 1.01452182858, -5.10471451052, 0.0158395578736
1.97, 23.9067985893, 1.01470729229, -5.1074330013, 0.0182944523705
1.98, 23.8557336248, 1.01483436211, -5.110311937, 0.00907540282853
1.99, 23.8046403215, 1.01489222505, -5.11310276531, 0.00628030261254
2.0, 23.7535194716, 1.01498967494, -5.1158271785, 0.014763573563
2.01, 23.702371728, 1.01517128806, -5.11848451332, 0.0205063040731
2.02, 23.6511978023, 1.01534118527, -5.12106235754, 0.0138085401446
2.03, 23.5999985345, 1.01542150507, -5.12355334312, 0.00571819074726
2.04, 23.5487747097, 1.01548363479, -5.12597866391, 0.00981365795922
2.05, 23.4975269315, 1.01563109655, -5.12834898384, 0.0194721926191
2.06, 23.4462557635, 1.0158260498, -5.13065670341, 0.0185608300043
2.07, 23.3949619092, 1.01595018706, -5.13288513843, 0.00842775944796
2.08, 23.343646128, 1.01600208247, -5.13504395573, 0.00593671180986
2.09, 23.292309025, 1.01610186734, -5.13715515771, 0.0154379180151
2.1, 23.2409510691, 1.01627843377, -5.13921470649, 0.0200145646189
2.11, 23.1895728213, 1.01645644485, -5.14121505711, 0.0153463543774
2.12, 23.1381749258, 1.01655076885, -5.14314384633, 0.00657132019953
2.13, 23.0867580244, 1.01660955808, -5.14501947735, 0.00857926315882
2.14, 23.0353225893, 1.01674208648, -5.14685486459, 0.0182326110742
2.15, 22.9838690244, 1.01693593206, -5.14864562333, 0.0194565221295
2.16, 22.932397859, 1.01707548259, -5.15037391908, 0.0100478657415
2.17, 22.8809097086, 1.01713428832, -5.15204349345, 0.00563175972962
2.18, 22.8294050671, 1.0172212927, -5.15367660572, 0.013739824606
2.19, 22.7778840208, 1.01739554706, -5.15553081992, 0.0162982315098
2.2, 22.7263477399, 1.01756892527, -5.15682577218, 0.016077591237
2.21, 22.6747959757, 1.01767690887, -5.15832056937, 0.0080574907818
2.22, 22.6232294937, 1.01774258752, -5.15977154187, 0.00838265745481
2.23, 22.5716486708, 1.01786402287, -5.16119244642, 0.0166983627132
2.24, 22.5200538023, 1.01804760085, -5.16258111135, 0.0191898817112
2.25, 22.4684452836, 1.01819549392, -5.16392113677, 0.0115695303779
2.26, 22.4168236008, 1.01826810977, -5.16521391572, 0.00646946117273
2.27, 22.3651891581, 1.01835177766, -5.16647714413, 0.0125197558481
2.28, 22.3135422154, 1.01851603135, -5.16771655456, 0.0197817284519
2.29, 22.2618830552, 1.01869633614, -5.16892000128, 0.0160667297916
2.3, 22.2102120937, 1.01879999924, -5.17007482373, 0.00742635884805
2.31, 22.1585297554, 1.01886146397, -5.17119741195, 0.00829025164003
2.32, 22.1068363149, 1.0189868666, -5.17230012512, 0.0174046441904
2.33, 22.0551319706, 1.01917694582, -5.17337783081, 0.0196037552065
2.34, 22.0034170349, 1.01932375067, -5.17441576832, 0.0110617906025
2.35, 21.9516919208, 1.01939004572, -5.17541391732, 0.00594054262263
2.36, 21.8999569449, 1.01947330554, -5.17639276591, 0.0129187072183
2.37, 21.8482122743, 1.01964444326, -5.1773552263, 0.020513006788
2.38, 21.7964581111, 1.01982803646, -5.17828893696, 0.0159600990228
2.39, 21.7446948077, 1.01992631535, -5.17918100493, 0.00669749732673
2.4, 21.6929227191, 1.01998310435, -5.18004842519, 0.00819929238829
2.41, 21.6411420365, 1.02011289646, -5.18090469921, 0.0181663748649
2.42, 21.5893528805, 1.02030967919, -5.18174316802, 0.0199960356082
2.43, 21.5375555027, 1.02045470929, -5.18254655572, 0.0104622163393
2.44, 21.4857502612, 1.02051398018, -5.18331570376, 0.00537716610369
2.45, 21.4339374031, 1.02059705302, -5.18407405386, 0.0133769485804
2.46, 21.3821170185, 1.02076533961, -5.18482020411, 0.0189976110625
2.47, 21.3302892755, 1.02095217175, -5.18554712285, 0.017223835683
2.48, 21.2784544314, 1.02106506433, -5.18623868018, 0.00786418430232
2.49, 21.2266127936, 1.02112239125, -5.18690713454, 0.00728597945817
2.5, 21.1747645227, 1.02123733505, -5.18756930307, 0.0166580344743
2.51, 21.1229096833, 1.02142856202, -5.18822103825, 0.0204272230878
2.52, 21.0710484481, 1.02158693854, -5.18884577239, 0.0121523552071
2.53, 21.0191811156, 1.02165653358, -5.18943903327, 0.00552856221295
2.54, 20.9673079077, 1.02172965099, -5.19002397145, 0.0117174521061
2.55, 20.9154288849, 1.02189451086, -5.19060494336, 0.020578180053
2.56, 20.8635441218, 1.02208680427, -5.19117067646, 0.0172539845884
2.57, 20.8116538557, 1.02219488578, -5.19170365503, 0.00711378050494
2.58, 20.759758356, 1.02224657151, -5.19221880393, 0.00706920502618
2.59, 20.7078577304, 1.02236511072, -5.1927325783, 0.0174059509492
2.6, 20.655951997, 1.02254942163, -5.19323841319, 0.0205197240542
2.61, 20.6040412947, 1.0227190677, -5.19372613213, 0.0137682283858
2.62, 20.5521258589, 1.02280001548, -5.19418443012, 0.00589685584045
2.63, 20.5002058946, 1.02286520188, -5.19463433772, 0.01017824997
2.64, 20.4482814442, 1.02301571316, -5.19508420242, 0.0196777978712
2.65, 20.3963525293, 1.02321123198, -5.19552581409, 0.0185194122086
2.66, 20.3444193269, 1.02333506722, -5.19593975734, 0.00846250633042
2.67, 20.2924820806, 1.02338886212, -5.19633459815, 0.00624553772922
2.68, 20.2405408909, 1.02349213623, -5.19673202358, 0.0157572498837
2.69, 20.1885957413, 1.02367046307, -5.19712576493, 0.02005576264
2.7, 20.1366467239, 1.02384793591, -5.19750595363, 0.0152698949463
2.71, 20.0846940238, 1.02394266954, -5.1978601985, 0.0067403575063
2.72, 20.0327378323, 1.02400449863, -5.19820633307, 0.00894499190196
2.73, 19.9807781869, 1.0241399512, -5.1985542388, 0.018412309406
2.74, 19.928815072, 1.02433395364, -5.19889873346, 0.0193665139292
2.75, 19.8768486098, 1.02447278151, -5.19922167134, 0.0100522858148
2.76, 19.8248790165, 1.02453334889, -5.19952457366, 0.00593653590451
2.77, 19.7729063942, 1.02462378524, -5.19983107304, 0.0140452688142
2.78, 19.7209307098, 1.0248041512, -5.20013879709, 0.0209922449597
2.79, 19.6689519923, 1.02498451166, -5.20043469407, 0.0150697647948
2.8, 19.6169704278, 1.02507324072, -5.20070628035, 0.00600161590216
2.81, 19.5649861886, 1.02513103744, -5.20097174465, 0.00896604647399
2.82, 19.5129992756, 1.02527184492, -5.20124450995, 0.0192290159907
2.83, 19.4610096534, 1.02545790388, -5.20151128181, 0.0192425102193
2.84, 19.4090174314, 1.02560586689, -5.20176365705, 0.0115226583438
2.85, 19.3570227795, 1.02567810623, -5.20199710105, 0.00647403477039
2.86, 19.3050257989, 1.02576283897, -5.20223202788, 0.0127028996812
2.87, 19.2530264562, 1.02592919695, -5.20247122642, 0.0199732471501
2.88, 19.2010247492, 1.0261105103, -5.20270270902, 0.0160822037891
2.89, 19.1490208221, 1.0262137632, -5.20291312934, 0.00737276227607
2.9, 19.0970148324, 1.02627545754, -5.20311660013, 0.00839479919399
2.91, 19.0450067903, 1.02640275936, -5.20332697889, 0.0176315126807
2.92, 18.9929966411, 1.0265946443, -5.20353747953, 0.0197117912753
2.93, 18.9409844521, 1.02674150816, -5.20373204519, 0.0110016483708
2.94, 18.8889704, 1.02680735127, -5.20390945182, 0.0059443432077
2.95, 18.836954566, 1.02689173102, -5.20409173657, 0.0131094284124
2.96, 18.7849368903, 1.02706500292, -5.2042796246, 0.0207000095693
2.97, 18.7329173558, 1.02724942691, -5.20446098396, 0.0159490034832
2.98, 18.6808961046, 1.02734702831, -5.20462068826, 0.00662237115597
2.99, 18.6288732834, 1.02740392766, -5.20477654323, 0.00830076613233
3.0, 18.5768488789, 1.02753560438, -5.20494106783, 0.0183903766965
3.01, 18.5248228142, 1.0277340436, -5.20510763803, 0.0200796001193
3.02, 18.4727951533, 1.02787882429, -5.20525758314, 0.0103721537324
3.03, 18.4207660713, 1.02793741061, -5.20539084991, 0.00536952624497
3.04, 18.3687356319, 1.02802158347, -5.20553267594, 0.0135734576758
3.05, 18.3167037486, 1.02819199725, -5.2056785758, 0.019177638197
3.06, 18.2646704195, 1.02837945699, -5.20582238213, 0.0171841026986
3.07, 18.2126357397, 1.02849138108, -5.20594659143, 0.00776446664484
3.08, 18.1605998562, 1.02854868188, -5.20606406607, 0.00738090020275
3.09, 18.1085627708, 1.0286654829, -5.20619057548, 0.016875866792
3.1, 18.0565259731, 1.02885816236, -5.20600181997, 0.0204785088336
3.11, 18.0044925022, 1.02901589707, -5.2055040376, 0.0120237974834
3.12, 17.9524658298, 1.02908452857, -5.20465745464, 0.00550371639677
3.13, 17.9004510297, 1.02915869571, -5.20315833868, 0.0119083015975
3.14, 17.8484526222, 1.0293208607, -5.20160824234, 0.0160443615569
3.15, 17.7964741898, 1.02950538101, -5.19926559884, 0.0180527876642
3.16, 17.7445179499, 1.02963140051, -5.19687673424, 0.00918135409945
3.17, 17.692588003, 1.02969364642, -5.19395481753, 0.00692272918983
3.18, 17.6406887652, 1.02979722804, -5.19076678714, 0.0152140806418
3.19, 17.5888230153, 1.02997981053, -5.18729387219, 0.0203202266483
3.2, 17.5369939054, 1.03014689201, -5.18336106616, 0.0135752858678
3.21, 17.4852063914, 1.03022806243, -5.17906476614, 0.00608556961773
3.22, 17.4334631986, 1.03029587343, -5.17452722011, 0.0104071849453
3.23, 17.3817656314, 1.03044660064, -5.16995813856, 0.019493611461
3.24, 17.3301166389, 1.03063872257, -5.16480351072, 0.0181276626392
3.25, 17.2785199531, 1.03076015762, -5.15942441219, 0.00839671738704
3.26, 17.2269818771, 1.03081531618, -5.15308221581, 0.00647637875998
3.27, 17.175512836, 1.03092000189, -5.14566008365, 0.015737797271
3.28, 17.1241213288, 1.03110874518, -5.13769298974, 0.0207870493914
3.29, 17.0728110598, 1.03127501936, -5.12937028896, 0.0130137937229
3.3, 17.0215878274, 1.03134776398, -5.12025286967, 0.00522283247097
3.31, 16.9704579782, 1.03141148458, -5.11077185562, 0.0104652550975
3.32, 16.9194260144, 1.03156714836, -5.10071074156, 0.0201568247338
3.33, 16.8684949413, 1.03174860853, -5.09060764185, 0.0182767008331
3.34, 16.8176655945, 1.03187952753, -5.08038882464, 0.00964331077966
3.35, 16.7669377199, 1.03194130689, -5.07029133211, 0.00635407499083
3.36, 16.7163104852, 1.03203475872, -5.06027962271, 0.0140324532024
3.37, 16.6657834052, 1.03220914465, -5.05023349959, 0.0199541869366
3.38, 16.6153577922, 1.03237828931, -5.03997044969, 0.0140918767219
3.39, 16.5650357101, 1.03246284171, -5.02957761946, 0.00604986261873
3.4, 16.5148178074, 1.03252378497, -5.01913819813, 0.00925994355387
3.41, 16.4647054658, 1.03266263051, -5.00840938888, 0.0185175193652
3.42, 16.4147010592, 1.03285145389, -4.99759274351, 0.0183215704515
3.43, 16.3648053774, 1.03297733695, -4.98669096118, 0.00878319139021
3.44, 16.3150198987, 1.03303056838, -4.97549252588, 0.00571234341328
3.45, 16.2653469744, 1.03312297332, -4.9642267034, 0.0143547418484
3.46, 16.2157871067, 1.03330223667, -4.95291116359, 0.0203621317415
3.47, 16.1663421039, 1.03347044438, -4.9412469722, 0.0135292734197
3.48, 16.1170150142, 1.0335459112, -4.92928054401, 0.00505704889506
3.49, 16.0678080846, 1.03360084653, -4.91726021028, 0.00910437674048
3.5, 16.0187213375, 1.03374293832, -4.90524771389, 0.0190744539248
3.51, 15.9697559863, 1.03392091173, -4.89294656894, 0.0185097855033
3.52, 15.9209144411, 1.03405656201, -4.88055478043, 0.0100230160102
3.53, 15.8721963957, 1.03411548271, -4.86820757921, 0.00543589308779
3.54, 15.823602621, 1.03419500101, -4.8556389514, 0.0125132066397
3.55, 15.7751354469, 1.03435934777, -4.84297324921, 0.0195437858441
3.56, 15.7267949389, 1.03453093199, -4.83031016591, 0.0146595227625
3.57, 15.6785812886, 1.03461807726, -4.81762015108, 0.00580158068767
3.58, 15.6304955822, 1.03466880477, -4.80467589251, 0.00773451077826
3.59, 15.5825394763, 1.0347928746, -4.79173084373, 0.0173745696443
3.6, 15.5347126793, 1.03497828766, -4.7788126077, 0.0186033310444
3.61, 15.4870162686, 1.03510922676, -4.76561723822, 0.00915416401193
3.62, 15.4394521831, 1.03515880153, -4.75238817324, 0.00466587436263
3.63, 15.3920202031, 1.03523599931, -4.73919901936, 0.0127370288387
3.64, 15.3447202207, 1.03539489658, -4.72601396124, 0.0177556816516
3.65, 15.2975529022, 1.03556658681, -4.71260547574, 0.015596057167
3.66, 15.2505200999, 1.0356653618, -4.69915679189, 0.00670547462506
3.67, 15.2036215499, 1.03571434662, -4.68574825457, 0.00660417822677
3.68, 15.1568578603, 1.03582119073, -4.67213312139, 0.0155950889587
3.69, 15.1102308219, 1.03599786407, -4.65847990935, 0.018683175789
3.7, 15.0637401413, 1.03613862281, -4.64485786923, 0.0105061453712
3.71, 15.017386802, 1.03619550982, -4.63097689428, 0.00454487003319
3.72, 14.9711724726, 1.03626013452, -4.61709964366, 0.010807337456
3.73, 14.9250958196, 1.03641238188, -4.60333379294, 0.01896153077
3.74, 14.8791591645, 1.03658583386, -4.58922008548, 0.0152694413292
3.75, 14.83336467, 1.0366766237, -4.57485968653, 0.00566964459322
3.76, 14.7877137485, 1.03671732965, -4.56053136713, 0.00612616166732
3.77, 14.7422058939, 1.03682485379, -4.54625917129, 0.0160188402401
3.78, 14.6968417565, 1.03699244775, -4.53175609486, 0.0176593039302
3.79, 14.651622638, 1.0371354358, -4.51717600104, 0.0114811552235
3.8, 14.6065510312, 1.03720235777, -4.50238816765, 0.00515249901314
3.81, 14.5616275615, 1.03726228572, -4.48746602148, 0.00946103154454
3.82, 14.5168541248, 1.03739719573, -4.47248744892, 0.0173323076286
3.83, 14.47222998, 1.03756406428, -4.45759665147, 0.0155385190721
3.84, 14.4277555203, 1.03766473161, -4.44249916238, 0.00685434032915
3.85, 14.3834333801, 1.03770984012, -4.42714052951, 0.00568798225865
3.86, 14.3392648056, 1.03780315684, -4.41182920711, 0.0140972135566
3.87, 14.2952501293, 1.0379688258, -4.39632617171, 0.0180674754638
3.88, 14.2513917657, 1.03810917971, -4.38057074724, 0.0107708728472
3.89, 14.2076904633, 1.03816660511, -4.36491640597, 0.00420203676052
3.9, 14.1641460125, 1.03822118924, -4.34926465005, 0.00934964083433
3.91, 14.1207575313, 1.03835873677, -4.33372163425, 0.0177340587345
3.92, 14.0775250906, 1.03852660085, -4.31800503771, 0.015248415338
3.93, 14.0344499142, 1.03861950293, -4.302312452, 0.0058034248405
3.94, 13.9915309551, 1.0386554582, -4.286738648, 0.00506936613287
3.95, 13.9487671765, 1.03874799432, -4.2710794748, 0.0144022207105
3.96, 13.9061629618, 1.03891714596, -4.25504270977, 0.0182384280416
3.97, 13.8637185812, 1.03905376358, -4.23910391074, 0.00994339185972
3.98, 13.8214334223, 1.03910064126, -4.22322223276, 0.00317763241302
3.99, 13.779307482, 1.03914976175, -4.20719942257, 0.00927683283385
4.0, 13.7373415373, 1.03928587261, -4.19147953168, 0.0135571074948
4.01, 13.6955348369, 1.03944671347, -4.17541179046, 0.0157672833928
4.02, 13.653887412, 1.03954993182, -4.15933357459, 0.0068283451943
4.03, 13.6124004081, 1.03958700986, -4.14333861095, 0.00425118551064
4.04, 13.5710726418, 1.03966311746, -4.12747757582, 0.0124512830945
4.05, 13.5299047683, 1.03981934468, -4.11137594278, 0.0177964373093
4.06, 13.4888973672, 1.03996221064, -4.09537707264, 0.0111691501675
4.07, 13.4480494741, 1.0400182787, -4.0794697863, 0.00343570226147
4.08, 13.4073604095, 1.04005810116, -4.06363852223, 0.00751313661978
4.09, 13.3668300431, 1.04018035851, -4.04766921192, 0.0167273104456
4.1, 13.3264592662, 1.04034640651, -4.03175775502, 0.0156102333752
4.11, 13.2862483989, 1.04044259594, -4.01564921828, 0.00578599069212
4.12, 13.2462001342, 1.04046988768, -3.99927193894, 0.00353368962907
4.13, 13.2063137951, 1.04054448037, -3.9833256045, 0.0127265713534
4.14, 13.1665838973, 1.04069451434, -3.96796452551, 0.015824689306
4.15, 13.1270039413, 1.04083494454, -3.95334256578, 0.01184747885
4.16, 13.0875655131, 1.04090109228, -3.93965715758, 0.00429517314301
4.17, 13.0482598209, 1.04093981111, -3.92674737518, 0.00650110894278
4.18, 13.0090792809, 1.04104540487, -3.91461269341, 0.0149180931688
4.19, 12.9700136012, 1.04120113347, -3.90374415473, 0.0154625546226
4.2, 12.9310524407, 1.04130526295, -3.89368851738, 0.00704473535597
4.21, 12.8921872375, 1.04134056623, -3.88448449061, 0.00361027536988
4.22, 12.8534073999, 1.0414048358, -3.877044952, 0.0109944437719
4.23, 12.814692041, 1.04154875462, -3.87111674218, 0.0169710471046
4.24, 12.7760338082, 1.04168979903, -3.86574083629, 0.0114324164956
4.25, 12.7374202417, 1.0417484788, -3.86197868767, 0.003461463867
4.26, 12.6988369382, 1.0417820834, -3.85964395804, 0.00639091115295
4.27, 12.6602734571, 1.04189107305, -3.85802246551, 0.0155087982624
4.28, 12.6217225048, 1.04205101633, -3.85711507143, 0.0155901917621
4.29, 12.5831714388, 1.04215130512, -3.85816777077, 0.00632975974286
4.3, 12.5446047622, 1.04217949492, -3.86008507981, 0.00311845018602
4.31, 12.5060141372, 1.04224419408, -3.86290276786, 0.0114825414995
4.32, 12.467387611, 1.04239484312, -3.86733294234, 0.0176021577667
4.33, 12.428706278, 1.04253741565, -3.8737021015, 0.0111441983408
4.34, 12.389958586, 1.04258988857, -3.88068511109, 0.00278080004026
4.35, 12.3511344827, 1.04262058274, -3.88877346383, 0.0065579078549
4.36, 12.3122187467, 1.04273600223, -3.89926990982, 0.0163993725593
4.37, 12.2731914694, 1.04290257593, -3.91080747013, 0.015904167868
4.38, 12.2340452347, 1.04300051148, -3.92303494948, 0.00576144121713
4.39, 12.1947725493, 1.04302358001, -3.93638999345, 0.00288405544464
4.4, 12.1553579803, 1.04309184736, -3.95101201981, 0.0123087466146
4.41, 12.1157939663, 1.04324175542, -3.96625791812, 0.0161670102857
4.42, 12.0760739803, 1.04338801267, -3.98214706874, 0.0124926699057
4.43, 12.0361893144, 1.04345730682, -3.99935673128, 0.00430458660024
4.44, 11.9961281366, 1.04349295961, -4.01728715117, 0.00611574240899
4.45, 11.9558849145, 1.04359730901, -4.03575186689, 0.0151754413842
4.46, 11.9154524819, 1.04376014928, -4.05535967219, 0.0164861401285
4.47, 11.8748185274, 1.04387364409, -4.07578477714, 0.00777998053193
4.48, 11.8339788525, 1.04391161319, -4.09655254111, 0.00358174951928
4.49, 11.7929245711, 1.04397522608, -4.11872978546, 0.011128094131
4.5, 11.7516440718, 1.04412543882, -4.14157478476, 0.0180586957729
4.51, 11.7101340533, 1.04427970016, -4.16470225522, 0.0127944300389
4.52, 11.6683906763, 1.04434798325, -4.18821209791, 0.00405165941084
4.53, 11.6264067567, 1.04438405606, -4.21292052028, 0.00656277132057
4.54, 11.584172592, 1.0444980043, -4.23812791018, 0.0164387142601
4.55, 11.5416854953, 1.04467207903, -4.26355883101, 0.0173074559931
4.56, 11.4989421806, 1.04478812456, -4.28950146823, 0.00764532503735
4.57, 11.4559388142, 1.04482431811, -4.31524167564, 0.00359841734758
4.58, 11.4126816759, 1.04489372117, -4.34027985477, 0.0121811476058
4.59, 11.3691777098, 1.04505678266, -4.36462934279, 0.0193159222709
4.6, 11.3254337618, 1.04521864777, -4.3882937199, 0.0130668604493
4.61, 11.2814566539, 1.04528562947, -4.41127864855, 0.00379137301958
4.62, 11.2372530016, 1.04532270601, -4.43362374782, 0.00710596337549
4.63, 11.1928290637, 1.04544734603, -4.45535792369, 0.0177871184364
4.64, 11.1481908906, 1.04561848826, -4.47648723159, 0.0183570405274
4.65, 11.1033444984, 1.04575302383, -4.49701707044, 0.00972911194565
4.66, 11.0582958228, 1.0458024691, -4.51695995507, 0.0040009313637
4.67, 11.0130505607, 1.04586531857, -4.53635410691, 0.0109634901443
4.68, 10.9676141008, 1.04602039675, -4.55521753994, 0.019256388547
4.69, 10.9219917125, 1.04619385156, -4.57355280573, 0.0150344776455
4.7, 10.876188683, 1.04628035017, -4.59135839264, 0.00524910988624
4.71, 10.830210173, 1.04631951727, -4.60866497517, 0.00631126218537
4.72, 10.7840610394, 1.04643211601, -4.62550127536, 0.0167312754443
4.73, 10.7377459336, 1.04660393698, -4.64187141294, 0.0188044947518
4.74, 10.6912695072, 1.04675333871, -4.65777790388, 0.0117278456637
4.75, 10.6446363692, 1.04681849866, -4.67322550537, 0.00483157666113
4.76, 10.5978509627, 1.04687792847, -4.68824697545, 0.00983975506297
4.77, 10.5509174563, 1.04702214951, -4.70286033656, 0.0186489391585
4.78, 10.5038398998, 1.04720158671, -4.71706703472, 0.0165796107769
4.79, 10.4566223829, 1.04730718705, -4.73086144629, 0.00697777744725
4.8, 10.4092689343, 1.04735257785, -4.74426531014, 0.00589723852183
4.81, 10.361783332, 1.04745352431, -4.75730698329, 0.0153864813977
4.82, 10.3141691478, 1.0476352217, -4.76999251629, 0.0197527556754
4.83, 10.2664299585, 1.04778815444, -4.78231531506, 0.0116080589187
4.84, 10.2185693819, 1.04784960681, -4.79427861152, 0.00446608351258
4.85, 10.1705908716, 1.0479099944, -4.80591489741, 0.0103972101243
4.86, 10.1224976231, 1.04806381223, -4.81723845239, 0.0197466579045
4.87, 10.0742927606, 1.04823646261, -4.82824471166, 0.017155337469
4.88, 10.0259794647, 1.04835642786, -4.83893250312, 0.0087630064782
4.89, 9.97756086447, 1.04841394517, -4.84931446847, 0.00631613887141
4.9, 9.92903990309, 1.04850851859, -4.85941640998, 0.0141200687825
4.91, 9.88041933481, 1.04867987417, -4.86924470693, 0.0193102686993
4.92, 9.8317019092, 1.04883993719, -4.87879327191, 0.0131548887689
4.93, 9.7828904343, 1.04891842111, -4.88806071073, 0.00584111282976
4.94, 9.73398761149, 1.04898129942, -4.89707264902, 0.00967892912023
4.95, 9.68499592011, 1.04912255877, -4.90584459366, 0.0184904645271
4.96, 9.63591774703, 1.04930662535, -4.91437465837, 0.0175832365036
4.97, 9.5867555556, 1.04942562792, -4.92265271442, 0.00833689080037
4.98, 9.53751181398, 1.04947925107, -4.9306918966, 0.00614713475732
4.99, 9.48818879736, 1.04957728942, -4.93851810555, 0.0148588750099
5.0, 9.43878860178, 1.04975724459, -4.94613462208, 0.0200631685488
5.01, 9.38931335438, 1.04991986955, -4.95353188512, 0.0129644311759
5.02, 9.33976526574, 1.04999355009, -4.96070715869, 0.00531562798228
5.03, 9.29014644205, 1.05005516107, -4.9676872351, 0.00998671591244
5.04, 9.24045877215, 1.0502037949, -4.97448487946, 0.0194143393938
5.05, 9.19070407999, 1.05039447057, -4.98109530228, 0.0178606907833
5.06, 9.14088429635, 1.05051096822, -4.98750562299, 0.0077618237946
5.07, 9.09100136531, 1.05055979071, -4.99373046988, 0.00594859537799
5.08, 9.04105703653, 1.05066158015, -4.99979433274, 0.0156561952345
5.09, 8.99105289897, 1.05083724434, -5.0056954221, 0.0196125650394
5.1, 8.94099061256, 1.0510083642, -5.01142892946, 0.0145472992462
5.11, 8.8908718833, 1.05109682284, -5.01698693182, 0.0062712288414
5.12, 8.84069837517, 1.0511563042, -5.02239123987, 0.00886979249169
5.13, 8.79047155502, 1.05129087223, -5.02765673644, 0.018230711587
5.14, 8.74019280509, 1.05148071202, -5.03277960671, 0.0187751670675
5.15, 8.68986360667, 1.05161303398, -5.03774735236, 0.00945310713927
5.16, 8.63948549198, 1.05166986291, -5.04256660143, 0.00577461552654
5.17, 8.58905983937, 1.0517600967, -5.04726275068, 0.0140575556256
5.18, 8.53858785939, 1.05193882074, -5.05183719581, 0.020637413166
5.19, 8.48807079438, 1.05211360545, -5.05628062489, 0.0144247402845
5.2, 8.43751001205, 1.0521970382, -5.06058271305, 0.00564698937816
5.21, 8.38690682215, 1.05225374868, -5.06476773759, 0.00901394949371
5.22, 8.33626233509, 1.05239471499, -5.06884905243, 0.0191283979901
5.23, 8.28557759583, 1.0525771432, -5.07281867147, 0.0186939767368
5.24, 8.23485377056, 1.05271920104, -5.07666873462, 0.0110019512577
5.25, 8.18409204681, 1.0527887474, -5.08040090291, 0.00642909276225
5.26, 8.13329351309, 1.0528743698, -5.08403669698, 0.0128076380874
5.27, 8.08245910023, 1.05303972026, -5.08758110751, 0.0196605345186
5.28, 8.03158974945, 1.05321587369, -5.0910244523, 0.0154899316572
5.29, 7.98068651762, 1.05331462767, -5.09435789483, 0.00712195173428
5.3, 7.9297504428, 1.05337638618, -5.09759763136, 0.00855591227952
5.31, 7.87878239351, 1.05350471718, -5.10075826722, 0.0175955627233
5.32, 7.82778315353, 1.05369341849, -5.10383740107, 0.0191950816904
5.33, 7.77675361079, 1.05383479019, -5.10681848506, 0.0105415096734
5.34, 7.72569472989, 1.05389877565, -5.10970678284, 0.00599808550186
5.35, 7.67460735474, 1.05398500792, -5.11252246547, 0.013297931268
5.36, 7.62349217059, 1.05415782405, -5.11527215464, 0.020421746409
5.37, 7.5723498944, 1.05433740053, -5.11794170944, 0.0153929587843
5.38, 7.52118137516, 1.05443115259, -5.12051952046, 0.00645795365629
5.39, 7.46998743996, 1.0544891213, -5.12302860661, 0.00856230017743
5.4, 7.41876873989, 1.05462258965, -5.12547933648, 0.0184021092197
5.41, 7.36752585032, 1.05481813967, -5.12786725664, 0.0195838034056
5.42, 7.31625947111, 1.05495779467, -5.13017603015, 0.00996587321931
5.43, 7.26497038647, 1.05501537374, -5.13240953924, 0.00552121224791
5.44, 7.21365924929, 1.05510230664, -5.13459153017, 0.0138332886631
5.45, 7.16232654997, 1.05527263463, -5.13672158247, 0.0189089167222
5.46, 7.11097285705, 1.05545531618, -5.13879324248, 0.0166450978391
5.47, 7.05959881498, 1.05556386535, -5.14079157154, 0.00767258875318
5.48, 7.00820509617, 1.05562308296, -5.14273132954, 0.00772501373905
5.49, 6.95679221427, 1.05574223843, -5.14462906241, 0.0169182221709
5.5, 6.90536059034, 1.05593212922, -5.14648110438, 0.0199850783043
5.51, 6.85391074404, 1.05608496716, -5.14827083267, 0.0116645186237
5.52, 6.80244330333, 1.05615332616, -5.14999998886, 0.00574382223549
5.53, 6.75095880488, 1.05623103299, -5.15168823969, 0.0122301270358
5.54, 6.69945761959, 1.05639813761, -5.15334014223, 0.0204796019866
5.55, 6.64794013304, 1.05658601347, -5.15494666731, 0.0166513218422
5.56, 6.59640688152, 1.05668989152, -5.15649230128, 0.00697356003357
5.57, 6.54485841788, 1.05674434437, -5.15799101649, 0.00761245815051
5.58, 6.49329511627, 1.05686794272, -5.15946435555, 0.017722598971
5.59, 6.44171726975, 1.05705230984, -5.16089852704, 0.0193099464558
5.6, 6.39012530194, 1.05721101096, -5.1622896538, 0.0130109844339
5.61, 6.33851969588, 1.05729311496, -5.16362632925, 0.00671714295779
5.62, 6.28690088597, 1.05736960638, -5.16493371513, 0.0112193125254
5.63, 6.23526916269, 1.0575226663, -5.16621272386, 0.0191816105662
5.64, 6.18362480059, 1.05770742788, -5.16746041261, 0.017283037295
5.65, 6.1319682108, 1.05782496529, -5.16865828075, 0.00854620635632
5.66, 6.08029983843, 1.05788758347, -5.16981693627, 0.00753361883317
5.67, 6.02861998939, 1.05800029407, -5.17095764333, 0.0161151367789
5.68, 5.97692887489, 1.05818604236, -5.17207272547, 0.0200575977994
5.69, 5.92522679219, 1.05834549953, -5.17314847394, 0.012646133122
5.7, 5.87351415743, 1.05842170273, -5.17418099684, 0.00613779642444
5.71, 5.8217913186, 1.05849662331, -5.17519353815, 0.0114879824198
5.72, 5.77005846987, 1.05865603206, -5.17618792633, 0.019946120912
5.73, 5.7183158028, 1.05884532484, -5.17715575799, 0.0173417121277
5.74, 5.66656365735, 1.05895860965, -5.17808146708, 0.00785161968994
5.75, 5.61480241082, 1.05901576763, -5.17897622828, 0.00729561632661
5.76, 5.56303228708, 1.05913150842, -5.1798598411, 0.0167935069381
5.77, 5.51125341142, 1.05932430017, -5.18072705772, 0.0205739573434
5.78, 5.45946601603, 1.05948348088, -5.1815612557, 0.0121717560394
5.79, 5.4076704627, 1.0595527866, -5.1823587414, 0.00548601740265
5.8, 5.35586703213, 1.05962601711, -5.18314141117, 0.0117875557584
5.81, 5.30405583755, 1.0597922474, -5.18391454493, 0.0207464916527
5.82, 5.25223701734, 1.05997174045, -5.18466476845, 0.0175961004553
5.83, 5.2004108495, 1.0600962589, -5.18538320664, 0.00934348692038
5.84, 5.14857763109, 1.0601629808, -5.18607583841, 0.00748506457562
5.85, 5.09673755103, 1.06027012831, -5.18675842893, 0.0152992337683
5.86, 5.04489069436, 1.06044995748, -5.18743098476, 0.0198431310087
5.87, 4.99303722352, 1.06061322973, -5.18807923264, 0.0134209529511
5.88, 4.94117742286, 1.06069692784, -5.18869600123, 0.00663613190657
5.89, 4.88931153001, 1.06077070993, -5.18930169322, 0.0108940392464
5.9, 4.83743963502, 1.0609224093, -5.18990077291, 0.0192703437996
5.91, 4.78556181486, 1.06111061188, -5.19048549538, 0.017758189297
5.92, 4.73367828794, 1.06123180722, -5.19104005632, 0.0087231710772
5.93, 4.68178932524, 1.06129318184, -5.19157214406, 0.00720882059588
5.94, 4.62989505958, 1.06140268933, -5.19210270485, 0.0159132998286
5.95, 4.57799552394, 1.06158946003, -5.19262743651, 0.0203992282919
5.96, 4.52609084164, 1.06175328203, -5.19313094701, 0.013040356419
5.97, 4.47418126953, 1.06183061196, -5.1936053099, 0.00598816421319
5.98, 4.42226700575, 1.06190212473, -5.19407096028, 0.011103008693
5.99, 4.37034808744, 1.06205990263, -5.19453735016, 0.0200360296163
6.0, 4.31842455022, 1.06225278574, -5.19499435459, 0.0178324631383
6.01, 4.26649658592, 1.06236963285, -5.19542186694, 0.00799505952683
6.02, 4.21456443739, 1.06242501359, -5.19583092643, 0.00691076052993
6.03, 4.1626281942, 1.06253716002, -5.19624366453, 0.0165786749404
6.04, 4.11068784484, 1.06273116895, -5.19665398449, 0.0209533922012
6.05, 4.05874348644, 1.06289497292, -5.19704304368, 0.0125686691117
6.06, 4.00679535441, 1.06296512192, -5.1974059556, 0.00528734317276
6.07, 3.95484361259, 1.06303441113, -5.19776875471, 0.0113622962784
6.08, 3.90288800373, 1.06319422454, -5.19838847379, 0.0161569762633
6.09, 3.85092931391, 1.06338377877, -5.19848505806, 0.0187462014368
6.1, 3.79896692112, 1.06351484783, -5.19881896243, 0.00939342941854
6.11, 3.74700129294, 1.06357470932, -5.1991333691, 0.00639922360687
6.12, 3.69503252006, 1.06367346358, -5.1994506857, 0.0149443144935
6.13, 3.64306056886, 1.0638581021, -5.19977035629, 0.0208992119864
6.14, 3.59108548779, 1.06403222385, -5.20007373694, 0.014203925249
6.15, 3.53910746979, 1.06411531159, -5.20035557996, 0.00588773732791
6.16, 3.48712667971, 1.06417840399, -5.20063173745, 0.00989337431943
6.17, 3.43514311059, 1.06432758972, -5.20091383567, 0.0197425595194
6.18, 3.38315673952, 1.06451209559, -5.20119099792, 0.0192339187621
6.19, 3.33116768253, 1.06465612238, -5.20144905789, 0.0109661565018
6.2, 3.27917611513, 1.06472483707, -5.20169237053, 0.00642387850969
6.21, 3.2271821361, 1.06481333496, -5.2019348851, 0.0133452064136
6.22, 3.17518570416, 1.06498546491, -5.20218408472, 0.0203352823774
6.23, 3.12318682726, 1.06516578573, -5.202422519, 0.0156386924933
6.24, 3.07118566034, 1.06526370775, -5.20263929015, 0.00694618700291
6.25, 3.01918235856, 1.06532548396, -5.20285112974, 0.00878655452712
6.26, 2.96717692436, 1.06545911541, -5.20306916418, 0.0182878468753
6.27, 2.91516930484, 1.06565389855, -5.20328730098, 0.019614861612
6.28, 2.8631595804, 1.06579614965, -5.20348728625, 0.0103890015545
6.29, 2.8111479335, 1.06585833048, -5.20367133295, 0.00591807117493
6.3, 2.75913443831, 1.0659470421, -5.20386055692, 0.013814878061
6.31, 2.70711902895, 1.06612637589, -5.20405569163, 0.0210485040748
6.32, 2.65510169671, 1.06630929269, -5.20424241661, 0.0154345549584
6.33, 2.60308259531, 1.06640104079, -5.20440734126, 0.00617315028566
6.34, 2.55106187138, 1.06645831303, -5.20456897531, 0.00875596279365
6.35, 2.49903950034, 1.0665968944, -5.20474028062, 0.0190808077411
6.36, 2.44701541408, 1.06678373802, -5.20490974492, 0.0195056685029
6.37, 2.39498968907, 1.06693522324, -5.20506715445, 0.0118575191755
6.38, 2.3429624693, 1.06700884841, -5.20520872216, 0.00642171725123
6.39, 2.29093383587, 1.06709147227, -5.20535200476, 0.0124453558421
6.4, 2.23890372845, 1.06725673521, -5.20550511752, 0.0200465669422
6.41, 2.18687211752, 1.06744083819, -5.20565084219, 0.0164712894229
6.42, 2.13483911729, 1.0675471317, -5.20578041749, 0.00752982972024
6.43, 2.08280486946, 1.06760795838, -5.20590244856, 0.00814574905341
6.44, 2.03076936527, 1.06773279342, -5.20603443586, 0.0174796922831
6.45, 1.97873252497, 1.06792563459, -5.20616917919, 0.0200052171631
6.46, 1.92669438862, 1.06807623456, -5.20629067336, 0.0113444304164
6.47, 1.87465511351, 1.06814325102, -5.20639685282, 0.00585234840978
6.48, 1.82261476855, 1.06822511152, -5.20650727715, 0.0128202105005
6.49, 1.77057327143, 1.06839722618, -5.20662826677, 0.0207860160608
6.5, 1.71853058149, 1.06858473187, -5.20674400574, 0.0163659577698
6.51, 1.66648681857, 1.06868543786, -5.20684041301, 0.0067601720118
6.52, 1.61444211792, 1.06874111666, -5.20693381977, 0.00801288252247
6.53, 1.56239645308, 1.06887007559, -5.20703624888, 0.0182372073974
6.54, 1.51034973153, 1.06905535281, -5.20714239226, 0.0199847951179
6.55, 1.4583019969, 1.0692161664, -5.20723862777, 0.0128857054641
6.56, 1.40625337201, 1.06929457493, -5.20731915742, 0.0062797087103
6.57, 1.35420393801, 1.06936930584, -5.20740390506, 0.0113482013949
6.58, 1.30215362825, 1.06952701483, -5.20749594607, 0.0198176683326
6.59, 1.25010237678, 1.0697166248, -5.20758927277, 0.0175130568841
6.6, 1.19805027451, 1.06983254699, -5.20766421279, 0.00812465637549
6.61, 1.14599745576, 1.06989113694, -5.20773245243, 0.00729960990211
6.62, 1.09394391165, 1.0700055579, -5.20781339927, 0.0166044377799
6.63, 1.04188954342, 1.07019733615, -5.20789812622, 0.0205919641672
6.64, 0.989834357541, 1.07035834471, -5.20797329311, 0.0124500949884
6.65, 0.937778497116, 1.07043010304, -5.20803240998, 0.00564176276964
6.66, 0.885722036699, 1.07050304933, -5.20809614759, 0.0116271360085
6.67, 0.833664889709, 1.07066739144, -5.20817154918, 0.0206049716443
6.68, 0.78160698444, 1.07086139787, -5.2082462272, 0.0175254486108
6.69, 0.729548417099, 1.07097225977, -5.2083008847, 0.00734249202329
6.7, 0.677489322337, 1.07102480324, -5.20835189559, 0.00703397058229
6.71, 0.625429679643, 1.071142423, -5.20841466272, 0.0173212198442
6.72, 0.573369374309, 1.07132835854, -5.20848115184, 0.0199237919735
6.73, 0.52130843016, 1.07149522863, -5.20854236698, 0.0137737426078
6.74, 0.469246954592, 1.07158001164, -5.20858676662, 0.00650642477822
6.75, 0.417185029651, 1.07165063544, -5.20863366879, 0.0105249214068
6.76, 0.365122587204, 1.07180052684, -5.20869275784, 0.0193134019988
6.77, 0.313059547566, 1.07199173171, -5.20875224987, 0.0181882985684
6.78, 0.260995975765, 1.07211614915, -5.20879570488, 0.00886040710609
6.79, 0.20893199997, 1.07217591958, -5.20883323913, 0.00685069565917
6.8, 0.156867622266, 1.07228196971, -5.20888055037, 0.0156909767612
6.81, 0.104802733406, 1.07246958786, -5.2089350236, 0.0207298085572
6.82, 0.0527373156735, 1.07263762661, -5.20898326427, 0.0134163077842
