timestamp, prius0 x posi, prius0 y posi, prius0 x vel, prius0 y vel.
0.0, 0.0, 0.0, 0.0, 0.0
0.01, 0.999990702671, -30.0347063907, 0.00016528288393, 0.113769483086
0.02, 0.99995335229, -30.0335458243, -0.00708933371819, 0.123209398247
0.03, 0.99990002373, -30.0322901821, -0.00336236704803, 0.132848633294
0.04, 0.999923575798, -30.0309356404, 0.005309173734, 0.142896515143
0.05, 0.999989604936, -30.0294798356, 0.00446674646349, 0.153111785916
0.06, 0.999991844285, -30.0279211402, -0.00463752471636, 0.163545940999
0.0700000000001, 0.999929513184, -30.0262557451, -0.00682347239821, 0.174345363782
0.08, 0.999910659239, -30.0244819364, 0.0017446477886, 0.185230809457
0.09, 0.999972614771, -30.0225987751, 0.00689661752937, 0.196267344697
0.1, 1.00001786104, -30.0206024416, -6.20960854666e-05, 0.207797576378
0.11, 0.999975364359, -30.0184904586, -0.00764663515907, 0.219402387354
0.12, 0.999920544337, -30.0162622544, -0.00307547320439, 0.231030614967
0.13, 0.999951310365, -30.0139173832, 0.00622226946891, 0.242738228796
0.14, 1.000023925, -30.0114550698, 0.00474917835336, 0.254517550386
0.15, 1.00002369258, -30.0088744545, -0.00521217149583, 0.266396830102
0.16, 0.999956482903, -30.0061747891, -0.0070374724623, 0.278369176325
0.17, 0.999941225503, -30.0033531544, 0.00253046269597, 0.290702271446
0.18, 1.00001215258, -30.0004078237, 0.00765851369705, 0.303133711008
0.19, 1.00005958359, -29.9973375962, -0.000324626854235, 0.315765580377
0.2, 1.00001628188, -29.994138948, -0.00347534219408, 0.328740573763
0.21, 0.999968353223, -29.9908108729, -0.00361301017652, 0.341664612342
0.22, 0.999987684481, -29.9873529863, 0.00498818494807, 0.35466541879
0.23, 1.00005623703, -29.9837651578, 0.0052412582835, 0.367572194679
0.24, 1.00006980625, -29.98004334, -0.00344166260314, 0.381481297184
0.25, 1.00001486064, -29.9761826727, -0.00659300327631, 0.39537675639
0.26, 0.999993172913, -29.9721833131, 0.00122191287825, 0.409136980088
0.27, 1.00005282382, -29.9680435786, 0.00709825406808, 0.423481755305
0.28, 1.00010637725, -29.9637607415, 0.00115805210024, 0.437802940587
0.29, 1.00007528349, -29.9593346495, -0.0068161766719, 0.452128268775
0.3, 1.00002213616, -29.9547648324, -0.00341298606707, 0.466640288659
0.31, 1.00004813804, -29.9500482909, 0.00589207869967, 0.481378911656
0.32, 1.00012385214, -29.9451845674, 0.00562580828006, 0.496073936421
0.33, 1.00013604657, -29.9401737984, -0.00392805381215, 0.510842517771
0.34, 1.00007638469, -29.9350133847, -0.00684887035995, 0.525920898986
0.35, 1.00005764134, -29.9297025591, 0.00195377402045, 0.540919280952
0.36, 1.00012641378, -29.9242417021, 0.00793993592878, 0.555944721065
0.37, 1.00018341894, -29.9186304059, 0.00103363520735, 0.571089684079
0.38, 1.00014760261, -29.9128660488, -0.00737528501992, 0.58645850094
0.39, 1.00009281687, -29.9069481553, -0.00312453140834, 0.60180461824
0.4, 1.00012662733, -29.9008769309, 0.00691233152466, 0.61720716674
0.41, 1.00021019485, -29.8946500152, 0.00603074106556, 0.632853681049
0.42, 1.00022066674, -29.8882666704, -0.00447157923662, 0.648568119487
0.43, 1.00017065967, -29.8817247265, -0.00664614780056, 0.664483445827
0.44, 1.00014347375, -29.8750236214, 0.000595303826321, 0.680490666337
0.45, 1.00020302641, -29.8681614144, 0.0077581786784, 0.696600936797
0.46, 1.00026990803, -29.8611384868, 0.00278865864034, 0.712641251113
0.47, 1.00025109086, -29.8539551201, -0.00617563738821, 0.72883036953
0.48, 1.00019613474, -29.8466073375, -0.00409759292956, 0.745351138333
0.49, 1.00021666897, -29.8390950679, 0.0057704432255, 0.761743916921
0.5, 1.0002999688, -29.8314195949, 0.00703615874457, 0.777996165575
0.51, 1.0003279036, -29.8235817549, -0.00256508509102, 0.794297436768
0.52, 1.00027349105, -29.8155801269, -0.00706172398227, 0.810672353244
0.53, 1.00024815194, -29.8074155934, 0.00125888690284, 0.826878632499
0.54, 1.00031700845, -29.7990895035, 0.00868549537404, 0.842994925585
0.55, 1.00038845215, -29.7906026634, 0.00276455118666, 0.859098828905
0.56, 1.00036993814, -29.7819537679, -0.00200910694122, 0.87534816496
0.57, 1.0003205648, -29.7731432353, -0.00481196417562, 0.891512217564
0.58, 1.00032879954, -29.7641699313, 0.00456904585247, 0.907784245251
0.59, 1.00040984548, -29.7550345945, 0.0077924938552, 0.9239303669
0.6, 1.00045383007, -29.7457384637, -0.000656620602558, 0.93998083977
0.61, 1.00041138195, -29.7362807503, -0.00676874655521, 0.956248348017
0.62, 1.00037783841, -29.7266600369, -0.000179792546486, 0.97252161742
0.63, 1.00043576883, -29.7168774377, 0.0083041670016, 0.988638818898
0.64, 1.00051592215, -29.7069343746, 0.00450435294373, 1.00467720114
0.65, 1.00051069666, -29.6968303661, -0.00540340874564, 1.02081693856
0.66, 1.00045438038, -29.6865645158, -0.00482316622423, 1.03703769786
0.67, 1.00046827389, -29.6761363335, 0.00550790988153, 1.0532789164
0.68, 1.00055839665, -29.6655457968, 0.00845298877439, 1.0694047411
0.69, 1.00060310227, -29.6547959326, -0.00104486302683, 1.08526235606
0.7, 1.00056847642, -29.6438872173, -0.00601755788881, 1.10116417402
0.71, 1.00052922966, -29.6328194646, -0.00147907009808, 1.11701816686
0.72, 1.00057577517, -29.6215942199, 0.00773906408874, 1.13267739287
0.73, 1.00066241907, -29.6102133272, 0.00606560042602, 1.14815704698
0.74, 1.00067521575, -29.5986783494, -0.00388114364666, 1.16354983006
0.75, 1.00062243791, -29.5869894957, -0.00550106837137, 1.17886858192
0.76, 1.00062313547, -29.5751483851, 0.00412693095352, 1.19401398704
0.77, 1.00070912259, -29.5631564991, 0.00906659719096, 1.20908896371
0.78, 1.00076976459, -29.5510134775, 0.00096015751163, 1.22423783397
0.79, 1.00074568109, -29.5387190039, -0.00447801753813, 1.23931320796
0.8, 1.00070499819, -29.5262747198, -0.00255412912031, 1.25420362657
0.81, 1.00073875564, -29.5136823325, 0.00675658219419, 1.26899390613
0.82, 1.00082688091, -29.5009418116, 0.0072007951526, 1.2837789608
0.83, 1.00085690512, -29.4880541941, -0.00212429616838, 1.29842113153
0.84, 1.00081211487, -29.4750209316, -0.00569958246353, 1.31295631084
0.85, 1.00080157938, -29.4618421172, 0.00263267161783, 1.32747911761
0.86, 1.00087920971, -29.4485189741, 0.00912109829611, 1.3418322958
0.87, 1.00095207875, -29.435052954, 0.00286469902315, 1.35606331969
0.88, 1.00093378183, -29.4214451795, -0.00584323406067, 1.37023715531
0.89, 1.00088988084, -29.4076955771, -0.00236170241198, 1.38436615325
0.9, 1.00093056074, -29.3938055321, 0.00771058417775, 1.39833480467
0.91, 1.00102631389, -29.3797763669, 0.00761732363751, 1.4122473733
0.92, 1.0010548245, -29.3656075912, -0.00265505902134, 1.4262016759
0.93, 1.00101812626, -29.3513001706, -0.00479218439486, 1.439978668
0.94, 1.00100380394, -29.3368559344, 0.00148847104764, 1.45358368561
0.95, 1.00106996139, -29.3222742114, 0.00840176118139, 1.46738752139
0.96, 1.00114682405, -29.3075564047, 0.00416293665041, 1.48087720703
0.97, 1.00114524607, -29.2927043664, -0.0043061795829, 1.49427491078
0.98, 1.00110648724, -29.2777182046, -0.00281191852247, 1.50769488096
0.99, 1.00113539774, -29.2625979173, 0.00634757993833, 1.52106143339
1.0, 1.00122540092, -29.2473447824, 0.00795770669284, 1.53427657532
1.01, 1.00126735931, -29.2319602394, -0.000809086206081, 1.54738563456
1.02, 1.00123111718, -29.2164445515, -0.00538204054427, 1.56045678875
1.03, 1.00121773554, -29.2007989437, 0.00204503006945, 1.57341829004
1.04, 1.00129212287, -29.1850236012, 0.00924343952493, 1.5863678381
1.05, 1.0013732232, -29.169119704, 0.00414930091256, 1.5991249774
1.06, 1.00136742971, -29.1530887892, -0.00489161634129, 1.61181472598
1.07, 1.00132574625, -29.1369310966, -0.00270998317611, 1.62442898137
1.08, 1.00136083744, -29.1206480383, 0.00726695479345, 1.63694137744
1.09, 1.00145882211, -29.1042399187, 0.00845866374185, 1.64940707119
1.1, 1.00150012133, -29.0877079538, -0.00128333957906, 1.66171095657
1.11, 1.00145845244, -29.0710536801, -0.00575923992017, 1.67390788585
1.12, 1.00144685647, -29.0542777475, 0.00269617032861, 1.68604048209
1.13, 1.00153032296, -29.0373807686, 0.0101423389335, 1.69808739847
1.14, 1.00161563202, -29.020363931, 0.00408660691874, 1.71005951856
1.15, 1.00160970241, -29.0032274713, -0.000787482032547, 1.72203053061
1.16, 1.00157310936, -28.985971795, -0.00346819953791, 1.733883096
1.17, 1.00159548504, -28.9685981783, 0.00602459582262, 1.74558300372
1.18, 1.00169075527, -28.9511081993, 0.009164343713, 1.75719670758
1.19, 1.00174751769, -28.9335022078, 0.000560198267678, 1.76874986062
1.2, 1.00171711867, -28.9157815511, -0.00553442731202, 1.78012943608
1.21, 1.00169672772, -28.8979477479, 0.00120793047626, 1.79142212407
1.22, 1.0017688143, -28.8800013039, 0.00971451405776, 1.80262416076
1.23, 1.00186222847, -28.8619435642, 0.00575493483725, 1.81368735592
1.24, 1.00186880411, -28.8437758144, -0.00424456866427, 1.82466351264
1.25, 1.00183887988, -28.8254983053, -0.0038075192984, 1.83560200479
1.26, 1.00184973147, -28.8071120603, 0.00459872181072, 1.84644816681
1.27, 1.00193775326, -28.7886174573, 0.00931602783806, 1.85720791773
1.28, 1.00200659683, -28.770014732, 0.00234443487671, 1.86809220161
1.29, 1.00199040762, -28.7513038495, -0.00481445308346, 1.8788949245
1.3, 1.00196519407, -28.732485029, -9.76704601197e-05, 1.88963707797
1.31, 1.0020238551, -28.7135594434, 0.00880977973406, 1.90025948627
1.32, 1.00212031709, -28.6945282168, 0.00704571306243, 1.91080346969
1.33, 1.00214425526, -28.6753913467, -0.00261951788494, 1.92134864726
1.34, 1.00210538314, -28.6561497342, -0.00405659692348, 1.93175195257
1.35, 1.00211945672, -28.636804675, 0.00533241943104, 1.9420787581
1.36, 1.00221572979, -28.6173562128, 0.00999855982938, 1.95239908545
1.37, 1.00228608067, -28.5978051138, 0.00203415925782, 1.96260783565
1.38, 1.00226885723, -28.5781522704, -0.000657212577923, 1.97281448211
1.39, 1.00225045919, -28.558397832, -0.000649461471233, 1.98290483508
1.4, 1.00229726785, -28.5385427737, 0.0075134607242, 1.99290086923
1.41, 1.00238891493, -28.5185883518, 0.00746356892389, 2.00277577859
1.42, 1.00242615714, -28.4985355022, -0.000873092584465, 2.01262781143
1.43, 1.0023994288, -28.4783839415, -0.00362263548225, 2.02247789501
1.44, 1.00240670787, -28.4581344297, 0.00396555922423, 2.03222704955
1.45, 1.00249089828, -28.437787796, 0.00935137886533, 2.04194797662
1.46, 1.00256663515, -28.4173437066, 0.00346359696037, 2.05170949929
1.47, 1.00256131071, -28.3968017711, -0.00400489636537, 2.06147160025
1.48, 1.00253742704, -28.3761627276, -0.00049511255214, 2.07113654208
1.49, 1.00259012636, -28.3554276184, 0.00831879343084, 2.08072395922
1.5, 1.00268790849, -28.3345963909, 0.00775666870695, 2.09032946912
1.51, 1.00272309218, -28.3136696893, -0.00140375254398, 2.09984015118
1.52, 1.00269138527, -28.2926476279, -0.00390016043539, 2.1093562203
1.53, 1.00270110828, -28.2715308425, 0.00461708401702, 2.11880794517
1.54, 1.00279328991, -28.2503201428, 0.010066439571, 2.12814601275
1.55, 1.00287138073, -28.2290163874, 0.00325708895098, 2.13742528907
1.56, 1.00286087886, -28.2076201335, -0.00458718702348, 2.14668183866
1.57, 1.00283501259, -28.1861310622, -0.000262796049471, 2.15598172997
1.58, 1.00289453437, -28.1645487058, 0.00921258932231, 2.16530466686
1.59, 1.00299886112, -28.1428730864, 0.00804339137383, 2.17471468958
1.6, 1.00303150645, -28.1211024906, -0.00199867923891, 2.18421408033
1.61, 1.00299449062, -28.0992375057, -0.00417093392441, 2.19359245207
1.62, 1.00300723647, -28.0772790544, 0.00535481215106, 2.20295234948
1.63, 1.00310810148, -28.0552268858, 0.0108160667846, 2.21229705374
1.64, 1.00318828522, -28.0330817032, 0.00298108741589, 2.22155353764
1.65, 1.00318225282, -28.0108443632, -0.00292398840094, 2.23072860726
1.66, 1.00315431288, -27.9885156454, -0.00142189733784, 2.23986602084
1.67, 1.00320044127, -27.9660952817, 0.00819165253287, 2.24902546725
1.68, 1.00330602835, -27.9435837936, 0.00915901674227, 2.25809634177
1.69, 1.00335548125, -27.9209820015, -0.000311541810598, 2.26709616289
1.7, 1.00332542729, -27.8982896669, -0.00448840138279, 2.27618197076
1.71, 1.00332591589, -27.8755069979, 0.00378297100008, 2.28517782056
1.72, 1.00341800106, -27.8526347489, 0.0108483883513, 2.29410579489
1.73, 1.00351010012, -27.8296733649, 0.00483291652421, 2.30307615257
1.74, 1.00351372722, -27.8066210109, 0.000337565457911, 2.31223619453
1.75, 1.00348938392, -27.7834779536, -0.00224689251551, 2.32123737725
1.76, 1.00352207377, -27.7602448973, 0.00686882606524, 2.33023286483
1.77, 1.00362410572, -27.7369214766, 0.00978131904272, 2.33927797115
1.78, 1.00368832661, -27.7135080072, 0.00147590479406, 2.34824494067
1.79, 1.00366915385, -27.6900050689, -0.00429351299551, 2.3572084246
1.8, 1.00366049372, -27.6664122606, 0.0022478228354, 2.36621005769
1.81, 1.00374057143, -27.6427291536, 0.0103477733754, 2.3752321326
1.82, 1.00384011726, -27.6189561945, 0.00644785943443, 2.38418648055
1.83, 1.00385597038, -27.5950938095, -0.00311967031914, 2.39315762626
1.84, 1.0038238921, -27.5711415628, -0.00234774843574, 2.40211228233
1.85, 1.00386112439, -27.5471002578, 0.00767898024543, 2.41097502863
1.86, 1.00397088607, -27.5229705972, 0.0103107202182, 2.419826327
1.87, 1.00403472585, -27.4987518394, 0.000998429202968, 2.42878865228
1.88, 1.00401969894, -27.4744430782, -0.00251678303606, 2.43778194441
1.89, 1.00401096173, -27.4500447955, 0.00129477508881, 2.44669743444
1.9, 1.00407833279, -27.4255578425, 0.00925305282404, 2.45555401393
1.91, 1.00417708466, -27.4009820842, 0.00730597355988, 2.46441701125
1.92, 1.00420811946, -27.3763180515, -0.00146586118156, 2.4732149831
1.93, 1.00418438439, -27.3515661458, -0.00242824281281, 2.48206661024
1.94, 1.00421128724, -27.3267249424, 0.00620079349991, 2.49099718642
1.95, 1.00431137777, -27.3017948488, 0.0101245107666, 2.49985126013
1.96, 1.00438477771, -27.2767763059, 0.0026724132817, 2.50872960941
1.97, 1.00437470241, -27.2516687089, -0.00383611257378, 2.51761679093
1.98, 1.00436381025, -27.2264727608, 0.00159063194579, 2.52639953332
1.99, 1.0044379693, -27.2011894221, 0.0100737493512, 2.53510107266
2.0, 1.00454194972, -27.1758192957, 0.00744201454296, 2.54379572361
2.01, 1.00456949916, -27.1503617262, -0.0020864645778, 2.55255068338
2.02, 1.00454102801, -27.1248170377, -0.00259549390015, 2.56124721637
2.03, 1.00457171476, -27.0991850338, 0.00696112911365, 2.56997877464
2.04, 1.00467981661, -27.0734651633, 0.0107463293174, 2.57880755823
2.05, 1.00475402962, -27.047657412, 0.0023038756495, 2.5875711048
2.06, 1.00473804699, -27.0217622081, -0.00439558177118, 2.59633828175
2.07, 1.00472634522, -26.9957790549, 0.00197955036255, 2.60515550631
2.08, 1.00480827777, -26.9697074281, 0.0109768819822, 2.61403186393
2.09, 1.00491775923, -26.9435466864, 0.00755713539819, 2.62294396775
2.1, 1.00494131432, -26.9172970729, -0.00276280482675, 2.63184110195
2.11, 1.00492226598, -26.8909581871, -0.00298932114352, 2.64075936067
2.12, 1.00494103555, -26.864530569, 0.00552116359367, 2.64959119626
2.13, 1.00504211154, -26.8380148565, 0.010940940559, 2.65841572435
2.14, 1.00512874888, -26.8114107489, 0.00410000016445, 2.66725451217
2.15, 1.00512667857, -26.7847181906, -0.00373672216002, 2.67609825339
2.16, 1.00510947599, -26.7579373606, 0.000614365556009, 2.68488144802
2.17, 1.00517774924, -26.7310693476, 0.0100797841584, 2.69356813401
2.18, 1.00529054541, -26.7041145624, 0.00887513737096, 2.70221345695
2.19, 1.00533142686, -26.6770739034, -0.0011741116932, 2.71074511304
2.2, 1.00531603136, -26.6499485185, -0.00212321125088, 2.71918322669
2.21, 1.00533076883, -26.6227388698, 0.00433275135026, 2.72757452889
2.22, 1.00541932774, -26.5954459228, 0.0100680435767, 2.73585250779
2.23, 1.00550823343, -26.5680707434, 0.00523478384421, 2.74402486547
2.24, 1.00552183653, -26.5406143544, -0.00224731552565, 2.75211617048
2.25, 1.00550973214, -26.5130770863, 0.00017107633731, 2.76017545572
2.26, 1.00556583002, -26.485459829, 0.0086219786848, 2.76814188964
2.27, 1.00567135574, -26.4577628917, 0.00903712304605, 2.77611041831
2.28, 1.00572421618, -26.4299863497, 0.000573014539944, 2.78403940197
2.29, 1.00570904866, -26.4021311189, -0.00269316892643, 2.79184852922
2.3, 1.00572474406, -26.3741984882, 0.00485076640709, 2.79952324405
2.31, 1.00582041168, -26.3461890466, 0.0107454707998, 2.80721020996
2.32, 1.00591184605, -26.3181032984, 0.00507403832365, 2.81479569289
2.33, 1.00592050693, -26.2899421509, -0.00284325609472, 2.82228878239
2.34, 1.00590568992, -26.2617066481, 0.000290640211937, 2.82966678972
2.35, 1.00596749704, -26.2333971927, 0.00943008998152, 2.83707695045
2.36, 1.00607935533, -26.2050141175, 0.00935456041257, 2.84440302031
2.37, 1.0061301965, -26.1765582011, 2.2644348383e-05, 2.85165558819
2.38, 1.00610956922, -26.1480295639, -0.00303372395126, 2.858928211
2.39, 1.00612718018, -26.1194287651, 0.00546843529026, 2.86609566499
2.4, 1.0062307918, -26.0907566911, 0.0114746578122, 2.87319201575
2.41, 1.00632468412, -26.0620139278, 0.00486269746624, 2.88027785913
2.42, 1.00632778161, -26.0331997565, -0.00348899294708, 2.88741550863
2.43, 1.00631028607, -26.0043146747, 0.000459800874416, 2.89448374638
2.44, 1.00637857256, -25.9753590804, 0.0103153682268, 2.90152087528
2.45, 1.00649706406, -25.9463333255, 0.0096531060374, 2.90849965883
2.46, 1.00654524624, -25.9172383152, -0.000610235481666, 2.91537142899
2.47, 1.00653311009, -25.8880751276, -0.00295299818531, 2.92213772735
2.48, 1.00654103314, -25.8588447728, 0.00398802120257, 2.92882633323
2.49, 1.00663423769, -25.8295477856, 0.0111763664609, 2.93544844616
2.5, 1.00673678456, -25.8001850408, 0.00649030001967, 2.94198125351
2.51, 1.0067555191, -25.7707573716, -0.00242877497416, 2.9484499874
2.52, 1.00673647258, -25.7412651349, -0.000646998342572, 2.95487596856
2.53, 1.00679018665, -25.711709237, 0.00904866420112, 2.96118835551
2.54, 1.00690714554, -25.6820905579, 0.0105305706921, 2.96747030097
2.55, 1.00697142501, -25.6524087639, 0.00115502490116, 2.97377134624
2.56, 1.0069535468, -25.6226644685, -0.00351274817207, 2.97997100637
2.57, 1.00696173177, -25.5928586886, 0.00448571619646, 2.98608487429
2.58, 1.00706263106, -25.5629921094, 0.0119556752964, 2.99212031841
2.59, 1.00716846685, -25.5330657299, 0.00635310473791, 2.99804824738
2.6, 1.00718630014, -25.5030805547, 0.00156555959473, 3.00390910311
2.61, 1.00717124043, -25.4730377018, -0.00152306724037, 3.00959412867
2.62, 1.00721107943, -25.4429383054, 0.00769730201679, 3.01517711901
2.63, 1.00732439701, -25.4127837342, 0.0111562111617, 3.02064385422
2.64, 1.00740339901, -25.382574943, 0.00292303560832, 3.02602304569
2.65, 1.00739590618, -25.3523128764, -0.00338811528176, 3.0312903007
2.66, 1.00739420703, -25.3219988483, 0.00288599656638, 3.0364209047
2.67, 1.00748270625, -25.2916341308, 0.0114377520725, 3.04143607602
2.68, 1.00759589493, -25.2612200406, 0.00795499288715, 3.04623309727
2.69, 1.0076255517, -25.2307600291, -0.00194521333624, 3.05061986758
2.7, 1.00761629736, -25.2002588089, -0.00129542636644, 3.05441801946
2.71, 1.00764778478, -25.1697236492, 0.00627785699919, 3.05744053281
2.72, 1.0077496146, -25.1391620412, 0.0106217523252, 3.05979899783
2.73, 1.00783445561, -25.1085788641, 0.00430212396666, 3.06176201848
2.74, 1.00784167293, -25.0779782075, -0.00227336071451, 3.0632966466
2.75, 1.0078399411, -25.0473644428, 0.00195197954451, 3.06432179748
2.76, 1.00791427094, -25.0167438996, 0.0100701303554, 3.06475032497
2.77, 1.0080234035, -24.9861208356, 0.00851301812281, 3.06483561148
2.78, 1.00806670824, -24.9554987195, -0.000302018667655, 3.06450391874
2.79, 1.00805224095, -24.9248832817, -0.00169188897993, 3.06358610419
2.8, 1.0080853099, -24.8942787226, 0.00681684869631, 3.06233464818
2.81, 1.00819327018, -24.8636886235, 0.01110243419, 3.06062970094
2.82, 1.00827803477, -24.8331183944, 0.00387682639792, 3.05845632466
2.83, 1.00827854677, -24.8025713098, -0.00294878120726, 3.05600399576
2.84, 1.00827414946, -24.7720500609, 0.00211192809869, 3.05330276082
2.85, 1.00835390566, -24.7415576869, 0.0107652524883, 3.05016269984
2.86, 1.00846708812, -24.7110992666, 0.0085358481562, 3.04661119569
2.87, 1.00850560528, -24.680677551, -0.00106849856986, 3.04282567426
2.88, 1.00848470136, -24.6502949873, -0.00203973490565, 3.03870165681
2.89, 1.00851979543, -24.6199584458, 0.00741365343338, 3.03375102697
2.9, 1.00863421251, -24.5896723846, 0.0115748451536, 3.0285942337
2.91, 1.0087181809, -24.5594389087, 0.00333794850019, 3.02323528908
2.92, 1.00872113076, -24.5292600669, -0.00144164961395, 3.01760275992
2.93, 1.00871369339, -24.4991400593, 0.000872243086497, 3.01155763202
2.94, 1.00877862133, -24.4690815035, 0.00953287314464, 3.00531637409
2.95, 1.0088901432, -24.4390863391, 0.00932118545257, 2.9988183542
2.96, 1.00894245607, -24.4091584466, 0.000374585553496, 2.99194808917
2.97, 1.0089269532, -24.3793001518, -0.00245526085293, 2.9848906154
2.98, 1.00894864146, -24.3495132262, 0.00568438094905, 2.97767881897
2.99, 1.00905179427, -24.3197989439, 0.0112947164105, 2.97039410517
3.0, 1.00914443342, -24.2901580645, 0.00488972023646, 2.96296770666
3.01, 1.00915014865, -24.2605922442, -0.00305469559941, 2.95539974597
3.02, 1.00913679739, -24.2311032777, 0.000777727239093, 2.94745829137
3.03, 1.00920548147, -24.2016974472, 0.0101488273478, 2.93894650874
3.04, 1.00932116591, -24.1723769712, 0.00939863092827, 2.93045836163
3.05, 1.00936884594, -24.1431417661, -0.000441960368776, 2.92171366524
3.06, 1.00935843798, -24.1139965712, -0.00184457308049, 2.91258209163
3.07, 1.00937346674, -24.0849429541, 0.00424871339042, 2.90346499644
3.08, 1.0094619693, -24.0559799541, 0.0102350331631, 2.8942983452
3.09, 1.009554973, -24.0271104664, 0.00581950871643, 2.88478971395
3.1, 1.00957399769, -23.9983379456, -0.00182360284718, 2.87498734234
3.11, 1.00956304982, -23.9696638123, 6.61991411027e-05, 2.86510974801
3.12, 1.00961703323, -23.9410890722, 0.00845554332842, 2.85504349308
3.13, 1.00972321251, -23.9126168024, 0.00934068937082, 2.84470290577
3.14, 1.00978051582, -23.884247945, 0.0010509935647, 2.83439481971
3.15, 1.00976776659, -23.8559828341, -0.00268492083561, 2.82391697995
3.16, 1.00978085336, -23.8278228814, 0.00447743887549, 2.81328803512
3.17, 1.0098738242, -23.7997709957, 0.0106724899828, 2.80239287469
3.18, 1.00996709955, -23.7718281074, 0.00543530000715, 2.79149046731
3.19, 1.00997872011, -23.7439944024, -0.0026881221154, 2.78051147347
3.2, 1.00996215563, -23.7162725984, -0.000112562064701, 2.76916559538
3.21, 1.01001900645, -23.6886641994, 0.00899822346727, 2.75783716084
3.22, 1.01012908196, -23.6611693996, 0.00942760928029, 2.74643862397
3.23, 1.01018199289, -23.6337886978, 0.000249773514512, 2.7349485032
3.24, 1.01016102392, -23.6065246745, -0.00331955399548, 2.72317769136
3.25, 1.01017303019, -23.5793784626, 0.00479951602092, 2.71138403397
3.26, 1.0102711873, -23.5523503497, 0.0111470903381, 2.69949836252
3.27, 1.01036455053, -23.5254427544, 0.00499329902428, 2.68735896729
3.28, 1.01037276651, -23.4986563173, 0.00103752616891, 2.67529061659
3.29, 1.01035846801, -23.4719914078, -0.001133031269, 2.66299298403
3.3, 1.01039959657, -23.445450584, 0.00740940725728, 2.65051889941
3.31, 1.01050296024, -23.4190343672, 0.00970582286041, 2.63807583301
3.32, 1.0105672562, -23.392742632, 0.00172173393517, 2.62561550524
3.33, 1.01055443924, -23.3665755182, -0.00336508974256, 2.61308132066
3.34, 1.01055495849, -23.3405352933, 0.00301894952793, 2.60032232512
3.35, 1.01063818953, -23.3146225921, 0.0103149700662, 2.58757791793
3.36, 1.01073541195, -23.2888374337, 0.0062457040773, 2.57474353828
3.37, 1.01075265101, -23.2631820384, -0.00261679711881, 2.56170269038
3.38, 1.01072822192, -23.2376570479, -0.00149251343322, 2.54865154029
3.39, 1.01077083094, -23.2122628025, 0.00787502369256, 2.53548172852
3.4, 1.01087826642, -23.1870014376, 0.00986988987557, 2.52216783255
3.41, 1.01093887188, -23.161873056, 0.000948895021379, 2.5088786836
3.42, 1.01092732494, -23.1368774332, -0.00189198101974, 2.49560814185
3.43, 1.01092495196, -23.1120144764, 0.00178300787316, 2.4822801519
3.44, 1.01099239179, -23.0872862149, 0.00888795512286, 2.4687569718
3.45, 1.01108530752, -23.0626929757, 0.00674839016904, 2.45527184539
3.46, 1.01111436962, -23.0382345448, -0.00127683137847, 2.44172215161
3.47, 1.01109536423, -23.0139127901, -0.0018523541286, 2.42804691329
3.48, 1.01112476375, -22.9897278461, 0.00608974617742, 2.41433492495
3.49, 1.01121910114, -22.9656802515, 0.00931751919585, 2.40048871568
3.5, 1.01128561641, -22.9417720791, 0.00227431231256, 2.38653915172
3.51, 1.01127614048, -22.9180033996, -0.00344027591959, 2.37251290553
3.52, 1.01126893222, -22.8943762238, 0.00177056505539, 2.35832242693
3.53, 1.01133947864, -22.8708909226, 0.00930354112861, 2.34406802859
3.54, 1.01143363305, -22.8475494231, 0.00651395207813, 2.32964154482
3.55, 1.01145612479, -22.8243516146, -0.00215739579207, 2.31533866636
3.56, 1.01142992719, -22.8012966995, -0.00227750728635, 2.30100507885
3.57, 1.0114599198, -22.7783864125, 0.00647673062104, 2.2865429493
3.58, 1.01155816727, -22.7556190497, 0.00952402533301, 2.27225959637
3.59, 1.01162182625, -22.7329958408, 0.00159133804817, 2.25778864683
3.6, 1.01160380731, -22.7105170516, -0.00424173498058, 2.24330106407
3.61, 1.01159304236, -22.6881843521, 0.00184131200669, 2.22866043558
3.62, 1.01166759628, -22.6659977941, 0.00979545898454, 2.21406716187
3.63, 1.01176322655, -22.6439565294, 0.00625638399816, 2.19967009507
3.64, 1.01177860055, -22.6220623453, -0.00310080206896, 2.18467217368
3.65, 1.0117449613, -22.6003163378, -0.0026851867402, 2.16993447096
3.66, 1.01177617985, -22.5787178327, 0.00694707322963, 2.15509662628
3.67, 1.0118788803, -22.5572687657, 0.00974263185892, 2.14007095377
3.68, 1.01193922802, -22.5359711241, 0.000829662018483, 2.12488662551
3.69, 1.01192214502, -22.5148247584, -0.00283355051557, 2.10980949786
3.7, 1.01190786239, -22.493829092, 0.000560149823918, 2.09467181861
3.71, 1.01196659322, -22.4729859107, 0.00839665040423, 2.07939830272
3.72, 1.01205826589, -22.4522950787, 0.00678119079414, 2.06419427902
3.73, 1.01208525305, -22.4317555037, -0.00181709333105, 2.04914952684
3.74, 1.01205630592, -22.4113678006, -0.0031177370361, 2.03391304174
3.75, 1.01207391389, -22.3911321452, 0.00515695529281, 2.01865009168
3.76, 1.01216381827, -22.3710488302, 0.00923438453699, 2.00343932749
3.77, 1.0122302487, -22.3511174896, 0.00213526629303, 1.98817364852
3.78, 1.01221458618, -22.3313396371, -0.00447317041268, 1.97282605547
3.79, 1.01219465829, -22.3117147904, 0.000494862979767, 1.95757212016
3.8, 1.01225654014, -22.29224232, 0.00885823898748, 1.94228273689
3.81, 1.01235002275, -22.2729238848, 0.00659139485825, 1.92684229754
3.82, 1.01237036262, -22.2537590907, -0.00275495278215, 1.911563758
3.83, 1.01233330418, -22.234746565, -0.00364203434721, 1.89644352335
3.84, 1.0123509814, -22.2158872745, 0.00554260117709, 1.88088697244
3.85, 1.01244530803, -22.1971827149, 0.00951497309504, 1.86545856705
3.86, 1.01250931859, -22.1786318069, 0.00145133726788, 1.85015809191
3.87, 1.01249462067, -22.1602338169, -0.00313168911062, 1.8347916396
3.88, 1.01247004413, -22.1419904326, -0.000909704239042, 1.81932133644
3.89, 1.01251547799, -22.1239013344, 0.00746481386609, 1.80393519839
3.9, 1.01260579856, -22.1059660499, 0.00723312030651, 1.78847813457
3.91, 1.01263859512, -22.0881861037, -0.00144461795602, 1.77295266704
3.92, 1.01260558893, -22.0705609368, -0.00419819915172, 1.75751566056
3.93, 1.01260847476, -22.053089878, 0.00367250904982, 1.74212380489
3.94, 1.01269013746, -22.0357725914, 0.0090927808214, 1.72662596424
3.95, 1.01276139096, -22.0186125838, 0.0028613233202, 1.71090329492
3.96, 1.01274833839, -22.001608147, -0.00482525558272, 1.69533686748
3.97, 1.01271698561, -21.9847604771, -0.00110429978911, 1.67956783624
3.98, 1.01276487391, -21.9680716348, 0.00792668898755, 1.66365215096
3.99, 1.01285777898, -21.9515414301, 0.00715775158331, 1.64783310659
4.0, 1.01288470571, -21.9351688268, -0.00235986845915, 1.63212556647
4.01, 1.01284300748, -21.918952767, -0.00482997518749, 1.61648839917
4.02, 1.01284503839, -21.9028942548, 0.00400301561775, 1.60069304708
4.03, 1.01293126574, -21.8869931992, 0.0094374813521, 1.58497848312
4.04, 1.0130008585, -21.8712492632, 0.00223867562751, 1.56917287772
4.05, 1.01298327317, -21.8556640016, -0.00115521298954, 1.55335300058
4.06, 1.01295448845, -21.840236875, -0.00205534277046, 1.53755874479
4.07, 1.01298699592, -21.8249672212, 0.00631251287946, 1.52173997865
4.08, 1.01307201745, -21.809856582, 0.00725793683355, 1.5058431103
4.09, 1.01310862302, -21.7949043173, -0.00101689994151, 1.4900592106
4.1, 1.01307478021, -21.7801095088, -0.00483068041631, 1.47433884396
4.11, 1.0130659676, -21.7654714756, 0.00227006502249, 1.45864326385
4.12, 1.01313698979, -21.7509915529, 0.00850818212588, 1.44279547728
4.13, 1.01320897506, -21.7366696035, 0.00333089373217, 1.42703672244
4.14, 1.01319937143, -21.7225054234, -0.00483623062208, 1.41108015341
4.15, 1.01316077905, -21.7085029099, -0.00235030739571, 1.39488004035
4.16, 1.01319511472, -21.6946618875, 0.00676081627454, 1.37878219393
4.17, 1.01328322263, -21.6809813958, 0.00727128995213, 1.3627670779
4.18, 1.01331471381, -21.667460312, -0.00189361400525, 1.34690053708
4.19, 1.01327182645, -21.6540970112, -0.00555444363769, 1.33128715947
4.2, 1.0132610442, -21.6408873405, 0.00250648883883, 1.31615658822
4.21, 1.01333652994, -21.6278264551, 0.00891971382084, 1.30154896158
4.22, 1.01340807974, -21.6149085678, 0.00284033298497, 1.28751860717
4.23, 1.01339458847, -21.6021282164, -0.00117024199047, 1.27408230617
4.24, 1.0133576879, -21.589479579, -0.00343008043381, 1.26120093138
4.25, 1.0133758168, -21.5769553993, 0.00512916775319, 1.24907659034
4.26, 1.01345693265, -21.5645499314, 0.00752608440426, 1.23748192603
4.27, 1.01349965747, -21.5522571331, -0.000439647348724, 1.22649305411
4.28, 1.01346476085, -21.5400716846, -0.00562100856905, 1.21603022172
4.29, 1.0134423678, -21.5279878761, 0.000717205817119, 1.20614656047
4.3, 1.01350302372, -21.5159998171, 0.0081045631895, 1.19683347496
4.31, 1.01357871642, -21.5041024926, 0.00411817301794, 1.18802625758
4.32, 1.01357449618, -21.4922904078, -0.00480188151473, 1.17972433282
4.33, 1.01352770053, -21.4805593077, -0.00376554146279, 1.17181474846
4.34, 1.01354772874, -21.4689051499, 0.00564375612787, 1.16439342148
4.35, 1.01363352675, -21.4573217644, 0.00775234294984, 1.157578369
4.36, 1.0136732289, -21.4458047042, -0.00114996674603, 1.15111596341
4.37, 1.01363010159, -21.434350449, -0.00633112643905, 1.1450017296
4.38, 1.01360577856, -21.4229555091, 0.000979415843674, 1.1392800544
4.39, 1.01367206958, -21.4116153381, 0.00870787205106, 1.13400375936
4.4, 1.01374972508, -21.4003263257, 0.00386888598787, 1.12903811188
4.41, 1.01373868665, -21.3890852955, -0.00567710248158, 1.12443432867
4.42, 1.01370001118, -21.3778870687, -0.00423055136245, 1.1204096332
4.43, 1.01370717547, -21.3667277467, 0.00405139259102, 1.11665379535
4.44, 1.01378345625, -21.3556044984, 0.00762586149244, 1.11319312108
4.45, 1.01383232678, -21.3445143962, 0.000352517008357, 1.11004843525
4.46, 1.0138012231, -21.3334536365, -0.00577614391371, 1.10727117099
4.47, 1.01377085877, -21.3224193853, -0.000440951367477, 1.10474096789
4.48, 1.01382212896, -21.3114094773, 0.00758746089339, 1.10236509151
4.49, 1.01390011335, -21.3004202997, 0.00485852677651, 1.10062535115
4.5, 1.01390381193, -21.2894471295, -0.00426226676891, 1.09914573835
4.51, 1.01385512536, -21.2784874267, -0.00456391806948, 1.09795935642
4.52, 1.01386436043, -21.2675377561, 0.00461781630616, 1.09713136191
4.53, 1.01394653861, -21.2565947621, 0.00802882013571, 1.09657582486
4.54, 1.01399429898, -21.2456563068, -0.000180660430132, 1.0962166232
4.55, 1.01395602672, -21.2347203889, -0.0064422416569, 1.09609363072
4.56, 1.01392373454, -21.2237841519, -0.000183763588707, 1.09622762626
4.57, 1.01398114142, -21.2128457819, 0.00830262012599, 1.09652564713
4.58, 1.01406281242, -21.2019036317, 0.00480861439759, 1.09700073952
4.59, 1.0140612567, -21.1909550312, -0.00503710796483, 1.09778224166
4.6, 1.01402118022, -21.1799980573, -0.00436958699781, 1.09867230313
4.61, 1.01402170667, -21.1690312807, 0.00315802980644, 1.09977916702
4.62, 1.01409200545, -21.1580519522, 0.00745288073636, 1.1011786367
4.63, 1.01414528192, -21.1470572609, 0.00116945654432, 1.10280239015
4.64, 1.01412154446, -21.1360456677, -0.00534466034953, 1.10455165619
4.65, 1.01408907047, -21.1250158299, -0.00113932779171, 1.10648489325
4.66, 1.0141321086, -21.1139653656, 0.00691157523411, 1.10863718869
4.67, 1.01420959463, -21.1028927903, 0.00535698014484, 1.11090676297
4.68, 1.01422174906, -21.0917967179, -0.00338343548019, 1.11337356774
4.69, 1.0141767265, -21.0806745012, -0.00474376361134, 1.1161308817
4.7, 1.01417903159, -21.0695235111, 0.00370845900265, 1.11903199655
4.71, 1.01425565472, -21.0583406882, 0.00795530060501, 1.12252792844
4.72, 1.01430922782, -21.0471215849, 0.000787079930062, 1.12648503224
4.73, 1.014279338, -21.035858144, -0.00596344285811, 1.13115088207
4.74, 1.01424484343, -21.0245462942, -0.000917752328881, 1.13622128711
4.75, 1.01429399317, -21.0131816563, 0.00767173643305, 1.14187895583
4.76, 1.01437627681, -21.0017526826, 0.00545827155662, 1.14887488623
4.77, 1.01438464866, -20.9902512174, -0.00404068985727, 1.15651908523
4.78, 1.01433444552, -20.9786679936, -0.00496862735538, 1.16506961067
4.79, 1.01434000065, -20.9669966282, 0.00441802793448, 1.17440880267
4.8, 1.01442436794, -20.9552242278, 0.00856379688846, 1.18487394371
4.81, 1.01447881466, -20.9433446771, 0.000425691790475, 1.19589405192
4.82, 1.01444306829, -20.9313521586, -0.00653232924412, 1.20775664326
4.83, 1.01440763305, -20.9192332788, -0.000547930019578, 1.22077841887
4.84, 1.01446455711, -20.9069811742, 0.00858829058688, 1.23460991238
4.85, 1.01455281631, -20.8945855743, 0.00563516851843, 1.24946119394
4.86, 1.0145579054, -20.8820373542, -0.00465651399497, 1.26492873342
4.87, 1.01451785695, -20.8693325052, -0.00464764319171, 1.28094896573
4.88, 1.01451606761, -20.8564623532, 0.00311441309533, 1.29780500645
4.89, 1.01459067212, -20.8434206077, 0.00823676244148, 1.31563973125
4.9, 1.01465333321, -20.8301903441, 0.00203563403127, 1.33508205121
4.91, 1.01463433876, -20.816764224, -0.00525319869305, 1.35480256342
4.92, 1.01460041687, -20.803138539, -0.00133381054418, 1.37516551352
4.93, 1.01464514821, -20.7893035901, 0.00745334697977, 1.39643187681
4.94, 1.01473216894, -20.7752544316, 0.00648793588917, 1.41800706004
4.95, 1.0147538097, -20.7609875974, -0.00275230725043, 1.4399695196
4.96, 1.01471078232, -20.7464995623, -0.00483264066865, 1.46240683199
4.97, 1.01471309777, -20.7317819049, 0.00393899119222, 1.48566882938
4.98, 1.01479727443, -20.7168304653, 0.00908444479075, 1.50916686107
4.99, 1.01486351141, -20.7016422123, 0.00194709924622, 1.53320749701
5.0, 1.01484083386, -20.6862087484, -0.00565885135624, 1.55794676483
5.01, 1.01480703734, -20.6705266419, -0.000877889549778, 1.58296389671
5.02, 1.01486077555, -20.6545921884, 0.00854651884925, 1.6086388475
5.03, 1.01495613968, -20.6383969157, 0.00693897445457, 1.63488425392
5.04, 1.01497701088, -20.6219383263, -0.00315527633416, 1.66129307237
5.05, 1.01493095729, -20.6052149114, -0.0048526106347, 1.68784087388
5.06, 1.01493890321, -20.5882245879, 0.00492491635713, 1.71486507689
5.07, 1.01503396988, -20.5709592255, 0.0100332686, 1.74264350719
5.08, 1.01510436128, -20.5534152753, 0.00189072059562, 1.77075420629
5.09, 1.01508314854, -20.535585043, -0.00119295223335, 1.79988249772
5.1, 1.0150585844, -20.517459523, -0.00121409942142, 1.8296248731
5.11, 1.01510270171, -20.4990359185, 0.00748304965218, 1.85946989172
5.12, 1.01519592312, -20.4803134921, 0.00764755246707, 1.88939494885
5.13, 1.01523319855, -20.4612912983, -0.00109954019447, 1.91958817355
5.14, 1.01520216904, -20.4419635696, -0.00415771641734, 1.95009362281
5.15, 1.01520576672, -20.4223352977, 0.00379809183495, 1.97973613556
5.16, 1.0152914461, -20.4023988564, 0.00967793879162, 2.01188369694
5.17, 1.01537037275, -20.3821384085, 0.00364191847512, 2.04447784815
5.18, 1.01536415297, -20.3615521706, -0.00432054980932, 2.07704304373
5.19, 1.01533686302, -20.340640147, -0.000765211978019, 2.10965015586
5.2, 1.01539009448, -20.3194026815, 0.00862805144334, 2.14223508076
5.21, 1.01549290157, -20.2978348914, 0.00827592586849, 2.17555757269
5.22, 1.01553123497, -20.2759342663, -0.00134092223759, 2.20882507736
5.23, 1.01549810289, -20.2537006008, -0.00414192964134, 2.24234569474
5.24, 1.01550741679, -20.2311271416, 0.00480385486397, 2.27677149609
5.25, 1.01560486302, -20.2082059305, 0.0107732891174, 2.31169736599
5.26, 1.01568977019, -20.1849360806, 0.00377086847785, 2.34649940851
5.27, 1.01568149341, -20.1613182073, -0.00460248650407, 2.3814713125
5.28, 1.01565542525, -20.1373472264, -0.000188728473395, 2.41690489882
5.29, 1.01571928414, -20.1130222414, 0.00992232805382, 2.45230287163
5.3, 1.01583265436, -20.0883436333, 0.00894875047158, 2.48780405607
5.31, 1.01587200954, -20.0633066119, -0.00160564709762, 2.5237690692
5.32, 1.01585041012, -20.0379106779, -0.00285398720369, 2.55959396069
5.33, 1.01585961562, -20.0121558761, 0.00400088715099, 2.5957599889
5.34, 1.01594856944, -19.9860370142, 0.010319318862, 2.63217678719
5.35, 1.01604010922, -19.9595543752, 0.00534566653693, 2.6685304092
5.36, 1.01605176959, -19.9327095634, -0.00270451254243, 2.70459595737
5.37, 1.01603473521, -19.905499558, -0.00024805918682, 2.74149955417
5.38, 1.01609034021, -19.8779217991, 0.00886691394004, 2.77820543877
5.39, 1.01620065844, -19.8499777295, 0.00954362620838, 2.81476792779
5.4, 1.01625633816, -19.8216681541, 0.000567749193215, 2.85149034504
5.41, 1.01623871244, -19.7929882212, -0.00306017705424, 2.88862669888
5.42, 1.01625297245, -19.7639375093, 0.00496356541957, 2.92567472018
5.43, 1.0163537258, -19.7345175364, 0.0114677677891, 2.96258569433
5.44, 1.01645220092, -19.7047245762, 0.00559278349717, 3.00011608684
5.45, 1.0164627018, -19.6745569699, -0.00293684929875, 3.03755378838
5.46, 1.01644678578, -19.6440150103, 0.000280929059548, 3.0751857114
5.47, 1.0165126107, -19.6130939114, 0.0101478750195, 3.11333117689
5.48, 1.01663395596, -19.5817888641, 0.0103163111202, 3.15177189277
5.49, 1.01669192939, -19.5501005567, 0.000427855318862, 3.18999160777
5.5, 1.01667289334, -19.5180304721, -0.00299800665904, 3.22831195642
5.51, 1.01669328279, -19.4855746782, 0.00602439089051, 3.26693851241
5.52, 1.01680673068, -19.4527340678, 0.012688656798, 3.30528526441
5.53, 1.01691251369, -19.4195107593, 0.00584652812116, 3.34373457916
5.54, 1.01692177159, -19.3858954038, -0.00317522626943, 3.38336293075
5.55, 1.0169072596, -19.3518852851, 0.000868757822905, 3.42273117186
5.56, 1.01698414523, -19.317482906, 0.0115266843308, 3.46182319944
5.57, 1.01710235497, -19.2826902116, 0.0110515189186, 3.50097729995
5.58, 1.0171773038, -19.2475038327, 0.00255767615501, 3.54026938677
5.59, 1.01717428792, -19.2119245323, -0.0021748081201, 3.5798187931
5.6, 1.01719178028, -19.1759473871, 0.00504188337406, 3.61976473805
5.61, 1.01729694763, -19.1395676127, 0.0124171509106, 3.66021360404
5.62, 1.01741200614, -19.1027846251, 0.00768016412992, 3.70044726412
5.63, 1.01744225733, -19.0656007619, -0.00132788050366, 3.74062334113
5.64, 1.0174349083, -19.0280085743, 0.000576733120014, 3.78164853625
5.65, 1.01750241314, -18.9900116833, 0.0105071369232, 3.82160157029
5.66, 1.01763470156, -18.9516209665, 0.0120435518459, 3.8604493232
5.67, 1.0177136648, -18.9128473016, 0.00254173896207, 3.89822159729
5.68, 1.01770960475, -18.8737013457, -0.00213259516129, 3.93493428957
5.69, 1.01773286128, -18.8341936226, 0.00608120511714, 3.97060638067
5.7, 1.01785099558, -18.7943343415, 0.0137161256728, 4.00528021282
5.71, 1.01797434274, -18.7541332525, 0.00803144934172, 4.03899701141
5.72, 1.01800364817, -18.7135998011, -0.00159504329154, 4.0717763038
5.73, 1.01799676495, -18.6727433194, 0.00105108375313, 4.10362739799
5.74, 1.0180744024, -18.6315729844, 0.0118362206106, 4.13457782286
5.75, 1.01820406301, -18.5900975566, 0.0120697183415, 4.16467276302
5.76, 1.01829484706, -18.5483254736, 0.00441904879533, 4.1939337149
5.77, 1.01830836804, -18.506264976, -0.000874547291277, 4.22237567602
5.78, 1.01833284527, -18.4639242139, 0.00534406764942, 4.25001021371
5.79, 1.01844082794, -18.4213111193, 0.0129257322884, 4.27686929751
5.8, 1.01856675038, -18.3784332517, 0.00924419623593, 4.30298792722
5.81, 1.01861440756, -18.3352979093, 0.000339182502622, 4.3283824066
5.82, 1.01861809898, -18.2919123068, 0.00116878087302, 4.35305795282
5.83, 1.01868745809, -18.2482835689, 0.010594577853, 4.37703329378
5.84, 1.01882458008, -18.2044185143, 0.0130135662511, 4.40034436488
5.85, 1.01891835764, -18.160323641, 0.00428876793627, 4.42301467461
5.86, 1.01892906329, -18.1160053135, -0.0010635252001, 4.4450494688
5.87, 1.01895652064, -18.0714698785, 0.00609289499859, 4.46645479175
5.88, 1.01907496437, -18.0267235058, 0.0140234203415, 4.48725941721
5.89, 1.01920772331, -17.981772026, 0.00948202535009, 4.5074941682
5.9, 1.01925314252, -17.9366210604, -9.2863578008e-05, 4.52716939789
5.91, 1.01925502231, -17.8912762101, 0.00136969433568, 4.54628431516
5.92, 1.01933177774, -17.8457430354, 0.0116717247442, 4.56485407516
5.93, 1.0194788062, -17.8000268155, 0.0137274197941, 4.58291205138
5.94, 1.01957378956, -17.7541325458, 0.00396895050433, 4.60047699449
5.95, 1.01959340663, -17.7080651572, -0.000170128986226, 4.61754685347
5.96, 1.01961655215, -17.6618295695, 0.00491788923237, 4.6341297501
5.97, 1.01972430791, -17.6154305882, 0.0134867146435, 4.65024396434
5.98, 1.01986352743, -17.5688727396, 0.0110374848241, 4.6659180749
5.99, 1.01992722988, -17.5221603497, 0.00149700435384, 4.68116193236
6.0, 1.01993368692, -17.4752977351, 0.000814055983598, 4.69597196123
6.01, 1.0199981469, -17.4282892264, 0.0103424028564, 4.71035600349
6.02, 1.02014097531, -17.3811389435, 0.014302257592, 4.72434256475
6.03, 1.02025155677, -17.3338507409, 0.00596823641109, 4.73795030212
6.04, 1.02027172029, -17.2864283941, -0.000854443569894, 4.75117797927
6.05, 1.02029457851, -17.2388757402, 0.00538441539386, 4.76402217251
6.06, 1.0204109114, -17.1911965401, 0.0144766734738, 4.77650279593
6.07, 1.02055650802, -17.1433942777, 0.0112434728302, 4.78864634818
6.08, 1.02061706808, -17.0954722677, 0.000904911539841, 4.80045867649
6.09, 1.02063376126, -17.0474338772, 0.000495380832517, 4.81193181696
6.1, 1.02068697229, -16.9992824533, 0.00897175561568, 4.82307394407
6.11, 1.02082354842, -16.9510212243, 0.0145845041794, 4.83390630755
6.12, 1.02094746096, -16.9026531686, 0.00785687524787, 4.84444788807
6.13, 1.02098232854, -16.8541811769, -0.000126569277114, 4.85469784081
6.14, 1.02100023003, -16.805608214, 0.00406818432373, 4.86464906577
6.15, 1.02110337879, -16.7569372299, 0.013630015442, 4.87431494636
6.16, 1.02125280769, -16.7081709394, 0.0126148607682, 4.88372063169
6.17, 1.02133113677, -16.6593118816, 0.00252954993674, 4.8928731748
6.18, 1.02135163189, -16.6103626406, 0.00137071307737, 4.90176219425
6.19, 1.02140084162, -16.561325835, 0.00778849062855, 4.91039386977
6.2, 1.02152500032, -16.5122039787, 0.0137272097299, 4.9187835684
6.21, 1.02165130164, -16.4629993802, 0.00900036182132, 4.92694939714
6.22, 1.02170186753, -16.4137142607, 0.00136041418379, 4.93489103252
6.23, 1.0217247654, -16.3643509045, 0.0036153049223, 4.94260115793
6.24, 1.0218156949, -16.3149116147, 0.0121760805126, 4.95008786513
6.25, 1.02195798772, -16.2653985107, 0.0127977369622, 4.95737266964
6.26, 1.0220484394, -16.2158135486, 0.00428669673306, 4.96446346131
6.27, 1.02206913389, -16.1661586969, 0.000791597390365, 4.97135229489
6.28, 1.02211922102, -16.116436014, 0.00830109939699, 4.97803670292
6.29, 1.02225050694, -16.0666474711, 0.014412432466, 4.98453431696
6.3, 1.02237943475, -16.0167948299, 0.00884447971141, 4.99086180381
6.31, 1.0224249255, -15.9668797846, 0.000738220821521, 4.99701620749
6.32, 1.02244477847, -15.9169041223, 0.00370209609905, 5.00298822378
6.33, 1.02254119283, -15.8668696621, 0.0129773694467, 5.00878508965
6.34, 1.02268981789, -15.8167780375, 0.0131175597836, 5.01442847861
6.35, 1.02277819641, -15.7666307275, 0.00371920357469, 5.0199240737
6.36, 1.02279312643, -15.7164292515, 0.000413503501021, 5.02526174215
6.37, 1.02284477704, -15.6661752407, 0.00889280733621, 5.03043737071
6.38, 1.02298387869, -15.6158702383, 0.0151409951912, 5.03546888855
6.39, 1.02311524104, -15.5655155775, 0.0086271544148, 5.04037303615
6.4, 1.02315494123, -15.515112544, 5.53995303046e-05, 5.04514347643
6.41, 1.02317164166, -15.4646625432, 0.00382215360236, 5.04976845993
6.42, 1.02327412543, -15.4141670226, 0.013833249351, 5.05425575082
6.43, 1.02342921213, -15.3636272345, 0.0134052956075, 5.05862811605
6.44, 1.02351475895, -15.3130442876, 0.00305881129242, 5.06288865638
6.45, 1.0235377172, -15.2624193693, 0.000440833709097, 5.06702384679
6.46, 1.02357921274, -15.2117537402, 0.00737732294904, 5.0710330255
6.47, 1.02370770732, -15.1610486288, 0.014832972946, 5.07492833517
6.48, 1.02384760823, -15.1103050687, 0.0102356417348, 5.07872666419
6.49, 1.02390256474, -15.0595240235, 0.00106434211638, 5.08242469013
6.5, 1.02391715195, -15.0087065662, 0.00265976723013, 5.08600932089
6.51, 1.0240046709, -14.9578538501, 0.0125405205532, 5.08948323286
6.52, 1.02415804066, -14.9069668697, 0.0142657838532, 5.09286788536
6.53, 1.02425936977, -14.8560464601, 0.00477905758395, 5.0961699927
6.54, 1.02428921531, -14.8050935122, 0.00101045838427, 5.09937512402
6.55, 1.02432380336, -14.7541090125, 0.00594812322136, 5.10248193216
6.56, 1.02443896342, -14.7030939405, 0.0140170593489, 5.10549669422
6.57, 1.02458249533, -14.6520491078, 0.0115093855112, 5.10843801646
6.58, 1.02465317769, -14.6009752332, 0.00242158553385, 5.11130431731
6.59, 1.02467026502, -14.5498731255, 0.00190849773922, 5.11408365526
6.6, 1.02474350556, -14.4987436983, 0.0109986482225, 5.11677341617
6.61, 1.02489038824, -14.4475877511, 0.0145988626532, 5.11939318133
6.62, 1.02500495306, -14.3964059189, 0.00655194550224, 5.12195182118
6.63, 1.0250335228, -14.3451988492, 0.000158089830982, 5.12443877841
6.64, 1.02506599322, -14.293967331, 0.00621027608692, 5.12684318113
6.65, 1.02518749639, -14.2427121584, 0.0147712226906, 5.12917599837
6.66, 1.02533519826, -14.1914339378, 0.011512549954, 5.13145525883
6.67, 1.02540103414, -14.1401331923, 0.00167696080343, 5.13367891786
6.68, 1.02542691734, -14.0888105727, 0.0021146566265, 5.13583109053
6.69, 1.02549154636, -14.0374667826, 0.00955510218834, 5.1379148555
6.7, 1.02562683161, -13.9861024626, 0.0140610840557, 5.13994247735
6.71, 1.02574730874, -13.9347181025, 0.00793842236248, 5.1419247938
6.72, 1.02579058117, -13.8833141814, 0.00125805380375, 5.14385323721
6.73, 1.02582277501, -13.8318913035, 0.00524463823181, 5.14571682886
6.74, 1.02592988495, -13.7804501048, 0.0133908497739, 5.14752296076
6.75, 1.02607363132, -13.7289910708, 0.0120919626692, 5.14928655438
6.76, 1.02615338529, -13.6775145901, 0.00334032265162, 5.15101077381
6.77, 1.02617418763, -13.6260211338, 0.00171370265505, 5.15268040772
6.78, 1.02624031021, -13.5745112912, 0.0100867822378, 5.15429145804
6.79, 1.02638190076, -13.5229855697, 0.0145781136954, 5.15586123985
6.8, 1.02650286132, -13.4714443182, 0.00757478162204, 5.15739845438
6.81, 1.02654000464, -13.4198878866, 0.000629659405464, 5.15889360837
6.82, 1.0265699501, -13.3683167627, 0.00544180564879, 5.16033689105
6.83, 1.02668297538, -13.3167314754, 0.0141418834361, 5.16173232913
6.84, 1.02683146138, -13.2651323797, 0.0121890143213, 5.16310117148
6.85, 1.02690720878, -13.2135197452, 0.00264610371273, 5.16443841725
6.86, 1.02692218986, -13.1618939369, 0.00141644648405, 5.16573307607
6.87, 1.02699077732, -13.110255453, 0.010725970038, 5.16697839051
6.88, 1.02713945754, -13.058604694, 0.0151308154506, 5.16819220078
6.89, 1.02726060064, -13.0069418941, 0.00713586801828, 5.16938650968
6.9, 1.02729551937, -12.9552672707, 0.00464000348153, 5.17058134313
6.91, 1.02733112776, -12.9035813498, 0.00478308264638, 5.17166277011
6.92, 1.02743119112, -12.8518844147, 0.0127259058887, 5.17274441345
6.93, 1.02757352299, -12.800176801, 0.0124637059388, 5.17380262685
6.94, 1.02766114509, -12.7484587018, 0.00425560768574, 5.17483954479
6.95, 1.02768707948, -12.6967303825, 0.0017439041588, 5.17584305899
6.96, 1.02774787011, -12.6449922312, 0.00925629107447, 5.17680879648
6.97, 1.02788329278, -12.593244584, 0.0143516923291, 5.1777480748
6.98, 1.02800840348, -12.5414876221, 0.00841998848455, 5.17867216813
6.99, 1.02805389499, -12.4897215181, 0.00120840382181, 5.17957325883
7.0, 1.02808298826, -12.4379465795, 0.00482636258516, 5.18043798171
7.01, 1.02818769087, -12.3861631668, 0.0133940212982, 5.18127201774
7.02, 1.02833470798, -12.3343714944, 0.0126107145566, 5.18209215196
7.03, 1.02841892432, -12.2825716794, 0.00360426484512, 5.18289854756
7.04, 1.02843878541, -12.2307639243, 0.00136274289568, 5.1836770192
7.05, 1.02850090603, -12.1789485678, 0.00978648870593, 5.18442159291
7.06, 1.02864294786, -12.127125881, 0.0149198118509, 5.18514777198
7.07, 1.02876893701, -12.0752959741, 0.00807224477883, 5.18586573423
7.08, 1.02880799345, -12.0234589566, 0.000512063217895, 5.18656620735
7.09, 1.02883401016, -11.9716150891, 0.00494638418179, 5.18723499602
7.1, 1.02894422156, -11.9197646852, 0.0141391052108, 5.18787911513
7.11, 1.0290962152, -11.8679078961, 0.0127415318383, 5.18851510714
7.12, 1.02917652371, -11.816044776, 0.00288929159816, 5.18914322005
7.13, 1.02919002786, -11.7641754815, 0.000994503642439, 5.18974698304
7.14, 1.02925408859, -11.7123003146, 0.0103999128914, 5.19032086137
7.15, 1.02940337866, -11.660419496, 0.0155132775523, 5.19088161464
7.16, 1.02952998053, -11.6085330761, 0.00766189301901, 5.19143980357
7.17, 1.02957231283, -11.5566411265, 0.00206143194741, 5.19198220971
7.18, 1.0295953085, -11.5047438589, 0.00369567395287, 5.19250311365
7.19, 1.02969105975, -11.4528415322, 0.0129938334514, 5.19300009056
7.2, 1.02984284859, -11.4009342861, 0.0136998140106, 5.19349079532
7.21, 1.02993846372, -11.34902214, 0.00444189993342, 5.19397731647
7.22, 1.02995785041, -11.2971051838, 0.000584014524044, 5.1944481587
7.23, 1.03000868873, -11.2451836648, 0.00871864057637, 5.19489264717
7.24, 1.03014783137, -11.1932577908, 0.0153909040436, 5.19532468021
7.25, 1.03028476035, -11.1413275978, 0.00936287470491, 5.19575607793
7.26, 1.03033086449, -11.0893930974, 0.000504294504965, 5.19618151996
7.27, 1.03036267147, -11.037454473, 0.0034103592935, 5.19658352591
7.28, 1.03044689377, -10.9855119255, 0.0114752263705, 5.1969667303
7.29, 1.03058907682, -10.9335655821, 0.0135192058659, 5.19734488624
7.3, 1.03069348399, -10.8816156795, 0.00595731147764, 5.19760716203
7.31, 1.03072590103, -10.8296650549, 0.00130584316059, 5.19749387611
7.32, 1.03077241374, -10.777717377, 0.00743970065081, 5.19702492447
7.33, 1.03089696406, -10.7257764619, 0.0142362720651, 5.19608051015
7.34, 1.03103344716, -10.6738509887, 0.0102818620383, 5.19339425914
7.35, 1.03109428056, -10.6219679094, 0.00199438983291, 5.18774977177
7.36, 1.03111718379, -10.5701562699, 0.00321158689207, 5.17863286455
7.37, 1.03120412401, -10.5184659809, 0.0120375574047, 5.16362722906
7.38, 1.03135095287, -10.4669503744, 0.0137401897356, 5.14413713432
7.39, 1.03145225672, -10.4156575735, 0.0052774409237, 5.11963968956
7.4, 1.03147662009, -10.3646248192, 0.000613363811656, 5.09141465614
7.41, 1.03152035748, -10.3138958884, 0.00756614099674, 5.05973793255
7.42, 1.03164825391, -10.2634943114, 0.0145969065405, 5.02601354003
7.43, 1.03178413212, -10.2134401005, 0.00982035086055, 4.99032381647
7.44, 1.03183597251, -10.1637545877, 0.000924099724805, 4.95171995891
7.45, 1.03186395317, -10.1144789648, 0.00245413184093, 4.90905999998
7.46, 1.03193428099, -10.0656364999, 0.0100409943128, 4.86527812772
7.47, 1.03206682381, -10.017249448, 0.0131278818271, 4.81657780365
7.48, 1.0321721803, -9.96937779767, 0.00628398383589, 4.76407840195
7.49, 1.03220339511, -9.92204213535, 0.000669882329175, 4.70912199576
7.5, 1.03223576956, -9.87526251177, 0.00561035877363, 4.6528257825
7.51, 1.03234261401, -9.82905358293, 0.0128473246291, 4.59447420092
7.52, 1.03247192659, -9.78344858468, 0.0101101144385, 4.5327760171
7.53, 1.03253122706, -9.73846591096, 0.00162732690905, 4.4700386052
7.54, 1.03254222373, -9.69412094861, 0.00137930492411, 4.40502256383
7.55, 1.03260623311, -9.65044510395, 0.00971779667785, 4.33763878637
7.56, 1.03273509494, -9.60746051916, 0.0125445673085, 4.26902270329
7.57, 1.03282924465, -9.56517262055, 0.0047859213702, 4.1992333894
7.58, 1.03285375149, -9.52361378912, 0.00122441027674, 4.12722563737
7.59, 1.03287381739, -9.48278454213, 0.0034096712026, 4.05453014538
7.6, 1.03295554124, -9.44270014142, 0.0105358351263, 3.98050194917
7.61, 1.03307232703, -9.40336305863, 0.00984845688484, 3.90542763293
7.62, 1.03313509365, -9.36478312407, 0.00197321899343, 3.82930864004
7.63, 1.03313807504, -9.32696654889, -0.00059527269486, 3.75280011058
7.64, 1.03317188261, -9.28991779177, 0.0063104112324, 3.67548140331
7.65, 1.03327443518, -9.25364927192, 0.0109150047264, 3.59695036682
7.66, 1.03336384198, -9.21816960186, 0.00487858131666, 3.51748168872
7.67, 1.03337798783, -9.1834897568, 0.00200032244167, 3.43746450906
7.68, 1.03337746822, -9.14960805539, 0.000244323894811, 3.35804268031
7.69, 1.03342565402, -9.11651562102, 0.00754845235937, 3.27959124784
7.7, 1.03352572643, -9.08420287785, 0.00931836152778, 3.20210584015
7.71, 1.03359115031, -9.0526601523, 0.002467119374, 3.12558506302
7.72, 1.03359186917, -9.02187788641, -0.00166427455344, 3.05001045689
7.73, 1.0336060997, -8.99184675405, 0.00394452765887, 2.97536058476
7.74, 1.03369107346, -8.96255696422, 0.0100629561628, 2.90162371653
7.75, 1.03378606893, -8.93399415673, 0.00637460082795, 2.82879792632
7.76, 1.03381133341, -8.90614796206, -0.00126043953345, 2.7568856156
7.77, 1.03380085792, -8.87900951266, -0.000304890958902, 2.68585300587
7.78, 1.03384709944, -8.85257018238, 0.00758652751184, 2.61568900459
7.79, 1.03394708986, -8.8268213538, 0.00910905426581, 2.54639722117
7.8, 1.03400564669, -8.80175441149, 0.00139434694948, 2.47796901784
7.81, 1.03399352784, -8.777360917, -0.00295656571749, 2.41037968756
7.82, 1.03399786493, -8.75363269573, 0.00325521573744, 2.34360761985
7.83, 1.0340779765, -8.73056162904, 0.00960211046174, 2.27788153288
7.84, 1.03416500344, -8.70813603895, 0.00521420010517, 2.21416740372
7.85, 1.03417487792, -8.68633842773, -0.0029745316401, 2.15223437078
7.86, 1.03414964505, -8.66515129369, -0.00143600084281, 2.09202008573
7.87, 1.03418960276, -8.64455770493, 0.00726836676537, 2.03347956156
7.88, 1.0342858589, -8.62454106864, 0.0084921269858, 1.97658408262
7.89, 1.03433311744, -8.60508512288, -0.000130476084146, 1.92129250562
7.9, 1.03431730122, -8.58617412359, -0.00332787715148, 1.86754628131
7.91, 1.03430570089, -8.56779286288, 0.000957965272845, 1.81529949167
7.92, 1.03436405799, -8.54992657395, 0.00792599019566, 1.76451225065
7.93, 1.03444590601, -8.53256079923, 0.00557780836522, 1.71515594741
7.94, 1.034462659, -8.51568143482, -0.00248007726999, 1.66718627309
7.95, 1.03443200632, -8.49927487262, -0.00294506407039, 1.62055229589
7.96, 1.03445031409, -8.48332799987, 0.00497046008331, 1.57521302004
7.97, 1.03453218558, -8.4678279903, 0.00798987020205, 1.53114558671
7.98, 1.0345843729, -8.45276224418, 0.000818118488074, 1.48832234553
7.99, 1.03456045949, -8.4381185427, -0.00481859235132, 1.44669745208
8.0, 1.03453988915, -8.42388514886, 0.000478756272793, 1.4062263145
8.01, 1.03459686572, -8.41005066916, 0.007890647131, 1.36688541563
8.02, 1.03467553866, -8.39660387678, 0.00489524123776, 1.32865733877
8.03, 1.03468140362, -8.38353380028, -0.00379121045666, 1.2915071774
8.04, 1.03463949512, -8.37082989563, -0.00377019104963, 1.25538905938
8.05, 1.03465463649, -8.35848203887, 0.00498449034334, 1.22027081346
8.06, 1.03473679347, -8.34648029861, 0.00782862339423, 1.18614008417
8.07, 1.03478248744, -8.33481488841, -0.000231155842587, 1.15297509599
8.08, 1.0347465878, -8.32347633803, -0.005954492772, 1.12073630699
8.09, 1.03471935422, -8.3124556051, 0.000242532804059, 1.08938508708
8.1, 1.03477733514, -8.30174391561, 0.00807389370351, 1.05890641655
8.11, 1.03485444528, -8.2913325767, 0.00433032179524, 1.0292907871
8.12, 1.03485030198, -8.2812130815, -0.00501512330755, 1.00050950884
8.13, 1.03481215088, -8.27137730895, -0.00467929252729, 0.97252280103
8.14, 1.03481021886, -8.26181741999, 0.00299753944159, 0.945308960763
8.15, 1.03487937732, -8.25252576255, 0.00738118206563, 0.918857822144
8.16, 1.03493108123, -8.24349475252, 0.000939684554871, 0.893157026429
8.17, 1.03490354436, -8.23471702355, -0.00579747828605, 0.868176349152
8.18, 1.03486621911, -8.22618556038, -0.00157790705338, 0.843882278955
8.19, 1.03490560506, -8.2178935924, 0.00663216485656, 0.820261549649
8.2, 1.03498019945, -8.20983439224, 0.00504564006677, 0.797310973459
8.21, 1.03498779313, -8.20200133631, -0.00393849681268, 0.775010794648
8.22, 1.03493617845, -8.19438808583, -0.0054185552123, 0.753327819144
8.23, 1.03493220495, -8.18698861606, 0.00317328288047, 0.732239309084
8.24, 1.0350040944, -8.17979699676, 0.00752674845299, 0.711744238076
8.25, 1.03505247944, -8.17280731061, 0.000184688325042, 0.691834859568
8.26, 1.0350149988, -8.16601382069, -0.00680096635391, 0.672484086934
8.27, 1.03497189666, -8.15941111103, -0.00172311326189, 0.653662010818
8.28, 1.03501388672, -8.15299396153, 0.00705021164576, 0.635361234932
8.29, 1.0350898749, -8.14675713566, 0.00480068395459, 0.617583813344
8.3, 1.0350900912, -8.14069546069, -0.00496633223275, 0.600312998332
8.31, 1.0350436486, -8.13480404078, -0.0055989712991, 0.583517353433
8.32, 1.03502751103, -8.12907819979, 0.00140897638675, 0.56718293959
8.33, 1.0350851771, -8.12351336488, 0.00676062115043, 0.551306608355
8.34, 1.03513721011, -8.11810495002, 0.00132123280026, 0.535885678677
8.35, 1.0351114693, -8.11284848703, -0.00603806727237, 0.52089960514
8.36, 1.03506465785, -8.10773977073, -0.00302168486951, 0.506322280745
8.37, 1.03508952048, -8.10277478574, 0.00544275072555, 0.492145314945
8.38, 1.03515965403, -8.09794949626, 0.00519408091573, 0.478373621273
8.39, 1.03517158413, -8.09325988009, -0.0035693373741, 0.464996759852
8.4, 1.03511726891, -8.08870211029, -0.0063164592014, 0.451989405898
8.41, 1.03509949491, -8.0842726128, 0.00164955105849, 0.439333410689
8.42, 1.03516123319, -8.07996786612, 0.00710335558332, 0.427032990276
8.43, 1.03521224675, -8.07578428958, 0.000796140986707, 0.415088809507
8.44, 1.03517821942, -8.07171839676, -0.00693973995816, 0.403482123848
8.45, 1.03512603378, -8.06776695184, -0.00315012341177, 0.392188144446
8.46, 1.03515406914, -8.06392687911, 0.00597526991239, 0.381202840069
8.47, 1.03522744991, -8.06019503941, 0.00517664551662, 0.370534762165
8.48, 1.03523405522, -8.05656828054, -0.00443625312274, 0.360174928364
8.49, 1.03517156583, -8.05304363446, -0.00689672937725, 0.350099349097
8.5, 1.03515349652, -8.04961837292, 0.00204076658987, 0.340292054905
8.51, 1.03522061031, -8.04628978097, 0.00754149112332, 0.330761706935
8.52, 1.03527098292, -8.04305505088, 0.000269880403015, 0.321511223459
8.53, 1.03523323136, -8.03991142121, -0.00317950794455, 0.312556932557
8.54, 1.03518421424, -8.03685653085, -0.00405284699311, 0.303772432037
8.55, 1.03519747372, -8.0338878763, 0.0044346575312, 0.295260964992
8.56, 1.03526397453, -8.03100306837, 0.00539436604724, 0.287014657851
8.57, 1.03528146997, -8.0281986453, -0.00298011580024, 0.279149636898
8.58, 1.03522777415, -8.02547167318, -0.00682041048122, 0.271549632503
8.59, 1.03519966493, -8.02281896443, 0.000390855431357, 0.264286482222
8.6, 1.03525249614, -8.02023650949, 0.00671069834711, 0.257452381559
8.61, 1.0353063905, -8.01772131322, 0.00148442705836, 0.250857682249
8.62, 1.03527789503, -8.01527054633, -0.00676116567571, 0.244572176072
8.63, 1.03522024654, -8.01288073372, -0.00422942392601, 0.238655497133
8.64, 1.03523654174, -8.01054846926, 0.00500251863126, 0.233032723987
8.65, 1.03530737343, -8.00827106664, 0.00553246832842, 0.227680814554
8.66, 1.03532108413, -8.0060458178, -0.00372177028642, 0.222611634168
8.67, 1.03525973809, -8.00386961424, -0.00740434496501, 0.217837054066
8.68, 1.03523109527, -8.00174005058, 0.000771751612844, 0.213279698885
8.69, 1.03528988566, -7.99965490869, 0.00727149515049, 0.208952198751
8.7, 1.03534479049, -7.99761184269, 0.00113146264375, 0.204876245534
8.71, 1.03531378896, -7.99560795358, -0.00291837812697, 0.201110413827
8.72, 1.03525930837, -7.99364109026, -0.00517109688016, 0.197502262461
8.73, 1.03526073136, -7.99170849341, 0.0035051287094, 0.194205121085
8.74, 1.03532595889, -7.98980748345, 0.00593245601465, 0.191158014485
8.75, 1.03535237737, -7.98793593832, -0.00211903524952, 0.188307443367
8.76, 1.03530041309, -7.98609184402, -0.00733953339106, 0.18568194239
8.77, 1.03526134505, -7.98427286554, -0.000904449180879, 0.183253886587
8.78, 1.03530640598, -7.98247733219, 0.00657047338929, 0.180993835417
8.79, 1.03536665513, -7.98070353409, 0.00253768818757, 0.17890328116
8.8, 1.03534615314, -7.97894968699, -0.00646803413143, 0.177017143313
8.81, 1.03528279754, -7.97721356879, -0.00539810468316, 0.175343896726
8.82, 1.03528718466, -7.97549309853, 0.00412691198355, 0.173863904252
8.83, 1.03535810994, -7.9737865873, 0.00625779832846, 0.172574219827
8.84, 1.0353824043, -7.97209186743, -0.00274137216455, 0.171474687332
8.85, 1.03532306499, -7.97040748171, -0.00796113278735, 0.170499051787
8.86, 1.03528294952, -7.96873225826, -0.000549615911289, 0.169641043815
8.87, 1.03533455355, -7.96706504806, 0.00726441500851, 0.168922559241
8.88, 1.03539755517, -7.96540343603, 0.00235948253964, 0.168482356624
8.89, 1.03537086448, -7.96374573002, -0.00728044525138, 0.168137243866
8.9, 1.03531639732, -7.9620908524, -0.00578480243218, 0.167952524986
8.91, 1.03530864559, -7.96043673202, 0.0026035888518, 0.167939179469
8.92, 1.03537065999, -7.9587823065, 0.00618977872279, 0.168015105667
8.93, 1.03540470148, -7.95712659995, -0.00117886533395, 0.168193401435
8.94, 1.03535799801, -7.95546865953, -0.0073429199017, 0.16847155839
8.95, 1.0353124344, -7.95380722379, -0.00191377501873, 0.168868959523
8.96, 1.03534950358, -7.95214148544, 0.00619042753794, 0.169335041363
8.97, 1.03541331933, -7.95047048697, 0.00340273171246, 0.169956192654
8.98, 1.03540188116, -7.94879225627, -0.00581595302903, 0.170732920947
8.99, 1.03533774327, -7.94710601404, -0.00608063680704, 0.171553970514
9.0, 1.03533249494, -7.94541132386, 0.0032195857808, 0.172439509413
9.01, 1.03540088226, -7.94370718777, 0.00663758978774, 0.173427491822
9.02, 1.03543414456, -7.94199286055, -0.00168549091632, 0.174475805411
9.03, 1.03538046435, -7.94026777527, -0.00798907379777, 0.1755741194
9.04, 1.03533322554, -7.93853156087, -0.00162351495969, 0.176711461518
9.05, 1.0353768163, -7.93678345764, 0.00694622394185, 0.177937518093
9.06, 1.03544459795, -7.93502282203, 0.00337001647838, 0.179220913953
9.07, 1.03542796653, -7.93324900137, -0.00658721437884, 0.18060064012
9.08, 1.03537235883, -7.93146055841, -0.00654969890812, 0.182109755228
9.09, 1.03535431386, -7.92965694431, 0.00167525560739, 0.18363316783
9.1, 1.03541441681, -7.92783791159, 0.00669273501917, 0.185197733709
9.11, 1.0354587503, -7.92600297712, -1.48128197975e-05, 0.186832893075
9.12, 1.03541797002, -7.92415107314, -0.00741369829774, 0.188549565643
9.13, 1.03536445174, -7.92228220161, -0.0030710269159, 0.190227075518
9.14, 1.03539336327, -7.92039744663, 0.00592845774599, 0.191515209711
9.15, 1.03546313931, -7.91850491377, 0.00455334489044, 0.191958121154
9.16, 1.0354626363, -7.91660952498, -0.0051012051081, 0.19209358751
9.17, 1.03539669193, -7.91471459336, -0.00695689664238, 0.191831837142
9.18, 1.03538024145, -7.91282586531, 0.00225182965748, 0.19092640272
9.19, 1.03544719955, -7.91094775614, 0.00725279495154, 0.189713292385
9.2, 1.03549186334, -7.90908343062, -0.000443597935478, 0.188171919518
9.21, 1.03544857493, -7.90723605577, -0.00347239477946, 0.186289079496
9.22, 1.03539995974, -7.90541105618, -0.00379889933775, 0.183805264098
9.23, 1.03541548941, -7.90361199358, 0.00450069845544, 0.1810618827
9.24, 1.035479118, -7.90184181451, 0.00483066028436, 0.177972248145
9.25, 1.03549019852, -7.90010531507, -0.00355066637969, 0.174415395061
9.26, 1.03543426664, -7.89840575262, -0.00673659261121, 0.170579267751
9.27, 1.0354090726, -7.89674618234, 0.00071364514169, 0.166347066616
9.28, 1.03546240638, -7.89513121397, 0.00645951923053, 0.161798342709
9.29, 1.0355107818, -7.89356180045, 0.000796166683974, 0.157272825324
9.3, 1.03547724964, -7.89203694957, -0.00700102695926, 0.152876966856
9.31, 1.03542093343, -7.8905554712, -0.00386923902418, 0.148592861895
9.32, 1.03544026292, -7.88911627615, 0.00511449743633, 0.144420925969
9.33, 1.0355082762, -7.88771816628, 0.00495581551604, 0.140374796834
9.34, 1.03551549665, -7.88635987134, -0.00427683966351, 0.136452032194
9.35, 1.03545240867, -7.88504024239, -0.00724513432231, 0.132634179489
9.36, 1.03542740544, -7.88375831766, 0.00115227138839, 0.128909934236
9.37, 1.03548684887, -7.88251311345, 0.00700326444033, 0.125291454305
9.38, 1.03553591984, -7.88130350696, 0.000417457946373, 0.121787093951
9.39, 1.03549527848, -7.88012839924, -0.00779563421474, 0.118384334695
9.4, 1.03543478488, -7.87898688307, -0.00385594851006, 0.115064266545
9.41, 1.03545893567, -7.87787815213, 0.00582669585494, 0.111829307981
9.42, 1.03553186596, -7.87680126477, 0.00508718094133, 0.108695219891
9.43, 1.03553489752, -7.87575519845, -0.00505334477691, 0.105659505552
9.44, 1.03547878685, -7.87473907679, -0.00730815096527, 0.102701998393
10.3, 1.03555256733, -7.83212659976, -0.00768337124993, 0.101604548411
10.31, 1.03551080748, -7.83111453017, -0.00103162272474, 0.105763900394
10.32, 1.03555659208, -7.83006081378, 0.00675173598147, 0.109937679429
10.33, 1.03561821381, -7.82896510636, 0.00255764175127, 0.114190682122
10.34, 1.03559585328, -7.8278261674, -0.00680844513096, 0.118545105038
10.35, 1.0355289737, -7.82664282254, -0.00568475110177, 0.123058543683
10.36, 1.0355327015, -7.82541433331, 0.0042393671313, 0.127613840506
10.37, 1.03560577188, -7.82413956034, 0.00646468809119, 0.132285090317
10.38, 1.03563037679, -7.82281808745, -0.00289577257389, 0.136951322599
10.39, 1.03558118573, -7.82144991642, -0.00713109382376, 0.141623105416
10.4, 1.0355322824, -7.82003484907, -0.00248068102126, 0.146387693056
10.41, 1.03556481298, -7.81857116111, 0.00596797405322, 0.15128545785
10.42, 1.03563063188, -7.81705839298, 0.00389449813586, 0.156208399469
10.43, 1.03562443664, -7.81549615638, -0.00543537593884, 0.161237198898
10.44, 1.03555994113, -7.81388235106, -0.00646573579263, 0.166451892571
10.45, 1.03554923737, -7.81221607072, 0.00270452007554, 0.171788328062
10.46, 1.03561626491, -7.81049506532, 0.00686523017078, 0.177419860938
10.47, 1.03565481681, -7.8087160849, -0.0010645754584, 0.183375995807
10.48, 1.03560463115, -7.80687533536, -0.00798035710479, 0.189702059042
10.49, 1.03555356901, -7.80497063502, -0.00221757166013, 0.196168425771
10.5, 1.03559281093, -7.80300030586, 0.00678801249653, 0.202963422516
10.51, 1.03566368667, -7.80095826315, 0.00399008959684, 0.210351887983
10.52, 1.03565337075, -7.79884151765, -0.00613205635301, 0.21790051535
10.53, 1.03559798779, -7.79664726638, -0.00624975027868, 0.226117933587
10.54, 1.03557883282, -7.79436541752, 0.00129510514713, 0.235122294372
10.55, 1.03563511814, -7.79199146407, 0.0064503937018, 0.24467399993
10.56, 1.0356810037, -7.78951770815, 0.000454803348864, 0.254957075075
10.57, 1.0356464675, -7.78693938991, -0.00682501523836, 0.265715986225
10.58, 1.03559552509, -7.78424859889, -0.00314360362992, 0.277291989268
10.59, 1.03562127284, -7.78143971581, 0.0055392358516, 0.289501037476
10.6, 1.03568994747, -7.77850346205, 0.00475432887928, 0.302752782523
10.61, 1.03569516339, -7.77542966935, -0.00434453629947, 0.316810956189
10.62, 1.03563560629, -7.77221340548, -0.00656479248486, 0.331238629495
10.63, 1.03561928064, -7.7688494913, 0.00199503204376, 0.34668109553
10.64, 1.03568394361, -7.76532396419, 0.0071830197557, 0.363093155747
10.65, 1.03573230881, -7.76163194725, 0.000256478996401, 0.380024680725
10.66, 1.03569299506, -7.7577685948, -0.00733931576676, 0.397523183947
10.67, 1.03564120627, -7.75372530092, -0.00277914292287, 0.415958172293
10.68, 1.03567506753, -7.74949311972, 0.00653909204317, 0.435115825932
10.69, 1.03575109737, -7.74506817336, 0.00510017485686, 0.454515661543
10.7, 1.03575453475, -7.74044789764, -0.0048443734707, 0.474392143521
10.71, 1.03569105605, -7.73562009994, -0.0066724990118, 0.495718004621
10.72, 1.03567948984, -7.73057827629, 0.00289743193181, 0.517237199585
