timestamp, prius1 x posi, prius1 y posi, prius1 x vel, prius1 y vel.
0.0, 0.0, 0.0, 0.0, 0.0
0.00999999999999, -25.05452771, -0.99992117304, 0.114550356923, 0.00501011056353
0.02, -25.0533515946, -0.99991198798, 0.125569911291, -0.00414096231786
0.03, -25.052062612, -0.999977343961, 0.137215950562, -0.00782971252499
0.04, -25.0506548671, -1.00001070418, 0.149204488743, 0.000242014426759
0.05, -25.0491262336, -0.999957380519, 0.161383347294, 0.00671449361359
0.06, -25.0474731734, -0.999907476373, 0.174181296343, 0.00066744996889
0.07, -25.0456884128, -0.999947303691, 0.187709196142, -0.00800671611669
0.08, -25.0437659283, -1.00001411452, 0.201596476318, -0.00477512452548
0.09, -25.0417040628, -0.999998730632, 0.215589121161, 0.00513027985871
0.1, -25.0394996809, -0.999928223037, 0.230337030791, 0.00517601795978
0.11, -25.0371431164, -0.999923076909, 0.245740873627, -0.00493476408702
0.12, -25.0346320932, -0.999996400541, 0.261235804153, -0.00841419809796
0.13, -25.0319654463, -1.00002981425, 0.276975213824, 0.00069731459591
0.14, -25.0291378357, -0.999969940761, 0.293275982035, 0.00729984428438
0.15, -25.0261467604, -0.99991940265, 0.309671382917, 0.000230808192515
0.16, -25.0229912065, -0.999962610335, 0.3261697561, -0.00415910601516
0.17, -25.0196697062, -1.00002648362, 0.342994823669, -0.00572925984515
0.18, -25.0161776989, -1.00002605, 0.360126864819, 0.00362040692047
0.19, -25.0125137499, -0.999961539613, 0.37737167703, 0.00550996563698
0.2, -25.0086763022, -0.999944588, 0.39495563774, -0.00343238997022
0.21, -25.0046608324, -1.00000938027, 0.412839175876, -0.00841298771334
0.22, -25.0004662886, -1.00005361489, 0.43076861856, -0.00100580643919
0.23, -24.9960906441, -1.00000788233, 0.449151348062, 0.00653552584044
0.24, -24.9915283531, -0.999952973124, 0.468087518944, 0.00152003889409
0.25, -24.9867749405, -0.999986934193, 0.487249383719, -0.00790702078334
0.26, -24.9818309955, -1.00006065922, 0.50608237003, -0.00600674646503
0.27, -24.9766977888, -1.00005754825, 0.525441402364, 0.00420946429963
0.28, -24.9713681592, -0.999988143443, 0.545125327437, 0.00570955484644
0.29, -24.9658408863, -0.999974934351, 0.565089198535, -0.00423062571773
0.3, -24.9601114339, -1.00004857876, 0.585547681017, -0.00914833959629
0.31, -24.9541757881, -1.00009457394, 0.60619520573, -0.000701559814747
0.32, -24.9480330339, -1.00005114423, 0.627086697285, 0.00374417256391
0.33, -24.9416794139, -0.999998595121, 0.648223524607, 0.00234633027669
0.34, -24.9351143148, -1.00002000162, 0.669521241653, -0.00673559001572
0.35, -24.9283346737, -1.00009177459, 0.690998885865, -0.00676205859484
0.36, -24.9213404388, -1.00010384402, 0.712439028791, 0.00245677187974
0.37, -24.9141312419, -1.00004454525, 0.734110518261, 0.00559059996167
0.38, -24.9067037951, -1.00002214832, 0.755956577855, -0.00276758242325
0.39, -24.899057259, -1.0000851801, 0.778048476542, -0.00880935241028
0.4, -24.8911881865, -1.00013967487, 0.800324220659, -0.00235399159334
0.41, -24.8830959118, -1.00010457985, 0.822807959764, 0.00594214071858
0.42, -24.8747777622, -1.00004812762, 0.84537739249, 0.00215923237732
0.43, -24.8662343523, -1.000076005, 0.867863094967, -0.00761627012375
0.44, -24.857465455, -1.00015448447, 0.890588586696, -0.00708703753242
0.45, -24.8484680412, -1.0001643936, 0.913436499005, 0.00302379604748
0.46, -24.8392431613, -1.00009978633, 0.936091992806, 0.00587695103033
0.47, -24.8297904119, -1.00008023063, 0.959253136246, -0.00349387604068
0.48, -24.8201023489, -1.00015208184, 0.982877312903, -0.00960468904648
0.49, -24.8101792902, -1.00020935584, 1.00627082764, -0.00215479452044
0.5, -24.8000222617, -1.00016882318, 1.02965487758, 0.00655899219073
0.51, -24.7896303625, -1.00012419137, 1.05348999282, 0.00249588309032
0.52, -24.7789971558, -1.00014111105, 1.0776546819, -0.00628542582112
0.53, -24.7681232398, -1.00021344119, 1.10164517424, -0.00733627293146
0.54, -24.7570091528, -1.00023578052, 1.12580237281, 0.0012623488485
0.55, -24.7456526243, -1.00018481405, 1.15000798824, 0.00521852194421
0.56, -24.7340538977, -1.00016036057, 1.17436214636, -0.00224199436897
0.57, -24.7222103401, -1.00021989134, 1.19883791663, -0.00882774713414
0.58, -24.7101223906, -1.00028099611, 1.2233736091, -0.00346218644722
0.59, -24.6977880513, -1.00025728444, 1.24798288357, 0.00502737803615
0.6, -24.6852082596, -1.00020357185, 1.27258904675, 0.00240604972494
0.61, -24.67237992, -1.00022653374, 1.2976791116, -0.00717412384578
0.62, -24.6592990855, -1.00030624694, 1.32308906823, -0.0077648907716
0.63, -24.6459632369, -1.00032740816, 1.34855129847, 0.00175490931985
0.64, -24.6323728421, -1.00027122477, 1.37411817717, 0.00555024720938
0.65, -24.6185258919, -1.00024888181, 1.39973595691, -0.00290202120778
0.66, -24.6044236003, -1.00031715744, 1.42519030128, -0.00966784758564
0.67, -24.5900664101, -1.0003818998, 1.4508212283, -0.00336246004726
0.68, -24.5754511827, -1.00035341967, 1.47678427497, 0.00561908283288
0.69, -24.5605761156, -1.0002973625, 1.50268451609, 0.0022060180075
0.7, -24.5454429006, -1.00032737256, 1.52841639877, -0.00815098842909
0.71, -24.5300523868, -1.00040021111, 1.55426482268, -0.00776039974473
0.72, -24.5144026337, -1.00043211219, 1.58013776955, 9.34297940104e-05
0.73, -24.498495378, -1.00038970196, 1.60577677353, 0.00479912234197
0.74, -24.482331211, -1.00036352495, 1.63161953407, -0.00171951104131
0.75, -24.4659086503, -1.00041910882, 1.65735742503, -0.00876830282682
0.76, -24.4492295038, -1.00048617398, 1.68294041962, -0.00453977743641
0.77, -24.4322954948, -1.00047426219, 1.70833281394, 0.00401745996747
0.78, -24.4151081016, -1.00042432709, 1.73383835131, 0.00257950037234
0.79, -24.3976615745, -1.00044234053, 1.75990814538, -0.00667588113403
0.8, -24.3799550899, -1.0005226008, 1.78596558543, -0.00838368284785
0.81, -24.3619860706, -1.00055498268, 1.81239997566, 0.000439234498659
0.82, -24.3437520626, -1.00050813919, 1.83883306787, 0.00511803037808
0.83, -24.3252549594, -1.00048367494, 1.86502714809, -0.00232181776841
0.84, -24.3064957618, -1.00054787025, 1.89135093983, -0.00964834261508
0.85, -24.2874726652, -1.00061957588, 1.91782343118, -0.00456763478369
0.86, -24.2681843418, -1.00060382422, 1.94427343116, 0.00456924003208
0.87, -24.2486319357, -1.00055120193, 1.9707586908, 0.00245524366373
0.88, -24.2288134743, -1.00057565269, 1.99748279967, -0.00762539707946
0.89, -24.2087271326, -1.00066413589, 2.0242160194, -0.00890366012359
0.9, -24.1883746241, -1.00069595229, 2.05071868707, 0.000911151547946
0.91, -24.1677569256, -1.00064369033, 2.07735015456, 0.00548838372765
0.92, -24.1468727109, -1.00062123394, 2.104036668, -0.00300812193771
0.93, -24.1257206781, -1.00069009459, 2.13079472388, -0.00576995857263
0.94, -24.104302247, -1.00075800757, 2.15732137228, -0.00542006625784
0.95, -24.0826183987, -1.00075718234, 2.1841039519, 0.00295283312855
0.96, -24.060664628, -1.00071278958, 2.21106346662, 0.00251637972226
0.97, -24.0384425633, -1.00072749405, 2.23777071536, -0.00622373113305
0.98, -24.0159545022, -1.00080704335, 2.26432791324, -0.00877752511001
0.99, -23.9932015966, -1.00084877151, 2.29065875954, -0.000779599479019
1.0, -23.9701871887, -1.0008120275, 2.3166988571, 0.0044861886768
1.01, -23.9469124791, -1.00078769656, 2.34267536552, -0.00191993249916
1.02, -23.9233797261, -1.00084794937, 2.36830100096, -0.00949895830503
1.03, -23.8995932082, -1.00092450227, 2.39336140035, -0.00555904322539
1.04, -23.8755578505, -1.00092075737, 2.41808701881, 0.00344897398498
1.05, -23.8512778968, -1.00087358264, 2.44236684079, 0.0024577692778
1.06, -23.8267572119, -1.00089391066, 2.46619040792, -0.00710339453459
1.07, -23.8020010947, -1.00098169262, 2.48947067056, -0.00935394903866
1.08, -23.7770149013, -1.00102378075, 2.51226936916, -0.000399269246325
1.09, -23.7518022692, -1.00098195943, 2.53471326847, 0.00488853632084
1.1, -23.7263678304, -1.00095869725, 2.55664852609, -0.00248056487907
1.11, -23.7007166025, -1.00102755025, 2.57808891753, -0.010397640986
1.12, -23.6748531727, -1.00110888414, 2.59912530097, -0.00557800785337
1.13, -23.6487814614, -1.00110084886, 2.61972859362, 0.00407846267171
1.14, -23.6225061311, -1.00105015472, 2.63986328855, 0.00241543474348
1.15, -23.5960313712, -1.00107643053, 2.65968479611, -0.00802862568627
1.16, -23.5693598167, -1.0011724675, 2.67917942766, -0.00988183895688
1.17, -23.5424954517, -1.00121389509, 2.69825333508, 0.000108072428876
1.18, -23.5154421784, -1.00117817486, 2.71699153066, 0.00366293615594
1.19, -23.4882031632, -1.00115243568, 2.73541617448, -0.00138066523312
1.2, -23.4607814934, -1.00120895715, 2.75350557027, -0.0094863401987
1.21, -23.4331810588, -1.00129211405, 2.77118499654, -0.00668300809498
1.22, -23.4054055165, -1.00130009812, 2.78855913081, 0.00250791654819
1.23, -23.3774577092, -1.00125563119, 2.80562041083, 0.00275121819387
1.24, -23.3493409091, -1.00127025163, 2.82239936042, -0.00656038654964
1.25, -23.3210575903, -1.00135847725, 2.83890266986, -0.00996878028403
1.26, -23.2926107665, -1.00141151117, 2.85513729347, -0.00164390886909
1.27, -23.2640028747, -1.00137779517, 2.87109213481, 0.00462169902148
1.28, -23.2352370055, -1.00135081342, 2.88674023411, -0.00175819114329
1.29, -23.2063160347, -1.00141474967, 2.90215232393, -0.0103311990745
1.3, -23.1772421566, -1.00150271814, 2.91732847603, -0.00673159086863
1.31, -23.1480175616, -1.0015063546, 2.93227049992, 0.00319036547909
1.32, -23.1186448919, -1.00145716508, 2.9469764322, 0.00286838165232
1.33, -23.0891263075, -1.00147628637, 2.96143565286, -0.00738282834819
1.34, -23.0594646136, -1.00157252907, 2.97561012442, -0.0105331999607
1.35, -23.0296622983, -1.00162539424, 2.98958720393, -0.00116679039405
1.36, -22.9997211179, -1.00159328452, 3.00338826949, 0.00182574544024
1.37, -22.9696428971, -1.00156953701, 3.01697380135, -0.00103115407041
1.38, -22.9394300391, -1.00162115195, 3.03035380527, -0.0090943439227
1.39, -22.9090839986, -1.00170562491, 3.04361082426, -0.00728359231121
1.4, -22.8786064275, -1.00172281793, 3.05664073716, 0.00153771164099
1.41, -22.8479998114, -1.00168382828, 3.06942446553, 0.00267236259373
1.42, -22.817266557, -1.00169453206, 3.0820029054, -0.00594970435396
1.43, -22.7864081678, -1.00177939125, 3.09443079095, -0.0100304966057
1.44, -22.7554267561, -1.00183879273, 3.10661556355, -0.00263113147922
1.45, -22.7243244152, -1.00181411898, 3.11864750622, 0.00401183462913
1.46, -22.6931020083, -1.00178710808, 3.13066202791, -0.00129095842804
1.47, -22.6617596939, -1.00184516105, 3.14257492032, -0.00987970022669
1.48, -22.6302993899, -1.00193446944, 3.15426262997, -0.00737728191812
1.49, -22.5987225754, -1.00194776402, 3.16596103519, 0.00219751231814
1.5, -22.5670285225, -1.00190368231, 3.17762191129, 0.00287319003798
1.51, -22.5352190067, -1.00191785293, 3.18906498827, -0.00667784350064
1.52, -22.5032960659, -1.002010327, 3.20031361675, -0.0106063248688
1.53, -22.471261586, -1.00207002771, 3.21140623906, -0.00220934584982
1.54, -22.4391166502, -1.00203896942, 3.22237413206, 0.00461198203385
1.55, -22.4068630717, -1.00201081041, 3.23314336746, -0.00164946963055
1.56, -22.3745024444, -1.00207630421, 3.24381373502, -0.0107446293223
1.57, -22.3420357965, -1.00217061229, 3.25432994321, -0.00743471874475
1.58, -22.3094646506, -1.00217933752, 3.26473852444, 0.00292716680841
1.59, -22.2767898894, -1.00214447391, 3.27502623944, 0.0029716030853
1.6, -22.2440130175, -1.00214830754, 3.28519637203, -0.00522323028461
1.61, -22.2111349108, -1.00223142736, 3.29525153757, -0.0104356118387
1.62, -22.1781571478, -1.00230036441, 3.30513296113, -0.00380763844769
1.63, -22.1450813928, -1.00228366977, 3.31487290191, 0.00373417958425
1.64, -22.1119084084, -1.00225252808, 3.32455577917, -0.000467674688037
1.65, -22.0786393998, -1.00230385645, 3.33408719849, -0.00959335744951
1.66, -22.0452758345, -1.00239784834, 3.34349906075, -0.00839036504215
1.67, -22.011818349, -1.00242226579, 3.35284299658, 0.00130173518166
1.68, -21.9782681531, -1.00237977686, 3.3620433446, 0.00334604865174
1.69, -21.9446263487, -1.0023857051, 3.37119135178, -0.00585495301152
1.7, -21.9108933612, -1.00247629145, 3.38028986515, -0.0110598415129
1.71, -21.8770697343, -1.00254623475, 3.38929326888, -0.00344428527946
1.72, -21.8431566495, -1.00252301301, 3.39817845045, 0.00441539321974
1.73, -21.8091552267, -1.0024894433, 3.40699169597, -0.000689553243265
1.74, -21.7750659201, -1.0025474682, 3.41576125264, -0.010453197566
1.75, -21.7408891394, -1.0026328382, 3.42446247726, -0.00880782298759
1.76, -21.7066256104, -1.00266979594, 3.4331326002, -0.000267494353949
1.77, -21.672275349, -1.00263675999, 3.44182485207, 0.00322163804116
1.78, -21.6378382702, -1.00263351269, 3.45045165895, -0.0043446747236
1.79, -21.6033156942, -1.00271194524, 3.45893199773, -0.0104858378491
1.8, -21.5687088814, -1.0027878107, 3.46732342547, -0.00485815468601
1.81, -21.5340185721, -1.0027797247, 3.47560648029, 0.00327544149862
1.82, -21.4992462474, -1.00274606182, 3.48372832068, 0.00028114534764
1.83, -21.4643929408, -1.00278949777, 3.4918429128, -0.00904685457556
1.84, -21.4294587653, -1.002885189, 3.49987074364, -0.00915137034049
1.85, -21.3944450398, -1.0029200887, 3.50775479472, 0.000302700263276
1.86, -21.359353138, -1.00288129027, 3.51550625288, 0.0035951643705
1.87, -21.3241843122, -1.00287969224, 3.52316573414, -0.0049419507911
1.88, -21.2889392891, -1.00296591122, 3.53073192982, -0.0111993350682
1.89, -21.2536191381, -1.00304399065, 3.53821379933, -0.00461323410509
1.9, -21.2182243834, -1.00302991475, 3.54564985476, 0.00396841875335
1.91, -21.1827555645, -1.00299309363, 3.55300777209, 0.000157583537144
1.92, -21.1472137505, -1.00304263251, 3.56025417774, -0.0099008975707
1.93, -21.1115999232, -1.00314463452, 3.56743342991, -0.00941416665416
1.94, -21.0759146808, -1.0031764468, 3.57451924644, 0.000984288017033
1.95, -21.0401591644, -1.0031451606, 3.58148905837, 0.00320432161459
1.96, -21.0043345127, -1.00313596723, 3.58835075166, -0.00353944994691
1.97, -20.9684415473, -1.00321030823, 3.59519619824, -0.010590070442
1.98, -20.9324801062, -1.0032937236, 3.60200707953, -0.00597778405824
1.99, -20.8964510737, -1.00329490344, 3.60871357137, 0.00276011753339
2.0, -20.860355338, -1.0032590188, 3.615367531, 0.00102333808719
2.01, -20.824193271, -1.00329445262, 3.6219634463, -0.0084837797683
2.02, -20.787965838, -1.00339181284, 3.62844857089, -0.00992387904233
2.03, -20.7516740029, -1.00343744278, 3.63484256591, -0.000726185304579
2.04, -20.7153184897, -1.0034024938, 3.64121478571, 0.0038469736918
2.05, -20.6788992965, -1.00339309792, 3.64754652443, -0.00398766939348
2.06, -20.6424173471, -1.00347457594, 3.65377296807, -0.0113131978903
2.07, -20.6058735403, -1.00356076591, 3.65993784914, -0.00579650645976
2.08, -20.5692683181, -1.00355598708, 3.66603628211, 0.00351531468772
2.09, -20.5326025749, -1.0035157171, 3.6720429727, 0.00104543775088
2.1, -20.4958772872, -1.00355627377, 3.67796578577, -0.00930245880549
2.11, -20.4590928706, -1.00364597056, 3.68385720594, -0.00985310496947
2.12, -20.4222500155, -1.00370133427, 3.68965531936, -0.0022464848241
2.13, -20.3853495909, -1.00367824857, 3.6953693062, 0.00331570102463
2.14, -20.348392355, -1.00366295573, 3.70105469498, -0.00262829498872
2.15, -20.3113782053, -1.00373054451, 3.70670316608, -0.0103359220213
2.16, -20.2743084033, -1.00381836316, 3.71219148494, -0.00688641141254
2.17, -20.2371834277, -1.00382868363, 3.7177587638, 0.00211160350952
2.18, -20.2000029124, -1.00379231247, 3.72330177961, 0.00163320329315
2.19, -20.1627672395, -1.0038192975, 3.72877711492, -0.00772061743478
2.2, -20.1254773626, -1.00391539342, 3.73414319009, -0.0104000896398
2.21, -20.0881344076, -1.00397036825, 3.73940242201, -0.00178118459853
2.22, -20.0507393212, -1.00394108282, 3.74456111179, 0.003851665781
2.23, -20.0132932133, -1.00392532214, 3.74961053578, -0.00303264460407
2.24, -19.975797376, -1.00400011975, 3.75449252041, -0.0111196877924
2.25, -19.9382537007, -1.00409180196, 3.75918616603, -0.00682978700248
2.26, -19.9006641194, -1.00409695861, 3.76368222256, 0.00284396515923
2.27, -19.8630304268, -1.00405570835, 3.76800288004, 0.00174690557248
2.28, -19.825354453, -1.00408705992, 3.77215476761, -0.00850287236123
2.29, -19.7876377778, -1.00419031261, 3.77615139543, -0.0108474193153
2.3, -19.7498818691, -1.00424391103, 3.78000294463, -0.00119858258838
2.31, -19.712088259, -1.00421947433, 3.78367686456, 0.00278449633557
2.32, -19.6742588408, -1.00419974857, 3.7871860818, -0.00180250038017
2.33, -19.6363950258, -1.00426121467, 3.79056346951, -0.0101326190375
2.34, -19.5984981336, -1.00435400083, 3.79379949011, -0.00785644255735
2.35, -19.5605696682, -1.00437409974, 3.79688083164, 0.00140376878041
2.36, -19.5226111701, -1.00433762263, 3.7998148564, 0.00222707731538
2.37, -19.4846239455, -1.00435609622, 3.80263203799, -0.00693781333528
2.38, -19.4466091549, -1.00445078996, 3.80532622946, -0.0108709631695
2.39, -19.4085682036, -1.00451521206, 3.80786760568, -0.00285369716022
2.4, -19.3705024526, -1.00449169972, 3.81029408445, 0.00385944458799
2.41, -19.3324130671, -1.00446932734, 3.81259133251, -0.00203643943834
2.42, -19.2943013082, -1.00453700431, 3.81478225047, -0.0108855035466
2.43, -19.2561681759, -1.00463395191, 3.81687121288, -0.00785364818843
2.44, -19.2180146943, -1.00464901693, 3.8188443598, 0.00217781996504
2.45, -19.1798419987, -1.00460657363, 3.82072140455, 0.0024863717462
2.46, -19.1416509182, -1.00462820193, 3.82253389971, -0.00764565501606
2.47, -19.1034421496, -1.00471696247, 3.82424110999, -0.0101954267267
2.48, -19.0652170787, -1.00478731975, 3.82580683587, -0.00419415064656
2.49, -19.0269768134, -1.00477703357, 3.82728592987, 0.00297618670778
2.5, -18.9887221374, -1.00475239616, 3.82869062247, -0.000926772017917
2.51, -18.9504537475, -1.00480550497, 3.83004158348, -0.00958078660575
2.52, -18.9121726418, -1.00489963172, 3.83124595132, -0.00852715677884
2.53, -18.8738796736, -1.00492846544, 3.83239887229, 0.00063381715452
2.54, -18.8355755809, -1.00489348803, 3.8334636208, 0.00265495391217
2.55, -18.7972612625, -1.00490357081, 3.83445546792, -0.00600894929941
2.56, -18.7589374128, -1.00499398639, 3.83536719487, -0.0110042342007
2.57, -18.7206048727, -1.00506565829, 3.83620294434, -0.00385816007927
2.58, -18.6822643166, -1.00504913324, 3.83696097064, 0.00363770298851
2.59, -18.6439165507, -1.00502193282, 3.83765424126, -0.00110580241967
2.6, -18.6055621242, -1.00508106968, 3.83829829391, -0.0103646834904
2.61, -18.5672016679, -1.00518027062, 3.8388576753, -0.00864723647102
2.62, -18.5288359341, -1.00520502716, 3.83935241317, 0.00135894924118
2.63, -18.4904656616, -1.00516378548, 3.83977201573, 0.00299701919034
2.64, -18.4520914041, -1.00517615215, 3.84015230982, -0.00665602116726
2.65, -18.4137137151, -1.00527392453, 3.84045745495, -0.0115892907109
2.66, -18.3753332816, -1.00534591526, 3.84070852416, -0.00341136205177
2.67, -18.336950543, -1.00533015455, 3.84091667145, 0.00105153898062
2.68, -18.2985659538, -1.00530380708, 3.84107085484, -0.000148424286743
2.69, -18.2601801449, -1.00534922409, 3.84117313098, -0.00908006986917
2.7, -18.2217935281, -1.0054452243, 3.84123590129, -0.00925763669646
2.71, -18.1834065414, -1.00548345217, 3.8412389472, -0.000202955962285
2.72, -18.1450198304, -1.00545046726, 3.841178896, 0.00305087313548
2.73, -18.1066340193, -1.00545223265, 3.84107070522, -0.00507257512918
2.74, -18.068249473, -1.00553827396, 3.8409304186, -0.0111334696123
2.75, -18.0298665332, -1.00561731112, 3.84074187483, -0.00488717258745
2.76, -17.9914857338, -1.00560803023, 3.84050812513, 0.00339565344482
2.77, -17.9531073882, -1.00557599805, 3.8402507225, -0.000157678042427
2.78, -17.9147318611, -1.00562629551, 3.83994252403, -0.00981217028989
2.79, -17.8763596507, -1.00572757515, 3.8395975684, -0.00943921703006
2.8, -17.8379909947, -1.0057621439, 3.83922949958, 0.000522159175441
2.81, -17.7996261553, -1.0057221686, 3.83883263191, 0.00351513234126
2.82, -17.7612654828, -1.00572500239, 3.83838236188, -0.00562849635902
2.83, -17.7229096797, -1.00581828552, 3.83788053252, -0.0117724291375
2.84, -17.6845590135, -1.00589847721, 3.83735527832, -0.00451766087759
2.85, -17.6462137252, -1.00589004335, 3.83679411494, 0.000868992119591
2.86, -17.6078742638, -1.00585777632, 3.83619787111, 0.000920748728319
2.87, -17.5695408764, -1.0058936907, 3.83557460901, -0.00852565127092
2.88, -17.5312140097, -1.00599245657, 3.83490683579, -0.0101545714409
2.89, -17.4928939348, -1.0060412339, 3.83420612192, -0.00106160934444
2.9, -17.4545810588, -1.00600891367, 3.83347337995, 0.00368244084067
2.91, -17.4162755683, -1.00600005454, 3.8327302908, -0.00397177827688
2.92, -17.3779776134, -1.0060817279, 3.831955179, -0.0113961029667
2.93, -17.339687808, -1.0061700063, 3.83111837758, -0.00608462559416
2.94, -17.3014064226, -1.00616818103, 3.83026760799, 0.00327059104639
2.95, -17.2631336557, -1.00612911624, 3.82938673787, 0.00103475971458
2.96, -17.2248698845, -1.00616929878, 3.82847135097, -0.00926688623459
2.97, -17.1866154647, -1.00627418444, 3.82752858227, -0.0104567199613
2.98, -17.1483705176, -1.00632012863, 3.82657475013, -0.000359759011647
2.99, -17.1101350965, -1.00629209483, 3.82561381522, 0.00261629048435
3.0, -17.0719095049, -1.00627963394, 3.82461720551, -0.00278176254657
3.01, -17.0336939232, -1.0063478232, 3.82361479559, -0.010337743082
3.02, -16.9954884713, -1.00643596872, 3.82258495629, -0.00696921831244
3.03, -16.9572934534, -1.00644807689, 3.82153350721, 0.00187659905725
3.04, -16.9191089577, -1.0064140088, 3.82047885838, 0.0014521311695
3.05, -16.8809350488, -1.0064417698, 3.8194193268, -0.00770819427031
3.06, -16.8427719186, -1.00653740991, 3.81831203453, -0.0103595329347
3.07, -16.8046200738, -1.00659289927, 3.81717623418, -0.00191143065948
3.08, -16.7664795782, -1.00656555369, 3.81603868495, 0.00364939828846
3.09, -16.7283504073, -1.00655109944, 3.81491432769, -0.00307382920961
3.1, -16.6902327563, -1.00662542354, 3.81373961394, -0.0110216358986
3.11, -16.6521268263, -1.00671656023, 3.81256474383, -0.00683727836886
3.12, -16.6140329477, -1.00672284786, 3.81132544934, 0.00266919906281
3.13, -16.5759515053, -1.00668328432, 3.81008143007, 0.00163047496396
3.14, -16.5378825244, -1.00671471628, 3.80883683668, -0.00841992031734
3.15, -16.499825988, -1.00681685086, 3.80759487726, -0.0107485559864
3.16, -16.4617819714, -1.00687048552, 3.80632488665, -0.00128975360816
3.17, -16.4237507158, -1.00684755751, 3.8050465328, 0.00262863994548
3.18, -16.3857322187, -1.00682868374, 3.80377318171, -0.00179870817806
3.19, -16.3477265596, -1.0068892089, 3.80246660548, -0.00998891087467
3.2, -16.3097342143, -1.00698100915, 3.80112922093, -0.00782387287487
3.21, -16.271755186, -1.00700187088, 3.79980341794, 0.00126201460365
3.22, -16.2337894377, -1.00696674938, 3.79846894277, 0.00214416200823
3.23, -16.1958370733, -1.00698492327, 3.79712061006, -0.0068152350071
3.24, -16.1578983024, -1.00707809479, 3.79576148201, -0.010734079768
3.25, -16.1199730955, -1.00714221121, 3.79440606832, -0.00291546081583
3.26, -16.082061366, -1.00711999436, 3.79305784309, 0.00372095115001
3.27, -16.0441634861, -1.00709817465, 3.79164510483, -0.00199432328998
3.28, -16.0062797138, -1.00716446619, 3.79023733362, -0.0106976683753
3.29, -15.9684100704, -1.00726007521, 3.78881313579, -0.00779678979751
3.3, -15.9305547534, -1.0072757518, 3.78737720298, 0.00204680706943
3.31, -15.8927137248, -1.00723448156, 3.78595223462, 0.00242988193663
3.32, -15.8548869203, -1.00725543691, 3.78453488575, -0.00748094602985
3.33, -15.8170743583, -1.00735544723, 3.78310004826, -0.0112153186611
3.34, -15.7792762293, -1.00741871204, 3.7816548952, -0.00236947251533
3.35, -15.7414925068, -1.0073969477, 3.78021548511, 0.00110835744773
3.36, -15.7037232396, -1.00737667945, 3.77874795395, -0.00111446318268
3.37, -15.6659688432, -1.00742948925, 3.77726062346, -0.00937798723096
3.38, -15.6282292873, -1.00752094711, 3.77578146408, -0.00828551240887
3.39, -15.5905045189, -1.00754924101, 3.77430116824, 0.000517341299904
3.4, -15.5527945268, -1.00751664857, 3.77281488154, 0.00239551692858
3.41, -15.5150994738, -1.00752777449, 3.77132350698, -0.00593704050917
3.42, -15.4774193189, -1.00761565703, 3.76983838372, -0.0106608800053
3.43, -15.4397540968, -1.00768483492, 3.76832091833, -0.00375102934202
3.44, -15.4021042314, -1.00766938501, 3.76678051405, 0.00339759916912
3.45, -15.3644697016, -1.0076443446, 3.76525285491, -0.00121582051156
3.46, -15.3268504376, -1.00770229974, 3.76373130064, -0.0100696888323
3.47, -15.2892464129, -1.00779803064, 3.76219856922, -0.00834393910314
3.48, -15.251657772, -1.00782189474, 3.76065945856, 0.00125897044476
3.49, -15.2140844351, -1.00778290962, 3.7591347145, 0.00275632204219
3.5, -15.1765263724, -1.00779593081, 3.75759107875, -0.00652962592697
3.51, -15.1389840175, -1.00789057124, 3.75601412108, -0.0111915540426
3.52, -15.1014573394, -1.0079597483, 3.75445847784, -0.00329344408454
3.53, -15.0639462931, -1.00793709223, 3.75287386332, 0.00412220547607
3.54, -15.0264510869, -1.0079093311, 3.75129812229, -0.00141011102208
3.55, -14.9889716209, -1.00797345566, 3.74972794897, -0.0108507996643
3.56, -14.9515078473, -1.00807378758, 3.74816146969, -0.00838317161021
3.57, -14.9140597671, -1.00809266898, 3.74656941977, 0.00206333486444
3.58, -14.8766277772, -1.00806149097, 3.74495782402, 0.00301025399703
3.59, -14.8392118386, -1.00806284053, 3.74336042682, -0.004975711006
3.6, -14.8018119464, -1.00814759216, 3.74173644133, -0.0109975565702
3.61, -14.7644284342, -1.00822569928, 3.7401089158, -0.00483815508718
3.62, -14.7270610572, -1.00821636409, 3.73848901796, 0.00338496954049
3.63, -14.6897099747, -1.00818412731, 3.73684970583, -9.33241073362e-05
3.64, -14.6523753541, -1.00823321443, 3.73520820692, -0.00965550156106
3.65, -14.6150571246, -1.00833303887, 3.73357395815, -0.00932251536745
3.66, -14.5777551501, -1.00836704526, 3.73195361697, 0.000535856560803
3.67, -14.5404693304, -1.00832701959, 3.73034035073, 0.00353841914532
3.68, -14.5031996666, -1.0083290271, 3.72870766499, -0.0054933107284
3.69, -14.4659465346, -1.00842066948, 3.72705481372, -0.0116065696516
3.7, -14.4287099799, -1.00849970993, 3.72538545039, -0.0044530221507
3.71, -14.3914901118, -1.00848308467, 3.72371995135, 0.0041883605801
3.72, -14.3542868135, -1.00846049955, 3.72206997498, 0.000410239779657
3.73, -14.3170999823, -1.00849724759, 3.72043003062, -0.00819307591823
3.74, -14.2799296019, -1.00858931172, 3.71876601755, -0.00937544492399
3.75, -14.2427760529, -1.00863346858, 3.71707930648, -0.000983652686877
3.76, -14.2056392675, -1.00860488463, 3.71540914142, 0.00307136515625
3.77, -14.1685191635, -1.00860044087, 3.71373602295, -0.00410021226893
3.78, -14.1314158644, -1.00867822189, 3.71205987865, -0.0106555528752
3.79, -14.0943292775, -1.00875909595, 3.71039359572, -0.00554338662416
3.8, -14.05725937, -1.008757132, 3.70871393983, 0.00286254921504
3.81, -14.0202062176, -1.00872395155, 3.7070483964, 0.000508208718236
3.82, -13.9831697515, -1.00876463477, 3.70537141494, -0.00886308170034
3.83, -13.9461507114, -1.00886204978, 3.70351120528, -0.00961716580406
3.84, -13.9091532714, -1.00890330243, 3.70092794428, -0.000319859332175
3.85, -13.8721852691, -1.00886769679, 3.69767765102, 0.00359519967486
3.86, -13.8352525693, -1.00886335538, 3.69390190038, -0.00455068324556
3.87, -13.7983653425, -1.00894779796, 3.68809359845, -0.0112870860916
3.88, -13.7615496322, -1.00903032303, 3.67979105794, -0.00525344942348
3.89, -13.7248275772, -1.00902175663, 3.66971922484, 0.00365091651924
3.9, -13.688214647, -1.00898400213, 3.65772735213, 0.000567835971054
3.91, -13.6517329842, -1.00902903908, 3.64353346774, -0.00956468460194
3.92, -13.6154033746, -1.00911766786, 3.62734033289, -0.00939097470141
3.93, -13.5792446057, -1.00916697013, 3.60971739882, -0.00166236327016
3.94, -13.5432682738, -1.00914188931, 3.59058320823, 0.00317579745435
3.95, -13.5074921218, -1.0091308631, 3.57004685898, -0.0031082034781
3.96, -13.4719246748, -1.0092003564, 3.54885062992, -0.0101535139383
3.97, -13.4365764855, -1.00928252631, 3.52598685761, -0.00609669313386
3.98, -13.4014649919, -1.00928670586, 3.5015028632, 0.00246089180145
3.99, -13.3666063773, -1.00925144752, 3.47576033028, 0.00126163238998
4.0, -13.3320081591, -1.0092818176, 3.44944107108, -0.00782026692624
4.01, -13.2976757024, -1.00937427403, 3.42237923106, -0.00964253086447
4.02, -13.2636239036, -1.00942060406, 3.3936343719, -0.000978256906362
4.03, -13.2298617452, -1.0093877362, 3.36443631907, 0.00385174372747
4.04, -13.1963968431, -1.00937460751, 3.33394536038, -0.00329722592391
4.05, -13.1632447775, -1.00944855109, 3.3018993326, -0.0106126681594
4.06, -13.1304201298, -1.00953145072, 3.26881582166, -0.00575061149061
4.07, -13.097928259, -1.00952823124, 3.23535609982, 0.00338887102698
4.08, -13.065778198, -1.00948618777, 3.19995975172, 0.00158707762255
4.09, -13.0339899336, -1.0095184137, 3.16355941538, -0.00830868573174
4.1, -13.0025668715, -1.00961486782, 3.12693133354, -0.00975975928251
4.11, -12.971510431, -1.00965681659, 3.08992735335, -0.00011489014851
4.12, -12.9408380186, -1.00962591482, 3.05062598654, 0.00307171155026
4.13, -12.9105573612, -1.00960666508, 3.01150059456, -0.00186949601258
4.14, -12.8806724088, -1.00966497226, 2.97113677951, -0.00933747382604
4.15, -12.8511978399, -1.00974540907, 2.92967991213, -0.00636884627716
4.16, -12.8221389326, -1.00975318861, 2.88820101577, 0.00231064226674
4.17, -12.7934938455, -1.00971316076, 2.84692913851, 0.00228525697504
4.18, -12.7652622988, -1.0097305443, 2.80507582561, -0.00652435657154
4.19, -12.7374540434, -1.00981543431, 2.76271304059, -0.00940804050663
4.2, -12.7100676112, -1.00986398397, 2.72070822544, -0.00133408585652
4.21, -12.6831014749, -1.00983075795, 2.67830236159, 0.00438507256423
4.22, -12.6565629531, -1.00980648965, 2.63557180122, -0.00184807951142
4.23, -12.6304498278, -1.00986784458, 2.59309483416, -0.00972157871733
4.24, -12.6047610784, -1.00994847222, 2.55092093933, -0.00596553253679
4.25, -12.5794897166, -1.00994769479, 2.50956773738, 0.00338375325823
4.26, -12.5546272595, -1.00989919995, 2.46919315642, 0.00277352503157
4.27, -12.5301629399, -1.00991709064, 2.42991126431, -0.00692347962665
4.28, -12.5060860196, -1.0100055198, 2.39167662879, -0.0095194257004
4.29, -12.482386255, -1.01004957199, 2.35445715026, -0.00046049097243
4.3, -12.4590534645, -1.0100177269, 2.31824808015, 0.00369756825478
4.31, -12.4360778119, -1.00998615034, 2.28299481091, -0.0003284116389
4.32, -12.4134498922, -1.01003157135, 2.24868403193, -0.00849210909149
4.33, -12.3911603436, -1.01011056316, 2.21529529607, -0.0066962661081
4.34, -12.3692000441, -1.01012140334, 2.18280492375, 0.00228193386633
4.35, -12.3475602343, -1.0100744297, 2.15115404982, 0.00354310369154
4.36, -12.3262327828, -1.01007690988, 2.12032718058, -0.00514034671161
4.37, -12.305209357, -1.01015455193, 2.09032756659, -0.00931340893736
4.38, -12.2844818422, -1.01020671729, 2.06111262996, -0.00182348617975
4.39, -12.2640425462, -1.0101732128, 2.03266576385, 0.00499655991919
4.4, -12.2438837741, -1.01013631709, 2.00498522476, -0.000286353363368
4.41, -12.2239980418, -1.01018523453, 1.97804032647, -0.00899822836832
4.42, -12.2043781656, -1.01026620555, 1.95177841814, -0.00650574302181
4.43, -12.185017554, -1.01027015241, 1.92618159258, 0.00324286714916
4.44, -12.1659093577, -1.01021502075, 1.90127199811, 0.0040399105098
4.45, -12.1470469414, -1.01021812045, 1.87700235871, -0.00560308227152
4.46, -12.1284240615, -1.01030078494, 1.85334858979, -0.00963921548871
4.47, -12.1100346332, -1.01035063681, 1.83030164071, -0.00113751408342
4.48, -12.0918725909, -1.01031580985, 1.80784352398, 0.0026265273576
4.49, -12.0739321403, -1.01027845009, 1.78597247061, 0.000764960620464
4.5, -12.0562074535, -1.01031246647, 1.76467712327, -0.0075625290707
4.51, -12.0386928309, -1.01038808878, 1.74394429303, -0.00686690600569
4.52, -12.0213828794, -1.01040304471, 1.72371091935, 0.00189324868607
4.53, -12.0042726946, -1.01035468741, 1.70398806924, 0.00418579903587
4.54, -11.9873570911, -1.01034642914, 1.68478185911, -0.00393835818647
4.55, -11.9706310267, -1.01041594194, 1.66606074679, -0.00899245867486
4.56, -11.9540897435, -1.01047054567, 1.64781532296, -0.00238199075637
4.57, -11.9377286795, -1.01044052968, 1.6300058381, 0.00502403099641
4.58, -11.9215432958, -1.01039683957, 1.61266389033, 0.000823235439609
4.59, -11.9055290562, -1.01043455575, 1.59575868007, -0.00813377551127
4.6, -11.889681769, -1.01051346086, 1.57927169975, -0.00684244991529
4.61, -11.8739971321, -1.01052306024, 1.56321253548, 0.00273916595437
4.62, -11.8584710363, -1.01046700492, 1.54753326555, 0.0046895862165
4.63, -11.8430999008, -1.01045921023, 1.53222826801, -0.00440229940904
4.64, -11.8278797978, -1.01053444204, 1.51731812704, -0.00944306649406
4.65, -11.8128068561, -1.01058831042, 1.50277630786, -0.00185102754974
4.66, -11.7978775066, -1.01055011593, 1.48859560101, 0.00586369480569
4.67, -11.7830881301, -1.01050238888, 1.474769197, 0.00076080587907
4.68, -11.7684352279, -1.01054512403, 1.46129406744, -0.00882379314233
4.69, -11.7539154029, -1.0106279424, 1.44813843606, -0.00682833729789
4.7, -11.7395255059, -1.01063191308, 1.43530310285, 0.00362258002137
4.71, -11.7252622544, -1.01058242917, 1.42279637119, 0.00506760986415
4.72, -11.7111225807, -1.01056189235, 1.41056585961, -0.00276554874274
4.73, -11.6971038665, -1.01062663909, 1.39861544628, -0.00920536097194
4.74, -11.683203118, -1.01068890117, 1.38696371481, -0.00332829969126
4.75, -11.6694173891, -1.01066306855, 1.3755999393, 0.00523807826342
4.76, -11.6557438603, -1.01060974276, 1.36450613903, 0.00217606766911
4.77, -11.6421799653, -1.01063673337, 1.35367654599, -0.0075830134379
4.78, -11.6287230303, -1.0107186662, 1.3431095949, -0.00772819910233
4.79, -11.6153705048, -1.0107371034, 1.33276829385, 0.00218191294088
4.8, -11.602120276, -1.01067789061, 1.32265662335, 0.00569924878262
4.81, -11.5889697708, -1.01065701306, 1.31283486965, -0.00319952154746
4.82, -11.5759159468, -1.01071790203, 1.30330531502, -0.0075267092576
4.83, -11.5629539608, -1.0107810359, 1.29446568457, -0.00433778815626
4.84, -11.5500775438, -1.01076796898, 1.28634560777, 0.00417102138564
4.85, -11.5372772969, -1.01071512343, 1.27911977582, 0.00304444927252
4.86, -11.5245448582, -1.01072736776, 1.27291327937, -0.00602393161799
4.87, -11.5118666432, -1.01080219419, 1.26828730463, -0.0079436110752
4.88, -11.4992282485, -1.01083187396, 1.26478542414, 0.000653847408675
4.89, -11.4866198633, -1.01078233684, 1.26258779273, 0.00553049737564
4.9, -11.474017184, -1.01075192364, 1.26341422116, -0.00157643881489
4.91, -11.461397489, -1.0108089872, 1.26603022879, -0.00900933971263
4.92, -11.4487425612, -1.01087642345, 1.27015240512, -0.00427129170437
4.93, -11.4360437354, -1.01085807049, 1.27478007313, 0.0049057584408
4.94, -11.423286879, -1.01080013021, 1.2816589985, 0.00317991151891
4.95, -11.410458455, -1.01081640495, 1.2891218988, -0.00678496277126
4.96, -11.3975450773, -1.01089822166, 1.29902426247, -0.00839516287538
4.97, -11.3845229878, -1.01092665228, 1.3103792968, 0.0011981324496
4.98, -11.3713844088, -1.01087035884, 1.32232001453, 0.00606998848332
4.99, -11.3581198437, -1.01083996473, 1.33573697052, -0.00207838908304
5.0, -11.3447153325, -1.01090020598, 1.35007958941, -0.00507599301196
5.01, -11.3311637397, -1.01096309336, 1.36511736283, -0.00505387081566
5.02, -11.3174592867, -1.0109587469, 1.38065360535, 0.00339245719643
5.03, -11.3035943267, -1.01090771934, 1.39766063666, 0.00338451544902
5.04, -11.2895481094, -1.0109128657, 1.41636347295, -0.00528393478506
5.05, -11.2753123281, -1.0109852855, 1.43556779287, -0.00826872375884
5.06, -11.2608787237, -1.0110234861, 1.45636853588, -0.000456031609454
5.07, -11.2462275074, -1.0109817248, 1.47855086871, 0.005199041771
5.08, -11.2313530413, -1.01094811776, 1.5010163719, -0.000888969417362
5.09, -11.2162507476, -1.01099925766, 1.52407999744, -0.00876405550064
5.1, -11.2009149119, -1.01107103238, 1.5479699139, -0.00523704480652
5.11, -11.1853347597, -1.01106370197, 1.57266967235, 0.00393750461168
5.12, -11.169505407, -1.01100891993, 1.59778125507, 0.00342272122845
5.13, -11.153420881, -1.01101906909, 1.62389752347, -0.00615253924318
5.14, -11.1370697504, -1.01110000036, 1.65111417111, -0.00890539408509
5.15, -11.1204415097, -1.01113902166, 1.67904994516, -0.00010852182977
5.16, -11.103532015, -1.01109205837, 1.70733128133, 0.00563134079009
5.17, -11.0863374937, -1.01105913249, 1.73630142115, -0.00142929210164
5.18, -11.0688486199, -1.0111190059, 1.76594004887, -0.00971769068838
5.19, -11.051061758, -1.01119631739, 1.79587178133, -0.00534864647059
5.2, -11.0329738645, -1.01118531165, 1.82639048635, 0.00453174028616
5.21, -11.0145761715, -1.01112697068, 1.8575633334, 0.00338852278387
5.22, -10.9958653795, -1.01114323817, 1.88899208089, -0.00713849656646
5.23, -10.9768349179, -1.01123343446, 1.9219020427, -0.00956876542372
5.24, -10.9574692396, -1.01127302447, 1.95557326296, 0.00029289225089
5.25, -10.9377663689, -1.01122053546, 1.98933223057, 0.00606261241998
5.26, -10.9177241654, -1.0111889318, 2.02367818169, -0.00207929355435
5.27, -10.8973332532, -1.01124807117, 2.05904702811, -0.00841088812643
5.28, -10.87658464, -1.01133138374, 2.09495824943, -0.00692163529225
5.29, -10.8554768083, -1.01133788248, 2.13088810224, 0.00309937767729
5.3, -10.8340079265, -1.01128213083, 2.16739315701, 0.00413746896902
5.31, -10.8121697874, -1.01128502867, 2.2044602873, -0.00579276994889
5.32, -10.7899611065, -1.01137180957, 2.24176359101, -0.0102674897022
5.33, -10.7673748463, -1.01142776511, 2.2797063638, -0.00171482011608
5.34, -10.7444079819, -1.01138835579, 2.31811596311, 0.00568178755466
5.35, -10.7210534158, -1.01134859285, 2.35698683973, -0.000586155519292
5.36, -10.6973098707, -1.01140183441, 2.3958969149, -0.00546175133464
5.37, -10.6731768517, -1.0114855856, 2.43513953819, -0.00818001628815
5.38, -10.648646287, -1.01150981742, 2.47537066455, 0.00135356099587
5.39, -10.6237101752, -1.01146168006, 2.51598591267, 0.00436413079346
5.4, -10.5983702733, -1.01145370094, 2.55591157227, -0.00440356211994
5.41, -10.5726211313, -1.01153376596, 2.59775426287, -0.0105094201077
5.42, -10.5464575204, -1.01160326436, 2.63907939072, -0.00368489909279
5.43, -10.5198817737, -1.01158002699, 2.68019615853, 0.00476902499912
5.44, -10.4928938624, -1.01153693315, 2.72174299108, 0.000613735124076
5.45, -10.4654876402, -1.0115822536, 2.76360771597, -0.00947661000294
5.46, -10.4376606678, -1.01167824734, 2.80608224736, -0.00869723836909
5.47, -10.4094063993, -1.01170186269, 2.84929391197, 0.00177889669244
5.48, -10.380711448, -1.01164996902, 2.89370928413, 0.00446936905061
5.49, -10.3515732299, -1.01164691014, 2.93795893526, -0.0053522481566
5.5, -10.3219923168, -1.01172712702, 2.98249833609, -0.00911288940795
5.51, -10.2919603106, -1.01180110774, 3.02838173304, -0.0051199750745
5.52, -10.2614636194, -1.01179557615, 3.07492255327, 0.00317432328119
5.53, -10.2305029054, -1.0117578512, 3.12119362703, 0.00104740630688
