timestamp, prius0 x posi, prius0 y posi, prius0 x vel, prius0 y vel.
0.0, 0.0, 0.0, 0.0, 0.0
0.00999999999999, 25.1066278031, 0.999811322821, -0.127442348583, 0.0050846936288
0.02, 25.1052841145, 0.999802210745, -0.145910060734, -0.00439751359568
0.03, 25.1037531269, 0.999735962397, -0.164887025597, -0.00510039080685
0.04, 25.1020286906, 0.9997275277, -0.184818995166, 0.00442068171792
0.05, 25.1000984101, 0.999797679618, -0.205780101945, 0.00842883696159
0.0599999999999, 25.0979563034, 0.999836136638, -0.22717145273, 0.000141918845723
0.07, 25.095597616, 0.999784450472, -0.249078565393, -0.00666761229238
0.08, 25.0930171589, 0.999735318713, -0.271751029923, -0.000457582369603
0.09, 25.0902032958, 0.999779695606, -0.295483104816, 0.00867203958559
0.1, 25.0871504167, 0.999853808799, -0.319547975547, 0.00548598445406
0.11, 25.0838544085, 0.999843389943, -0.344327094252, -0.00480299225483
0.12, 25.0803044029, 0.999774968057, -0.370070738764, -0.00495690799514
0.13, 25.0764957843, 0.999773880904, -0.396050683505, 0.00556618148118
0.14, 25.0724248611, 0.999842102324, -0.42292552347, 0.00815456225755
0.15, 25.0680753153, 0.999890753841, -0.45105223469, 0.00193207296609
0.16, 25.0634475642, 0.999856817859, -0.478839921277, -0.00532743308143
0.17, 25.0585384856, 0.999809818838, -0.50753399974, -0.00113258742452
0.18, 25.0533371608, 0.999843895268, -0.53726302245, 0.00780294629077
0.19, 25.0478330123, 0.999919713882, -0.567825163016, 0.00663797224659
0.2, 25.0420226923, 0.999927998922, -0.598494763881, -0.00275221466139
0.21, 25.0359035902, 0.999871984328, -0.629804698741, -0.00463634985239
0.22, 25.0294662334, 0.999864148982, -0.661880709332, 0.0044170228856
0.23, 25.0227080965, 0.999939352776, -0.693959971258, 0.00951245789819
0.24, 25.0156278877, 0.999994453337, -0.726287554479, 0.00209399046205
0.25, 25.0082241318, 0.999959203378, -0.758862698377, -0.00548300416145
0.26, 25.0004889829, 0.999914984832, -0.792327376679, -0.000388968856428
0.27, 24.9924187938, 0.999960882383, -0.825883423013, 0.00917517430371
0.28, 24.9840109614, 1.00004745736, -0.86008042814, 0.00731358056635
0.29, 24.9752572862, 1.00005705034, -0.894788329524, -0.00294025871956
0.3, 24.9661562714, 1.0000002624, -0.929546487204, -0.00440504166389
0.31, 24.9567057454, 1.00000064903, -0.964920632366, 0.00567150434397
0.32, 24.9468981401, 1.00007560124, -1.00068399498, 0.00946341432434
0.33, 24.9367331955, 1.00014361413, -1.03637555383, 0.0041595419037
0.34, 24.9262041678, 1.00012823257, -1.07343343134, -0.00400304710578
0.35, 24.9153045634, 1.0000868608, -1.11079110504, -0.00102464235957
0.36, 24.9040271837, 1.00012327282, -1.148724681, 0.00844371601533
0.37, 24.892370799, 1.00021373635, -1.18659709882, 0.00873283265859
0.38, 24.8803340097, 1.00024458392, -1.22503003177, -0.000681867328235
0.39, 24.8679098791, 1.00020138069, -1.26380955139, -0.00403394413674
0.4, 24.8550971101, 1.00019537854, -1.30299243119, 0.00457583222511
0.41, 24.8418882233, 1.00027872345, -1.34277117739, 0.0110290100777
0.42, 24.8282804048, 1.00035557858, -1.38301261694, 0.00455413028812
0.43, 24.8142676857, 1.00034049903, -1.42349489864, -0.00406625560262
0.44, 24.7998504119, 1.00030227665, -1.46411941132, -0.000259707448731
0.45, 24.7850202429, 1.00035130087, -1.5060716863, 0.00996263690599
0.46, 24.7697678244, 1.00045474174, -1.54832903902, 0.00966230867855
0.47, 24.7540936703, 1.00048901716, -1.59041984869, -0.000712310474548
0.48, 24.7379973269, 1.0004457739, -1.63323232361, -0.00379422847305
0.49, 24.7214658798, 1.00044808869, -1.67692401155, 0.0058878677493
0.5, 24.7044973935, 1.00053582159, -1.72088008556, 0.0101030524185
0.51, 24.6870857718, 1.00062193729, -1.76529127086, 0.00644982600558
0.52, 24.6692303801, 1.00062859695, -1.80987511844, -0.0021149943377
0.53, 24.6509264366, 1.00059918592, -1.85474525513, -0.000332856409601
0.54, 24.6321749616, 1.00064126276, -1.8993931755, 0.00918914780283
0.55, 24.612977045, 1.00074580384, -1.94427109532, 0.0107260022882
0.56, 24.59332694, 1.00080004687, -1.98956919629, 0.0016940338373
0.57, 24.5732251621, 1.00077514559, -2.03461608741, -0.00277136589242
0.58, 24.5526741765, 1.00077629238, -2.07976519508, 0.00507387271882
0.59, 24.531662784, 1.00086843562, -2.12626538688, 0.0124345135195
0.6, 24.5101879367, 1.00096624268, -2.17249896542, 0.00706707888521
0.61, 24.4882526119, 1.000974847, -2.21834692194, -0.00207322849417
0.62, 24.465857786, 1.00094906405, -2.26464915158, 0.000450767554526
0.63, 24.4429980401, 1.00100415553, -2.31109109219, 0.0107773586312
0.64, 24.4196748729, 1.00112290402, -2.35733881816, 0.0118141290279
0.65, 24.3958876521, 1.0011822166, -2.40436597526, 0.00179912000158
0.66, 24.3716245246, 1.00115812826, -2.45200877897, -0.0024753313039
0.67, 24.3468866387, 1.00116822405, -2.49933115162, 0.00646243367436
0.68, 24.3216780369, 1.00126568846, -2.54603174551, 0.0116092097322
0.69, 24.2959964031, 1.00137385562, -2.5939525765, 0.0090641406101
0.7, 24.2698384278, 1.00140500186, -2.64140226798, -6.37320272204e-05
0.71, 24.2432076313, 1.00138846375, -2.68852319239, 0.000407164392606
0.72, 24.2161057426, 1.001436952, -2.73586179131, 0.0100473629661
0.73, 24.1885277667, 1.0015575641, -2.78348753274, 0.0129808770103
0.74, 24.1604755565, 1.00163804477, -2.8307200384, 0.00432935599667
0.75, 24.1319504165, 1.00163315544, -2.8783040119, -0.00142127553495
0.76, 24.1029457983, 1.00164183826, -2.92659926522, 0.00559815734913
0.77, 24.0734565566, 1.00174369852, -2.9749838446, 0.0140037415132
0.78, 24.0434854142, 1.00186483204, -3.02298794453, 0.00983998270857
0.79, 24.0130345445, 1.00189910009, -3.07116397376, 2.86466201906e-05
0.8, 23.9820981039, 1.00188585066, -3.12007945027, 0.00110849546229
0.81, 23.9506706679, 1.00194691669, -3.16911972744, 0.0116650900244
0.82, 23.9187536889, 1.00208310192, -3.21822024712, 0.01426858234
0.83, 23.8863430612, 1.00217035622, -3.26759983755, 0.00454466067351
0.84, 23.8534411076, 1.0021662745, -3.31648143841, -0.00120471467293
0.85, 23.8200510972, 1.00218294373, -3.36523501923, 0.00691638014946
0.86, 23.7861745624, 1.002296316, -3.41418847149, 0.0107684241344
0.87, 23.7518085792, 1.00242095634, -3.46293330497, 0.0114389115402
0.88, 23.7169547812, 1.00247726135, -3.5114699789, 0.00231746521752
0.89, 23.6816200823, 1.00247846407, -3.55898073746, 0.00164015961081
0.9, 23.64581707, 1.00253580183, -3.6051755438, 0.0108935347564
0.91, 23.60955874, 1.00266993482, -3.65008356963, 0.0148679266441
0.92, 23.5728578185, 1.00277437465, -3.69372857131, 0.00693104790463
0.93, 23.535726768, 1.00279203786, -3.73614312319, 0.000352824694492
0.94, 23.4981776575, 1.00281211037, -3.77737756669, 0.00635430884026
0.95, 23.4602221113, 1.00292288533, -3.8174671848, 0.0152387695896
0.96, 23.4218714378, 1.00306323337, -3.85643496741, 0.0122467535698
0.97, 23.3831367412, 1.00312247193, -3.89430082891, 0.00232218987322
0.98, 23.3440288452, 1.00312543171, -3.93110584885, 0.00213294308619
0.99, 23.3045581656, 1.00319331224, -3.96689146146, 0.0123158689082
1.0, 23.2647347631, 1.00334171908, -4.00168090054, 0.0160669381817
1.01, 23.224568501, 1.00345236065, -4.03548926308, 0.00707012853709
1.02, 23.1840690631, 1.0034693094, -4.06834159437, 0.000323846056746
1.03, 23.1432458079, 1.00349419921, -4.10028223105, 0.00731439055895
1.04, 23.1021075328, 1.00361354342, -4.13152240387, 0.0118369076555
1.05, 23.0606635492, 1.0037559824, -4.16152284907, 0.0137135537801
1.06, 23.0189219101, 1.00383541689, -4.1908539576, 0.00434384357535
1.07, 22.976891202, 1.00384926859, -4.21936005625, 0.00224893796497
1.08, 22.9345795087, 1.00390957069, -4.24707750605, 0.0112082771023
1.09, 22.8919946112, 1.00405350361, -4.27402515383, 0.0164776558847
1.1, 22.8491441348, 1.00417937149, -4.30021317215, 0.00921925565182
1.11, 22.8060355931, 1.00421486546, -4.32565727458, 0.00149874198198
1.12, 22.7626762595, 1.00423915629, -4.35039412125, 0.00636788134235
1.13, 22.719073091, 1.00435270117, -4.37444779015, 0.0159848486605
1.14, 22.6752328425, 1.00450869548, -4.39782912627, 0.0143443776183
1.15, 22.6311621918, 1.00458891081, -4.42054433039, 0.00408054578782
1.16, 22.5868676766, 1.00460104844, -4.44262000189, 0.00235511650827
1.17, 22.5423555513, 1.00466822655, -4.46408800856, 0.0123169107877
1.18, 22.4976318537, 1.00481077059, -4.48494427128, 0.0163089453185
1.19, 22.4527028029, 1.00494808093, -4.50517675869, 0.0111022475615
1.2, 22.4075746136, 1.00500142053, -4.52477939425, 0.00275627970994
1.21, 22.3622535552, 1.00502644469, -4.54376957768, 0.00552208275561
1.22, 22.3167455853, 1.00512856284, -4.56219004362, 0.0150557410407
1.23, 22.2710562883, 1.0052863622, -4.580043394, 0.0155238270317
1.24, 22.2251913337, 1.00538513662, -4.59734350023, 0.00604150952081
1.25, 22.1791560837, 1.00540789065, -4.61411596885, 0.00242411410871
1.26, 22.1329557386, 1.00546579503, -4.630372548, 0.0109321498725
1.27, 22.0865954896, 1.00561372419, -4.64611390383, 0.01756392821
1.28, 22.0400803637, 1.00575686449, -4.66136886389, 0.0111835144795
1.29, 21.9934151571, 1.00580722441, -4.67613262233, 0.00233751691889
1.3, 21.9466047731, 1.00583167747, -4.69041952201, 0.0058952924892
1.31, 21.8996538364, 1.00594253569, -4.70426895039, 0.0161845158611
1.32, 21.8525665799, 1.00609500829, -4.71769372208, 0.0156470019492
1.33, 21.8053472694, 1.00620561806, -4.73068263038, 0.0078013004153
1.34, 21.7580002871, 1.00624323007, -4.74323906935, 0.0032908283447
1.35, 21.7105298342, 1.00629859403, -4.75539900063, 0.00988028776024
1.36, 21.6629396948, 1.00643507026, -4.767189208, 0.0167730148378
1.37, 21.6152335602, 1.00658144235, -4.77859926504, 0.0124326217105
1.38, 21.567415299, 1.00664903686, -4.78963085957, 0.00400386595049
1.39, 21.5194884727, 1.00668044123, -4.8003232028, 0.00562145632591
1.4, 21.4714565095, 1.00678044729, -4.81065530111, 0.0148197980135
1.41, 21.4233231131, 1.00694101045, -4.82063645789, 0.0163203224944
1.42, 21.3750915599, 1.00705259001, -4.83029298193, 0.00750149055577
1.43, 21.326765085, 1.00708634716, -4.83962040163, 0.00303720107097
1.44, 21.2783469332, 1.00714416815, -4.84864691391, 0.0105493355514
1.45, 21.2298399925, 1.00728988383, -4.85739028093, 0.0177050411641
1.46, 21.1812470474, 1.00744129372, -4.86585430338, 0.0124856316163
1.47, 21.132570921, 1.00750523839, -4.8740246817, 0.00345805787767
1.48, 21.0838146594, 1.00753389531, -4.88189246611, 0.00569294475122
1.49, 21.034981132, 1.00763927259, -4.88949876397, 0.0156203495727
1.5, 20.9860728233, 1.00780646996, -4.89684656906, 0.0166887139155
1.51, 20.9370924577, 1.00791623444, -4.90392323043, 0.00692795650541
1.52, 20.888042545, 1.00794400306, -4.91076161392, 0.00263097955631
1.53, 20.8389253803, 1.00800317723, -4.91738210895, 0.0111463143634
1.54, 20.7897431671, 1.00814674134, -4.92376332367, 0.0161881491566
1.55, 20.7404985287, 1.00830136499, -4.92988690283, 0.0137633751442
1.56, 20.6911936946, 1.00838078415, -4.93580524612, 0.00478144571834
1.57, 20.6418308065, 1.0084119099, -4.9415031479, 0.00500718081718
1.58, 20.5924120515, 1.00850439835, -4.94699099576, 0.0142632467414
1.59, 20.5429392939, 1.00866693813, -4.95230792832, 0.0171614198772
1.6, 20.4934144015, 1.00879063268, -4.95742649871, 0.0087045181775
1.61, 20.4438393029, 1.00882994068, -4.96234598178, 0.00292152629756
1.62, 20.3942160163, 1.00888052461, -4.96707444499, 0.00959382434358
1.63, 20.3445462067, 1.00902120844, -4.97165753672, 0.0177894886449
1.64, 20.2948314757, 1.00918118262, -4.97605906304, 0.0137824801053
1.65, 20.24507393, 1.00925601188, -4.98022965867, 0.00409083747661
1.66, 20.1952753545, 1.00928264628, -4.98426741078, 0.00491689410185
1.67, 20.1454371666, 1.00937992759, -4.98817516357, 0.0151043877265
1.68, 20.0955608611, 1.00953716703, -4.99187661464, 0.0165152335862
1.69, 20.04564842, 1.00966706487, -4.99541052731, 0.0101010154106
1.7, 19.9957013176, 1.00972068915, -4.99880413412, 0.00395569572533
1.71, 19.9457209513, 1.00977065666, -5.00206112188, 0.008633972151
1.72, 19.8957087606, 1.00989760479, -5.00518417234, 0.0165111029663
1.73, 19.845665952, 1.0100544708, -5.00819408463, 0.0144148564648
1.74, 19.7955938851, 1.01014314145, -5.01102339093, 0.0056913979227
1.75, 19.7454942713, 1.01017833365, -5.01372244279, 0.00488599153989
1.76, 19.6953682932, 1.01026512212, -5.01630450576, 0.0135225708986
1.77, 19.6452169992, 1.01042397247, -5.01877280636, 0.0172662364599
1.78, 19.5950417357, 1.01055467604, -5.0211002645, 0.00974319779365
1.79, 19.5448438747, 1.01060257453, -5.02330203787, 0.00339923309622
1.8, 19.4946244519, 1.01065129896, -5.02541738046, 0.00893754951544
1.81, 19.4443844068, 1.01078492759, -5.02742464624, 0.0173036491947
1.82, 19.3941251075, 1.01094666075, -5.02928777642, 0.0145008383415
1.83, 19.343847565, 1.01103147713, -5.03107138183, 0.00504885136684
1.84, 19.2935526916, 1.01106174249, -5.03276633314, 0.00470357792531
1.85, 19.2432413812, 1.01115199737, -5.03434479398, 0.014236156379
1.86, 19.1929146421, 1.01131813397, -5.03586548438, 0.0177990720861
1.87, 19.1425732361, 1.01144882139, -5.0372894354, 0.00929525557582
1.88, 19.0922180431, 1.01149025395, -5.03860648916, 0.00280154214815
1.89, 19.041850016, 1.01153771385, -5.03985935262, 0.00926880231748
1.9, 18.9914698211, 1.01167824028, -5.04104844878, 0.0180960758587
1.91, 18.9410781915, 1.01184403881, -5.04212971462, 0.0144652243608
1.92, 18.8906763826, 1.01192354349, -5.04310788686, 0.00425841152354
1.93, 18.840265222, 1.01194815726, -5.04400435713, 0.0045073985142
1.94, 18.7898453424, 1.0120422839, -5.0448402072, 0.0150058809226
1.95, 18.7394175124, 1.0122015537, -5.04560463245, 0.0178788480915
1.96, 18.6889825519, 1.01234322259, -5.04627795986, 0.0108822675784
1.97, 18.6385410847, 1.01239578531, -5.04690376769, 0.00315835623676
1.98, 18.5880937609, 1.01243543002, -5.0474374663, 0.00774360780389
1.99, 18.5376412521, 1.01256171471, -5.04795172533, 0.0171863780173
2.0, 18.4871840439, 1.01273052984, -5.04839023165, 0.0156938848928
2.01, 18.4367226733, 1.01282542564, -5.04875455395, 0.0055838794245
2.02, 18.3862581846, 1.01285202888, -5.04904298526, 0.00368342185035
2.03, 18.335791129, 1.01293102959, -5.04928451607, 0.0133685840415
2.04, 18.285321826, 1.01308433097, -5.04948197267, 0.0174043556613
2.05, 18.2348507313, 1.01323356927, -5.04960811093, 0.0123452192756
2.06, 18.1843787761, 1.01329968959, -5.04966934536, 0.00399273911348
2.07, 18.1339064859, 1.01333589493, -5.0496879945, 0.00651538026332
2.08, 18.0834342411, 1.01344707211, -5.04965020805, 0.0159161992457
2.09, 18.0329627947, 1.01361412787, -5.04954563407, 0.0165153282693
2.1, 17.9824925834, 1.01372372073, -5.04940131867, 0.00715139636187
2.11, 17.9320240143, 1.01375700194, -5.04921606739, 0.00337870022445
2.12, 17.8815574352, 1.0138232037, -5.04900040752, 0.0116702376319
2.13, 17.8310932834, 1.01397857456, -5.04873355546, 0.0183348870766
2.14, 17.7806318201, 1.01413065579, -5.04845816905, 0.0121491705003
2.15, 17.7301734593, 1.01419083276, -5.04811552416, 0.00326459878943
2.16, 17.6797188002, 1.01422321684, -5.04773061948, 0.00654606676316
2.17, 17.6292683246, 1.01433974564, -5.0472936008, 0.0167191722288
2.18, 17.5788222316, 1.01449862898, -5.04681881514, 0.0163535606212
2.19, 17.5283812348, 1.0146170627, -5.04629912097, 0.00859211075426
2.2, 17.4779457797, 1.01466193262, -5.04571958719, 0.00391766315354
2.21, 17.4275161545, 1.01472232094, -5.04510927578, 0.0102918648021
2.22, 17.3770927404, 1.01486310555, -5.04448910351, 0.0172413558101
2.23, 17.3266759693, 1.01501532158, -5.04380210437, 0.0130860872024
2.24, 17.2762661049, 1.01508948868, -5.04308710991, 0.00460459772466
2.25, 17.2258636435, 1.01512567684, -5.0423229033, 0.00598636479629
2.26, 17.1754689877, 1.01522872913, -5.04153148309, 0.0151119239959
2.27, 17.1250824668, 1.01539319211, -5.0407043688, 0.0167979283637
2.28, 17.0747043641, 1.01551032004, -5.03984628901, 0.00806218201179
2.29, 17.0243351449, 1.01554889471, -5.03892839181, 0.00340005534752
2.3, 16.9739748995, 1.01560916674, -5.03804998616, 0.0107142560722
2.31, 16.923623678, 1.01575673404, -5.03713975099, 0.0179415887949
2.32, 16.8732814957, 1.0159116527, -5.03621685056, 0.0129019817982
2.33, 16.8229487078, 1.01597990219, -5.03527114611, 0.00384039279329
2.34, 16.7726256195, 1.01601125245, -5.03429053386, 0.00589068554728
2.35, 16.7223123078, 1.01611852145, -5.03328406202, 0.0158256784268
2.36, 16.6720092535, 1.01628893266, -5.03225432338, 0.0171028823931
2.37, 16.6217166379, 1.01640341941, -5.03121336797, 0.00738765457357
2.38, 16.5714346161, 1.01643453778, -5.03014445116, 0.00282968198533
2.39, 16.5211632729, 1.01649473509, -5.02906212106, 0.0111812113122
2.4, 16.4709027887, 1.01663923597, -5.0279636642, 0.0163743962918
2.41, 16.4206532276, 1.01679670424, -5.02686708938, 0.0140994410838
2.42, 16.3704147378, 1.01687916408, -5.0257394735, 0.00499756296562
2.43, 16.3201879192, 1.01691117298, -5.02457319363, 0.00498700319308
2.44, 16.2699728349, 1.01700352721, -5.02340489322, 0.0142932472529
2.45, 16.219769497, 1.01716774417, -5.02221678439, 0.0174375918235
2.46, 16.1695781925, 1.01729479075, -5.02100437393, 0.00903230661976
2.47, 16.1193990616, 1.01733616216, -5.01978064763, 0.00299454585125
2.48, 16.0692321607, 1.01738635475, -5.01855483985, 0.00949173682449
2.49, 16.0190776976, 1.01752657194, -5.0172964377, 0.0178187028482
2.5, 15.9689359311, 1.01768785839, -5.01602368031, 0.013962267753
2.51, 15.9188069401, 1.01776418275, -5.01473831345, 0.00415481427789
2.52, 15.8686908558, 1.01779005687, -5.01343503472, 0.00473982638613
2.53, 15.8185878434, 1.01788535522, -5.01213588801, 0.0149345019391
2.54, 15.7684978098, 1.01804234356, -5.01083043366, 0.016588811865
2.55, 15.718421032, 1.01817355379, -5.00948499803, 0.0102123349587
2.56, 15.6683576539, 1.01822699041, -5.00811912752, 0.00380781695311
2.57, 15.6183079323, 1.01827463496, -5.00675481177, 0.00837505864478
2.58, 15.5682717741, 1.01840004001, -5.00540855552, 0.0164693987119
-46.822, -25.0000249445, -1.00001363492, 0.00254674759997, -0.00176714822941
2.59, 15.5182492759, 1.0185579398, -5.00399164649, 0.0145726011453
2.6, 15.4682422242, 1.01864761476, -5.0022948075, 0.00568891032944
2.61, 15.4182539044, 1.01868121193, -5.0002870179, 0.00461954666501
-46.812, -25.0000249433, -1.00000779806, 0.00254622545192, 0.00117343264065
2.62, 15.3682884321, 1.01876519533, -4.99752499803, 0.0132812830232
2.63, 15.3183551161, 1.01892318444, -4.99391634036, 0.0173017399024
-46.802, -25.0000249418, -0.999986636304, 0.002546416718, 0.00101694380704
-46.792, -25.0000249412, -0.999986012597, 0.00254717092879, -0.00202295656553
-46.782, -25.0000249413, -1.00000782732, 0.00254726279838, -0.00288466870333
2.64, 15.2684618812, 1.01905478299, -4.98965405976, 0.00979634651944
2.65, 15.2186145872, 1.01910173588, -4.98462448679, 0.00315360648402
2.66, 15.1688218924, 1.01914688008, -4.97875802226, 0.00853354500066
2.67, 15.119091495, 1.01927753538, -4.97231118417, 0.0171191249198
2.68, 15.0694270311, 1.01943877329, -4.96556948135, 0.0145163541087
-46.772, -25.0000249415, -1.00001618481, 0.00254654811684, -6.89014450517e-05
-46.762, -25.000024941, -0.99999704048, 0.00254617521549, 0.00177032398393
-46.752, -25.0000249402, -0.99998225929, 0.00254681711966, -0.00047112127616
2.69, 15.0198328285, 1.01952300908, -4.95805262538, 0.00486292354992
2.7, 14.9703195907, 1.01954976364, -4.94965950832, 0.00422421069193
2.71, 14.9208916724, 1.01963537327, -4.94099801562, 0.0138294475687
-46.742, -25.0000249397, -0.999996943947, 0.00254741537143, -0.00310135003334
-46.732, -25.0000249399, -1.00001710192, 0.00254697216214, -0.00170165398926
2.72, 14.8715520249, 1.01979926071, -4.93200097058, 0.0177021124168
2.73, 14.8223036862, 1.01992938898, -4.92252169319, 0.00919313246569
-46.722, -25.00002494, -1.00000904471, 0.00254620750925, 0.00145374691875
-46.712, -25.0000249396, -0.999985849667, 0.0025463888099, 0.0010969302301
2.74, 14.7731561964, 1.01996808751, -4.91209021055, 0.00236101507045
2.75, 14.7241137077, 1.02001002707, -4.90154240685, 0.0086735979514
2.76, 14.6751787697, 1.02014123115, -4.89055902021, 0.0131100497921
2.77, 14.6263587185, 1.0202973325, -4.87884578689, 0.0152211910543
-46.702, -25.0000249388, -0.999986286965, 0.00254725623847, -0.00223985838535
-46.692, -25.0000249385, -1.00001012874, 0.00254734717124, -0.00300199536288
-46.682, -25.0000249386, -1.00001777856, 0.0025465315449, 0.000142614070221
2.78, 14.5776540287, 1.02039389934, -4.86722186964, 0.00609240074934
2.79, 14.5290669281, 1.02042380949, -4.85535643849, 0.00360806006619
2.8, 14.4805986562, 1.02049495295, -4.84346350329, 0.0120674938245
2.81, 14.4322495568, 1.02064769376, -4.83154327811, 0.0174224933611
2.82, 14.3840195356, 1.02078556192, -4.8196858436, 0.0105572461813
2.83, 14.3359073278, 1.02083476056, -4.80792233209, 0.00274064464357
-46.672, -25.0000249384, -0.999996087863, 0.00254613544424, 0.00198291661108
-46.662, -25.0000249377, -0.999980980487, 0.00254686658919, -0.000599439604374
-46.652, -25.000024937, -0.999998003745, 0.00254749494321, -0.00334889815611
-46.642, -25.0000249371, -1.00001916913, 0.00254697561782, -0.00164375051004
2.84, 14.2879126402, 1.02086867702, -4.796240429, 0.00703679095311
2.85, 14.24003371, 1.02098732748, -4.7847699938, 0.016426831503
2.86, 14.1922684604, 1.02114983488, -4.77349869628, 0.0151801678174
2.87, 14.1446150377, 1.02124040196, -4.76242335353, 0.00514919079471
2.88, 14.0970709163, 1.02126158555, -4.75162356496, 0.00300108072625
2.89, 14.0496333746, 1.02133241387, -4.74110528641, 0.0124816422935
-46.632, -24.9995553112, -1.000009356, 0.0857443398268, 0.00163908426281
2.9, 14.0022997704, 1.02148032792, -4.73081826373, 0.0155928669215
2.91, 13.9550679888, 1.02161728317, -4.72075593082, 0.0113989714657
-46.622, -24.9986526912, -0.999986040856, 0.10320539312, 0.000885264812104
-46.612, -24.9971317976, -0.999989473951, 0.180086880676, -0.00266179102835
-46.602, -24.9948239642, -1.00001661349, 0.260946854982, -0.00343083840178
-46.592, -24.9921238389, -1.00003212898, 0.294388649394, -0.000710528281132
2.92, 13.907935591, 1.02167827684, -4.7109300049, 0.00377731085
2.93, 13.8609003328, 1.02171289163, -4.70130617729, 0.0062071895573
2.94, 13.8139602473, 1.02181669099, -4.6918957308, 0.0147884264401
2.95, 13.7671131392, 1.02197050294, -4.68270795012, 0.0151754998687
-46.582, -24.988866291, -1.00001117616, 0.366195661521, 0.00261553867728
-46.572, -24.9849137929, -0.999985937881, 0.421849415378, 0.000320105896198
-46.562, -24.9801888426, -1.00000274969, 0.511682256492, -0.00439079021911
2.96, 13.7203568581, 1.02207037095, -4.67371575613, 0.00653544512999
2.97, 13.6736895072, 1.02210069743, -4.66492133149, 0.00318030935072
2.98, 13.6271090027, 1.02216223175, -4.65634211353, 0.01083832685
2.99, 13.5806131572, 1.02230494785, -4.64798296423, 0.0168189579662
3.0, 13.5341999965, 1.02244307407, -4.6397869072, 0.0110043451502
3.01, 13.4878681009, 1.02249671244, -4.63173764431, 0.00294178148741
-46.552, -24.975051246, -1.00004316958, 0.538190632611, -0.00396427150005
-46.542, -24.9692181294, -1.00004806269, 0.61434897097, 0.00120698658381
-46.532, -24.9628948316, -1.00001966248, 0.668294929492, 0.0018216027518
3.02, 13.4416156981, 1.02252629426, -4.62388075145, 0.00610717419525
3.03, 13.3954409497, 1.02263368828, -4.61619185054, 0.0153926422497
3.04, 13.3493423957, 1.02279165267, -4.60865109825, 0.0152654461361
3.05, 13.3033184153, 1.02288708622, -4.60126899862, 0.0057334232651
-46.522, -24.9557652508, -1.00001590811, 0.750605982623, -0.00232586251578
3.06, 13.2573674191, 1.02290953275, -4.59404826946, 0.00260944054668
3.07, 13.2114876883, 1.02297079262, -4.58700488544, 0.0112436174208
-46.512, -24.9478325078, -1.00004810266, 0.818638223765, -0.00451689876608
-46.502, -24.9396883562, -1.00007226989, 0.822438374696, -0.00141564936917
-46.492, -24.9314427546, -1.00005888777, 0.847969234559, 0.00183506303353
3.08, 13.165677668, 1.02311930484, -4.58011409602, 0.0173273642088
3.09, 13.1199359869, 1.02325751002, -4.57333221214, 0.0105500313204
3.1, 13.0742614077, 1.02330308489, -4.5666766802, 0.00205327716015
-46.482, -24.9228797098, -1.00004076121, 0.890675246683, -0.000160242997721
-46.472, -24.9138047921, -1.00006496981, 0.934468805237, -0.00510083658472
-46.462, -24.904386468, -1.00010507921, 0.976127959241, -0.00319953283924
3.11, 13.0286526758, 1.0233276964, -4.56016741026, 0.00606610509597
3.12, 12.983108274, 1.02343955063, -4.55381037009, 0.0160797222805
3.13, 12.9376267701, 1.0235879429, -4.54756754921, 0.0155971289541
3.14, 12.8922072883, 1.02369464816, -4.54141738421, 0.00713043455342
3.15, 12.8468485802, 1.02372427094, -4.53540582914, 0.00248164265863
3.16, 12.8015492788, 1.02377403993, -4.52953638905, 0.00954342332185
-46.452, -24.8944276563, -1.00009913173, 1.02967106558, 0.00211981637197
-46.442, -24.8837180474, -1.00006881245, 1.09952569176, 0.00127615938949
-46.432, -24.8725049411, -1.0000804846, 1.14801255483, -0.00463177550921
-46.422, -24.8607099164, -1.00013798956, 1.20877589224, -0.00639599448121
3.17, 12.7563080823, 1.0239091144, -4.52376719885, 0.0166674958763
3.18, 12.7111241956, 1.02405234622, -4.51808775387, 0.0118528693481
3.19, 12.6659964755, 1.02411128566, -4.51252647758, 0.00296357631508
3.2, 12.6209238109, 1.02413325369, -4.50706558553, 0.00484321547474
3.21, 12.5759052398, 1.02422857301, -4.50171706036, 0.0145403176721
3.22, 12.5309395533, 1.02438623241, -4.49648417368, 0.0158776093471
-46.412, -24.8483455784, -1.00015985596, 1.25500634884, 0.000585867738967
-46.402, -24.8358827847, -1.00011893761, 1.27056247074, 0.00421487691944
-46.392, -24.8231099508, -1.00009688935, 1.30387453364, -0.00143680362101
3.23, 12.4860256658, 1.02449001866, -4.49135193382, 0.00643423813204
3.24, 12.4411626191, 1.02451194455, -4.48629473457, 0.00186943180688
-46.382, -24.8099997653, -1.00013838812, 1.34501746548, -0.00696199464839
-46.372, -24.7961684543, -1.00019950152, 1.40883620479, -0.00533957001383
-46.362, -24.781800807, -1.00020682473, 1.46359712971, 0.00174055300248
3.25, 12.3963498394, 1.0245609778, -4.48131822582, 0.00993163478192
3.26, 12.3515860974, 1.02469785417, -4.47662994693, 0.0126387065682
3.27, 12.3068708364, 1.02483489428, -4.47169724019, 0.0124377428978
3.28, 12.262202866, 1.02490591564, -4.46694855804, 0.00428824898157
3.29, 12.2175818388, 1.02493324514, -4.46230062405, 0.00450769313067
-46.352, -24.7668048171, -1.00016116684, 1.52541622859, 0.00390716753015
-46.342, -24.7513931758, -1.00015537134, 1.56614918636, -0.004302344638
-46.332, -24.7359697998, -1.00022812925, 1.5487611044, -0.00917726408882
3.3, 12.1730067823, 1.02501626336, -4.45775554439, 0.0128963121926
3.31, 12.128476717, 1.02516259964, -4.45329180978, 0.0155031557765
3.32, 12.0839909407, 1.02527350567, -4.44890067484, 0.00782449969812
3.33, 12.0395486725, 1.0253078298, -4.44458616267, 0.00256935709054
3.34, 11.9951491557, 1.02535230475, -4.44033415894, 0.00860732705692
-46.322, -24.7205834125, -1.00028055585, 1.56543986046, -0.00179482492723
-46.312, -24.7050371284, -1.0002437931, 1.58170138903, 0.0056285734984
-46.302, -24.6892517803, -1.00019560671, 1.59841536395, 0.00130937087043
3.35, 11.9507919733, 1.02547820695, -4.43613751292, 0.0160026835948
3.36, 11.9064763363, 1.02562113691, -4.43202091807, 0.0123173870608
-46.292, -24.673266215, -1.00022924936, 1.60910866346, -0.00790080812959
3.37, 11.8622015357, 1.02568668719, -4.42794986067, 0.00353274562641
3.38, 11.8179673572, 1.0257085681, -4.42391326159, 0.00429140048138
3.39, 11.7737730885, 1.02579443647, -4.4199682091, 0.0135013787943
-46.282, -24.6569995131, -1.0003131325, 1.66209609099, -0.00811868219346
-46.272, -24.6400438118, -1.00033951663, 1.71870192095, 0.00112220753397
3.4, 11.7296178791, 1.02594631359, -4.41609883269, 0.015823376531
3.41, 11.6855010164, 1.02605515061, -4.4122850488, 0.00721133280324
3.42, 11.6414221246, 1.02608204817, -4.40850194127, 0.00192798079959
-46.262, -24.6225810412, -1.00028295849, 1.78007134882, 0.00590368591902
-46.252, -24.604442548, -1.00026553607, 1.84921117833, -0.00420163622092
3.43, 11.5973808097, 1.02612504423, -4.40477822997, 0.0089085250691
3.44, 11.5533763705, 1.02625693242, -4.40111971726, 0.0166529339191
3.45, 11.5094083329, 1.02640234576, -4.39750395252, 0.0121344441535
-46.242, -24.5858860578, -1.00033404865, 1.86921124799, -0.00531838480535
3.46, -24.567238168, -1.00040346039, -4.39394459906, 0.00271374067564
3.47, 11.4654761396, 1.02646163104, -4.39042355729, 0.00411176069693
-46.222, 11.4215792614, 1.02647788047, 1.91451608953, 0.00371317357034
-46.212, -24.5484086401, -1.00040209437, 1.96501135292, 0.00417645885637
-46.202, -24.5289669298, -1.00034342499, 2.0020113443, -0.00627486801565
3.48, -24.5091227541, -1.00034823951, -4.38693890252, 0.0141878813552
3.49, 11.3777175102, 1.02656729475, -4.38352220244, 0.0161438235187
3.5, 11.3338902537, 1.0267251445, -4.38016072275, 0.00652467105394
3.51, 11.2900968699, 1.02683140806, -4.37681739224, 0.00126766744392
3.52, 11.2463369119, 1.02685032974, -4.37350216118, 0.00928159007438
-46.192, 11.2026103452, 1.02689222139, 2.0647617492, -0.00817727612088
-46.182, -24.4887762907, -1.00041651639, 2.12619551076, -0.00494563173565
3.53, -24.4678356218, -1.00048768318, -4.37025100567, 0.0150774919005
3.54, 11.1589166073, 1.02702055692, -4.36702676144, 0.0133204546566
3.55, 11.1152551604, 1.02716851881, -4.3638153413, 0.0037815118207
3.56, 11.0716259538, 1.02724149467, -4.36065536157, 0.00310819632424
-46.172, 11.0280285937, 1.0272573187, 2.15732668405, 0.00476434481477
-46.162, -24.4463354138, -1.0004729668, 2.18663492561, 0.00267850515172
-46.152, -24.4246862295, -1.00041616838, 2.22681614364, -0.00444496414865
3.57, -24.4025598699, -1.00044434552, -4.35755653095, 0.0126136091243
3.58, 10.9844625395, 1.02733113168, -4.3544960374, 0.0165085150974
3.59, 10.9409272115, 1.02748279735, -4.35143409241, 0.00812776710071
3.6, 10.8974225578, 1.02760163027, -4.34841449673, 0.0013253917167
-46.142, 10.8539482903, 1.02762994839, 2.22771447104, -0.00230217436133
3.61, -24.3804711637, -1.00048370534, -4.34541376415, 0.00755589132922
3.62, 10.8105040519, 1.02766108801, -4.34262314389, 0.011921754919
-46.132, 10.7670895842, 1.02778073615, 2.1984327047, -0.00174537113771
-46.122, -24.3584847462, -1.0005062284, 2.19645909804, 0.000965389403151
-46.112, -24.336621683, -1.00050909739, 2.20254088254, -0.00156867885483
3.63, -24.3147795002, -1.0005171252, -4.33951782822, 0.0141732211484
3.64, 10.7237049437, 1.02792561557, -4.33660263818, 0.00515584174155
3.65, 10.6803492201, 1.0280123682, -4.33368393836, 0.00260019095189
3.66, 10.637022712, 1.02803262557, -4.33079656076, 0.0109427478512
-46.102, 10.5937252847, 1.02809290598, 2.24474535108, -0.00406942460755
-46.092, -24.2924963848, -1.00055597918, 2.28479653072, -0.0023818296909
-46.082, -24.2697805964, -1.00059746228, 2.25995490923, 0.000291531733663
3.67, -24.2472309987, -1.00061383334, -4.32796132093, 0.0163697553606
3.68, 10.550456466, 1.0282345367, -4.32515301444, 0.00968960573306
3.69, 10.5072158091, 1.02836284162, -4.32235898971, 0.00191060987437
3.7, 10.4640031914, 1.02840371059, -4.31961227445, 0.00607495546001
-46.072, 10.4208182749, 1.02842856817, 2.29710584266, 0.000346401749492
-46.062, -24.2244087707, -1.00061300441, 2.27056891797, -0.00162082766068
-46.052, -24.2016677574, -1.00062769475, 2.26655882092, -0.0018077579038
3.71, -24.1790553281, -1.00065178612, -4.31688887059, 0.015421335167
3.72, 10.3776606391, 1.0285371301, -4.31417023932, 0.0143199194239
3.73, 10.334530293, 1.02869024897, -4.31148388718, 0.00442058697317
3.74, 10.2914269482, 1.02877303619, -4.30883046095, 0.00218441396997
3.75, 10.2483502983, 1.02878655774, -4.30621454165, 0.01151683689
-46.042, 10.2052999621, 1.02884830142, 2.28622954212, -0.00205849907144
-46.032, -24.1563379783, -1.00067806708, 2.22025189104, -0.00131395555323
-46.022, -24.1338595559, -1.00070237901, 2.26013124978, -0.000239330145733
3.76, -24.1114106067, -1.00071544609, -4.30362492441, 0.0146701040923
3.77, 10.1622756875, 1.02898660333, -4.30107047515, 0.0106824488822
-46.012, 10.1192771333, 1.02911547847, 2.26485577462, -0.000710427195589
3.78, -24.0889646444, -1.00072542089, -4.29855132375, 0.00308379141284
3.79, 10.0763039403, 1.02916961319, -4.29599159567, 0.00533948120433
-46.002, 10.0333561561, 1.02919632533, 2.29618439718, -0.00207538323749
-45.992, -24.0661926448, -1.00074669376, 2.32837874019, -0.00289681534618
-45.982, -24.0431838197, -1.00078192181, 2.34274008995, -5.76647596304e-05
3.8, -24.0198726834, -1.00080385094, -4.29348147495, 0.0138635501196
3.81, 9.99043370975, 1.02929084148, -4.29098748556, 0.014440211741
3.82, 9.94753624397, 1.02943625878, -4.28852397758, 0.00594918337068
3.83, 9.90466362787, 1.02952976737, -4.28605694225, 0.00249032391256
-45.972, 9.86181564987, 1.02955383625, 2.38203928693, 0.00126122973131
-45.962, -23.9962957617, -1.00080005676, 2.41926516231, -0.00249302484327
-45.952, -23.9722544684, -1.00081385742, 2.38947476889, -0.00345131670567
3.84, -23.9483900043, -1.00085549844, -4.28364764588, 0.00997428590696
3.85, 9.81899201993, 1.02960734563, -4.28125043217, 0.0160318177277
3.86, 9.77619234884, 1.02974157226, -4.27884551438, 0.0104349701528
3.87, 9.73341676219, 1.02987299529, -4.27646291584, 0.00237145237383
-45.942, 9.69066509495, 1.02992112613, 2.35709887347, -0.000253504237279
-45.932, -23.9248163339, -1.00088011718, 2.39463690215, 0.0012081795307
-45.922, -23.9010057543, -1.00087708848, 2.37921082854, -0.00159387470267
3.88, -23.8771980472, -1.00088501139, -4.2741003221, 0.00533410138633
3.89, 9.64793711561, 1.02994388727, -4.27175690656, 0.0145600730736
3.9, 9.60523272145, 1.03004292885, -4.26945125413, 0.0146390135032
3.91, 9.56255156821, 1.0301935295, -4.2671622948, 0.00526179964061
3.92, 9.51989337285, 1.03028373203, -4.2648709333, 0.00200112821019
-45.912, 9.47725799127, 1.03030088428, 2.38443251962, -0.00389767867102
-45.902, -23.8534583203, -1.00092341081, 2.37480252313, -0.00180990202065
-45.892, -23.829711344, -1.00096087662, 2.40127402484, 0.00119359530837
3.93, -23.8057259796, -1.0009673348, -4.26257937151, 0.0104520083811
3.94, 9.4346456221, 1.03035486763, -4.2603257053, 0.0166318661486
3.95, 9.3920559801, 1.03049570185, -4.25806274715, 0.0100876924337
3.96, 9.34948882993, 1.03062826764, -4.25578374901, 0.00158168223936
3.97, 9.30694446126, 1.03066943608, -4.25353835707, 0.00535721756312
-45.882, 9.26442271597, 1.03068805854, 2.43892169004, 0.000939443994948
-45.872, -23.7815330553, -1.00095903233, 2.39455802636, -0.00372305009765
-45.862, -23.7575101705, -1.00098134822, 2.4448312749, -0.00480517726515
3.98, -23.7333152862, -1.00103693206, -4.25132289442, 0.015310995088
3.99, 9.22192325263, 1.03079217738, -4.24911109561, 0.0143822253076
4.0, 9.17944595381, 1.03093376782, -4.24691886524, 0.00664711035949
-45.852, 9.13699066551, 1.03103193712, 2.41956147417, 0.000118229628304
4.01, -23.709133438, -1.00106686789, -4.24473376959, 0.00254753398912
4.02, 9.09455721532, 1.03106045877, -4.24158831551, 0.00911632913498
-45.842, 9.05214813182, 1.03110890315, 2.42314373625, 0.00349569383339
-45.832, -23.6850766672, -1.00104935404, 2.43156086781, -0.00122449921368
-45.822, -23.6608889876, -1.00104067132, 2.44650392409, -0.00689510576614
4.03, -23.6364866414, -1.0010957865, -4.23683456777, 0.0155262086815
4.04, 9.00977988962, 1.03123529773, -4.22980834722, 0.0109523146402
4.05, 8.96746747945, 1.03136755907, -4.2166238375, 0.00280858502492
4.06, 8.92525140873, 1.03142184641, -4.19659779064, 0.00469972132825
-45.812, 8.88320593581, 1.03144319357, 2.45768881442, -0.00391873057592
-45.802, -23.6119466834, -1.00116430319, 2.45938971734, 0.00428607852418
-45.792, -23.587331725, -1.00116319081, 2.42846862674, 0.00393838166922
4.07, -23.5629623847, -1.00111897454, -4.17252243837, 0.0136944066139
4.08, 8.8413850619, 1.03153354515, -4.1459711366, 0.0146527434729
4.09, 8.79981764291, 1.03168013738, -4.11637693748, 0.00569660963792
4.1, 8.75852803529, 1.03177391976, -4.08422633173, 0.00162277698863
4.11, 8.71755444856, 1.03179194236, -4.04553201049, 0.00921701309312
4.12, 8.67693417408, 1.03183686288, -4.0027305428, 0.0158387568077
4.13, 8.63671332318, 1.03196699258, -3.95498237566, 0.0101616486728
-45.782, 8.59695302734, 1.03209713001, 2.40602064041, -0.0053774591293
-45.772, -23.5388853219, -1.00113500995, 2.38204817315, -0.00818386808728
4.14, -23.5149886317, -1.00121219443, -3.90569842194, 0.00137325129496
-45.762, 8.55767810562, 1.03213899329, 2.35254856498, -0.00172943144075
-45.752, -23.4913006789, -1.00127446646, 2.32454682572, 0.0020804735592
-45.742, -23.4679756295, -1.00125027186, 2.26373953084, 0.0029657141752
4.15, -23.4451051002, -1.00121160139, -3.85131996961, 0.00401423928014
4.16, 8.51891519044, 1.03214968614, -3.79322866597, 0.0136581631434
4.17, 8.48072215505, 1.03223781505, -3.73411684158, 0.0136229649499
4.18, 8.44311561475, 1.03236839739, -3.67312930146, 0.00617401579342
4.19, 8.40610958669, 1.03246195276, -3.60997001191, 0.00119330952938
-45.732, 8.36972071811, 1.0324819904, 2.21536698774, -0.00599379002321
-45.722, -23.4227655684, -1.00123779135, 2.17462161095, -0.00705476201235
-45.712, -23.4008626851, -1.00132075335, 2.13244063426, 0.00199299750298
4.2, -23.3793470204, -1.00135098195, -3.54265382767, 0.00688688051845
4.21, 8.33399655604, 1.03251179585, -3.47491599952, 0.0136615370011
4.22, 8.29895183088, 1.03261729543, -3.4061225401, 0.00995169480627
-45.702, 8.26459461549, 1.03273651392, 2.07658783986, 0.00587155346055
4.23, -23.3583513408, -1.00130600505, -3.33618448092, 0.00148549164762
4.24, 8.23094199054, 1.03278062015, -3.26522000713, 0.0022099083868
4.25, 8.19799845468, 1.0327827241, -3.19308448941, 0.0108706747432
-45.692, 8.16578256506, 1.03284545572, 2.02014820744, -0.0019075028762
-45.682, -23.3379064181, -1.00129013821, 1.96437120079, -0.0083352064712
4.26, -23.3180185626, -1.00135913379, -3.12003740851, 0.0128016790943
4.27, -23.2986834347, -1.00142562996, -3.0459522459, 0.00439556593704
4.28, 8.10355817816, 1.03304871591, -2.97175511976, -0.000658598734156
-45.662, 8.07356370085, 1.03304950969, 1.85599829184, 0.00614625561743
4.29, -23.2798897548, -1.00140390196, -2.89811123879, 0.00602856460189
4.3, 8.04430828305, 1.03306594033, -2.82534803385, 0.0112176584684
4.31, 8.01577917968, 1.03315730262, -2.75348751958, 0.0103989694086
-45.652, 7.9879662697, 1.03325663827, 1.80408053021, 0.00336103405826
-45.642, -23.2616224877, -1.0013678793, 1.75361412875, -0.00441018275752
4.32, -23.2438669123, -1.00138252206, -2.68250618771, 0.00353619978396
4.33, 7.96086060898, 1.03331898507, -2.6123927163, 0.000411124408207
-45.632, 7.93445354601, 1.03332326477, 1.70456103355, -0.00629401520765
-45.622, -23.2266087143, -1.00145253649, 1.65688230713, 0.00108175452199
-45.612, -23.2098339812, -1.00148519414, 1.61053608386, 0.00556335588225
-45.602, -23.1935291924, -1.00144807028, 1.56548381533, -0.00038234766164
4.34, -23.1776812046, -1.00142482636, -2.54314617062, 0.00617013394314
4.35, 7.90873650923, 1.03334787072, -2.47475464088, 0.0111055920691
4.36, 7.88370097049, 1.03343660343, -2.40719917662, 0.00668583300399
4.37, 7.85933854482, 1.03352421001, -2.34046365972, -4.29144291757e-05
4.38, 7.83564103247, 1.03354394669, -2.27481336814, 0.00197143689902
-45.592, 7.81260025797, 1.03353978815, 1.52169174561, -0.00688860943578
-45.582, -23.1622772379, -1.00147679249, 1.47912703667, -0.00296773349984
-45.572, -23.1473048724, -1.00153939032, 1.43775340921, 0.00506653154857
4.39, -23.1327520377, -1.00152824226, -2.21117663645, 0.00927310566263
4.4, 7.79020428019, 1.03359449542, -2.14931968722, 0.00941189201683
4.41, 7.76843552938, 1.03369076521, -2.08918560529, 0.00181390715755
4.42, 7.74727647437, 1.0337386936, -2.03073187765, -0.00107407709062
4.43, 7.72671010641, 1.03372603883, -1.97392401682, 0.00551483643828
-45.562, 7.70671981329, 1.03374039281, 1.39753439484, 0.00383955044055
-45.552, -23.118607004, -1.00148070165, 1.35843886119, -0.0046948927446
-45.542, -23.1048583641, -1.0014954149, 1.3204385627, -0.00627324008013
4.44, -23.0914950297, -1.00156766718, -1.91871250362, 0.0105090447095
4.45, 7.68728938435, 1.03382380654, -1.86504289619, 0.00529371639699
4.46, 7.66840312456, 1.03390120893, -1.81286511395, -0.00172336811045
4.47, 7.65004587191, 1.03390440221, -1.76214927908, 0.00104726594401
4.48, 7.63220287734, 1.03388695003, -1.71285968758, 0.00898327259472
-45.532, 7.61485971144, 1.03393651297, 1.28350352119, 0.00195372659618
-45.522, -23.0785062237, -1.00159531145, 1.24760018063, 0.00639448330541
-45.512, -23.0658814737, -1.00154869717, 1.21269856573, -0.000449425214436
-45.502, -23.053610598, -1.00152199267, 1.17877342859, -0.00723576870195
4.49, -23.0416836955, -1.00157726504, -1.66495129292, 0.00866737825997
4.5, 7.59800232787, 1.03402809313, -1.61837488548, 0.000324565549219
4.51, 7.58161715916, 1.03406397353, -1.57309814074, -0.00233193474702
4.52, 7.56569106023, 1.03403661804, -1.52909747724, 0.00513120144658
-45.492, 7.55021117379, 1.03404318127, 1.14580008921, -0.00251471964827
-45.482, -23.0300911443, -1.00163949609, 1.11374955784, 0.00605636015097
-45.472, -23.0188235934, -1.00162004322, 1.08259262382, 0.00417272147686
4.53, -23.0078719567, -1.00156546417, -1.48633513362, 0.0102210372887
4.54, 7.53516492644, 1.03412421909, -1.44476612392, 0.00418500977522
4.55, 7.52054014869, 1.03419439931, -1.4043504402, -0.00317052682657
-45.462, 7.50632511105, 1.03418359198, 1.05230573258, -0.00514732510407
4.56, -22.997227396, -1.00158185303, -1.36506857445, 0.000357844548411
4.57, 7.49250839977, 1.03415514161, -1.32689338548, 0.00893349290806
-45.452, 7.47907882451, 1.03420201643, 1.02286798127, -0.00633906343094
-45.442, -22.9868813209, -1.00165760347, 0.994256077854, 0.00280852622148
-45.432, -22.9768253827, -1.00168061574, 0.966442703563, 0.007154553885
4.58, -22.96705147, -1.00162488014, -1.28978665766, 0.00809969867381
4.59, 7.46602549761, 1.03429105416, -1.25370678906, -0.00103765301987
4.6, 7.45333793679, 1.03431631398, -1.21863041751, -0.00339713688569
4.61, 7.44100600451, 1.03427583166, -1.18454252303, 0.00500980976366
-45.422, 7.42901976313, 1.03427700397, 0.939404575178, -0.000668130149414
-45.412, -22.9575516958, -1.00159591681, 0.913123131981, -0.00769728230713
-45.402, -22.9483183891, -1.00165590963, 0.887580026625, -0.00207110943293
4.62, -22.9393440962, -1.00171831197, -1.15141270549, 0.0101466315625
4.63, 7.41736947598, 1.03435813868, -1.11920342677, 0.00319591877764
4.64, 7.40604573657, 1.03442270532, -1.0878831852, -0.00448572648936
4.65, 7.39503950031, 1.03439907263, -1.05744248813, -0.000107811833277
-45.392, 7.38434194715, 1.03436147666, 0.862751800649, 0.00704406514721
-45.382, -22.9306215733, -1.00169047643, 0.838615128628, 0.00465984815754
-45.372, -22.9221437824, -1.00164319732, 0.815152323263, -0.00350842738711
4.66, -22.9139038761, -1.00164654937, -1.02786145844, 0.00911697102837
4.67, 7.37394439156, 1.0344080859, -0.999108540573, 0.00766144704192
-45.362, -22.9058951991, -1.0017115503, 0.792347255568, -0.00602466795552
4.68, 7.35401579937, 1.03451196404, -0.97114832887, -0.00231825932114
4.69, 7.34446881352, 1.03445953494, -0.943965975352, -0.0043044705516
-45.352, -22.8981112837, -1.00174159053, 0.770182506877, 0.00151384805349
-45.342, -22.890545846, -1.00169651404, 0.748636617113, 0.0066716495599
-45.332, -22.8831927773, -1.00166131029, 0.727690762251, 0.000761025964868
4.7, 7.33518970493, 1.03445737067, -0.91755365504, 0.00511504958733
4.71, 7.32617089288, 1.03452784555, -0.891884574993, 0.00908283575321
4.72, 7.3174050854, 1.03459431572, -0.866931318246, 0.00410324111713
4.73, 7.30888525861, 1.03457869206, -0.842665448325, -0.00417957319427
4.74, 7.30060458926, 1.03453288796, -0.819080599656, -0.00178041260172
4.75, 7.29255633889, 1.03456015479, -0.796165061163, 0.00742088069705
-45.322, -22.8760461345, -1.00170565658, 0.707330714071, -0.0064500589115
-45.312, -22.8691001434, -1.0017664842, 0.687542904592, -0.00283691159925
-45.302, -22.8623491921, -1.00175144914, 0.668309509114, 0.0057776065568
4.76, 7.2847339258, 1.03464220521, -0.773893919836, 0.00800894688033
4.77, 7.27713104672, 1.0346676057, -0.752237091161, -0.00123314420511
4.78, 7.26974163918, 1.03461734515, -0.731180496569, -0.00502259179693
4.79, 7.26255973335, 1.03459862312, -0.710721934904, 0.00305375498522
4.8, 7.2555794395, 1.03466706185, -0.690842937231, 0.00958897007846
-45.292, -22.8557878294, -1.00169369089, 0.649611439969, 0.0050244309866
-45.282, -22.8494107505, -1.00169855175, 0.63143474832, -0.00397661596683
-45.272, -22.8432127991, -1.00176786778, 0.61376821863, -0.00622843938989
4.81, 7.24879508172, 1.0347321512, -0.671516297503, 0.00349173146721
4.82, 7.24220125198, 1.0347066362, -0.65271858019, -0.00528085415477
4.83, 7.23579268302, 1.03465329146, -0.634449699892, -0.00210114392288
4.84, 7.22956413969, 1.03468234516, -0.616701742936, 0.00787161588639
-45.262, -22.8371889644, -1.00179485712, 0.596598472458, 0.00221539011938
-45.252, -22.8313343794, -1.00174158363, 0.579907596156, 0.00739152708855
-45.242, -22.8256443121, -1.00170410476, 0.563680773061, 0.000550263395444
-45.232, -22.8201141574, -1.00175355236, 0.547907902005, -0.00700574212614
4.85, 7.22351051076, 1.03475290773, -0.599451106164, 0.00751510390028
4.86, 7.21762693075, 1.03478361537, -0.582676341277, -0.000140194261345
4.87, 7.21190870981, 1.03474151202, -0.56636389116, -0.00480209064328
4.88, 7.20635124328, 1.03471416485, -0.550514078682, 0.00143719556801
4.89, 7.20094996571, 1.03476570369, -0.535114823418, 0.00826662319938
-45.222, -22.8147394421, -1.0018160514, 0.532579277548, -0.00257239135365
-45.212, -22.809515819, -1.00179410593, 0.517680234515, 0.00666350578643
-45.202, -22.8044390665, -1.00173012228, 0.503194955653, 0.00527351763186
4.9, 7.1957004646, 1.03482842496, -0.520144581516, 0.00416158732741
4.91, 7.19059854975, 1.03481408873, -0.505582749018, -0.00422011461002
4.92, 7.18564015748, 1.03476187834, -0.491428512489, -0.00291787123804
4.93, 7.18082123778, 1.03477502002, -0.477679344034, 0.0060331314137
-45.192, -22.7995050744, -1.00173781293, 0.489113213779, -0.00458130863639
-45.182, -22.7947098476, -1.00181239442, 0.475427396811, -0.00648186131101
-45.172, -22.7900495043, -1.00183630694, 0.462127203261, 0.00294606084666
4.94, 7.1761378134, 1.03484842486, -0.464318349887, 0.00768265850229
4.95, 7.17158610369, 1.03487515394, -0.45132280432, -0.00092322477004
-45.162, 7.16716250676, 1.03482425314, 0.449197329897, 0.00808896372544
4.97, -22.7855202752, -1.00177472207, -0.426405448477, 0.00161277709966
4.98, 7.1628634568, 1.0347943081, -0.414478123677, 0.0087226601273
4.99, 7.15868539307, 1.03485019347, -0.402882173177, 0.00377186159142
-45.152, 7.15462488748, 1.03491331917, 0.436626137476, 0.000227360421608
-45.142, -22.7811184947, -1.00173572871, 0.42440461463, -0.00436485609002
5.0, -22.7768405941, -1.00178343398, -0.391599103305, -0.00517573081513
5.01, 7.15067871572, 1.03489101496, -0.380632945347, -0.0031978587775
-45.132, 7.14684374689, 1.03483209138, 0.412532208768, -0.00344620450735
-45.122, -22.7726831088, -1.00184437057, 0.400990841973, 0.00549190204625
-45.112, -22.7686426704, -1.00183516483, 0.389769774818, 0.00599346404828
5.02, -22.7647160092, -1.00177325853, -0.369983331316, 0.00656572313976
5.03, 7.14311682746, 1.03484753029, -0.359635069605, 0.0078078042774
5.04, 7.13949485366, 1.03492507379, -0.34956680322, -0.00175611594102
5.05, 7.13597490537, 1.03494745387, -0.33977287725, -0.00628667770066
5.06, 7.13255421872, 1.03488754054, -0.33026173656, 0.00189817848496
-45.102, 7.12923003115, 1.03485573615, 0.378860624473, -0.00294346750184
-45.092, -22.7608999417, -1.00176658757, 0.368258059687, -0.00647124501445
-45.082, -22.7571913723, -1.00183227685, 0.357954965582, 0.00145430150606
5.07, -22.7535872936, -1.00186603723, -0.321204235142, 0.00460675142749
5.08, 7.12599937776, 1.03491236108, -0.312041172207, 0.00424148551861
5.09, 7.12286014415, 1.03496818845, -0.303300726005, -0.0039621425939
5.1, 7.11980929744, 1.0349567942, -0.294804058705, -0.0036151460191
5.11, 7.11684460107, 1.03490226488, -0.286553542394, 0.00486089018117
-45.072, 7.11396361932, 1.03490470329, 0.347939095262, 0.00774263582742
-45.062, -22.7500847855, -1.00181515948, 0.338200412198, 0.00178797563905
-45.052, -22.7466810096, -1.00176815349, 0.328733842309, -0.00661388162348
5.12, -22.7433732008, -1.00180864194, -0.278537925646, 0.00735067497172
5.13, 7.11116393587, 1.03497020216, -0.270739527488, -0.000467550328058
5.14, 7.10844327747, 1.03499875854, -0.263151436178, -0.00566395303179
5.15, 7.10579951108, 1.03495034768, -0.255782110016, 0.000525918013692
5.16, 7.10323051098, 1.03491338715, -0.248626467314, 0.00790257408783
-45.042, 7.10073411604, 1.03495856729, 0.319535063432, -0.00338391662386
-45.032, -22.7401586741, -1.00187466015, 0.310594909879, 0.00629624158323
5.17, -22.7370348205, -1.00185998838, -0.241669704165, 0.00405496318724
5.18, 7.09830824642, 1.03501961474, -0.234896588345, -0.00477602114491
5.19, 7.09595098423, 1.03500208333, -0.228312924016, -0.00386815179143
-45.022, 7.09366047955, 1.0349416083, 0.301901963489, 0.00627438795665
-45.012, -22.7339991083, -1.00179193098, 0.293450192253, -0.00358286250721
-45.002, -22.7310490706, -1.00178798206, 0.285236549162, -0.00688487362476
-44.992, -22.7281823086, -1.00186002378, 0.277255773668, 0.00205966156211
5.2, -22.7253964925, -1.00189227505, -0.221922796203, 0.00543041243052
5.21, 7.09143483224, 1.03494653734, -0.21571538736, 0.00762191715098
-44.982, 7.08927214773, 1.03501714004, 0.269496796059, 0.00620341333522
-44.972, -22.7226893612, -1.00184372027, 0.2619524878, 0.00293847290486
-44.962, -22.7200587155, -1.0017944577, 0.2546184842, -0.00539201938461
5.22, -22.7175024136, -1.00182068862, -0.209673629508, -0.00113451372132
5.23, 7.08717067043, 1.03504305997, -0.203792741261, -0.00634466330954
5.24, 7.08512877341, 1.03498673244, -0.198083964903, 0.000798177060054
5.25, 7.08314481255, 1.03494797333, -0.192542853141, 0.0085141159095
5.26, 7.08121708889, 1.03499882273, -0.187154794899, 0.0038101771709
-44.952, 7.07934398011, 1.03506184813, 0.247492110515, -0.00410539187702
-44.942, -22.7150183749, -1.00188469226, 0.240566822312, 0.00485444321043
-44.932, -22.712604578, -1.00188344391, 0.233832967527, 0.00658331044651
5.27, -22.7102590622, -1.00182144178, -0.181905311124, -0.00565019414347
5.28, 7.07752402188, 1.03503746898, -0.176803638224, -0.00408117590423
5.29, 7.07575579984, 1.03497095468, -0.171854837472, 0.00608835531732
5.3, 7.07403782626, 1.03497915404, -0.167046660638, 0.0074790777276
5.31, 7.07236861394, 1.03504110727, -0.162367868446, 0.000285020594051
-44.922, 7.07074681083, 1.03507594987, 0.227285285421, -0.00194727157268
-44.912, -22.7079799171, -1.00180525598, 0.220921866352, -0.00657675775859
-44.902, -22.7057652835, -1.00186633754, 0.214739466112, 0.000564793151878
-44.892, -22.7036133565, -1.00190668198, 0.208729482998, 0.00771764362109
5.32, -22.7015223841, -1.00186111669, -0.157810798787, -0.00598974075846
5.33, 7.06917115816, 1.03503002976, -0.153386642531, -0.000729713037734
5.34, 7.0676404016, 1.03498354674, -0.14909457696, 0.00745106843047
5.35, 7.06615322069, 1.03501925894, -0.144922329795, 0.00483647972825
5.36, 7.06470833809, 1.03508326083, -0.140856194192, -0.00438303509089
-44.882, 7.06330461623, 1.03507297193, 0.202884584805, 0.00285475467021
-44.872, -22.6994906645, -1.00180755663, 0.197202544054, -0.00605829520398
-44.862, -22.6975165369, -1.0018387639, 0.191682249528, -0.00411496018934
5.37, -22.6955983896, -1.00190668074, -0.136901697369, -0.00484988366077
5.38, 7.06194097994, 1.03500865262, -0.133067423004, 0.00438896015775
5.39, 7.0606162861, 1.03500173726, -0.129345344795, 0.0079750864943
5.4, 7.05932936202, 1.03506920415, -0.125720549289, -0.000242976683765
5.41, 7.05807914412, 1.03510318918, -0.122187612372, -0.00668028012959
5.42, 7.05686468958, 1.03504993233, -0.118760275941, -0.000495980077412
5.43, 7.05568503316, 1.03500122179, -0.115437129542, 0.00815803633759
-44.852, 7.05453912836, 1.03504290082, 0.186318126156, 0.00564837476594
5.44, -22.6937346563, -1.00190047968, -0.112206607334, 0.0047543961411
-44.842, 7.05342597062, 1.03511037127, 0.181101428464, 0.00696657401957
5.45, -22.6919238197, -1.00183173381, -0.10905439465, -0.00521463557357
-44.832, 7.05234469805, 1.035094322, 0.176028396096, -0.00252851554866
-44.822, -22.6901643992, -1.00181732706, 0.171098623457, -0.00707388948827
-44.812, -22.6884549538, -1.0018849727, 0.166310026556, 0.00107414368851
5.46, -22.6867940851, -1.00192487278, -0.105989219326, -0.00513471656739
5.47, 7.05129449933, 1.03502364532, -0.103020146225, 0.00505475655538
5.48, 7.05027447663, 1.03501957036, -0.100137499949, 0.00722096095475
-44.802, 7.04928369651, 1.03508049122, 0.161654596169, 0.0084765083604
-44.792, -22.6851804365, -1.00187167175, 0.157126112043, 0.00266636136673
-44.782, -22.6836126908, -1.00181523729, 0.152726401447, -0.00682298626606
-44.772, -22.6820895572, -1.00185254873, 0.148456486781, -0.00468976540838
5.49, -22.6806097435, -1.0019112529, -0.0973308703547, 0.00100543688614
5.5, 7.04832134918, 1.03511948442, -0.0945932745692, -0.00584599915861
5.51, 7.04738670058, 1.03507873228, -0.0919364194135, -0.0016265485868
5.52, 7.04647901999, 1.03502745895, -0.0893624416999, 0.00679833023463
5.53, 7.04559749597, 1.03505420411, -0.0868705885501, 0.00533408034035
5.54, 7.04474131051, 1.03511804635, -0.0844614344366, -0.00374117748121
-44.762, 7.04390960181, 1.03511489052, 0.144332880861, 0.00423341565346
-44.752, -22.6791719626, -1.00191760937, 0.140355417353, 0.00720763604265
-44.742, -22.6777747774, -1.00185526664, 0.137014973589, -0.000900511096101
5.55, -22.6764143347, -1.00182907858, -0.0822001530135, -0.0053249167833
5.56, 7.04310138414, 1.03505125047, -0.080127039488, 0.00339215172476
5.57, 7.04231472492, 1.03503544142, -0.0781986892327, 0.00795237350935
5.58, 7.04154805884, 1.03509744272, -0.0766848986657, 0.000596306802659
5.59, 7.04079933564, 1.03513693559, -0.0757366513035, -0.00653212876591
5.6, 7.04006225077, 1.03508946465, -0.0751855016437, -0.00145286388964
-44.732, 7.03933275925, 1.03503552417, 0.133730594006, -0.00667711849956
-44.722, -22.6750876578, -1.00188525145, 0.130875133866, -0.000371892868196
-44.712, -22.6737917478, -1.00193244542, 0.129172147809, 0.00765715278065
5.61, -22.6725191684, -1.00189264741, -0.0752717032028, 0.00754255201868
5.62, 7.03860600722, 1.03506805745, -0.0761774909987, 0.00539036400591
5.63, 7.03787438104, 1.0351363883, -0.0782411566374, -0.00448859347943
5.64, 7.03712802888, 1.03512865643, -0.0811062556127, -0.00562536178251
-44.702, 7.03635623654, 1.03505887536, 0.127836867233, 0.00392042114131
-44.692, -22.6712627306, -1.00183265323, 0.127148170713, -0.00550519823646
-44.682, -22.670016937, -1.00185466963, 0.128801757154, -0.00486855328759
5.65, -22.6687727489, -1.00192455763, -0.0852023785356, 0.00407282863731
5.66, 7.03555134318, 1.03504574516, -0.0909764019829, 0.00852267108707
5.67, 7.03469512292, 1.03511510797, -0.0978317951481, 0.000156101474286
5.68, 7.0337767487, 1.03515475141, -0.106473329871, -0.00717345733237
5.69, 7.03278070304, 1.03510048442, -0.116589519228, -0.00110325546239
-44.672, 7.03169080349, 1.03504503067, 0.126657145726, 0.00493056315298
-44.662, -22.6675155028, -1.00192734429, 0.134011635573, 0.00757324577464
-44.652, -22.6662363651, -1.00185875447, 0.141027824699, -0.00215874240264
5.7, -22.6648858383, -1.00183722465, -0.128137571252, 0.0037234343177
5.71, 7.03049195604, 1.03508048255, -0.140485789493, 0.0064472265993
5.72, 7.02917505645, 1.03514649911, -0.155076378997, -0.00291002948496
5.73, 7.02772330211, 1.03515461822, -0.171347931213, -0.00598210506114
-44.642, 7.02611446713, 1.03509090371, 0.154820672408, -0.00581269777715
-44.632, -22.6634326801, -1.00189475619, 0.153079033534, -0.000407363864393
-44.622, -22.6619270516, -1.0019396303, 0.151512373935, 0.00728833278993
5.74, -22.6604369098, -1.00190265342, -0.188254365201, 0.00260188074338
5.75, 7.02433973306, 1.03506580915, -0.206118055653, 0.00870351608487
5.76, 7.0223921919, 1.03512772891, -0.225112555411, 0.00207179894865
5.77, 7.02025899185, 1.03518024227, -0.244586206649, -0.00628687322501
-44.612, 7.01793338996, 1.03514173015, 0.160771242253, 0.00382843455624
-44.602, -22.6589309478, -1.00184497005, 0.171889999476, -0.00534384647536
-44.592, -22.6573076536, -1.00186615939, 0.179588465182, -0.00454335848655
-44.582, -22.6556146621, -1.00193407847, 0.187992226715, 0.00513362976878
5.78, -22.6538461971, -1.00193367105, -0.264643284238, -0.00230731668862
5.79, 7.01541005611, 1.03508272878, -0.285970150916, 0.00763764414771
5.8, 7.01268207161, 1.03511020537, -0.309361522985, 0.0070090841306
5.81, 7.00972885718, 1.0351885038, -0.333823702428, -0.00326499160804
-44.572, 7.00653602106, 1.03519658946, 0.216102553245, 0.00694626604046
-44.562, -22.6518486503, -1.0018673928, 0.231725624834, -0.00206957949625
-44.552, -22.6496449316, -1.00185080569, 0.2472039424, -0.00715865470372
-44.542, -22.6472955108, -1.00191569388, 0.261182891001, 0.000335999532887
-44.532, -22.6447882349, -1.00196098835, 0.286173823208, 0.00820266926939
5.82, -22.6420562856, -1.00191404569, -0.3596588106, -0.00602209057704
5.83, 7.00309152172, 1.03512972652, -0.386532403072, 0.00365215769556
5.84, 6.9993833614, 1.03511032279, -0.414088772681, 0.00746432656791
5.85, 6.99540182967, 1.03517367144, -0.44235904801, 0.00357240239959
5.86, 6.99114212316, 1.03523169052, -0.47190470552, -0.00464721503221
5.87, 6.98659378621, 1.03521124315, -0.502009605407, -0.00257322797591
-44.522, 6.98174517206, 1.03515865027, 0.31408764017, 0.00354207050845
-44.512, -22.6390364459, -1.00185391604, 0.350806763065, -0.00603860937679
-44.502, -22.6357245149, -1.00188112837, 0.376124061682, -0.00535457466043
5.88, -22.6320768608, -1.00195632546, -0.531840219802, 0.00662954508106
5.89, 6.97659656838, 1.03517710408, -0.561261299031, 0.00773083410251
5.9, 6.97115179432, 1.03525348934, -0.590057616215, -0.00117260317477
5.91, 6.96541546836, 1.03527806526, -0.618005898489, -0.00520336860525
5.92, 6.95939554191, 1.03522710863, -0.64469973763, 0.00260075104905
-44.492, 6.95310129506, 1.03520441506, 0.373617028165, 0.00468251728015
-44.482, -22.6283806629, -1.0019639883, 0.370795022718, 0.00706822531191
-44.472, -22.6247022001, -1.00190494783, 0.386255889812, 0.000313683059216
5.93, -22.6209215616, -1.001869833, -0.667971892493, 0.00943949568354
5.94, 6.94655478336, 1.03526917939, -0.687602013224, 0.00386211802305
5.95, 6.93979560196, 1.0353355131, -0.70234805947, -0.00491997512099
5.96, 6.93286124162, 1.03531396552, -0.711448124701, -0.00217035017881
-44.462, 6.92580851447, 1.0352616673, 0.390159061457, -0.00694697655442
-44.452, -22.6170757334, -1.0019203901, 0.394763379162, -0.00225827618763
-44.442, -22.6131644137, -1.0019812352, 0.40010185531, 0.00724337898891
5.97, -22.6092051243, -1.00195442776, -0.71576619522, 0.00774969169404
5.98, 6.91869297657, 1.03528899103, -0.717261195454, 0.00831205590772
5.99, 6.91154898856, 1.03537482095, -0.713670494017, -0.00160485728985
6.0, 6.90441252233, 1.03539950847, -0.706244626864, -0.0055782398216
6.01, 6.8973351279, 1.03534355861, -0.695884304799, 0.00319267267065
-44.432, 6.89034713815, 1.03532257868, 0.388677557139, 0.00525603140233
-44.422, -22.6052932277, -1.00188746073, 0.378028688729, -0.00505113025616
-44.412, -22.6014877177, -1.00189845594, 0.367422570388, -0.00573019008713
6.02, -22.5977876645, -1.00196222863, -0.681235939633, 0.00792331073959
6.03, 6.88348130138, 1.03538541417, -0.663510802325, 0.0049241092157
6.04, 6.87678232459, 1.03545401523, -0.644947611035, -0.00395302958664
6.05, 6.87026740085, 1.03544515442, -0.626895205481, -0.00318808189241
-44.402, 6.86393542982, 1.03539220623, 0.357141129488, 0.00155549000939
-44.392, -22.5941918303, -1.00199173035, 0.347147796664, 0.0071733393056
-44.382, -22.5906973423, -1.00194403944, 0.337431569536, 0.00152543160883
-44.372, -22.5873013623, -1.00190191338, 0.327986925336, -0.0061046965493
6.06, -22.5840011302, -1.00194055813, -0.609355767109, 0.00608125298464
6.07, 6.85778135827, 1.03540370546, -0.59231160454, 0.00837930880694
6.08, 6.85180013122, 1.03548143282, -0.575736769346, -0.000337848417467
6.09, 6.84598691504, 1.03551535644, -0.559617145406, -0.00567389221932
6.1, 6.84033709453, 1.03546647228, -0.543956161352, 0.00135821281593
-44.362, 6.8348461229, 1.03543377786, 0.318809194677, -0.00293117517963
-44.352, -22.5807939668, -1.00200082613, 0.30988920087, 0.00593797367563
-44.342, -22.5776772697, -1.00198598649, 0.301215957228, 0.0057000719384
-44.332, -22.5746485131, -1.00192365158, 0.292783461928, -0.00340344221147
-44.322, -22.5717052361, -1.00192172799, 0.284588442685, -0.0062295454111
6.11, -22.5688450462, -1.00198853061, -0.528740799187, 0.00913477528797
6.12, 6.82950947972, 1.03549050084, -0.513949465865, 0.00453586399865
6.13, 6.82432279789, 1.0355604452, -0.499560005653, -0.00497920319174
6.14, 6.81928194515, 1.03554324231, -0.485573366509, -0.00356442157671
-44.312, 6.81438291575, 1.0354826268, 0.276625472505, 0.00210792951371
-44.302, -22.5660656194, -1.00201684903, 0.268884068313, 0.00781958713412
6.15, -22.5633646994, -1.00196199409, -0.471988300015, 0.00658298169813
6.16, 6.80962170289, 1.03549576003, -0.458785580698, 0.00810020712413
6.17, 6.80499436973, 1.03556346987, -0.445947183756, 0.00092034494063
6.18, 6.80049718204, 1.03560480183, -0.43345850953, -0.00548336701931
6.19, 6.79612656711, 1.03556464313, -0.421324716611, -0.000309120282968
-44.292, 6.79187902181, 1.03552267968, 0.261356338206, 0.0012507324663
-44.282, -22.5607400924, -1.00191818321, 0.254039153153, -0.00677398584947
-44.272, -22.5581896601, -1.00196281358, 0.246929799867, -0.00279325551298
6.2, -22.5557113266, -1.00202600901, -0.409538426617, 0.00795060555557
6.21, 6.78775103985, 1.03556298315, -0.398081845826, 0.00542541910947
6.22, 6.78373921741, 1.03563261598, -0.386934993783, -0.00386854903564
6.23, 6.77984035025, 1.03562798897, -0.376097986365, -0.00447426852466
6.24, 6.77605135599, 1.03556805222, -0.365573374115, 0.00477175772182
-44.262, 6.77236914072, 1.03556482195, 0.240020371292, 0.00675358303339
-44.252, -22.5533030751, -1.00200522754, 0.233301202122, 0.00591802065551
-44.242, -22.5509629501, -1.00193707721, 0.226768150081, -0.00407802763531
6.25, -22.5486890437, -1.00193843769, -0.355348337435, 0.00848016183724
6.26, 6.76879063355, 1.03563682367, -0.34540268112, 0.000274447839534
6.27, 6.76531292534, 1.03567612851, -0.335725262178, -0.00630398979569
6.28, 6.76193328109, 1.03562737365, -0.326325240747, -0.00020004691866
6.29, 6.75864899396, 1.03558188632, -0.317196910702, 0.00855152724725
-44.232, 6.75545732383, 1.03562699854, 0.220419745876, -0.00660049816354
-44.222, -22.546479502, -1.00201149502, 0.21425188506, 0.00275027435303
6.31, -22.544332524, -1.00203781025, -0.29968605179, -0.00481073949778
6.32, -22.5422463637, -1.00198537587, -0.291288957913, -0.00487524471275
6.33, 6.74641234833, 1.03562017013, -0.283137291823, 0.00533579836459
6.34, 6.74356600825, 1.03561867896, -0.275216761422, 0.00764462504899
6.35, 6.74079999149, 1.03568326775, -0.267513604148, 0.00142089497028
-44.192, 6.73811205774, 1.03572665411, 0.196754293226, -0.00554080307604
-44.182, -22.5382497402, -1.00197065026, 0.191246530953, -0.00345818245067
-44.172, -22.5363360126, -1.00203137946, 0.185894317947, 0.00530355591762
6.36, -22.534476576, -1.0020237375, -0.260016151649, -0.00557964613331
6.37, -22.5326699156, -1.00196216065, -0.252732497353, -0.00142178256838
6.38, 6.73296199372, 1.03564022231, -0.245661114718, 0.00712253374948
-44.152, 6.73049566064, 1.03566961507, 0.175628159673, -0.00247751629089
6.39, -22.5309145541, -1.00195190929, -0.238788617702, 0.00574310297202
6.4, 6.72809901386, 1.03573733107, -0.232098161348, -0.00343624603627
-44.142, 6.72577013973, 1.0357378605, 0.17070979655, -0.00624445829571
-44.132, -22.5292090541, -1.00201386075, 0.165931878084, 0.00128767799607
6.41, -22.5275520204, -1.0020477659, -0.225591310843, -0.0051581453924
6.42, 6.72350722155, 1.03567644486, -0.219275579544, 0.00360754946619
6.43, 6.72130840439, 1.03566242867, -0.213142231833, 0.00830661473176
6.44, 6.71917181223, 1.03572740909, -0.207174921479, 0.000938053360514
6.45, 6.71709568644, 1.03577058517, -0.201364152264, -0.00635428090263
6.46, 6.71507841486, 1.03572568294, -0.195721258311, -0.00133202258114
-44.122, 6.71311839649, 1.03567305961, 0.161286778679, 0.00768965946004
-44.112, -22.5259420998, -1.00199847341, 0.156768674949, 0.00217515718807
-44.102, -22.5243779772, -1.00194956571, 0.152376570502, -0.0061950481733
6.47, -22.5228583683, -1.00198550596, -0.190245082341, 0.00779316277137
6.48, 6.71121396462, 1.03570746937, -0.184922891083, 0.00572833532685
6.49, 6.70936349682, 1.03577896611, -0.179738086354, -0.00427873292226
-44.092, 6.70756552681, 1.03577411358, 0.148110220372, -0.00340527229005
-44.082, -22.5213820271, -1.00204965352, 0.143964649233, 0.00608932897825
-44.072, -22.5199477435, -1.00203674475, 0.139932320235, 0.00645066680364
6.5, -22.5185543454, -1.00196898399, -0.174695320904, -0.00557820897294
6.51, 6.70581867093, 1.03570547473, -0.169803673178, 0.00417138184032
6.52, 6.70412148305, 1.03569296218, -0.165053050093, 0.0075973665292
6.53, 6.70247248459, 1.0357512118, -0.160432105383, 0.00223881631382
6.54, 6.70087032331, 1.03580004588, -0.155929994973, -0.00560631906444
6.55, 6.69931374601, 1.03576744172, -0.151556598456, -0.00260251829844
6.56, 6.69780153313, 1.03571093598, -0.147314303274, 0.0064186073774
-44.062, 6.69633239507, 1.03572959606, 0.136010771515, -0.00309366681396
-44.052, -22.5172006876, -1.00196117398, 0.132200519221, -0.00668455989726
-44.042, -22.5158856562, -1.00202949095, 0.128499957524, 0.00183698449772
6.58, -22.5146081698, -1.00206235545, -0.139177554226, -0.00281388443945
-44.032, 6.69351836715, 1.03580647502, 0.124901808983, 0.00838843286762
-44.022, -22.5133671811, -1.00200557483, 0.121401153544, 0.00191077157188
-44.012, -22.5121616719, -1.00195459765, 0.117998162732, -0.00693944542869
6.59, -22.5109906458, -1.00199691101, -0.135268895067, -0.00590853329857
6.6, 6.69217127891, 1.03574397668, -0.131478420303, 0.00242187146774
-44.002, 6.69086268412, 1.03571844983, 0.114693600514, -0.00333480822963
-43.992, -22.5098531376, -1.00206479396, 0.111482843769, 0.00692474759433
-43.982, -22.5087482099, -1.00204614529, 0.10835893726, 0.00628640649614
-43.972, -22.507674956, -1.00198645652, 0.105320762717, -0.00165576657253
6.61, -22.5066324883, -1.00196995604, -0.127800579694, 0.00838603158718
6.62, 6.68959142328, 1.03577771694, -0.124221457397, 0.00189164340092
6.63, 6.6883564214, 1.03582784151, -0.120731133526, -0.00638178743507
6.64, 6.68715673905, 1.03578834638, -0.117342223155, -0.00257905652855
6.65, 6.68599144495, 1.03572777711, -0.114057740999, 0.00714492705044
-43.962, 6.6848595199, 1.03575136944, 0.102368624188, -0.00610397559646
-43.952, -22.5056199433, -1.0020265268, 0.0995019263981, 0.000557843843
-43.942, -22.5046364835, -1.00206447942, 0.0967149832166, 0.00736634202315
6.66, -22.5036812972, -1.00202141377, -0.110867056498, 0.00653204657928
6.67, 6.68375995437, 1.03582477111, -0.107754762798, -0.0035875582836
6.68, 6.68269187506, 1.03582911828, -0.104724460642, -0.00639861300634
6.69, 6.68165449088, 1.03575924075, -0.101788882389, 0.00296208080615
6.7, 6.68064694021, 1.03573459731, -0.0989402927603, 0.00671220222683
6.71, 6.67966829499, 1.03579054856, -0.0961694009877, 0.00289264107541
-43.932, 6.67871773749, 1.03584145201, 0.0940031427167, 0.00287861765585
-43.922, -22.5027535964, -1.00196982387, 0.0913665360497, -0.00555758720575
6.72, -22.5018526092, -1.00199782867, -0.0934654170978, -0.00525547328473
6.73, 6.67779453163, 1.03581498602, -0.0908383767631, -0.00335926098762
-43.912, 6.67689797333, 1.03575573773, 0.088806322823, -0.00383488087029
-43.902, -22.5009775873, -1.00206133494, 0.0863194141245, 0.00536503629
6.74, -22.5001278043, -1.00205559966, -0.0882936181506, 0.00560420696673
6.75, 6.6760272777, 1.03576515633, -0.0858232326015, 0.00669357558555
6.76, 6.67518164639, 1.03583121943, -0.083413313772, -0.00207104890464
6.77, 6.67436039315, 1.03584643251, -0.0810643060679, -0.00614804459838
-43.892, 6.67356291812, 1.0357866883, 0.0838996344681, 0.00671736023814
-43.882, -22.4993025582, -1.00199021139, 0.0815453824197, -0.00219458433075
-43.872, -22.4985011621, -1.00197518591, 0.0792582553492, -0.00657980069064
-43.862, -22.497722946, -1.00203794171, 0.0770382060058, 0.00102510775783
6.78, -22.4969672609, -1.00207558898, -0.0787889229679, 0.00140470067137
6.79, 6.67278856842, 1.03575343025, -0.0765844596476, 0.00811601360803
6.8, 6.67203661823, 1.0358055121, -0.0744385061419, 0.00266986107399
6.81, 6.67130640186, 1.03585937449, -0.0723412919286, -0.00600526635097
6.82, 6.67059737845, 1.03582680281, -0.0703050226717, -0.00340179164933
6.83, 6.6699090184, 1.03576314391, -0.0683353262997, 0.0063286037819
-43.852, 6.66924069618, 1.03577705755, 0.0748795778968, 0.0080771694965
-43.842, -22.4962334788, -1.00202540819, 0.0727782386235, 0.00270080769027
-43.832, -22.49552099, -1.0019711133, 0.0707351529641, -0.00628927210462
-43.822, -22.4948291953, -1.00200491947, 0.0687521934728, -0.00385550927858
-43.812, -22.4941575149, -1.00207266926, 0.0668263814511, 0.00614727648033
6.85, 6.66859177167, 1.03584881298, -0.0645556147229, -0.00276261078151
6.86, 6.66796172311, 1.03586098121, -0.06273331153, -0.00668249872626
6.87, 6.66735011193, 1.03579398457, -0.0609711353171, 0.00188572850914
6.88, 6.66675643037, 1.03576093816, -0.059263812137, 0.00650373790301
6.89, 6.6661800873, 1.03580973391, -0.0576036384912, 0.00379257281324
-43.802, 6.66562057855, 1.03586547352, 0.0649516554345, 0.00703972838617
-43.792, -22.4928722661, -1.00199027091, 0.0631271526194, -0.00284696349079
6.9, -22.4922576224, -1.00197774477, -0.0559790098897, -0.00486628490553
6.91, 6.66507747547, 1.03584665192, -0.0543993148163, -0.00426589378314
6.92, 6.66455038805, 1.03578380957, -0.0528729690927, 0.00478063769328
6.93, 6.6640388387, 1.03578299997, -0.0513935938505, 0.00722562203088
6.94, 6.66354231358, 1.03584808964, -0.0499478789829, -0.00116615615127
6.95, 6.66306039521, 1.03587224574, -0.0485345585557, -0.00649200061793
-43.782, 6.6625927575, 1.03581540209, 0.0613552140288, -0.00709690046283
-43.772, -22.4916609353, -1.00204751429, 0.0596361886668, 0.00154645685384
-43.762, -22.4910817018, -1.00208468098, 0.0579641104434, 0.00653561037864
6.96, -22.4905194364, -1.00203718125, -0.0471679278039, 0.000259081230855
6.97, 6.6621390254, 1.03577291992, -0.0458473540988, 0.00797733538369
6.98, 6.66169873465, 1.03581787442, -0.0445622852522, 0.00369041288343
-43.752, 6.66127145876, 1.0358777, 0.0563363019167, 0.00388031340346
-43.742, -22.4899736667, -1.00198034029, 0.0547530381108, -0.00513013609809
-43.732, -22.4894439285, -1.00200004128, 0.0532165299772, -0.00469830151355
6.99, -22.4889297722, -1.00206681641, -0.0433014584782, -0.00561618614462
7.0, 6.66085689328, 1.03585341648, -0.0420762264446, -0.00440488474238
7.01, 6.66045475477, 1.03578550803, -0.0408953192354, 0.00549913396823
7.02, 6.66006465857, 1.03578859314, -0.0397513609896, 0.00760244412507
7.03, 6.65968618301, 1.03586010772, -0.0386307739021, -0.00178460369539
-43.722, 6.65931901085, 1.03588234292, 0.0517251374014, 0.0046576160136
-43.712, -22.4884307614, -1.00207048447, 0.0502732690851, 0.00738593742887
-43.702, -22.4879464764, -1.00200471303, 0.0488595493448, -0.0012198010744
7.04, -22.4874765053, -1.00197970666, -0.037533122171, -0.00710246092186
7.05, 6.65896291641, 1.0358181296, -0.036474759492, 0.000662430348451
7.06, 6.65861761132, 1.03577491497, -0.0356352707207, 0.00402284395256
7.07, 6.65828252841, 1.03582221114, -0.0344585556932, 0.00438908011545
7.08, 6.65795788042, 1.0358769172, -0.0334822629138, -0.0042465479324
7.09, 6.65764289109, 1.03586551862, -0.0325313528382, -0.00474235940481
7.1, 6.65733753313, 1.03580309493, -0.031615894156, 0.00391317092268
-43.692, 6.6570415175, 1.03579410478, 0.047486287914, -0.00689814597603
-43.682, -22.4870204446, -1.00203918212, 0.0461547095842, -4.40753475836e-05
-43.672, -22.4865779045, -1.00208557992, 0.0448601928718, 0.00807664749425
7.11, -22.4861485084, -1.00204136581, -0.0307309241708, 0.00734908631533
-43.662, 6.65675450412, 1.03585527584, 0.0435986843635, 0.00382551529278
-43.652, -22.4857318924, -1.00197982528, 0.0423715416744, -0.00587241309108
-43.642, -22.4853276954, -1.00200475214, 0.0411815232628, -0.00482483057799
-43.632, -22.4849355689, -1.00207653928, 0.0400269764994, 0.00542944432799
7.12, -22.4845551746, -1.00207596583, -0.0298641461705, -0.000311495320986
7.13, 6.65647623413, 1.03588573824, -0.0290127486764, -0.00639333683368
7.14, 6.65620654151, 1.03583434034, -0.0281913123123, -0.000645000901664
7.15, 6.65594521963, 1.03578661163, -0.027400913858, 0.00750816290252
7.16, 6.65569196591, 1.03582359104, -0.026632257043, 0.00439357288197
7.17, 6.65544649753, 1.03588545796, -0.0258738775519, -0.00496032599552
-43.622, 6.65520864686, 1.03586938974, 0.038902148766, 0.00663909045272
-43.612, -22.484186189, -1.00201626783, 0.0378068494352, 5.39058486017e-05
-43.602, -22.4838282921, -1.00198619007, 0.0367426174948, -0.00594288263312
-43.592, -22.4834811712, -1.00203237192, 0.0357109887966, -0.00104527514484
7.18, -22.4831445243, -1.00207995586, -0.0251354777878, -0.00495627807848
7.19, 6.65497827664, 1.03580158969, -0.0244275084931, 0.00458766454425
7.2, 6.65475515128, 1.03579576918, -0.0237442030299, 0.00780323387738
-43.582, 6.65453898293, 1.0358636108, 0.0347085772033, 0.00674682825822
7.21, -22.4828180592, -1.00204988966, -0.0230724455802, -0.000841368391959
7.22, 6.65432957425, 1.03589314659, -0.0224101233014, -0.00703792254406
7.23, 6.65412682287, 1.03583462757, -0.0217736115526, -0.000328472697134
-43.572, 6.65393057422, 1.03578538909, 0.0337314658562, 0.00438793252785
-43.562, -22.4825014948, -1.00199204274, 0.0327805032248, -0.00433466142037
7.24, -22.4821945517, -1.00200386619, -0.0211635680653, 0.00826494278841
7.25, 6.65374056907, 1.03582903918, -0.0205696287565, 0.0043153618371
7.26, 6.65355657447, 1.03589459516, -0.0199797051871, -0.00576908606171
7.27, 6.65337848113, 1.03587284929, -0.0194060241792, -0.00516423638812
7.28, 6.65320620385, 1.03579923957, -0.0188589897712, 0.00532992017189
-43.552, 6.65303954623, 1.03579710337, 0.0318582928914, -0.00487824617526
-43.542, -22.481896959, -1.00206748604, 0.0309641475513, 0.00384159648279
-43.532, -22.4816084547, -1.0020775114, 0.0300931877416, 0.00734523986189
-43.522, -22.4813287882, -1.00201657481, 0.0292440781016, -0.000357890899095
7.29, -22.4810577127, -1.00198625184, -0.0183301471472, 0.00782719405054
7.3, 6.65287826398, 1.03585762265, -0.0178117554929, 0.000699352300003
7.31, 6.65272220935, 1.0358976232, -0.0172972789341, -0.0066737518672
7.32, 6.65257130589, 1.03585008834, -0.0168022493271, -0.00184413019713
-43.512, 6.65242545594, 1.03579310106, 0.0284193188231, -0.00652433403644
-43.502, -22.4807949848, -1.00203857928, 0.0276207454482, -0.00076031064455
-43.492, -22.4805403703, -1.00208760263, 0.0268447042488, 0.00748684979073
-43.482, -22.4802936434, -1.00205121636, 0.0260873476112, 0.0043880185254
