timestamp, prius0 x posi, prius0 y posi, prius0 x vel, prius0 y vel.
0.0, 0.0, 0.0, 0.0, 0.0
0.00999999999999, -25.0739687704, -0.999902653049, 0.126708698465, -0.00647020723787
0.02, -25.0726389156, -0.999978309443, 0.144059081726, -0.00743654493232
0.03, -25.0711323768, -0.999993203057, 0.161991751891, 0.00274362098146
0.04, -25.0694404939, -0.999935320198, 0.181845429538, 0.00545981737583
0.05, -25.0675366557, -0.999895216204, 0.203596270874, -6.9568486963e-05
0.06, -25.0654154259, -0.999935528848, 0.225112246458, -0.00748227109597
0.07, -25.0630744913, -0.999993935577, 0.247749974285, -0.00395571665598
0.08, -25.0605016175, -0.999976222791, 0.271585594451, 0.00476248820843
0.09, -25.0576866515, -0.999914533924, 0.295986231749, 0.00410110421411
0.1, -25.0546253502, -0.999915790283, 0.320806283321, -0.00503574210075
0.11, -25.0513114127, -0.999983400357, 0.34668472071, -0.00748294225559
0.12, -25.0477349329, -1.00000966888, 0.373113875322, 0.000968252272172
0.13, -25.0438926683, -0.999954586054, 0.399828726441, 0.00629103597136
0.14, -25.0397815371, -0.999914438455, 0.427174752413, -0.000551591282155
0.15, -25.0353903051, -0.999962617462, 0.45548657671, -0.00833620323972
0.16, -25.0307151983, -1.0000257776, 0.483977763884, -0.00401760955861
0.17, -25.0257535979, -1.00000433701, 0.51274261327, 0.00532831239988
0.18, -25.0204989949, -0.999939383992, 0.542635806347, 0.00405885032384
0.19, -25.0149392868, -0.999946360326, 0.573732181582, -0.00594777631082
0.2, -25.009067044, -1.00002236938, 0.605061747079, -0.00806437283976
0.21, -25.0028771404, -1.00004880298, 0.637370485575, 0.00136608474806
0.22, -24.9963587087, -0.999988699206, 0.670763132407, 0.00664818806275
0.23, -24.9895040436, -0.999950281395, 0.70445588284, -0.00119372054875
0.24, -24.9823112262, -1.00000761535, 0.738330522636, -0.00927637263473
0.25, -24.9747771404, -1.00007574844, 0.772933740763, -0.00406104838824
0.26, -24.9668945017, -1.00005046398, 0.807844815312, 0.00587820139363
0.27, -24.9586622724, -0.99998299259, 0.842831671046, 0.00389909137783
0.28, -24.9500767695, -0.999996883119, 0.878647159698, -0.00695657149847
0.29, -24.9411312213, -1.00006700479, 0.914685149332, -0.00823262833467
0.3, -24.9318243867, -1.00010610645, 0.950837284741, -0.000471180764038
0.31, -24.9221483378, -1.00006046885, 0.988719030132, 0.00592022326846
0.32, -24.9120882446, -1.0000174031, 1.02758762993, 6.81970541809e-05
0.33, -24.9016379553, -1.00006231426, 1.06660315669, -0.00852118539021
0.34, -24.8907978743, -1.00013516272, 1.10554857808, -0.00551427674096
0.35, -24.8795656965, -1.00012828377, 1.1451826195, 0.00419827797283
0.36, -24.8679353719, -1.00006649025, 1.18498761365, 0.0043689613056
0.37, -24.8559074516, -1.0000680042, 1.22470601794, -0.00554010366496
0.38, -24.8434782085, -1.00014746524, 1.26529210078, -0.00911722215666
0.39, -24.8306401179, -1.0001893173, 1.30657629933, -0.000283725369206
0.4, -24.817386772, -1.0001395783, 1.34808727956, 0.0062858145731
0.41, -24.8037189962, -1.00009777728, 1.38946569508, -0.000545968524034
0.42, -24.7896359944, -1.00015260132, 1.43136611721, -0.00962145339899
0.43, -24.7751319439, -1.00023258571, 1.47344295252, -0.00577593155191
0.44, -24.7602085088, -1.00022317293, 1.5152905053, 0.00471292378182
0.45, -24.7448613677, -1.00015834758, 1.55850900567, 0.00429752323562
0.46, -24.7290785401, -1.00016655123, 1.60205540643, -0.00660986680799
0.47, -24.7128606318, -1.00024154447, 1.64548478788, -0.00947808703115
0.48, -24.6962054157, -1.00029775945, 1.68960307134, -0.00223961162154
0.49, -24.6791086788, -1.00026281075, 1.73366455779, 0.0055864111476
0.5, -24.6615693877, -1.00021593889, 1.77827985357, 0.000740713699877
0.51, -24.6435837127, -1.00025874183, 1.82282525366, -0.00895962443326
0.52, -24.6251453094, -1.00034470271, 1.86896460513, -0.00735609513892
0.53, -24.6062418901, -1.0003545581, 1.9158052438, 0.00299014592776
0.54, -24.5868688369, -1.00029537262, 1.96267197949, 0.00479365881514
0.55, -24.5670211657, -1.00029100591, 2.0109498291, -0.00519371153487
0.56, -24.5466868262, -1.00036544354, 2.05994366903, -0.0081283722231
0.57, -24.5258622589, -1.00042629946, 2.10882345154, -0.00370861354518
0.58, -24.5045496341, -1.00040966504, 2.15748585953, 0.00391249184973
0.59, -24.4827499518, -1.0003688974, 2.20646949111, 0.0011183659941
0.6, -24.4604570194, -1.00040069252, 2.25612018108, -0.00769506627024
0.61, -24.4376668292, -1.00048244753, 2.30571079163, -0.00789727491306
0.62, -24.4143787799, -1.0005078219, 2.35579675582, 0.000952364701124
0.63, -24.3905905924, -1.00046389931, 2.40563585274, 0.00406618587425
0.64, -24.3663057027, -1.0004549548, 2.45513252391, -0.00398900153009
0.65, -24.3415235221, -1.00052919852, 2.50517417596, -0.00995242658589
0.66, -24.3162418851, -1.00059651599, 2.55494026894, -0.00381519731749
0.67, -24.290464871, -1.00057739446, 2.60428734785, 0.00425770487779
0.68, -24.2641924085, -1.0005368042, 2.65413711224, 0.000673167235736
0.69, -24.2374148283, -1.00057776032, 2.70542330398, -0.00884784343699
0.7, -24.2101229373, -1.00066885139, 2.75669761506, -0.00847375098653
0.71, -24.1823179758, -1.00069448418, 2.80823128405, 0.00127901411427
0.72, -24.1539951397, -1.00064758211, 2.86023917679, 0.00412795590663
0.73, -24.1251502689, -1.0006435908, 2.91261040799, -0.00492209539286
0.74, -24.0957823727, -1.00072874994, 2.96466635325, -0.010960322236
0.75, -24.0658934533, -1.0008010146, 3.01688311889, -0.00384006164709
0.76, -24.0354865838, -1.00077876901, 3.06850255368, 0.00463969618881
0.77, -24.0045546955, -1.00073836706, 3.1217041017, 0.000201697402334
0.78, -23.9730925075, -1.00078885797, 3.17445397751, -0.0100408563632
0.79, -23.9411010136, -1.00088939713, 3.22774607876, -0.00903161199102
0.8, -23.908577231, -1.00091485296, 3.28064632351, 0.00165814101052
0.81, -23.8755258148, -1.00086479098, 3.33333946497, 0.00416791992568
0.82, -23.841949152, -1.00086643254, 3.38567591295, -0.00594474477646
0.83, -23.8078551701, -1.00094935981, 3.43671628197, -0.0107451595202
0.84, -23.7732581215, -1.00103312573, 3.48633010924, -0.00575502324142
0.85, -23.7381720608, -1.00102873106, 3.5345555029, 0.003419167335
0.86, -23.702610666, -1.0009881956, 3.58143492302, 0.00115528126626
0.87, -23.666587232, -1.00102633717, 3.62700511969, -0.00904859910213
0.88, -23.630114685, -1.0011286515, 3.67129799185, -0.0102530544153
0.89, -23.5932055851, -1.00117318123, 3.71434951815, -0.000333202565385
0.9, -23.5558721409, -1.00113343722, 3.75619832285, 0.00418431323177
0.91, -23.5181262208, -1.0011247503, 3.79688029229, -0.0044584325675
0.92, -23.4799793623, -1.00120239287, 3.83642344493, -0.00968606273843
0.93, -23.4414427813, -1.00129264928, 3.87485803038, -0.00734766241445
0.94, -23.4025273761, -1.00130660975, 3.91221631107, 0.0018661987129
0.95, -23.3632437419, -1.00127030259, 3.94853216111, 0.00174512805603
0.96, -23.3236021771, -1.00129630704, 3.98383475644, -0.00776127733409
0.97, -23.2836126951, -1.00139524373, 4.01814788981, -0.010907843831
0.98, -23.2432850269, -1.00145591262, 4.05149857014, -0.00233799915841
0.99, -23.2026286295, -1.00142986526, 4.08391711046, 0.00370837176094
1.0, -23.1616526976, -1.00141404145, 4.11543242895, -0.00302671017818
1.01, -23.1203661681, -1.00149058332, 4.1460664046, -0.0115263249747
1.02, -23.078777731, -1.00158840217, 4.17584027608, -0.00756815825935
1.03, -23.0368958279, -1.00159974044, 4.20478008747, 0.00237526727778
1.04, -22.9947286675, -1.00156059605, 4.23291323626, 0.00167032367043
1.05, -22.9522842271, -1.00159299225, 4.26026207985, -0.00875603319017
1.06, -22.9095702643, -1.0016879696, 4.28684352699, -0.0103805945552
1.07, -22.8665943174, -1.00175637962, 4.31267936091, -0.00389194864088
1.08, -22.8233637125, -1.00174626937, 4.33779268422, 0.00252613690968
1.09, -22.7798855727, -1.00173108309, 4.36220659148, -0.00217030503775
1.1, -22.7361668209, -1.00179497391, 4.38593837013, -0.0103595571206
1.11, -22.6922141891, -1.00189123559, 4.40900363167, -0.00837536830165
1.12, -22.6480342171, -1.00191828136, 4.43142219841, 0.000591368488069
1.13, -22.6036332639, -1.0018893424, 4.45321574859, 0.00156696717654
1.14, -22.5590175093, -1.0019124412, 4.47440238612, -0.00728645414861
1.15, -22.5141929625, -1.00201057275, 4.49499485272, -0.011308972387
1.16, -22.4691654636, -1.00208138278, 4.51500858434, -0.00367592313829
1.17, -22.423940688, -1.00206682323, 4.53446275633, 0.00296452079445
1.18, -22.3785241538, -1.00205159005, 4.5533761101, -0.00259555085723
1.19, -22.3329212236, -1.00212349017, 4.57176107771, -0.0112869988062
1.2, -22.2871371128, -1.00222583518, 4.58962880564, -0.00857563158916
1.21, -22.2411768872, -1.0022499688, 4.606995171, 0.00115888205205
1.22, -22.1950454735, -1.0022169229, 4.62387811328, 0.00166555817001
1.23, -22.1487476585, -1.00224458573, 4.64029164995, -0.00812228114837
1.24, -22.1022880975, -1.0023513406, 4.65624423771, -0.0119727280171
1.25, -22.0556713144, -1.00242322853, 4.67174769973, -0.00332248617337
1.26, -22.0089017059, -1.00240298734, 4.68681786341, 0.0034929295266
1.27, -21.9619835471, -1.00238741999, 4.70147018197, -0.0030388915879
1.28, -21.9149209914, -1.00246763169, 4.71571317484, -0.0122336426194
1.29, -21.8677180794, -1.00256134321, 4.72955469628, -0.00895481628734
1.3, -21.8203787351, -1.0025980459, 4.74300772943, -0.000471558185365
1.31, -21.7729067754, -1.00257598069, 4.7560860988, 0.00133455474993
1.32, -21.7253059094, -1.00259641621, 4.76880131518, -0.00675901814666
1.33, -21.6775797422, -1.00269153463, 4.78115984673, -0.0113738994306
1.34, -21.6297317786, -1.00276889484, 4.79317004215, -0.00470871055893
1.35, -21.5817654244, -1.00276441627, 4.80484417327, 0.00221482222384
1.36, -21.5336839924, -1.00275059542, 4.8161947671, -0.00225029050365
1.37, -21.4854906994, -1.00281726891, 4.82722898907, -0.0108486675531
1.38, -21.4371886747, -1.00292084824, 4.83795195189, -0.00921056924225
1.39, -21.3887809583, -1.00295503699, 4.84837312514, 8.14343459002e-05
1.4, -21.340270508, -1.0029283281, 4.85850468358, 0.001541687474
1.41, -21.2916601966, -1.00295190794, 4.86835575964, -0.00745125989631
1.42, -21.2429528174, -1.00305468186, 4.8779298405, -0.0119924108451
1.43, -21.1941510854, -1.00313309901, 4.88723324607, -0.00436978902885
1.44, -21.1452576395, -1.00312267164, 4.89627637176, 0.00281823803126
1.45, -21.0962750458, -1.00310719432, 4.90506999371, -0.00253319816911
1.46, -21.0472057958, -1.00318075792, 4.91361851885, -0.0116907999741
1.47, -20.9980525275, -1.00328966159, 4.92187270175, -0.00933580061357
1.48, -20.9488181331, -1.0033199102, 4.92985334638, 0.000775794129118
1.49, -20.8995052598, -1.00328763242, 4.93757552211, 0.00178806789492
1.5, -20.8501167023, -1.00331453244, 4.94499337256, -0.0081930556137
1.51, -20.8006553305, -1.00342527294, 4.95215763521, -0.0126061316501
1.52, -20.7511236061, -1.00350411067, 4.95906215869, -0.00392880995947
1.53, -20.7015241219, -1.00349485836, 4.965715884, 0.00014556883689
1.54, -20.6518595747, -1.00348118452, 4.97207852779, -0.00166766133941
1.55, -20.6021326049, -1.00354168926, 4.97821784414, -0.0104435158375
1.56, -20.5523453257, -1.00364749747, 4.9841486809, -0.00994176139369
1.57, -20.5025000629, -1.0036913708, 4.98980166107, -0.000826585861421
1.58, -20.4525994612, -1.00366809792, 4.99523824369, 0.00174766066871
1.59, -20.4026455456, -1.00368527138, 5.00046625169, -0.00667559460191
1.6, -20.3526404029, -1.00378458171, 5.00550102529, -0.0121525469046
1.61, -20.3025860185, -1.00387044306, 5.01030799664, -0.00541206926315
1.62, -20.2524845688, -1.00386806498, 5.01492836559, 0.00243681066404
1.63, -20.2023377394, -1.00384958442, 5.01938820751, -0.00177187742697
1.64, -20.1521473923, -1.00391566506, 5.02363339996, -0.0112121297684
1.65, -20.1019154473, -1.00402675453, 5.02771940685, -0.0101028853101
1.66, -20.0516434414, -1.00406689145, 5.03164964245, -0.000116635867871
1.67, -20.0013331178, -1.00403718543, 5.03537861859, 0.00213091133437
1.68, -19.9509864029, -1.00405624938, 5.03893687915, -0.00729674140429
1.69, -19.9006048666, -1.00416303785, 5.04235485394, -0.0127798012004
1.7, -19.850189831, -1.00424979874, 5.04563992285, -0.00502072652253
1.71, -19.7997426722, -1.00424846671, 5.04877861201, -0.000155211415558
1.72, -19.7492648641, -1.00423059041, 5.0517793777, -0.000779870065644
1.73, -19.6987576304, -1.00428282907, 5.05466657514, -0.00994409834826
1.74, -19.6482222312, -1.00439125199, 5.05741249457, -0.0107854544129
1.75, -19.5976599821, -1.0044454893, 5.06004158807, -0.00171869530923
1.76, -19.5470720128, -1.00442403377, 5.0625589353, 0.00221439633689
1.77, -19.4964594094, -1.00443217645, 5.06497370045, -0.00569429034995
1.78, -19.4458233755, -1.00452744506, 5.06723894251, -0.0123779691072
1.79, -19.3951653554, -1.00462197167, 5.0693866986, -0.00656689181739
1.8, -19.3444863556, -1.00462744466, 5.07143578492, 0.00219909650801
1.81, -19.293787384, -1.00460359404, 5.07337493917, -0.000754069595173
1.82, -19.2430695581, -1.00466066498, 5.07521886897, -0.0107034017926
1.83, -19.192333741, -1.00477497981, 5.07697710603, -0.0110448907949
1.84, -19.1415809409, -1.00482616282, 5.07861538707, -0.0010265413732
1.85, -19.0908122663, -1.00479763714, 5.08014783023, 0.00271237053994
1.86, -19.0400287043, -1.00480653097, 5.08160160645, -0.00623669765767
1.87, -18.9892310517, -1.00489901737, 5.08297431333, -0.0107966030781
1.88, -18.9384201976, -1.00499560139, 5.08424205089, -0.00769817503484
1.89, -18.8875971598, -1.0050149791, 5.08540852564, 0.00103488450777
1.9, -18.8367628331, -1.00499237124, 5.0865048915, 5.5823267237e-05
1.91, -18.7859179866, -1.00503527923, 5.08751220666, -0.00920514186358
1.92, -18.735063447, -1.00514325364, 5.08845186362, -0.0113403464894
1.93, -18.6841998559, -1.00520652613, 5.08932459097, -0.00263263742288
1.94, -18.6333279664, -1.00518843413, 5.09010814188, 0.00247865620314
1.95, -18.5824486337, -1.00518846081, 5.09081225536, -0.00466811312824
1.96, -18.5315626321, -1.00527760861, 5.09145359869, -0.0123097807855
1.97, -18.4806705027, -1.00537842862, 5.09204011168, -0.00759514961857
1.98, -18.429772856, -1.0053923811, 5.09254939865, 0.00176971058872
1.99, -18.378870415, -1.0053650843, 5.09300497328, 0.000141595899573
2.0, -18.3279636786, -1.00541244382, 5.0934139623, -0.00997111208611
2.01, -18.2770532522, -1.00552709692, 5.09374494773, -0.0117229856929
2.02, -18.226139874, -1.00558841504, 5.094001342, -0.00201137193718
2.03, -18.1752241908, -1.00557507016, 5.09420965583, 0.00139965149471
2.04, -18.1243066397, -1.00557134861, 5.09437797456, -0.00345415406625
2.05, -18.073387689, -1.00564699462, 5.09448633852, -0.0112769976774
2.06, -18.0224679399, -1.00574826921, 5.09454626921, -0.00855507074464
2.07, -17.971547866, -1.0057767466, 5.0945437208, 0.000343292711111
2.08, -17.9206281454, -1.00575437225, 5.09447543281, 0.000594100000953
2.09, -17.8697093542, -1.00578895584, 5.09436802822, -0.00839160402874
2.1, -17.8187918146, -1.0058945547, 5.09422864053, -0.0116747570419
2.11, -17.7678758576, -1.00596603585, 5.09405316537, -0.00361854156204
2.12, -17.7169619576, -1.00595355857, 5.09380175488, 0.00244854979943
2.13, -17.6660508659, -1.00594746173, 5.09350712799, -0.00370364424071
2.14, -17.6151428795, -1.00602910718, 5.09318588937, -0.011977528709
2.15, -17.5642383692, -1.00613386949, 5.09280939128, -0.00848863133001
2.16, -17.5133376752, -1.00615699136, 5.09242117554, 0.00111647328824
2.17, -17.4624411412, -1.00612892348, 5.09198588492, 0.000816608411843
2.18, -17.4115491092, -1.00616677448, 5.09150072171, -0.00908195144569
2.19, -17.3606623048, -1.00627907037, 5.09096285628, -0.012116066233
2.2, -17.3097809801, -1.00634930645, 5.09040343564, -0.00304815162745
2.21, -17.2589053035, -1.00632940536, 5.08982864141, 0.00310841368032
2.22, -17.2080355411, -1.00632190022, 5.08921544214, -0.00404656227413
2.23, -17.157172094, -1.00640578112, 5.08858099945, -0.00805841095752
2.24, -17.1063151602, -1.00650616003, 5.08791675797, -0.00927097239098
2.25, -17.0554650088, -1.0065426577, 5.08721246532, -0.000257526641072
2.26, -17.0046220169, -1.0065196219, 5.08648806098, 0.00122585019393
2.27, -16.9537863127, -1.00654489195, 5.08575578841, -0.00748102489875
2.28, -16.9029580612, -1.00664727479, 5.08500378929, -0.0119440057631
2.29, -16.8521374747, -1.0067265394, 5.08421471805, -0.0045781982879
2.3, -16.801325027, -1.006719428, 5.08337606502, 0.00244966491994
2.31, -16.750521064, -1.00670672679, 5.08252280895, -0.00267790721086
2.32, -16.6997256293, -1.00678022904, 5.08166445025, -0.0115901022044
2.33, -16.6489390942, -1.00688858748, 5.08075598104, -0.00936571862483
2.34, -16.5981616837, -1.00692088323, 5.07983613203, 0.00045813398664
2.35, -16.5473935743, -1.00689193898, 5.07888695404, 0.00151829564512
2.36, -16.4966350692, -1.00691986294, 5.077924484, -0.0081444994322
2.37, -16.4458862595, -1.00702942892, 5.07695204186, -0.012489024542
2.38, -16.395147209, -1.00710860903, 5.07597076947, -0.00410289442298
2.39, -16.3444180831, -1.00710228054, 5.07496264514, -0.000160705063328
2.4, -16.2936991861, -1.00709079777, 5.07393238468, -0.00175489613271
2.41, -16.2429906599, -1.00715063247, 5.0728803242, -0.0102824657177
2.42, -16.1922929421, -1.0072553183, 5.07177892247, -0.00992061771146
2.43, -16.1416062871, -1.00730072705, 5.07066843368, -0.00109370681788
2.44, -16.0909307219, -1.00728025749, 5.06955734196, 0.00153303116156
2.45, -16.0402664219, -1.00729786638, 5.06841520456, -0.0065693091631
2.46, -15.9896137091, -1.00739543172, 5.06724115649, -0.011982524249
2.47, -15.9389728449, -1.00748112651, 5.06605266471, -0.0055378296539
2.48, -15.8883438275, -1.0074812376, 5.06486614901, 0.0021544861513
2.49, -15.8377267594, -1.00746447737, 5.06365656646, -0.00180119425221
2.5, -15.7871218725, -1.00752924045, 5.06243956177, -0.010988921337
2.51, -15.7365292008, -1.00763872172, 5.06121725972, -0.0100485574902
2.52, -15.6859488806, -1.00768019775, 5.05996359444, -0.000371379256575
2.53, -15.6353811877, -1.00765307198, 5.05868553104, 0.00194851690185
2.54, -15.5848263349, -1.00767208258, 5.05740375044, -0.0071341425376
2.55, -15.5342843151, -1.00777660551, 5.05612253787, -0.0125693175875
2.56, -15.4837551412, -1.00786296885, 5.0548250092, -0.00513805691471
2.57, -15.4332390712, -1.00785601933, 5.05350906688, 0.00290388324477
2.58, -15.3827361151, -1.00783601594, 5.0522007349, -0.00193772625817
2.59, -15.3322464405, -1.00790671235, 5.05084564659, -0.0117838686324
2.6, -15.2817704599, -1.00800715526, 5.04947596691, -0.0104121506048
2.61, -15.2313081624, -1.00806042986, 5.04810676757, -0.0018503450227
2.62, -15.1808595395, -1.00804178676, 5.0467397593, 0.00191771802526
2.63, -15.1304247468, -1.0080508612, 5.04533046769, -0.00556520601633
2.64, -15.0800041696, -1.00814276357, 5.04391139245, -0.011950452667
2.65, -15.0295977477, -1.00823445015, 5.04249800332, -0.00647562050168
2.66, -14.979205539, -1.00824170762, 5.04106063411, 0.00186386898374
2.67, -14.9288277382, -1.00822069453, 5.03962230167, -0.000888689416452
2.68, -14.8784642966, -1.00827622082, 5.03819203631, -0.0103355488678
2.69, -14.8281152677, -1.00838645344, 5.03672618912, -0.0107125046383
2.7, -14.7777811094, -1.00843712982, 5.0352341643, -0.00121553387699
2.71, -14.7274617798, -1.00841191346, 5.03375455448, 0.00238250628078
2.72, -14.6771571991, -1.00842173948, 5.03228583167, -0.00608169747332
2.73, -14.626867382, -1.00852078702, 5.03079944312, -0.0126140020722
2.74, -14.5765924844, -1.00861424671, 5.02930807588, -0.0061849052028
2.75, -14.5263324371, -1.00861485919, 5.02782485606, 0.00263847337866
2.76, -14.4760872769, -1.00858977655, 5.02632491256, -0.00092108209787
2.77, -14.4258571569, -1.00865066791, 5.02482608234, -0.0111331264757
2.78, -14.3756421376, -1.00875246334, 5.02330391958, -0.0105160038701
2.79, -14.3254423705, -1.00881158164, 5.02177969181, -0.00262849369444
2.8, -14.2752578819, -1.00879783831, 5.02023926277, 0.00183371467106
2.81, -14.2250887987, -1.00880219761, 5.01870443231, -0.0047596132768
2.82, -14.1749351008, -1.00888711545, 5.01715759136, -0.0115527695495
2.83, -14.124797037, -1.00898086876, 5.01558002739, -0.00712551033399
2.84, -14.0746747586, -1.00899554322, 5.01400324452, 0.00128210310313
2.85, -14.0245682069, -1.00897452134, 5.01243508397, -0.000384587053072
2.86, -13.9744773729, -1.00902209914, 5.01085554182, -0.00953122651823
2.87, -13.9244023623, -1.00912925993, 5.0092778256, -0.0109163269633
2.88, -13.8743431365, -1.00918662672, 5.00768819735, -0.00206399589327
2.89, -13.8242998294, -1.00916641399, 5.00609838955, 0.00234112083212
2.9, -13.7742724822, -1.00917073578, 5.00449302363, -0.00519066937495
2.91, -13.7242612245, -1.00926242726, 5.00289000887, -0.0122324342536
2.92, -13.6742659608, -1.00935861019, 5.0012944911, -0.00692072283003
2.93, -13.624286683, -1.00936723198, 4.99968330745, 0.00204200237797
2.94, -13.57432364, -1.00934165757, 4.99804886112, -0.000328934444289
2.95, -13.5243769104, -1.00939379191, 4.99642605415, -0.0102801282868
2.96, -13.4744464277, -1.00950703104, 4.99480566826, -0.0112154466376
2.97, -13.4245321536, -1.00956170257, 4.993173302, -0.00139356065047
2.98, -13.3746343032, -1.00953427326, 4.99151870875, 0.00288329937128
2.99, -13.3247530229, -1.00953877523, 4.98986822466, -0.00567891766197
3.0, -13.2748883125, -1.00962746928, 4.98820327172, -0.0106626649416
3.01, -13.2250402461, -1.00972597439, 4.98654360801, -0.00808329154993
3.02, -13.1752087206, -1.00974853162, 4.98489281097, 0.000901270495519
3.03, -13.1253937621, -1.00972368229, 4.98322566745, 0.00054366705686
3.04, -13.0755955286, -1.00976118074, 4.98154687112, -0.00875775781318
3.05, -13.0258141174, -1.00986816113, 4.97986996948, -0.0115379896607
3.06, -12.9760493881, -1.00993511531, 4.97820701201, -0.00300137115058
3.07, -12.926301343, -1.00991776205, 4.97652629161, 0.00270956127478
3.08, -12.8765700817, -1.0099127606, 4.97485554686, -0.00405956405728
3.09, -12.8268554973, -1.00999790611, 4.97319541569, -0.012180455663
3.1, -12.7771575812, -1.01010092135, 4.97150625368, -0.00801200879847
3.11, -12.7274767007, -1.01011808242, 4.96980131843, 0.00166288041753
3.12, -12.6778127693, -1.01008798627, 4.96811358785, 0.000697524922552
3.13, -12.6281656837, -1.01012944594, 4.96643722592, -0.00950147562156
3.14, -12.5785354498, -1.01024323495, 4.96474282915, -0.0119541223932
3.15, -12.5289220907, -1.01030851098, 4.9630605065, -0.00238760384109
3.16, -12.4793254895, -1.01029556422, 4.96138873831, 0.00169474714925
3.17, -12.4297456411, -1.01028613757, 4.9597054183, -0.00279017797383
3.18, -12.380182732, -1.01035762712, 4.95800367356, -0.0111656830671
3.19, -12.3306368867, -1.01046144047, 4.95630191794, -0.00900481933734
3.2, -12.2811081193, -1.01049312267, 4.95458196473, 0.000268693479392
3.21, -12.2315964625, -1.0104673354, 4.95287819685, 0.00121987868667
3.22, -12.1821017596, -1.01049557112, 4.95119236262, -0.00790965177474
3.23, -12.1326239164, -1.01060056043, 4.94951225539, -0.0119540643431
3.24, -12.0831628953, -1.01067634297, 4.94781949191, -0.00400513405056
3.25, -12.0337187885, -1.01066394854, 4.94613145899, 0.00280415079168
3.26, -11.9842914763, -1.01065146944, 4.94446024816, -0.00298478509076
3.27, -11.9348810685, -1.01072882351, 4.94274648363, -0.0118906697612
3.28, -11.8854877567, -1.01083656759, 4.94105688805, -0.00898135849297
3.29, -11.8361112662, -1.01086297758, 4.93936521829, 0.00107132214715
3.3, -11.7867518523, -1.0108308703, 4.9376453739, 0.00151808730937
3.31, -11.7374097238, -1.01086188701, 4.93591027079, -0.00858575204681
3.32, -11.6880849343, -1.0109607412, 4.93418372289, -0.0112648863528
3.33, -11.6387773425, -1.01104225404, 4.93246934329, -0.00531900983786
3.34, -11.5894870066, -1.01104274578, 4.93071786723, 0.00195776372265
3.35, -11.540214267, -1.01102766429, 4.92896378827, -0.00184703024099
3.36, -11.4909589745, -1.01109026311, 4.92722917941, -0.0105739271213
3.37, -11.4417211315, -1.01119505569, 4.92547428871, -0.00963905973929
3.38, -11.3925007623, -1.01123497213, 4.92373243558, -0.00043945450256
3.39, -11.3432977267, -1.01120997129, 4.92200514321, 0.00171948596921
3.4, -11.2941119049, -1.01122919912, 4.9202925229, -0.00693378992339
3.41, -11.2449433026, -1.01132956669, 4.91854974959, -0.0120612390922
3.42, -11.1957922498, -1.01141226557, 4.91679655328, -0.00496763461612
3.43, -11.1466586421, -1.01140627677, 4.91505701934, 0.00264960123524
3.44, -11.0975423936, -1.01138831439, 4.91330582138, -0.00199721169294
3.45, -11.0484439034, -1.01145672719, 4.91153006211, -0.0113443074503
3.46, -10.9993630879, -1.01156650949, 4.90977016985, -0.00975172440085
3.47, -10.9502998147, -1.01160221302, 4.90802009248, 0.000305226667938
3.48, -10.9012540137, -1.01157067896, 4.906264855, 0.00209065693036
3.49, -10.8522257558, -1.01159193131, 4.90451946746, -0.00756071407604
3.5, -10.8032149166, -1.01169955142, 4.90278557481, -0.0126426300726
3.51, -10.7542214391, -1.01178251833, 4.90103937478, -0.00451148826549
3.52, -10.7052454153, -1.0117770926, 4.89930272665, 9.5011473761e-05
3.53, -10.6562868, -1.01175969162, 4.89755001187, -0.00101578561673
3.54, -10.6073456965, -1.01181424527, 4.89580667883, -0.0100539417188
3.55, -10.5584220476, -1.01192080474, 4.89405352198, -0.0103589023519
3.56, -10.5095158635, -1.01196985985, 4.8923149237, -0.00123700157813
3.57, -10.4606270328, -1.01194631673, 4.89058186234, 0.00217284104647
3.58, -10.411755548, -1.01195676148, 4.8888411773, -0.0059656781065
3.59, -10.3629014793, -1.01205261314, 4.88710750922, -0.0121876798501
3.6, -10.3140647003, -1.01214259259, 4.88538349966, -0.00597771901924
3.61, -10.265245333, -1.01214346196, 4.88361489893, 0.00245861440273
3.62, -10.2164436396, -1.01212012473, 4.88185521362, -0.00100150660208
3.63, -10.1676594884, -1.01217940829, 4.8801104615, -0.0107791900829
3.64, -10.1188927481, -1.0122912326, 4.87837611067, -0.0105415654239
3.65, -10.0701434011, -1.01233656187, 4.87662522987, -0.000498317415067
3.66, -10.0214115325, -1.01230580926, 4.87487052675, 0.002662474067
3.67, -9.97269724862, -1.01231711016, 4.87311890149, -0.00650719715871
3.68, -9.92400055648, -1.01240988131, 4.87135211946, -0.0105553093596
3.69, -9.87532151192, -1.01250123065, 4.86959328599, -0.00704150580902
3.7, -9.8266599671, -1.01251560308, 4.86784842303, 0.00130509291702
3.71, -9.77801605588, -1.01249367345, 4.86606020088, -0.000218961593083
3.72, -9.72939002884, -1.01253888183, 4.86428116603, -0.00926462851236
3.73, -9.6807817499, -1.01264386966, 4.86251388133, -0.0107678111766
3.74, -9.63219106643, -1.01270066781, 4.86075961174, -0.00206159113425
3.75, -9.58361795409, -1.01268027794, 4.85899262049, 0.00240817238725
3.76, -9.5350624677, -1.01268296387, 4.85723906915, -0.00495547066405
3.77, -9.48652445969, -1.01277215729, 4.85550015762, -0.0120091203096
3.78, -9.43800371488, -1.01286706535, 4.85376558861, -0.00687720077426
3.79, -9.38950070435, -1.01287573094, 4.85197805782, 0.00203596894518
3.8, -9.3410153988, -1.01284939209, 4.8502160138, -0.000167998950819
3.81, -9.29254777473, -1.01289914283, 4.84844168321, -0.0100106272269
3.82, -9.24409791066, -1.01301027334, 4.84666009183, -0.0110801154953
3.83, -9.19566592571, -1.01306456832, 4.84487400091, -0.00141045526418
3.84, -9.14725169782, -1.01303706321, 4.84310470126, 0.00294953717811
3.85, -9.09885513803, -1.01303983839, 4.84133334781, -0.0054297291977
3.86, -9.05047626723, -1.01313622303, 4.83957519824, -0.0127117863552
3.87, -9.00211497215, -1.01323333919, 4.83782038008, -0.00661661877625
3.88, -8.95377141234, -1.01323526294, 4.83601906498, 0.00285435509241
3.89, -8.90544582581, -1.01321780388, 4.83422987767, 0.000435529014311
3.9, -8.85713806158, -1.01325466981, 4.83245760243, -0.00855371714357
3.91, -8.8088479573, -1.01335884244, 4.83069983329, -0.0112545036491
3.92, -8.7605754568, -1.01342426724, 4.82892947634, -0.00297983088201
3.93, -8.71232077602, -1.01340783215, 4.82713615498, 0.00257945274623
3.94, -8.66408390342, -1.01340312098, 4.8253686761, -0.0039606939436
3.95, -8.61586480608, -1.01348572829, 4.82358135149, -0.0118391752392
3.96, -8.56766360775, -1.01358580623, 4.82179672462, -0.00781488922023
3.97, -8.51948026305, -1.01360271756, 4.82000116124, 0.00156986223468
3.98, -8.47131485596, -1.01357364092, 4.81821421668, 0.000656394799544
3.99, -8.42316735246, -1.01361376046, 4.81641852722, -0.00922377958218
4.0, -8.37503775834, -1.01372409539, 4.81463663474, -0.0116212486346
4.01, -8.32692594353, -1.01378758019, 4.81286284227, -0.00235827760779
4.02, -8.2788319052, -1.01376361828, 4.81107495732, 0.00321810023576
4.03, -8.23075566906, -1.01375782962, 4.80930476088, -0.00433157792867
4.04, -8.18269707051, -1.01384261595, 4.80755500742, -0.00788711665184
4.05, -8.13465612755, -1.01393771988, 4.80577530386, -0.00853298110453
4.06, -8.0866328626, -1.0139676253, 4.80401217314, 0.000202228638488
4.07, -8.03862712919, -1.01394386697, 4.80226621414, 0.00101857547022
4.08, -7.99063884507, -1.01397172476, 4.80051654579, -0.00762986043399
4.09, -7.94266820176, -1.01407181744, 4.79874313414, -0.0113906458373
4.1, -7.89471529562, -1.01414376138, 4.79697388327, -0.00384768447385
4.11, -7.84678003534, -1.01413259571, 4.79520161748, 0.00252574824226
4.12, -7.79886253477, -1.01412206853, 4.79342097912, -0.00300410015982
4.13, -7.75096291484, -1.01419651409, 4.7916379135, -0.0113828102725
4.14, -7.70308118875, -1.01429902175, 4.78983914112, -0.00856578996634
4.15, -7.65521746058, -1.01432439662, 4.78804304176, 0.000917513507637
4.16, -7.60737161225, -1.01429507419, 4.78624996044, 0.00126113919673
4.17, -7.55954383187, -1.01432590435, 4.78443526837, -0.00829719325755
4.18, -7.51173424093, -1.01443280195, 4.78262347452, -0.0118719920563
4.19, -7.46394276316, -1.01450407031, 4.78080324205, -0.00333367138999
4.2, -7.4161694292, -1.01448573362, 4.77899516108, 0.00319228014044
4.21, -7.36841410629, -1.01447341503, 4.77720289258, -0.00329506716198
4.22, -7.3206767334, -1.01455446892, 4.77540260846, -0.0121513773185
4.23, -7.27295738274, -1.01466090457, 4.77360607474, -0.00851344549969
4.24, -7.2252559239, -1.01468071369, 4.77182161517, 0.00173266732777
4.25, -7.17757217646, -1.01465973474, 4.77005878028, 0.00142188946185
4.26, -7.12990617681, -1.01467970398, 4.76826297802, -0.00678876704338
4.27, -7.0822581982, -1.01477646903, 4.76646864578, -0.0116020832518
4.28, -7.03462809298, -1.01485578377, 4.76468744283, -0.0048076670404
4.29, -6.98701566253, -1.0148507349, 4.76291935381, 0.0024001703841
4.3, -6.93942113927, -1.01483484043, 4.76112571651, -0.00206962655021
4.31, -6.89184430426, -1.01490118768, 4.75937526834, -0.0109286575998
4.32, -6.84428521038, -1.01500628329, 4.75758409257, -0.00934700177043
4.33, -6.79674400231, -1.01504056413, 4.75578562135, 0.000216646174101
4.34, -6.74922075931, -1.01501133891, 4.75399502605, 0.00184870174532
4.35, -6.70171533587, -1.01503280486, 4.75222332537, -0.00734945046776
4.36, -6.65422777313, -1.01513611075, 4.75041512634, -0.012119872809
4.37, -6.60675837991, -1.01521536941, 4.74860181538, -0.00434766330452
4.38, -6.55930696845, -1.01520304217, 4.74681155246, 0.00313764150368
4.39, -6.51187350664, -1.0151842367, 4.7450086695, -0.00224163811352
4.4, -6.46445808366, -1.01525657454, 4.74321381222, -0.0116981102747
4.41, -6.41706055126, -1.01536625365, 4.74143202009, -0.00939144917815
4.42, -6.36968082774, -1.01539560577, 4.73964119121, 0.00101964990937
4.43, -6.32231907863, -1.01537358896, 4.73783482806, 0.00141282154265
4.44, -6.274975356, -1.01538808548, 4.73604210983, -0.00598149823323
4.45, -6.22764953657, -1.01547882425, 4.7342595772, -0.0113535340803
4.46, -6.18034154015, -1.01556134396, 4.73245888357, -0.00550564594931
4.47, -6.13305171935, -1.01556311932, 4.73063936708, 0.00195140035453
4.48, -6.08577999016, -1.01554585316, 4.7288393094, -0.00146852734847
4.49, -6.03852618687, -1.01560438575, 4.7270567904, -0.0102288470063
4.5, -5.99129031249, -1.01570785369, 4.72524213889, -0.00968529000241
4.51, -5.94407268071, -1.01574915569, 4.72342012645, -0.000567970514194
4.52, -5.89687316268, -1.01572353014, 4.72161617302, 0.00197185479829
4.53, -5.84969169212, -1.01573860664, 4.71980633484, -0.00646079866736
4.54, -5.80252833782, -1.01583562476, 4.71800278879, -0.0118994349683
4.55, -5.75538294136, -1.0159187963, 4.71621343793, -0.00512922557664
4.56, -5.70825543853, -1.01591372291, 4.71441432212, 0.00269584703516
4.57, -5.66114599701, -1.01589291128, 4.71260091761, -0.00154777125617
4.58, -5.61405468946, -1.01595673288, 4.71079690982, -0.0109692772285
4.59, -5.5669813291, -1.01606516457, 4.70901134445, -0.00981275801246
4.6, -5.51992574668, -1.01610237122, 4.70722959305, 0.000176319921239
4.61, -5.47288807642, -1.01606998744, 4.70543669177, 0.00238312024908
4.62, -5.42586833346, -1.01608667291, 4.70363938037, -0.00705496214928
4.63, -5.37886669179, -1.01619085461, 4.70182135402, -0.0124924645523
4.64, -5.33188323072, -1.01627453926, 4.70000838699, -0.00469847177535
4.65, -5.2849177947, -1.01627007694, 4.69821682701, 0.000157487490019
4.66, -5.23797032115, -1.01624948321, 4.69640907088, -0.000525212231026
4.67, -5.19104097282, -1.01629918025, 4.69459045904, -0.00967200221421
4.68, -5.14412983033, -1.01640454948, 4.69277693498, -0.0104496864465
4.69, -5.09723673225, -1.0164553386, 4.69097842382, -0.00137482307594
4.7, -5.05036165445, -1.01643078417, 4.68916693806, 0.00249842524552
4.71, -5.0035046285, -1.01643630076, 4.68737186774, -0.00543139552759
4.72, -4.95666551913, -1.0165286914, 4.68558903807, -0.0120571483797
4.73, -4.9098442592, -1.01661970382, 4.6837952423, -0.00619604947151
4.74, -4.86304099857, -1.01662162798, 4.68198466638, 0.00253466534969
4.75, -4.81625583955, -1.01659476991, 4.68018181185, -0.000471387374704
4.76, -4.76948863365, -1.01664897182, 4.67839695147, -0.0103960078359
4.77, -4.72273943361, -1.01675985315, 4.67657301026, -0.0106703923914
4.78, -4.67600849148, -1.01680721735, 4.67475162629, -0.000648788843502
4.79, -4.62929566735, -1.0167752885, 4.67294671369, 0.0030246285149
4.8, -4.58260083606, -1.01678128592, 4.6711447464, -0.00594602859217
4.81, -4.53592411365, -1.01687062304, 4.66933953832, -0.0104510005356
4.82, -4.48926534553, -1.01696337594, 4.6675516905, -0.00729407533992
4.83, -4.4426243633, -1.0169788841, 4.66577855754, 0.00139794443494
4.84, -4.39600111056, -1.0169530683, 4.66399811116, 0.00035274199477
4.85, -4.34939577034, -1.01699297098, 4.66220017065, -0.00888215596197
4.86, -4.30280841867, -1.01709728814, 4.66040865595, -0.0109380844341
4.87, -4.25623902419, -1.01715642857, 4.65860266217, -0.00222484497408
4.88, -4.2096876303, -1.01713466913, 4.65680870806, 0.00281075582219
4.89, -4.16315408021, -1.01713165345, 4.65503422787, -0.0043674792949
4.9, -4.11663831367, -1.01721746878, 4.65324990444, -0.0119369021564
4.91, -4.07014045322, -1.01731419335, 4.65145122, -0.00716597578854
4.92, -4.0236606261, -1.017324056, 4.64964982082, 0.00215025877811
4.93, -3.97719868653, -1.01729342397, 4.64786998371, 0.000448513177173
4.94, -3.93075456815, -1.01733766146, 4.64608275813, -0.00963434192195
4.95, -3.88432836801, -1.01744846281, 4.64429726252, -0.0112976830378
4.96, -3.83791992307, -1.01750542655, 4.64252748759, -0.0015837903564
4.97, -3.79152916615, -1.01748824322, 4.64074987127, 0.00174516509788
4.98, -3.74515626788, -1.01748138025, 4.63895665722, -0.00314493323356
4.99, -3.69880133472, -1.01755357744, 4.63716813814, -0.0108889533633
5.0, -3.65246419773, -1.01765054502, 4.63539616953, -0.00810182581038
5.01, -3.60614489188, -1.01767471744, 4.63358758256, 0.000740086004005
5.02, -3.55984371415, -1.01764889914, 4.63178061057, 0.000906626087861
5.03, -3.51356052169, -1.01768030887, 4.62999245716, -0.00804857792213
5.04, -3.4672952799, -1.01778193245, 4.62817800842, -0.0112340140643
5.05, -3.42104822457, -1.01784887426, 4.62637573417, -0.00317365705293
5.06, -3.37481902802, -1.01783245742, 4.62459685633, 0.00279847789321
5.07, -3.32860766419, -1.01782317099, 4.62280682316, -0.0033876375206
5.08, -3.28241429518, -1.01790123493, 4.62100093133, -0.0115731493475
5.09, -3.23623896161, -1.01800150456, 4.61920408427, -0.00801714301026
5.1, -3.19008147223, -1.01802019901, 4.61742615234, 0.0015208772414
5.11, -3.14394196442, -1.01798864205, 4.61560233663, 0.00113294523822
5.12, -3.09782066863, -1.01802325292, 4.61379177184, -0.00872829010085
5.13, -3.05171742622, -1.01813142045, 4.61199479594, -0.0116575648391
5.14, -3.00563215082, -1.01819696442, 4.61018936197, -0.00259232154427
5.15, -2.95956492197, -1.01817309041, 4.60838896741, 0.00345632814352
5.16, -2.91351560474, -1.01816242648, 4.60660758241, -0.00373205266411
5.17, -2.86748404726, -1.01824268469, 4.60484567353, -0.00764835232003
5.18, -2.82147041865, -1.01833844577, 4.60300921505, -0.00878627178706
5.19, -2.77547521074, -1.01837040218, 4.60116958224, 0.00015385867778
5.2, -2.72949828987, -1.01834385845, 4.59934883951, 0.00154098602611
5.21, -2.68353961224, -1.01836588214, 4.59751912798, -0.00712419107474
5.22, -2.6375992002, -1.01846404894, 4.59570164552, -0.0114729164411
5.23, -2.59167701335, -1.01853848618, 4.59386944546, -0.00411021237682
5.24, -2.54577308838, -1.01852732688, 4.59204923871, 0.00280068261941
5.25, -2.49988737536, -1.01851145999, 4.59022209121, -0.00236383472883
5.26, -2.45401994764, -1.01858129611, 4.58840256949, -0.0111666654376
5.27, -2.40817062385, -1.01868488539, 4.58660030352, -0.00886504376302
5.28, -2.3623394118, -1.01871252993, 4.58476462796, 0.000874371686235
5.29, -2.31652659367, -1.01868008525, 4.58293120703, 0.00183024022929
5.3, -2.27073201908, -1.01870474864, 4.58111771988, -0.0077804347039
5.31, -2.22495573618, -1.01880994855, 4.57926618418, -0.0119989817801
5.32, -2.17919804911, -1.01888413037, 4.57741065472, -0.0036228695873
5.33, -2.13345879294, -1.01886570607, 4.57557447012, 0.00350455154133
5.34, -2.08773779133, -1.01884757335, 4.57375920274, -0.00261330073261
5.35, -2.04203497127, -1.01892393313, 4.57193614563, -0.0119572018952
5.36, -1.99635038705, -1.01901774964, 4.57011933582, -0.00911876175239
5.37, -1.95068385983, -1.01905637378, 4.56832019578, -0.000573453603061
5.38, -1.90503544218, -1.01903292428, 4.56648489203, 0.00169353204509
5.39, -1.85940543104, -1.01904868888, 4.56465260096, -0.00628061507278
5.4, -1.8137936768, -1.01914111251, 4.56283632293, -0.0112979889913
5.41, -1.76820011015, -1.01921953387, 4.5610087322, -0.00486452112377
5.42, -1.72262478928, -1.01921512171, 4.55918939817, 0.00241312475492
5.43, -1.6770675579, -1.0191970088, 4.55738982709, -0.00167846005478
5.44, -1.63152824891, -1.01925873157, 4.55560769971, -0.0104914013083
5.45, -1.58600678994, -1.01936139536, 4.55381513377, -0.00928874186759
5.46, -1.54050325527, -1.01939651059, 4.55202654883, 9.45447849048e-05
5.47, -1.49501760217, -1.01936704014, 4.5502302771, 0.00204599429834
5.48, -1.44954994886, -1.01938461212, 4.54842604067, -0.00686301694569
5.49, -1.40410040017, -1.01948392231, 4.5466216307, -0.0118648574129
5.5, -1.35866887414, -1.0195628903, 4.54481202475, -0.00446611578413
5.51, -1.31325546309, -1.01955164457, 4.54300351636, 0.00312608014579
5.52, -1.26786023292, -1.01953062136, 4.54116418042, -0.0018373145521
5.53, -1.2224834562, -1.01959825178, 4.53932791085, -0.0112651143273
5.54, -1.17712499113, -1.01970577304, 4.53750409534, -0.0093755700138
5.55, -1.13178476997, -1.01973636949, 4.53566993059, 0.000866368542422
5.56, -1.08646283947, -1.01970026804, 4.53384822068, 0.00241160503367
5.57, -1.04115902873, -1.01972003639, 4.53204738569, -0.00751003161535
5.58, -0.9958733139, -1.01981354585, 4.53021820884, -0.0112534112772
5.59, -0.950606034139, -1.01989911045, 4.52837653049, -0.00584940356982
5.6, -0.905357067544, -1.01990080957, 4.52655135147, 0.00232745510518
5.61, -0.860126265577, -1.01987639572, 4.5247435704, -0.000620934954845
5.62, -0.814913481197, -1.01992899867, 4.52293127139, -0.00997479819264
5.63, -0.769718969791, -1.02003431656, 4.52111600169, -0.010126729838
5.64, -0.724542455525, -1.02007899629, 4.51932275445, -0.000654299520192
5.65, -0.679383905828, -1.02004947785, 4.51750484908, 0.00270175210962
5.66, -0.634243580213, -1.02005672701, 4.51569258342, -0.00582102266661
5.67, -0.589121406088, -1.02015204457, 4.51388237079, -0.012127815989
5.68, -0.544017235493, -1.02023963875, 4.51208900228, -0.00556157425277
5.69, -0.498931097751, -1.02023484629, 4.51026054701, 0.00307509865347
5.7, -0.45386329138, -1.02020668607, 4.50843448435, -0.000685767080285
5.71, -0.408813661699, -1.02026482256, 4.50662769455, -0.0107748648492
5.72, -0.363782140868, -1.02037592064, 4.50480928854, -0.0103367062201
5.73, -0.31876878254, -1.02041694381, 4.5029976941, 8.75001679403e-05
5.74, -0.273773563426, -1.02039416868, 4.50117484059, 0.00238380566929
5.75, -0.228796525054, -1.02039325531, 4.499366453, -0.00437479668051
5.76, -0.183837645067, -1.02047629759, 4.49754407894, -0.0114760583773
5.77, -0.138896966724, -1.02056863815, 4.49573048679, -0.00685278419294
5.78, -0.0939743009645, -1.02057825742, 4.49393575222, 0.00195277549029
