timestamp, prius1 x posi, prius1 y posi, prius1 x vel, prius1 y vel.
0.0, 0.0, 0.0, 0.0, 0.0
0.00999999999999, 0.999941889146, -25.0628679339, -0.00470948213318, 0.129541606542
0.02, 0.999873458662, -25.0615107719, -0.00772531575707, 0.146667208827
0.03, 0.999847699868, -25.0599778485, 0.00142755648553, 0.164550024147
0.04, 0.999912900908, -25.0582614941, 0.00765071462346, 0.183589513091
0.05, 0.999965940665, -25.0563491112, 0.000481781906468, 0.203486563174
0.06, 0.99992738149, -25.0542352719, -0.00346421508763, 0.223888163042
0.07, 0.999872508576, -25.0519133974, -0.0047366380008, 0.245321140377
0.08, 0.999881896168, -25.0493716444, 0.00435839294666, 0.267557191762
0.09, 0.999951743467, -25.0466052047, 0.0059237317255, 0.290227641246
0.1, 0.999973740194, -25.0436097775, -0.00277068962875, 0.313320356112
0.11, 0.999918492168, -25.0403781387, -0.00725567377595, 0.337594497411
0.12, 0.99988640424, -25.0369006522, 0.00014630247964, 0.362354149732
0.13, 0.999941381702, -25.0331696147, 0.00725936117252, 0.388353877988
0.14, 1.00000285781, -25.0291760559, 0.00221561739737, 0.414765681565
0.15, 0.999978599643, -25.0249130541, -0.00668666551356, 0.442326914429
0.16, 0.999919314947, -25.020371776, -0.00448497633152, 0.470284534713
0.17, 0.999936249534, -25.0155497387, 0.00539601401721, 0.498474681417
0.18, 1.00001542564, -25.010440771, 0.00657667061897, 0.527764368113
0.19, 1.00003869492, -25.0050363901, -0.00302797874003, 0.557422786893
0.2, 0.99998037288, -24.9993334914, -0.0074019038479, 0.587372434716
0.21, 0.999952237585, -24.9933259944, 0.000993344892851, 0.618809317546
0.22, 1.00001831594, -24.9869981363, 0.00836776601299, 0.65100042796
0.23, 1.00008630669, -24.9803469458, 0.00239060860228, 0.683407324451
0.24, 1.00005969959, -24.9733710454, -0.00707388296781, 0.715934589957
0.25, 1.00000013251, -24.9660662327, -0.00406753545012, 0.749344886011
0.26, 1.00002673661, -24.9584252999, 0.00666085613157, 0.783013176432
0.27, 1.00011693058, -24.9504478659, 0.0073308198048, 0.816697574505
0.28, 1.00014172962, -24.9421288959, -0.00329806498109, 0.851381275338
0.29, 1.00009402412, -24.9334605025, -0.00626236409592, 0.886366692861
0.3, 1.0000644191, -24.9244420606, 9.41003082917e-05, 0.921388068616
0.31, 1.00012199652, -24.9150703426, 0.00798297209334, 0.957207207611
0.32, 1.00019756621, -24.9053381829, 0.00404478472492, 0.993287337121
0.33, 1.00019093032, -24.895241971, -0.00524647676826, 1.03017322439
0.34, 1.00013912176, -24.8847767547, -0.0042738342063, 1.06704466535
0.35, 1.00015669486, -24.8739360941, 0.00560513930705, 1.10510832351
0.36, 1.00024472189, -24.862715426, 0.00805599506629, 1.14309266532
0.37, 1.00028680287, -24.8511150475, -0.00109252622944, 1.18104901988
0.38, 1.00024239154, -24.839129534, -0.00661107748245, 1.22045537802
0.39, 1.00021656893, -24.8267461808, 0.000987807274846, 1.26025474709
0.4, 1.00028656682, -24.8139648863, 0.00928693314995, 1.30001720501
0.41, 1.0003709258, -24.8007863764, 0.00444397839643, 1.33970129959
0.42, 1.00036338544, -24.7872076272, -0.00556642427713, 1.38016147388
0.43, 1.00031122381, -24.7732234687, -0.00389030806605, 1.42065667637
0.44, 1.00033874834, -24.7588349882, 0.00697855563537, 1.46103224534
0.45, 1.00042532337, -24.7440394643, 0.00823865696085, 1.50216773534
0.46, 1.00048079445, -24.7288320057, 0.000899434491715, 1.5433128587
0.47, 1.00045460446, -24.713214132, -0.00533056826784, 1.58428116822
0.48, 1.00043032511, -24.6971828524, 0.000300139011592, 1.62604689939
0.49, 1.00049129382, -24.6807329699, 0.00863888077755, 1.6684750354
0.5, 1.00058003016, -24.6638532522, 0.00585757454578, 1.7112649873
0.51, 1.00059308871, -24.6465471786, -0.00341513118834, 1.75419317332
0.52, 1.00055340058, -24.6288044698, -0.00362301447257, 1.79834970712
0.53, 1.00057394198, -24.6106197019, 0.00585585459914, 1.84246671941
0.54, 1.00066986496, -24.591995057, 0.00941467936715, 1.88635470238
0.55, 1.00073120397, -24.5729318151, 0.00107621839376, 1.93050382116
0.56, 1.00070512907, -24.5534232042, -0.00526453515107, 1.9750459705
0.57, 1.00068589935, -24.5334710368, 0.00121486997333, 2.01927929704
0.58, 1.00075930305, -24.5130774848, 0.00998995569317, 2.06331791169
0.59, 1.00085837196, -24.4922398531, 0.00648672797161, 2.10811626983
0.6, 1.00087282221, -24.4709552921, -0.00354270842688, 2.15269647611
0.61, 1.0008336808, -24.4492256917, -0.00323105345123, 2.19709421937
0.62, 1.00086388942, -24.4270495189, 0.00721220087425, 2.24211876365
0.63, 1.00097335466, -24.4044240596, 0.0105380694681, 2.28691641771
0.64, 1.00104008626, -24.3813467626, 0.00115209349051, 2.33250719583
0.65, 1.00101298707, -24.3578134288, -0.00528780529602, 2.37800008865
0.66, 1.00099879041, -24.3338222414, 0.00220861623976, 2.42413975287
0.67, 1.00108581124, -24.3093701301, 0.0114421754481, 2.47011355289
0.68, 1.00118116025, -24.2844603747, 0.00766592680784, 2.51573690396
0.69, 1.00121495731, -24.2590865441, -0.0013860009217, 2.56300472365
0.7, 1.00119013457, -24.2332389928, -0.00266360322427, 2.61025416206
0.71, 1.00121617491, -24.2069218029, 0.00628258196562, 2.65704743595
0.72, 1.00132024124, -24.18013096, 0.0106892360058, 2.70522441578
0.73, 1.00140009836, -24.1528580728, 0.00325433141152, 2.75324687678
0.74, 1.00139422599, -24.1251043769, -0.00360257969431, 2.80125706706
0.75, 1.00138513538, -24.0968722973, 0.00176681539864, 2.84893382485
0.76, 1.00146349533, -24.0681574885, 0.0106904581245, 2.89801187908
0.77, 1.0015760961, -24.0389516555, 0.00838481638506, 2.94696144572
0.78, 1.00161247238, -24.0092571993, -0.00137004985237, 2.9956773573
0.79, 1.00158948291, -23.9790717056, -0.00217918051288, 3.04510461145
0.8, 1.00162545391, -23.9483951213, 0.00762091647451, 3.09401468915
0.81, 1.00174323583, -23.9172303856, 0.0118958481237, 3.14268420221
0.82, 1.00182989505, -23.8855765719, 0.00348450478003, 3.19229175259
0.83, 1.00182395237, -23.8534259782, -0.0035912383861, 3.24143779563
0.84, 1.00181977598, -23.8207850146, 0.00273602854497, 3.29072608215
0.85, 1.00191193119, -23.7876500188, 0.0122100196615, 3.34000630111
0.86, 1.00203621474, -23.7540183356, 0.00911008140986, 3.3900040093
0.87, 1.00207447312, -23.7198889772, -0.00147674044176, 3.4395902831
0.88, 1.00205223649, -23.6852650569, -0.00175128808495, 3.48893754268
0.89, 1.00209857085, -23.6501531879, 0.00907395326723, 3.53707698392
0.9, 1.00221651175, -23.614566805, 0.0123202691373, 3.58388097731
0.91, 1.00231936476, -23.5785190795, 0.00575175128916, 3.62938528474
0.92, 1.00233327392, -23.542022826, -0.00225318615569, 3.67361979639
0.93, 1.00233030235, -23.5050906468, 0.0019947933837, 3.71660521252
0.94, 1.00241373827, -23.4677348585, 0.0117114154662, 3.75838148983
0.95, 1.00254487682, -23.4299672828, 0.0108020990148, 3.79899929057
0.96, 1.00260523772, -23.3917993136, 0.000697065969097, 3.83849080205
0.97, 1.00259419431, -23.3532421223, -0.00167168113869, 3.87687190659
0.98, 1.00263227559, -23.3143067232, 0.00793863610602, 3.91416628476
0.99, 1.00276084921, -23.2750037571, 0.0137086461902, 3.95042049265
1.0, 1.0028709825, -23.2353433999, 0.00597154926512, 3.98567377582
1.01, 1.00288846967, -23.195335514, 0.00241374915591, 4.01997765603
1.02, 1.00289621009, -23.1549900055, 0.00180280304514, 4.05324261011
1.03, 1.00297154721, -23.114316298, 0.0108309550737, 4.08560415571
1.04, 1.00310242467, -23.0733236097, 0.011704612677, 4.11706809716
1.05, 1.0031806356, -23.0320207511, 0.0028615633126, 4.14766203394
1.06, 1.00318515918, -22.990416353, -0.000941851085589, 4.17739703529
1.07, 1.00321921717, -22.9485189539, 0.00686675141292, 4.20628789865
1.08, 1.00333914301, -22.9063368263, 0.013455338157, 4.23437089411
1.09, 1.00345874928, -22.8638778533, 0.00780617725069, 4.26168026872
1.1, 1.00349142939, -22.8211496753, -0.000758571874549, 4.28823029988
1.11, 1.00349577653, -22.7781598625, 0.00218965225134, 4.31402686136
1.12, 1.0035798723, -22.7349158609, 0.0119787822872, 4.33909353248
1.13, 1.00372053929, -22.6914247705, 0.0123639717373, 4.36346790913
1.14, 1.00379970848, -22.6476933801, 0.00257545905778, 4.38717117221
1.15, 1.00380108414, -22.6037283679, -0.00105702254489, 4.41020726065
1.16, 1.00383950934, -22.5595363875, 0.00776175844973, 4.43258542751
1.17, 1.00397042292, -22.5151238653, 0.0145066203195, 4.45433872721
1.18, 1.00409547905, -22.4704968763, 0.0078689797368, 4.47549664023
1.19, 1.00412965488, -22.4256612761, 0.00358615810968, 4.49610091144
1.2, 1.00414145361, -22.3806230681, 0.0016668831189, 4.51605050846
1.21, 1.00421473408, -22.3353879055, 0.0108864668758, 4.53546738272
1.22, 1.00435373822, -22.2899613541, 0.0131594680034, 4.55434748514
1.23, 1.00444946979, -22.2443486558, 0.00456489512011, 4.57271062513
1.24, 1.0044639885, -22.1985549553, -0.000616219593162, 4.59055864161
1.25, 1.00449561496, -22.1525854114, 0.00644604060233, 4.60789446532
1.26, 1.00461627965, -22.1064450376, 0.0141541376549, 4.62474354453
1.27, 1.00475008505, -22.0601385425, 0.00961874495943, 4.64113330044
1.28, 1.00479800706, -22.0136704585, 0.000260449982435, 4.65707093761
1.29, 1.00480396005, -21.9670453276, 0.00177828645404, 4.67255283373
1.3, 1.00488372907, -21.9202676779, 0.0118681808842, 4.68759138995
1.31, 1.00503171588, -21.8733417859, 0.0137864766833, 4.70221693287
1.32, 1.00512795126, -21.8262716745, 0.00418880166479, 4.71644529989
1.33, 1.00514801993, -21.7790613266, 0.00134035078756, 4.73027075529
1.34, 1.0051813663, -21.7317147558, 0.00566382230952, 4.74370177155
1.35, 1.00529058139, -21.6842358542, 0.013149254835, 4.75675272057
1.36, 1.00542417681, -21.636628279, 0.0105297226796, 4.76944847044
1.37, 1.00548806122, -21.5888955234, 0.0020257722861, 4.78179615927
1.38, 1.00550376046, -21.5410410894, 0.0018538187502, 4.79379122011
1.39, 1.00557449426, -21.4930684976, 0.010487162058, 4.80544048235
1.4, 1.00571325004, -21.4449810827, 0.0136133158967, 4.8167688324
1.41, 1.00581916246, -21.3967819532, 0.00589529570756, 4.82779148583
1.42, 1.00584487413, -21.348474164, 0.000119913879592, 4.8385056424
1.43, 1.00587721968, -21.3000608369, 0.0060693185159, 4.84890778813
1.44, 1.00599379301, -21.2515450249, 0.0139809566368, 4.85901568899
1.45, 1.00613232503, -21.2029295397, 0.0106257156564, 4.8688518906
1.46, 1.00619263848, -21.1542170554, 0.00143954245468, 4.87842011216
1.47, 1.00620437768, -21.1054102929, 0.00178856878104, 4.887712209
1.48, 1.00627968634, -21.0565120182, 0.0112926757288, 4.8967335983
1.49, 1.00642631349, -21.0075248157, 0.0141836941467, 4.90550868588
1.5, 1.00653247682, -20.9584510586, 0.00549214372473, 4.91405022051
1.51, 1.00655249912, -20.9092930969, -0.000370133936257, 4.922352035
1.52, 1.00658486849, -20.8600533814, 0.00653469977037, 4.93040803471
1.53, 1.0067094471, -20.8107343039, 0.0148591632438, 4.93823593819
1.54, 1.00685283063, -20.7613380176, 0.010666543144, 4.94585716087
1.55, 1.00690875055, -20.7118665607, 0.000767670178643, 4.95327247677
1.56, 1.00693040266, -20.6623220686, 0.00146968322076, 4.96047052344
1.57, 1.0069942661, -20.6127066747, 0.00986232052654, 4.96745826923
1.58, 1.00713336238, -20.5630224125, 0.0142915242796, 4.97425375816
1.59, 1.00725109584, -20.513271112, 0.00722762332633, 4.98087079361
1.6, 1.00728494993, -20.4634545645, 0.000324112595688, 4.98730438217
1.61, 1.00731231456, -20.413574663, 0.00521114446802, 4.99354600433
1.62, 1.00742310019, -20.3636332928, 0.0139019295687, 4.9996077644
1.63, 1.00756883407, -20.3136321343, 0.0118811667788, 5.00551032515
1.64, 1.00764144181, -20.2635727408, 0.00233844189431, 5.01125650106
1.65, 1.00765381634, -20.2134567298, 0.00119203676324, 5.01683486996
1.66, 1.00772048752, -20.163285813, 0.0105396813363, 5.02224501846
1.67, 1.00786705822, -20.1130615717, 0.0148845136998, 5.02750817675
1.68, 1.00798542459, -20.0627853891, 0.00683979914917, 5.03263662002
1.69, 1.00801291726, -20.0124586313, -0.000304184369574, 5.03762277997
1.7, 1.00803857963, -19.9620827934, 0.00550546888255, 5.04245611055
1.71, 1.00815638827, -19.9116593683, 0.0147550042483, 5.0471492491
1.72, 1.00830737257, -19.861189637, 0.0119854682674, 5.0517227871
1.73, 1.0083757338, -19.8106747663, 0.00161752002793, 5.05617732576
1.74, 1.0083966892, -19.7601160311, 0.000699231205365, 5.06049892917
1.75, 1.0084504894, -19.7095147489, 0.00902112736467, 5.06468922205
1.76, 1.00858958021, -19.6588721829, 0.0150587217415, 5.06876359329
1.77, 1.00872018525, -19.6081893966, 0.00860613889162, 5.07273644778
1.78, 1.00876092289, -19.5574674135, 0.000257691811476, 5.07660189719
1.79, 1.00877994287, -19.5067073829, 0.00402773692122, 5.08034731626
1.8, 1.00888326465, -19.4559104991, 0.0138052296828, 5.08398024894
1.81, 1.00903729479, -19.4050777717, 0.0132856951282, 5.08752140709
1.82, 1.0091225703, -19.3542100756, 0.00313796086505, 5.09097400889
1.83, 1.00914736326, -19.3033083719, 0.000674471336631, 5.09432395869
1.84, 1.00919056545, -19.2523736965, 0.00745548117076, 5.09757004523
1.85, 1.00931849695, -19.2014070589, 0.0146942023578, 5.10072364738
1.86, 1.00945716693, -19.1504092843, 0.0101782767268, 5.10380066781
1.87, 1.00951295179, -19.0993811344, 0.00125511648661, 5.10679747131
1.88, 1.00952974373, -19.0483234829, 0.00285156758259, 5.10970071964
1.89, 1.00961783517, -18.9972372853, 0.0124783958675, 5.11251298779
1.9, 1.00976981367, -18.946123348, 0.0141160691404, 5.11525391794
1.91, 1.00987071932, -18.8949823274, 0.00485390898986, 5.11792990291
1.92, 1.00988925987, -18.8438149238, 5.57502375797e-05, 5.12052832902
1.93, 1.009932057, -18.7926219832, 0.00788521956128, 5.12304036032
1.94, 1.01006707236, -18.7414043129, 0.015420904786, 5.12548114146
1.95, 1.01020860711, -18.6901625236, 0.0100043539285, 5.12786642838
1.96, 1.01025836526, -18.6388971737, 0.000479997734962, 5.13019097664
1.97, 1.01028470761, -18.5876089732, 0.00254415396593, 5.13243932427
1.98, 1.01036135129, -18.5362986518, 0.0110072910048, 5.13461700655
1.99, 1.01050462894, -18.48496686, 0.0140487870269, 5.13673857541
2.0, 1.01061526355, -18.4336140971, 0.006426461858, 5.13881174003
2.01, 1.0106468328, -18.3822408813, 0.000738993412855, 5.14082664217
2.02, 1.0106849086, -18.3308478658, 0.00659031599378, 5.14277324775
2.03, 1.01080577514, -18.2794357036, 0.014358643227, 5.14466210552
2.04, 1.01094801283, -18.2280048758, 0.0110319148377, 5.1465090976
2.05, 1.0110130853, -18.1765557928, 0.00197816965534, 5.1483113452
2.06, 1.01103029474, -18.125088973, 0.00231867381692, 5.15005471771
2.07, 1.01111000424, -18.0736050395, 0.0116601183187, 5.15173878689
2.08, 1.01125967737, -18.0221044954, 0.0144779941314, 5.15338174009
2.09, 1.01136931206, -17.9705876932, 0.00590919579178, 5.15499025944
2.1, 1.01139410793, -17.919055018, 0.000138616186806, 5.15655304393
2.11, 1.01143106193, -17.8675070078, 0.00693265425483, 5.1580588539
2.12, 1.01155864182, -17.8159441951, 0.0151061528487, 5.15951962542
2.13, 1.01170452658, -17.7643669283, 0.0109607297031, 5.16095178998
2.14, 1.01176422496, -17.7127754924, 0.00121480168076, 5.16235081416
2.15, 1.01179035535, -17.6611703162, 0.00190568597608, 5.16370120467
2.16, 1.01185767087, -17.6095518729, 0.010131412002, 5.16500493862
2.17, 1.01199884466, -17.5579205835, 0.0144881045614, 5.16627529239
2.18, 1.01211909628, -17.5062767129, 0.00755159659628, 5.16752143154
2.19, 1.0121568605, -17.4546205302, 0.000749839589508, 5.16873443177
2.2, 1.01218800205, -17.4029524468, 0.00552624740928, 5.16990173629
2.21, 1.01230095244, -17.351272907, 0.0140608461422, 5.17103111708
2.22, 1.01244830548, -17.2995821932, 0.0120865631238, 5.1721391152
2.23, 1.01252386495, -17.2478806281, 0.00270823758799, 5.17319604473
2.24, 1.01254007745, -17.196168845, 0.00155610889846, 5.17418162037
2.25, 1.01260941106, -17.1444477762, 0.0107241254429, 5.17505928933
2.26, 1.0127572253, -17.092718225, 0.0150010649686, 5.17588310764
2.27, 1.01287743995, -17.040980663, 0.00710593169877, 5.1766622547
2.28, 1.01290831775, -16.9892356342, 6.87287628642e-05, 5.17736538402
2.29, 1.01293714854, -16.9374841406, 0.0057520346497, 5.17796123907
2.3, 1.01305637, -16.8857270465, 0.014836389306, 5.17849609775
2.31, 1.01320827522, -16.8339647933, 0.0121279890377, 5.17899514842
2.32, 1.01327906349, -16.7821980041, 0.00193855910451, 5.17939587709
2.33, 1.01330347584, -16.7304275731, 0.00168926569723, 5.17973208457
2.34, 1.01336368675, -16.6786540498, 0.00925722671229, 5.18001560043
2.35, 1.01350001857, -16.6268779507, 0.0144964213284, 5.1802552706
2.36, 1.0136263617, -16.575099703, 0.0084901443322, 5.18044020561
2.37, 1.01367152068, -16.5233198199, 0.00109781510639, 5.18058368069
2.38, 1.01369931373, -16.471538745, 0.00472235421795, 5.18067816018
2.39, 1.01380392044, -16.4197572221, 0.0134681099001, 5.18067203204
2.4, 1.01395216192, -16.3679759942, 0.0127352848093, 5.18063067842
2.41, 1.01403679516, -16.3161953134, 0.0035593660418, 5.18056308799
2.42, 1.01405540332, -16.2644157119, 0.00120397854125, 5.18040334744
2.43, 1.01411650057, -16.2126380276, 0.00975982025277, 5.18019111467
2.44, 1.01425925727, -16.1608625921, 0.0150489401843, 5.17995640744
2.45, 1.01438629658, -16.1090896021, 0.00811966563731, 5.1797039617
2.46, 1.01442473472, -16.0573193735, 0.000371114683106, 5.17939787736
2.47, 1.01444921426, -16.0055525665, 0.00482526783277, 5.17902002015
2.48, 1.01455928407, -15.9537897931, 0.0142170740555, 5.17860349095
2.49, 1.01471253304, -15.9020312763, 0.0128651584583, 5.17815966812
2.5, 1.01479310715, -15.8502773713, 0.00281988687159, 5.17768858111
2.51, 1.01481941661, -15.7985282943, 0.00123212800838, 5.17718124324
2.52, 1.01487026445, -15.7467846615, 0.00820336361662, 5.17661540964
2.53, 1.01500143224, -15.6950468582, 0.0145982649014, 5.17601083441
2.54, 1.01513549318, -15.6433152242, 0.00959094764997, 5.17538981886
2.55, 1.0151884156, -15.5915902184, 0.00135353789865, 5.17467857557
2.56, 1.01521083472, -15.5398759726, 0.0036721677171, 5.17315300186
2.57, 1.01530553552, -15.4881835554, 0.0128336322202, 5.17029691523
2.58, 1.01545565072, -15.4365256729, 0.0135623262121, 5.16631458414
2.59, 1.01555066785, -15.3849283145, 0.00444928095881, 5.15827803328
2.6, 1.01557045786, -15.3334284576, 0.000626342475706, 5.14685756285
2.61, 1.01562069638, -15.2820522808, 0.00856806079135, 5.13360904088
2.62, 1.01575728022, -15.2308185243, 0.0151007399128, 5.11851730838
2.63, 1.01589160681, -15.1797590379, 0.00917716846577, 5.09825966878
2.64, 1.01594126289, -15.1289211624, 0.00506690523813, 5.07429659263
2.65, 1.01596599716, -15.0783386479, 0.00267357032253, 5.04785413249
2.66, 1.01604458999, -15.0280413848, 0.0111718658631, 5.0165714769
2.67, 1.01618642443, -14.9780727629, 0.0136566947021, 4.98293025246
2.68, 1.01629070559, -14.928447208, 0.00573867244892, 4.94799886123
2.69, 1.01631683082, -14.8791792593, 0.000423563804965, 4.91162570772
2.7, 1.01635372516, -14.8303021052, 0.00659399573908, 4.86910664546
2.71, 1.0164727635, -14.7818561576, 0.0139749341606, 4.82600747297
2.72, 1.01660741015, -14.7338620654, 0.0100713044024, 4.77915090245
2.73, 1.01666231378, -14.6863541486, 0.0010876895934, 4.7285377596
2.74, 1.01668650865, -14.6393569519, 0.00166358967271, 4.67725108934
2.75, 1.01674663168, -14.5928801855, 0.00904053974888, 4.62424593112
2.76, 1.0168731714, -14.5469473434, 0.012934816507, 4.5688700479
2.77, 1.01697993281, -14.5015745734, 0.00654539456147, 4.51200934493
2.78, 1.01701082922, -14.4567715925, 0.000278277413114, 4.45499835716
2.79, 1.01703489245, -14.4125477385, 0.00453460524997, 4.3962241498
2.8, 1.01713208635, -14.368928557, 0.0121356428089, 4.33354454195
2.81, 1.01725898565, -14.3259419581, 0.0102130943913, 4.27036284227
2.82, 1.01731991414, -14.2835906543, 0.00165905879125, 4.20633324388
2.83, 1.01732657475, -14.2418903009, 0.000548095655038, 4.14038650827
2.84, 1.01738017533, -14.2008507907, 0.00870110264849, 4.07441375924
2.85, 1.01750330587, -14.1604674939, 0.0124357105734, 4.00907442343
2.86, 1.01760044362, -14.1207355939, 0.00521300624061, 3.94421799777
2.87, 1.01762582753, -14.0816561374, 0.000927553768301, 3.87834761216
2.88, 1.0176383975, -14.0432329256, 0.00241614950956, 3.81316639812
2.89, 1.0177115641, -14.0054557098, 0.0099728734372, 3.74913866327
2.9, 1.01782778914, -13.9683175188, 0.0101299815128, 3.68520992602
2.91, 1.01789421004, -13.9318126561, 0.002288096946, 3.62261370212
2.92, 1.01789810193, -13.8959255327, -0.000698571591249, 3.56165827839
2.93, 1.01792988991, -13.8606396, 0.0061141421501, 3.50232800128
2.94, 1.01803317469, -13.8259387049, 0.0112915434885, 3.44459954529
2.95, 1.0181305778, -13.7918069833, 0.00594129660947, 3.3884530248
2.96, 1.01815151014, -13.7582287738, -0.0013140214374, 3.33384725354
2.97, 1.01815102511, -13.7251892466, 0.00153962637109, 3.28066563752
2.98, 1.01821972477, -13.692674232, 0.00974054394968, 3.22891702604
2.99, 1.01833220934, -13.6606693663, 0.00946935755726, 3.17859366259
3.0, 1.01838756487, -13.6291609482, 0.00087102204141, 3.1295864741
3.01, 1.0183776198, -13.5981357327, -0.00189022447216, 3.08191069079
3.02, 1.01840252705, -13.5675806079, 0.00581125917652, 3.03552826065
3.03, 1.01850452552, -13.5374828871, 0.0111005081941, 2.99040232332
3.04, 1.01859584295, -13.5078301872, 0.00492338368869, 2.94648578979
3.05, 1.01860373205, -13.4786104937, -0.00269244512914, 2.90376398016
3.06, 1.01859310367, -13.4498121961, 0.000921332155471, 2.86216566205
3.07, 1.01866008213, -13.4214243447, 0.0097789302434, 2.82165097663
3.08, 1.01877106228, -13.3934359482, 0.00898687298602, 2.78224452245
3.09, 1.01881668029, -13.3658360357, -0.000429399424784, 2.74391845741
3.1, 1.01880809224, -13.3386142715, -0.00249992496711, 2.70658679038
3.11, 1.01881671171, -13.3117606485, 0.00366798420503, 2.67025797024
3.12, 1.01890153298, -13.2852654128, 0.0100965336414, 2.63488129998
3.13, 1.01899435665, -13.2591190529, 0.00582986254271, 2.60046217026
3.14, 1.01901107677, -13.2333122851, -0.00228097027803, 2.56692271195
3.15, 1.01899290674, -13.207836388, -0.000763764201713, 2.53426749112
3.16, 1.01903955098, -13.1826825823, 0.00791311811535, 2.5024821785
3.17, 1.01914275814, -13.1578424648, 0.00921437078225, 2.4715009875
3.18, 1.01919810615, -13.1333079025, 0.000714820608928, 2.44135263199
3.19, 1.01917872751, -13.109070661, -0.0035741963365, 2.41200951834
3.2, 1.01918201664, -13.0851229011, 0.00355970724427, 2.38343694767
3.21, 1.01926833649, -13.0614570975, 0.0102572844309, 2.35559829747
3.22, 1.0193588496, -13.0380658152, 0.00518058462928, 2.32851321698
3.23, 1.01936535846, -13.0149416223, -0.0034515775201, 2.30215597574
3.24, 1.01935226407, -12.9920776613, -0.00150729048157, 2.27643787399
3.25, 1.01938305927, -12.9694673671, 0.0059875671961, 2.25140783895
3.26, 1.01947299135, -12.9471040541, 0.00868557052573, 2.22702839267
3.27, 1.01953365248, -12.9249811716, 0.00186171578917, 2.20330377945
3.28, 1.01952333575, -12.9030923063, -0.00327571103773, 2.1801916182
3.29, 1.01951812236, -12.8814315779, 0.00187664476705, 2.15766748654
3.3, 1.01958629487, -12.8599931853, 0.00877957299145, 2.13570769534
3.31, 1.01967342249, -12.8387715513, 0.00580495102876, 2.1143021644
3.32, 1.01969150285, -12.8177610516, -0.00231131621313, 2.09346390722
3.33, 1.01966628635, -12.7969561331, -0.0020777035785, 2.07316697125
3.34, 1.01969622951, -12.7763515995, 0.00621246190508, 2.05335692623
3.35, 1.01978840652, -12.7559427503, 0.00872402772932, 2.03403926863
3.36, 1.01984483428, -12.7357243992, 0.00106635904036, 2.01523973252
3.37, 1.01982519842, -12.7156915187, -0.00413967120429, 1.99692870322
3.38, 1.01981576883, -12.6958393018, 0.00186158074092, 1.97907048026
3.39, 1.01988683558, -12.6761636571, 0.00913993094132, 1.96162592131
3.4, 1.01997424202, -12.6566600573, 0.00544482585747, 1.94464757631
3.41, 1.01998462897, -12.6373240769, -0.00328285023336, 1.92808445265
3.42, 1.01995185256, -12.6181515811, -0.00250452902271, 1.91193831414
3.43, 1.019982543, -12.5991385018, 0.00660398802457, 1.89619551383
3.44, 1.0200782639, -12.5802809098, 0.00885098781997, 1.88083238765
3.45, 1.02013083749, -12.561574893, 0.000280280677458, 1.86585745617
3.46, 1.0201021029, -12.5430167449, -0.00495241080282, 1.85125220067
3.47, 1.02008946569, -12.5246027904, 0.00198174661709, 1.83700819107
3.48, 1.02016476658, -12.5063295337, 0.0096130936159, 1.82310121411
3.49, 1.02025301799, -12.4881935605, 0.0050978724509, 1.80955021955
3.5, 1.02025561928, -12.4701912474, -0.00425929597807, 1.79635305376
3.51, 1.02022967559, -12.4523192183, -0.00309909641039, 1.7834642552
3.52, 1.02024618127, -12.4345748005, 0.00487995109245, 1.77084291343
3.53, 1.02033110817, -12.4169549532, 0.00860212798412, 1.75854395718
3.54, 1.02039166125, -12.399456472, 0.0016662456703, 1.74656250259
3.55, 1.02037374175, -12.3820764537, -0.00452347434007, 1.73482917218
3.56, 1.02035372586, -12.3648124036, 0.000422335903703, 1.72336808745
3.57, 1.02041261147, -12.3476615647, 0.00835757089843, 1.71218564087
3.58, 1.02049996949, -12.3306213183, 0.00597456005826, 1.70123560647
3.59, 1.02051616186, -12.3136891879, -0.00296616780438, 1.69055762189
3.6, 1.02047893232, -12.2968624957, -0.00358469054989, 1.68013689836
3.61, 1.02049587559, -12.2801387863, 0.00528517661511, 1.66995917073
3.62, 1.02058530801, -12.2635156556, 0.00888743388084, 1.6600113659
3.63, 1.02064373228, -12.2469907023, 0.00103558476597, 1.65030754646
3.64, 1.02061748488, -12.2305616161, -0.00532620711064, 1.64084295003
3.65, 1.02059394058, -12.2142262578, 0.00050833874508, 1.63154401874
3.66, 1.02065736059, -12.1979828632, 0.00892999192649, 1.62245667486
3.67, 1.02074719002, -12.1818291833, 0.00581629680386, 1.61359807489
3.68, 1.0207570366, -12.1657632097, -0.00385785352438, 1.60490122524
3.69, 1.02072690376, -12.1497832176, -0.00355053690322, 1.59639900325
3.7, 1.0207335883, -12.1338872719, 0.0036797549618, 1.5880888276
3.71, 1.0208098528, -12.1180734157, 0.00819499235087, 1.5799789131
3.72, 1.0208726477, -12.1023398345, 0.00226499029534, 1.57201841814
3.73, 1.0208595348, -12.0866849517, -0.00438441348144, 1.56423835303
3.74, 1.02083417673, -12.0711069732, -0.000608978157864, 1.55663110355
3.75, 1.02088177308, -12.0556043225, 0.00740955854451, 1.54916822811
3.76, 1.02096626977, -12.0401753927, 0.0062556678199, 1.54188623926
3.77, 1.02098861115, -12.0248180827, -0.00234183629874, 1.53484364821
3.78, 1.02095208429, -12.0095279633, -0.00409033039537, 1.52844178384
3.79, 1.02095876315, -11.9942961936, 0.00405324824719, 1.52323762825
3.8, 1.0210399174, -11.9791061188, 0.00858615661104, 1.52000543074
3.81, 1.02110217126, -11.9639433394, 0.00180387037139, 1.51781342449
3.82, 1.02108195444, -11.9487928547, -0.00512368501115, 1.5175913546
3.83, 1.02105315715, -11.9336364996, -0.000543405130942, 1.51909875208
3.84, 1.02110550804, -11.9184562839, 0.00805481714771, 1.52203955666
3.85, 1.02119410074, -11.9032379537, 0.00630974131381, 1.52679281189
3.86, 1.02121231193, -11.887966044, -0.00304568007579, 1.53259965638
3.87, 1.02116992273, -11.8726316437, -0.00440951697365, 1.53926093686
3.88, 1.02117894658, -11.8572254893, 0.0046787906821, 1.54684448435
3.89, 1.02126733633, -11.8417364509, 0.00916315679971, 1.55599971769
3.9, 1.02133037874, -11.8261447908, 0.00144090517606, 1.56714811837
3.91, 1.0213041756, -11.8104376758, -0.00572844747996, 1.57904255434
3.92, 1.02127388937, -11.7946045377, -0.000241449564436, 1.59244930324
3.93, 1.02133362636, -11.7786328761, 0.00896161475045, 1.60662776756
3.94, 1.02142850548, -11.7625125711, 0.00653784183937, 1.62227892781
3.95, 1.02144383736, -11.7462256219, -0.00364713195076, 1.63973868985
3.96, 1.02141139139, -11.7297617714, -0.00413957188961, 1.65768273573
3.97, 1.02141263182, -11.7131120282, 0.00334867667545, 1.67699833457
3.98, 1.02149151606, -11.6962652575, 0.00889864291185, 1.69695179452
3.99, 1.02156362005, -11.6792126843, 0.00313123694726, 1.71824163156
4.0, 1.02155458522, -11.6619433398, -0.00444964213427, 1.74014195405
4.01, 1.02152549518, -11.6444529168, -0.0010683718377, 1.76244258801
4.02, 1.02157297475, -11.6267301125, 0.00786003104394, 1.7868269424
4.03, 1.02166739373, -11.6087586261, 0.00748868603891, 1.81189721729
4.04, 1.021700174, -11.5905339953, -0.0016783159821, 1.83737840909
4.05, 1.02166497748, -11.5720529693, -0.00433018360723, 1.86316312414
4.06, 1.02167026111, -11.5533059345, 0.00418165553655, 1.89085289532
4.07, 1.02175922884, -11.5342779167, 0.00983205057472, 1.91910371714
4.08, 1.02183593618, -11.5149658665, 0.00313886668032, 1.94762893129
4.09, 1.02182385862, -11.4953633383, -0.00482297851634, 1.97726494681
4.1, 1.02179513003, -11.4754618716, -0.00058446709585, 2.00726192565
4.11, 1.02185223368, -11.4552602291, 0.00904181343437, 2.03736141632
4.12, 1.0219561248, -11.4347509806, 0.00805813255818, 2.06870944957
4.13, 1.02198906508, -11.4139240602, -0.00201857283222, 2.10102786864
4.14, 1.0219511838, -11.3927719304, -0.00432888716132, 2.13361597752
4.15, 1.02196253708, -11.3712931872, 0.00524175008658, 2.16632775538
4.16, 1.02206364095, -11.3494813677, 0.0109310305558, 2.20018302127
4.17, 1.02214590058, -11.3273309702, 0.00319553434759, 2.23408227272
4.18, 1.02213599267, -11.3048411199, -0.00029499899392, 2.26809361505
4.19, 1.02211681387, -11.2820083088, -0.000889445249282, 2.30320692316
4.2, 1.02216489703, -11.2588156692, 0.00807142245238, 2.33937633805
4.21, 1.02226800285, -11.2352619069, 0.00892383675905, 2.3754960083
4.22, 1.02231877946, -11.2113459066, 0.000149787570381, 2.41173713828
4.23, 1.02229649461, -11.1870648531, -0.00362151447146, 2.44907164726
4.24, 1.02230368342, -11.1624041454, 0.00416639351822, 2.4871581177
4.25, 1.02239659997, -11.1373621392, 0.0107469981426, 2.52528293773
4.26, 1.02248934839, -11.1119345528, 0.00513194501579, 2.56430983224
4.27, 1.02249561916, -11.0861160675, -0.00338887029378, 2.60337633162
4.28, 1.02247378853, -11.0599079846, -0.000439746232757, 2.64228631764
4.29, 1.02253163249, -11.0333053634, 0.00934693626014, 2.68220365786
4.3, 1.02264625491, -11.0063044594, 0.00977016471472, 2.72199010244
4.31, 1.02269986048, -10.9789060897, 2.87063160708e-05, 2.76169609302
4.32, 1.02267598451, -10.9511054782, -0.0035878165723, 2.80236588604
4.33, 1.02268922182, -10.922895471, 0.00523478631037, 2.8437195859
4.34, 1.02279513498, -10.8942712238, 0.0120121296933, 2.88509510794
4.35, 1.02289567758, -10.8652338516, 0.00542959295244, 2.92634756501
4.36, 1.02290102561, -10.835776995, -0.00360603083291, 2.96918660577
4.37, 1.02288082363, -10.8058899029, 0.000179469119583, 3.01214461905
4.38, 1.02295016781, -10.7755744169, 0.010768130645, 3.0548892974
4.39, 1.02307701525, -10.7448312503, 0.0106270217036, 3.09758855207
4.4, 1.02313318788, -10.7136586038, -0.000120973001228, 3.14092736312
4.41, 1.02312167151, -10.6820530765, -0.00223730639344, 3.184114494
4.42, 1.02313550676, -10.6500168441, 0.00452339512752, 3.2273999349
4.43, 1.02323426008, -10.617539269, 0.0117217521423, 3.27210032416
4.44, 1.02334315834, -10.584613549, 0.00716877850678, 3.31682739624
4.45, 1.02336976523, -10.5512426879, -0.00161059844151, 3.36121408401
4.46, 1.0233593217, -10.5174236102, 0.000184879017112, 3.40640408332
4.47, 1.0234213907, -10.4831545317, 0.00984971660497, 3.45126706615
4.48, 1.02354693551, -10.4484372573, 0.0114122877238, 3.49596820201
4.49, 1.02362117701, -10.4132752311, 0.00219864961198, 3.54030939154
4.5, 1.02361440787, -10.3776627932, -0.0024116226324, 3.58618659362
4.51, 1.02363383689, -10.3415942868, 0.00558414236952, 3.63125214234
4.52, 1.02374615355, -10.305081844, 0.0130942961552, 3.67500939854
4.53, 1.02386410824, -10.2681385466, 0.0075826975542, 3.71746946803
4.54, 1.02389023292, -10.2307773264, -0.00184622075779, 3.75863969129
4.55, 1.02388061485, -10.1930110907, 0.000702325585796, 3.79852617994
4.56, 1.02395350195, -10.1548525701, 0.0112609290512, 3.83714345565
4.57, 1.024091643, -10.1163144027, 0.0123297832194, 3.87450770359
4.58, 1.02416852858, -10.0774090119, 0.00199926866354, 3.91063954845
4.59, 1.02417254516, -10.0381486352, -0.00127634200222, 3.94555673392
4.6, 1.02419012727, -9.99854523148, 0.0046439646906, 3.97929829982
4.61, 1.02429344497, -9.95861030761, 0.0126769111099, 4.01191672829
4.62, 1.02441861156, -9.91835476541, 0.00920575784611, 4.04347068392
4.63, 1.02446395235, -9.87778902258, -0.000125903763284, 4.07399825726
4.64, 1.0244604552, -9.83692320968, 0.000310224422565, 4.10352394673
4.65, 1.02452222011, -9.79576718949, 0.0100032461288, 4.13208337363
4.66, 1.02465622505, -9.75433035559, 0.0128781162529, 4.15972846059
4.67, 1.02474845918, -9.7126216264, 0.00400078829201, 4.18649755316
4.68, 1.02475322975, -9.67064964309, -0.00190497659886, 4.21240981991
4.69, 1.02477129502, -9.62842289687, 0.00518374456787, 4.23748383656
4.7, 1.02488326867, -9.58594958467, 0.0136152451457, 4.2617597974
4.71, 1.02501367151, -9.54323745204, 0.00927319792505, 4.2852794632
4.72, 1.0250547347, -9.50029392538, -0.0007872920371, 4.30806429948
4.73, 1.02506146106, -9.45712631437, 3.80489134092e-06, 4.33012449825
4.74, 1.02511166621, -9.41374172587, 0.0085520415408, 4.35148637506
4.75, 1.02523788436, -9.37014697975, 0.0129664827457, 4.37218539765
4.76, 1.02534151643, -9.32634852855, 0.00572430743312, 4.39225147458
4.77, 1.0253599013, -9.28235261578, -0.00124050910672, 4.4116975459
4.78, 1.02537240758, -9.23816540384, 0.00378952825687, 4.4305331904
4.79, 1.02546973613, -9.19379288014, 0.0125705892978, 4.44878577708
4.8, 1.02560165019, -9.14924069195, 0.0104134068658, 4.46648847169
4.81, 1.02565865494, -9.10451422911, 0.000709192239856, 4.48365802355
4.82, 1.0256549495, -9.05961878941, -0.000377645900886, 4.50029963308
4.83, 1.02570693492, -9.01455960722, 0.00912861862412, 4.51642739769
4.84, 1.02583949267, -8.96934166578, 0.013436415044, 4.53207257926
4.85, 1.02594234235, -8.92396965521, 0.005186435249, 4.54725735865
4.86, 1.02595280495, -8.87844812832, -0.00202214418455, 4.56198808451
4.87, 1.02596211179, -8.83278161919, 0.00394091679505, 4.57626866172
4.88, 1.02606498201, -8.78697453859, 0.0132704278725, 4.59012149797
4.89, 1.02620044175, -8.7410310128, 0.0103355442506, 4.60357333535
4.9, 1.02625126044, -8.69495497565, -0.000208076979156, 4.6166347193
4.91, 1.02625433585, -8.6487503374, -0.00105726844146, 4.62930591903
4.92, 1.02629148539, -8.60242093963, 0.0074096955646, 4.64159852224
4.93, 1.02641450239, -8.55597047856, 0.0134047484978, 4.65353425409
4.94, 1.02652751587, -8.50940240837, 0.00674688935557, 4.66513192429
4.95, 1.02654912496, -8.46272006726, -0.001671294213, 4.676396224
4.96, 1.02654960075, -8.41592679536, 0.00224002927013, 4.68732713574
4.97, 1.02663568114, -8.3690258777, 0.0120895387676, 4.69793921371
4.98, 1.02677184536, -8.32202038123, 0.0114030851495, 4.70825460969
4.99, 1.02683723713, -8.27491320704, 0.001077639245, 4.71828231791
5.0, 1.02684172, -8.22770723817, -0.00132085987495, 4.72802085174
5.01, 1.02686581042, -8.18040533492, 0.00559388471903, 4.73747708414
5.02, 1.02697508492, -8.13301026313, 0.012778445262, 4.74666627229
5.03, 1.02709351993, -8.08552459805, 0.00805651985975, 4.75560435017
5.04, 1.02712756591, -8.03795081332, -0.000932051967669, 4.76429534646
5.05, 1.02712320422, -7.99029138808, 0.000800982263589, 4.77273764302
5.06, 1.02719135388, -7.94254878979, 0.0104883997467, 4.7809397672
5.07, 1.02732267373, -7.89472532702, 0.0119543848562, 4.78891956519
5.08, 1.02740091173, -7.84682316575, 0.00251881285086, 4.79668496735
5.09, 1.02739629498, -7.79884444237, -0.00221678841163, 4.80423503671
5.1, 1.027417274, -7.75079132489, 0.00575564539705, 4.8115702569
5.11, 1.02753087124, -7.70266590093, 0.013221012768, 4.81870541963
5.12, 1.02764919812, -7.65447009495, 0.007578727295, 4.8256527715
5.13, 1.0276741813, -7.60620575988, -0.00200440094982, 4.83241410129
5.14, 1.0276765578, -7.55787478095, 0.000212853586019, 4.83898650115
5.15, 1.02773036691, -7.50947900904, 0.00872167170448, 4.84537794525
5.16, 1.02784992657, -7.46102020155, 0.0115774716032, 4.85160057389
5.17, 1.02793479733, -7.41249999916, 0.00378801589044, 4.85766111527
5.18, 1.02794024141, -7.36392001213, -0.00182423514263, 4.86355935923
5.19, 1.02795357902, -7.31528187709, 0.00416545456816, 4.8692946422
5.2, 1.02804995504, -7.26658718791, 0.011843922493, 4.87487697437
5.21, 1.02816578541, -7.21783741495, 0.00828660909748, 4.88031622383
5.22, 1.02820294624, -7.16903396587, -0.000813130345412, 4.88561434701
5.23, 1.02819310703, -7.12017825936, -0.000310551323709, 4.89076919921
5.24, 1.02824699994, -7.07127172816, 0.00907180879935, 4.8957846288
5.25, 1.02836980307, -7.02231571049, 0.0116809346317, 4.90067192981
5.26, 1.02845036566, -6.9733114532, 0.00294042014338, 4.905435484
5.27, 1.0284458271, -6.92426018608, -0.0027346453008, 4.9100745105
5.28, 1.02845501428, -6.87516317105, 0.00420797615789, 4.91458784454
5.29, 1.02855503279, -6.82602163455, 0.0122748185695, 4.91898437247
5.3, 1.02867122016, -6.77683669857, 0.00788070899448, 4.92327139993
5.31, 1.02869969381, -6.72760944114, -0.00189926276061, 4.92744984811
5.32, 1.02869570517, -6.67834096213, -0.00102848657447, 4.93151754459
5.33, 1.02873411064, -6.62903235395, 0.00722790951369, 4.93547827308
5.34, 1.02884513787, -6.57968465757, 0.0113565295646, 4.93933962105
5.35, 1.02893297377, -6.5302988389, 0.00425274642655, 4.94310526179
5.36, 1.02893821186, -6.4808758439, -0.00243324229024, 4.946775294
5.37, 1.02893850231, -6.43141663929, 0.00249166874734, 4.95034853049
5.38, 1.02902067224, -6.3819221787, 0.0108985137063, 4.95383072026
5.39, 1.02913495223, -6.33239333801, 0.00866899446195, 4.95722768662
5.4, 1.02917598047, -6.2828309548, -0.000727849213115, 4.96054041722
5.41, 1.0291588962, -6.23323586954, -0.00168548664921, 4.96376795999
5.42, 1.02919622486, -6.18360894165, 0.00750492003955, 4.96691181244
5.43, 1.0293106009, -6.13395097734, 0.011530564374, 4.96997888673
5.44, 1.02939495702, -6.08426272702, 0.0034649719375, 4.97297101247
5.45, 1.02939001102, -6.03454492786, -0.00343298144138, 4.97588853154
5.46, 1.02938488178, -5.98479833533, 0.00240781294917, 4.97873047309
5.47, 1.02947012961, -5.9350236937, 0.0113435420999, 4.98150196382
5.48, 1.02958554564, -5.8852216838, 0.00836465050727, 4.98420667683
5.49, 1.02961841644, -5.83539296259, -0.00182491402131, 4.98684507886
5.5, 1.02960642802, -5.78553819073, -0.0018562256274, 4.98941686004
5.51, 1.02963152363, -5.73565803257, 0.00571779307973, 4.99192383075
5.52, 1.02973107755, -5.68575312175, 0.0106842433366, 4.99437033161
5.53, 1.02981817626, -5.63582405212, 0.0045197128907, 4.99675743903
5.54, 1.0298243625, -5.58587140488, -0.00270721078601, 4.99908601792
5.55, 1.02981520061, -5.53589576518, 0.00107535374903, 5.00135607052
5.56, 1.02988265972, -5.48589771483, 0.00964543914381, 5.00357074876
5.57, 1.0299910326, -5.43587779377, 0.00863249615622, 5.0057324338
5.58, 1.03003447384, -5.3858365254, -0.000519243427452, 5.00784126372
5.59, 1.03001362054, -5.33577442478, -0.00263881678369, 5.00989831826
5.6, 1.0300365923, -5.2856920144, 0.00591014574885, 5.01190458068
5.61, 1.03013931463, -5.23558979049, 0.0108987993317, 5.0138634974
5.62, 1.0302237141, -5.18546822516, 0.0038141206885, 5.01577450831
5.63, 1.03021999459, -5.13532778152, -0.00373732691749, 5.01763914529
5.64, 1.03020455514, -5.08516891925, 0.000882170489766, 5.01945806629
5.65, 1.03027437167, -5.03499209384, 0.0100698450656, 5.02123400205
5.66, 1.03038437469, -4.98479773149, 0.00841909897946, 5.02296735275
5.67, 1.03042043173, -4.93458625454, -0.00157715885917, 5.0246579367
5.68, 1.03038991874, -4.8843580705, -0.00332723297735, 5.02630796454
5.69, 1.03041167164, -4.83411358838, 0.006207743946, 5.02791863864
5.7, 1.03051836761, -4.78385319652, 0.0111557888279, 5.02949199812
5.71, 1.03059990143, -4.7335772764, 0.00305257692024, 5.03102586797
5.72, 1.03059603348, -4.68328620141, -0.00251886302841, 5.03252295639
5.73, 1.03057434404, -4.63298033163, -0.000685803650811, 5.03398447554
5.74, 1.03062647211, -4.58266002225, 0.00859425140354, 5.03541238914
5.75, 1.03073287852, -4.53232561249, 0.0090322207886, 5.03680622922
5.76, 1.03078081814, -4.4819774474, -0.000361277101213, 5.03816474243
5.77, 1.03075294135, -4.43161585387, -0.00405166869674, 5.0394913642
5.78, 1.03075834629, -4.38124114773, 0.00421085776084, 5.04078760017
5.79, 1.03085163035, -4.3308536342, 0.0106954770598, 5.04205452091
5.8, 1.0309400531, -4.2804536223, 0.00440894059641, 5.04328881137
5.81, 1.03093658595, -4.23004142084, -0.00440381870186, 5.04449289499
5.82, 1.03090637711, -4.17961731058, -0.00102473817603, 5.04566982895
5.83, 1.03096016637, -4.12918156527, 0.00902647644924, 5.04682114456
5.84, 1.03106901465, -4.07873445491, 0.00893027798471, 5.04794427238
5.85, 1.03111021464, -4.02827626958, -0.0014201150009, 5.04903757514
5.86, 1.03108495341, -3.97780727012, -0.0036916771573, 5.05010650014
5.87, 1.03108136865, -3.92732770099, 0.00256606345711, 5.05115163755
5.88, 1.03115825924, -3.87683780062, 0.00948126052588, 5.05217391036
5.89, 1.0312455222, -3.82633781902, 0.00517184405795, 5.05316926263
5.9, 1.03125327547, -3.77582801474, -0.00341943637791, 5.05413933638
5.91, 1.0312228646, -3.72530861087, -0.00199072249571, 5.05508852845
5.92, 1.03125991251, -3.67477981577, 0.00717406302517, 5.05601820407
5.93, 1.03135802041, -3.62424184269, 0.00875731653961, 5.0569252749
5.94, 1.03140734033, -3.57369493377, -0.000119288791196, 5.0578068927
5.95, 1.03137726914, -3.52313930783, -0.00479982699095, 5.05866855644
5.96, 1.03136945357, -3.47257514853, 0.00260804017587, 5.05951325212
5.97, 1.03144946855, -3.42200263589, 0.00981423451226, 5.0603401305
5.98, 1.03153587971, -3.37142198016, 0.0046472009454, 5.06114326102
5.99, 1.03153427871, -3.32083340369, -0.00452115390816, 5.06192533803
6.0, 1.03149578771, -3.27023707856, -0.00240283806, 5.06269219355
6.01, 1.03153392261, -3.21963315701, 0.00758735818836, 5.06344498448
6.02, 1.03163497722, -3.16902180887, 0.00875409866123, 5.06417846438
6.03, 1.03167856734, -3.11840324812, -0.00110323943434, 5.06488927214
6.04, 1.03163797213, -3.0677776548, -0.00568630684246, 5.06558485853
6.05, 1.03162688219, -3.01714516088, 0.00275607599331, 5.06626887013
6.06, 1.03170295736, -2.96650590208, 0.00689067436779, 5.06692526774
6.07, 1.03178504599, -2.91586005636, 0.00525569800579, 5.06758789766
6.08, 1.03179382605, -2.86520781262, -0.00355400361422, 5.06821905392
6.09, 1.03175552741, -2.81454931245, -0.00330705042433, 5.06883865189
6.1, 1.03177714623, -2.76388466496, 0.00570554952038, 5.06944840311
6.11, 1.03186653749, -2.71321399909, 0.00845454253255, 5.07004296053
6.12, 1.03191723216, -2.66253749704, 0.000141615272026, 5.07061736621
6.13, 1.03188520496, -2.61185531783, -0.00553046149634, 5.07117885054
6.14, 1.03186410162, -2.56116755923, 0.00097724507045, 5.07173252598
6.15, 1.03193045169, -2.51047431417, 0.00889340484278, 5.07227633208
6.16, 1.0320146724, -2.45977572978, 0.00488937096896, 5.07280158263
6.17, 1.0320151808, -2.40907198268, -0.00460634196667, 5.07331056198
6.18, 1.03196858285, -2.35836318, -0.00378311297882, 5.07381208018
6.19, 1.03199079399, -2.30764938947, 0.00610687829439, 5.07430776112
6.2, 1.03208371027, -2.25693071142, 0.00855847149644, 5.07479001507
6.21, 1.03212977865, -2.20620731672, -0.000757847295363, 5.07525312551
6.22, 1.03208731949, -2.15547934223, -0.00647072093756, 5.0757065431
6.23, 1.03206208233, -2.10474684724, 0.00104180508385, 5.07615628796
6.24, 1.03213230937, -2.05400988979, 0.00933501480991, 5.07659891083
6.25, 1.03220306284, -2.00326861155, 0.00501195270248, 5.07702359497
6.26, 1.03221230728, -1.95252315321, -0.00348151658492, 5.0774347458
6.27, 1.03217031191, -1.90177361095, -0.00414154404017, 5.07784018694
6.28, 1.03217918775, -1.8510200269, 0.0042503722361, 5.07824246278
6.29, 1.03225702905, -1.80026247194, 0.0077122522982, 5.07863450169
6.3, 1.03230580543, -1.74950109117, 0.000275512344167, 5.07900942758
6.31, 1.03227389935, -1.69873601106, -0.00582866824096, 5.07937543418
6.32, 1.03224378858, -1.6479672747, -0.000359500417463, 5.07973983056
6.33, 1.03229596322, -1.59719491383, 0.00764575394277, 5.08009988344
6.34, 1.03237356616, -1.54641903333, 0.00472977907441, 5.08044468824
6.35, 1.03237528036, -1.4956397846, -0.00448745062076, 5.08077569409
6.36, 1.03232482484, -1.44485723759, -0.00468192565998, 5.08110411846
6.37, 1.0323334888, -1.39407140188, 0.00458244254688, 5.08143251113
6.38, 1.03241473737, -1.34328232879, 0.00785681106781, 5.08175151419
6.39, 1.03245965232, -1.29249016243, -0.000541037869995, 5.08205329941
6.4, 1.03241767304, -1.24169501788, -0.0067846888514, 5.08234840931
6.41, 1.03238274657, -1.19089690806, -0.000387050889046, 5.08264527666
6.42, 1.03243817484, -1.14009583744, 0.00806936840904, 5.08293978376
6.43, 1.03251636864, -1.08929190566, 0.0043583037015, 5.08321851795
6.44, 1.03250951807, -1.03848526438, -0.00559246386926, 5.08348426131
6.45, 1.03245009803, -0.98767596168, -0.00522367617957, 5.08375049923
6.46, 1.03245897813, -0.936863975844, 0.00497498032943, 5.08401962526
6.47, 1.03253000982, -0.886049354256, 0.00720185600327, 5.0842786069
6.48, 1.0325798755, -0.835232218088, 0.000593801749614, 5.0845232728
6.49, 1.03254702719, -0.784412681575, -0.00645682258177, 5.08476052588
6.5, 1.03250391846, -0.733590752972, -0.00203707170811, 5.08500082715
6.51, 1.03254128652, -0.682766413312, 0.00658498501718, 5.08524162925
6.52, 1.03261582387, -0.631939734406, 0.00495249177699, 5.0854692029
6.53, 1.03262033129, -0.581110861923, -0.00445445760891, 5.08568304659
6.54, 1.03256271525, -0.530279850546, -0.00602054465469, 5.08589730833
6.55, 1.03255490867, -0.479446664604, 0.00297876806843, 5.08611654592
6.56, 1.03262670271, -0.428611312099, 0.00756009085, 5.086329896
6.57, 1.03267404486, -0.377773922959, -0.000120917391992, 5.08652603801
6.58, 1.03263136419, -0.326934612187, -0.00745694348895, 5.08671632916
6.59, 1.03258257465, -0.276093362833, -0.00215647053638, 5.08691266883
6.6, 1.03262288008, -0.22525013166, 0.00704129665873, 5.08711119773
6.61, 1.03269894662, -0.174404990129, 0.00469998273411, 5.08729530447
6.62, 1.03269564737, -0.123558092608, -0.00554253188492, 5.08746560317
6.63, 1.03262844825, -0.0727094783521, -0.00667123660061, 5.08763896643
