timestamp, prius0 x posi, prius0 y posi, prius0 x vel, prius0 y vel.
0.0, 0.0, 0.0, 0.0, 0.0
0.00999999999999, -25.0399447808, -1.0000160622, 0.123645813289, -0.00553088826256
0.02, -25.0386493041, -1.00000709977, 0.140207290966, 0.00480346176518
0.03, -25.0371854709, -0.999933564516, 0.157272147824, 0.00593593474659
0.04, -25.0355466016, -0.999919889885, 0.175391829693, -0.00425620127511
0.05, -25.0337224591, -0.999979189307, 0.194147799058, -0.00767166346184
0.06, -25.0317060551, -1.00002688532, 0.213975969854, -0.00196974640151
0.07, -25.0294869342, -0.999990367, 0.234462838664, 0.00599935358852
0.08, -25.0270582763, -0.999931526463, 0.256001887682, 0.00263403450489
0.09, -25.0244111716, -0.999951705321, 0.27801835765, -0.00667692725592
0.1, -25.0215419995, -1.00002164964, 0.300379405437, -0.0064187061994
0.11, -25.0184444871, -1.00002824705, 0.323777028636, 0.0031163735257
0.12, -25.0151107302, -0.999963113192, 0.347532617635, 0.00602711533939
0.13, -25.0115381005, -0.999938798968, 0.371544804132, -0.00274529225211
0.14, -25.0077207032, -1.00000165422, 0.396570391911, -0.00870701324983
0.15, -25.0036480064, -1.00005267638, 0.422629513455, -0.0018097750146
0.16, -24.9993126174, -1.00001119276, 0.448972179703, 0.00655960465607
0.17, -24.9947119317, -0.999950812752, 0.475636007992, 0.00232247952837
0.18, -24.9898447949, -0.999978927497, 0.502659691411, -0.00770907996354
0.19, -24.984698707, -1.00005666271, 0.530801802706, -0.00680329155652
0.2, -24.9792719639, -1.00006105144, 0.558924153736, 0.00371648084231
0.21, -24.9735613622, -0.999990392347, 0.587768416559, 0.00629972297245
0.22, -24.9675563345, -0.99996968241, 0.617724943102, -0.00360246967724
0.23, -24.9612493427, -1.00002926273, 0.647991360865, -0.00840678278985
0.24, -24.9546400595, -1.00009029926, 0.678237494408, -0.00352539518463
0.25, -24.9477237899, -1.00006420393, 0.709412859503, 0.00558824864735
0.26, -24.9404949868, -1.00000157145, 0.740685175564, 0.00343885514739
0.27, -24.9329532396, -1.00001620549, 0.772002597894, -0.00664312540934
0.28, -24.9250957893, -1.00009466733, 0.803992123889, -0.00789103135579
0.29, -24.916916009, -1.00011641162, 0.836274997969, 0.00189512634904
0.3, -24.9084132898, -1.00005460611, 0.868574996206, 0.00641785871094
0.31, -24.8995874962, -1.00002278935, 0.900890663648, -0.00206249424504
0.32, -24.8904350967, -1.00008184633, 0.933987552446, -0.00475192784078
0.33, -24.8809505299, -1.00013976584, 0.967211671527, -0.00444731555587
0.34, -24.8711337602, -1.000129572, 1.00042396074, 0.00385524962697
0.35, -24.8609822363, -1.000076199, 1.03430580013, 0.00341689429101
0.36, -24.8504900573, -1.0000815451, 1.06838751269, -0.0052664570314
0.37, -24.839655228, -1.00015133773, 1.10302289204, -0.00780777308479
0.38, -24.8284716688, -1.00018362372, 1.13792320483, 0.000127102015437
0.39, -24.8169366988, -1.00013808609, 1.17344764583, 0.00534300526222
0.4, -24.805044865, -1.00010500409, 1.20912773524, -0.00103015292834
0.41, -24.7927973023, -1.00015598637, 1.24463773467, -0.00856099378091
0.42, -24.7801906265, -1.00022313424, 1.28097304807, -0.00463895272157
0.43, -24.7672194653, -1.00021056986, 1.31739241452, 0.00428303005687
0.44, -24.7538853346, -1.00015526533, 1.35362431305, 0.00325570721537
0.45, -24.740188011, -1.0001671957, 1.39025972549, -0.00623385412125
0.46, -24.7261214404, -1.00024583065, 1.42721613132, -0.00843304163679
0.47, -24.7116860819, -1.00027900119, 1.46403296108, 0.000433498777923
0.48, -24.6968827486, -1.00022940986, 1.50078185528, 0.00561803420148
0.49, -24.681709814, -1.00019857895, 1.5381022452, -0.00169373703102
0.5, -24.666161337, -1.00025891878, 1.57597891731, -0.0095263612262
0.51, -24.6502315332, -1.00033164821, 1.6141219652, -0.00476799922917
0.52, -24.6339176246, -1.00031608418, 1.65288757573, 0.00477025302472
0.53, -24.6172156312, -1.00025849488, 1.69162842799, 0.00310484871151
0.54, -24.6001267137, -1.00027718696, 1.73025096362, -0.0072328183537
0.55, -24.5826501377, -1.00036500922, 1.76934183181, -0.00909122429506
0.56, -24.5647811983, -1.00039915686, 1.80852705579, 0.000756154648431
0.57, -24.5465212886, -1.00034513028, 1.84753625146, 0.0059370408091
0.58, -24.5278721768, -1.00031647967, 1.88637362049, -0.00239582721548
0.59, -24.5088321809, -1.00038190048, 1.92581003635, -0.00567591090125
0.6, -24.4893968013, -1.00045196447, 1.96560546256, -0.00577407358963
0.61, -24.4695635494, -1.00045293289, 2.00498020986, 0.0030046961831
0.62, -24.4493368953, -1.00040455557, 2.04489839047, 0.00311226596691
0.63, -24.4287057997, -1.00041378369, 2.08541447183, -0.00586194386899
0.64, -24.4076699904, -1.00049334061, 2.12580755363, -0.00906632583356
0.65, -24.3862315354, -1.00053869782, 2.16596275835, -0.00107920710896
0.66, -24.364390871, -1.00050143933, 2.20645540061, 0.00483734583466
0.67, -24.3421428537, -1.0004715593, 2.24716697036, -0.0013570068144
0.68, -24.3194894195, -1.00052915317, 2.28759170304, -0.00956852945086
0.69, -24.2964301872, -1.00060940386, 2.32847891062, -0.00606930438698
0.7, -24.2729610574, -1.00060860685, 2.36938913324, 0.00342721202628
0.71, -24.2490839577, -1.00055782243, 2.41007639911, 0.00302139111246
0.72, -24.2247986362, -1.00057343502, 2.4512019384, -0.0068731587643
0.73, -24.2000986748, -1.00066305827, 2.49298546612, -0.00985388078559
0.74, -24.1749802363, -1.00071052088, 2.53473348626, -0.000827726200331
0.75, -24.1494442782, -1.00066883452, 2.57671047587, 0.00520167089753
0.76, -24.1234837721, -1.00064050824, 2.61951745333, -0.00200072659281
0.77, -24.0970912362, -1.00070815185, 2.66301868599, -0.010667713377
0.78, -24.070264928, -1.00079537509, 2.70622718092, -0.00630739325171
0.79, -24.0430032072, -1.00079191374, 2.75037740528, 0.00393811704913
0.8, -24.0152980922, -1.00073836417, 2.79459272118, 0.00291074463789
0.81, -23.9871533228, -1.0007609352, 2.83835755347, -0.00795119487079
0.82, -23.9585718362, -1.00084592082, 2.88188632354, -0.0101844165632
0.83, -23.9295512193, -1.0009075237, 2.92640946819, -0.00277330918927
0.84, -23.9000846441, -1.00088078699, 2.97084559746, 0.00446821517509
0.85, -23.8701756611, -1.00084782128, 3.0149002642, -0.000757939024734
0.86, -23.839825606, -1.0009036009, 3.05920985567, -0.0099900629154
0.87, -23.8090301127, -1.00099642006, 3.10397710619, -0.00784130788562
0.88, -23.7777867647, -1.00101199627, 3.14860230573, 0.00221613755501
0.89, -23.7460993256, -1.00096433506, 3.19281653641, 0.00337509595522
0.9, -23.7139687103, -1.00097468523, 3.23734605879, -0.00656286248476
0.91, -23.681393672, -1.0010698305, 3.28161094711, -0.0111699011741
0.92, -23.6483785663, -1.00113510344, 3.32540521751, -0.00265071201725
0.93, -23.6149243145, -1.00110444662, 3.36954489234, 0.00485560438106
0.94, -23.5810287483, -1.00107242895, 3.41352043141, -0.00134223406733
0.95, -23.5466921868, -1.00113836327, 3.4578397778, -0.0111636605368
0.96, -23.5119107725, -1.00122464457, 3.50253359984, -0.00848317328485
0.97, -23.4766825735, -1.00125538625, 3.54704524491, 0.000346590569541
0.98, -23.4410112356, -1.00122049616, 3.59116899715, 0.00290754656163
0.99, -23.4049006193, -1.0012247581, 3.63491372722, -0.0053187600074
1.0, -23.3683530883, -1.00130990978, 3.67864245114, -0.0107846272973
1.01, -23.3313716362, -1.00138319742, 3.72148401255, -0.0043097824027
1.02, -23.2939678838, -1.00137069973, 3.76313243185, 0.00337669085812
1.03, -23.2561536214, -1.00134192653, 3.80361953105, -0.000676005455297
1.04, -23.2179403298, -1.00139571789, 3.84297511118, -0.00995148264786
1.05, -23.179339174, -1.00149458906, 3.88122694769, -0.00900188599083
1.06, -23.1403610006, -1.00152511934, 3.91840698186, 0.000709848555169
1.07, -23.1010163539, -1.00148713783, 3.95454904364, 0.00297806258
1.08, -23.0613154831, -1.00149619559, 3.98968334969, -0.0062083779964
1.09, -23.0212683534, -1.00159150316, 4.02383353122, -0.0116775426369
1.1, -22.9808846505, -1.00166851499, 4.05702540608, -0.00420427393817
1.11, -22.9401737859, -1.0016519166, 4.08928886177, 0.00384010759833
1.12, -22.8991449104, -1.00162278587, 4.12065345096, -0.00109175212615
1.13, -22.8578069178, -1.00168531184, 4.15114185347, -0.0110169920557
1.14, -22.8161684574, -1.00179202871, 4.18077426655, -0.00937442570838
1.15, -22.7742379307, -1.00182070093, 4.20957591358, 0.00124393215549
1.16, -22.7320235067, -1.00177835989, 4.23757420054, 0.00312644416687
1.17, -22.689533125, -1.00179199436, 4.26479268729, -0.00710593577335
1.18, -22.6467745056, -1.00188386209, 4.29124807138, -0.0113068001816
1.19, -22.6037551521, -1.0019702881, 4.3169608791, -0.00587835897222
1.2, -22.560482355, -1.00196937866, 4.34195386991, 0.00280233053263
1.21, -22.5169632035, -1.00193886051, 4.36625087017, -4.32957842472e-05
1.22, -22.473204587, -1.00198810467, 4.38987002516, -0.00991423046734
1.23, -22.4292132061, -1.0020949453, 4.41282582463, -0.010384106258
1.24, -22.3849955697, -1.00214038604, 4.43513723942, -0.000529174470096
1.25, -22.3405580058, -1.00210676256, 4.45682609229, 0.00324476505726
1.26, -22.2959066651, -1.00210939497, 4.47791176612, -0.00556144095749
1.27, -22.2510475275, -1.00220524937, 4.49840676777, -0.0124265863106
1.28, -22.2059864066, -1.00229600148, 4.51832520535, -0.00579416073357
1.29, -22.1607289496, -1.00229034966, 4.53768594907, 0.00339980791249
1.3, -22.1152806489, -1.00225762972, 4.55650859812, -0.000270958216051
1.31, -22.0696468409, -1.00231436818, 4.57480650257, -0.0109294109929
1.32, -22.0238327165, -1.00241480776, 4.59258978958, -0.0110681937772
1.33, -21.9778433182, -1.00247506528, 4.60987350464, -0.00225514590811
1.34, -21.9316835476, -1.00245140226, 4.62667459201, 0.00314453519361
1.35, -21.8853581701, -1.00244463049, 4.64300921147, -0.00406552480149
1.36, -21.8388718171, -1.00252954819, 4.65888688084, -0.0120549309313
1.37, -21.7922289929, -1.00262859653, 4.67431725485, -0.00742836405565
1.38, -21.7454340719, -1.00263930741, 4.68931488118, 0.00223318164212
1.39, -21.6984913092, -1.00260606778, 4.70389589518, 0.000764127224551
1.4, -21.6514048384, -1.00264834724, 4.71807145842, -0.00962235894426
1.41, -21.6041786804, -1.00276123806, 4.73184807964, -0.0116559468743
1.42, -21.5568167414, -1.00282129865, 4.74523664063, -0.00178636700189
1.43, -21.5093228189, -1.00280389176, 4.75825192886, 0.00191927280533
1.44, -21.4617006049, -1.00279465914, 4.77090590339, -0.00297242777524
1.45, -21.4139536861, -1.00286741386, 4.78320659538, -0.0111669892415
1.46, -21.3660855525, -1.00296850411, 4.79516032927, -0.00855004388081
1.47, -21.3180995933, -1.00299529557, 4.80677817924, 0.00066480557535
1.48, -21.2699991051, -1.00296820946, 4.81807332835, 0.00110836773473
1.49, -21.2217872894, -1.00299879525, 4.82905529179, -0.00815425222598
1.5, -21.1734672605, -1.00310388434, 4.83972829056, -0.0117412740111
1.51, -21.1250420453, -1.0031754508, 4.85010002582, -0.00351931560579
1.52, -21.0765145848, -1.00315982826, 4.860182074, 0.00290257428557
1.53, -21.0278877394, -1.00314901299, 4.86998546389, -0.00331124391411
1.54, -20.979164289, -1.00322881181, 4.87951503884, -0.0119781518409
1.55, -20.9303469365, -1.00333441214, 4.88877507877, -0.0085683850473
1.56, -20.8814383066, -1.00335646759, 4.89777442121, 0.00139555184413
1.57, -20.8324409546, -1.00332409033, 4.9065246052, 0.00128567709421
1.58, -20.7833573596, -1.00335863751, 4.91503283434, -0.00893125528015
1.59, -20.7341899351, -1.00345817532, 4.92330093923, -0.0110861872231
1.6, -20.6849410252, -1.00353595018, 4.93133556067, -0.00489870340486
1.61, -20.6356129089, -1.0035341876, 4.93914523281, 0.00194053775688
1.62, -20.5862078023, -1.00352193407, 4.94673955374, -0.00227671791443
1.63, -20.5367278575, -1.00358768313, 4.95412237697, -0.0107052302156
1.64, -20.4871751691, -1.00369068003, 4.9612961166, -0.00926336712092
1.65, -20.4375517708, -1.00372692129, 4.96826740898, -0.000207300092296
1.66, -20.3878596413, -1.0037027737, 4.9750454911, 0.00137570664142
1.67, -20.3381007021, -1.003726412, 4.98163683373, -0.00733661822945
1.68, -20.2882768218, -1.00382789231, 4.98804250303, -0.0119079947736
1.69, -20.2383898176, -1.00390708213, 4.99426598192, -0.00457894356163
1.7, -20.1884414543, -1.00389949369, 5.00031559756, 0.00254034875059
1.71, -20.1384334491, -1.00388539298, 5.00619916035, -0.00252577543493
1.72, -20.0883674686, -1.00395766853, 5.0119189262, -0.0115171716345
1.73, -20.0382451357, -1.00406586364, 5.01747592504, -0.0093899832851
1.74, -19.9880680253, -1.00409825592, 5.02287584439, 0.000474375232852
1.75, -19.9378376708, -1.00406848495, 5.02812668836, 0.00164186785393
1.76, -19.8875555601, -1.00409508085, 5.03323366899, -0.00803572033376
1.77, -19.8372231412, -1.0042041507, 5.03819615176, -0.0124980991946
1.78, -19.7868418218, -1.0042837054, 5.04301674799, -0.00414548146845
1.79, -19.736412969, -1.00426925981, 5.04770266273, 0.00321358058118
1.8, -19.6859379135, -1.00425319215, 5.05226096602, -0.00280887239109
1.81, -19.6354179455, -1.00433247401, 5.05669283379, -0.0123659932999
1.82, -19.5848543234, -1.0044314447, 5.06099752149, -0.00970489650076
1.83, -19.5342482665, -1.00447539392, 5.06518028337, -0.0010213485661
1.84, -19.4836009629, -1.00445498556, 5.06924747706, 0.00147827370798
1.85, -19.4329135658, -1.00447294943, 5.07320381552, -0.00656611274539
1.86, -19.3821871958, -1.00456970269, 5.07704861435, -0.0118536331184
1.87, -19.3314229436, -1.0046541227, 5.0807830495, -0.00544855309106
1.88, -19.2806218682, -1.0046541984, 5.08441247834, 0.00208339292685
1.89, -19.2297850005, -1.00463845076, 5.08794359244, -0.00189974455852
1.9, -19.1789133395, -1.00470344523, 5.09137745728, -0.010944936757
1.91, -19.1280078603, -1.00481191804, 5.09471237673, -0.00993608970486
1.92, -19.0770695079, -1.00485284516, 5.09795178472, -0.000388896071851
1.93, -19.0260992026, -1.00482665018, 5.10110270412, 0.00181216306261
1.94, -18.9750978376, -1.00484669548, 5.10416802648, -0.00718660741197
1.95, -18.9240662806, -1.00495085018, 5.10714717966, -0.0124785465909
1.96, -18.8730053774, -1.00503634789, 5.11003934268, -0.0050934056831
1.97, -18.8219159478, -1.00502983913, 5.1128507946, 0.00278582437093
1.98, -18.7707987916, -1.00501127616, 5.11558676858, -0.00207198291073
1.99, -18.719654682, -1.00508247183, 5.11824715415, -0.0117618766094
2.0, -18.6684843744, -1.00519631854, 5.12083037626, -0.0100764730077
2.01, -18.6172886003, -1.00523312926, 5.12333949818, 0.000356110842907
2.02, -18.566068073, -1.0052144205, 5.12578034755, 0.00137595479471
2.03, -18.5148234838, -1.00522741652, 5.12815543312, -0.00581869010288
2.04, -18.4635555055, -1.005319375, 5.13046349133, -0.0117806182985
2.05, -18.412264793, -1.00540900296, 5.13270405405, -0.00633807060378
2.06, -18.3609519813, -1.00541713379, 5.13488144371, 0.0015791526816
2.07, -18.30961769, -1.00540001332, 5.1370007282, -0.00127709013721
2.08, -18.2582625183, -1.00545739037, 5.1390625176, -0.0103179848185
2.09, -18.2068870513, -1.00556563831, 5.14106406051, -0.0104504255972
2.1, -18.1554918559, -1.00561512973, 5.14300741452, -0.00128392722692
2.11, -18.1040774844, -1.00559289636, 5.14489776179, 0.00195141671943
2.12, -18.0526444734, -1.00560634426, 5.14673841811, -0.00630062735935
2.13, -18.0011933431, -1.00570497392, 5.14852627326, -0.0123936095551
2.14, -17.9497246011, -1.00579603441, 5.15026195329, -0.00603385646849
2.15, -17.8982387404, -1.00579771999, 5.15194804953, 0.00231433317663
2.16, -17.846736242, -1.0057769229, 5.15358956416, -0.00133698558683
2.17, -17.7952175683, -1.00583966822, 5.15518771723, -0.0110955407475
2.18, -17.7436831734, -1.00595356673, 5.15673805257, -0.0106609223473
2.19, -17.6921334953, -1.00599961096, 5.15824232591, -0.000576589260147
2.2, -17.6405689613, -1.00597058356, 5.15970710814, 0.00239103237823
2.21, -17.5889899878, -1.00598540398, 5.16113332852, -0.00689052632584
2.22, -17.5373969768, -1.00608127825, 5.16251933269, -0.010778407486
2.23, -17.4857903229, -1.006173867, 5.1638634746, -0.00711383745929
2.24, -17.4341704059, -1.00618931799, 5.16516957982, 0.00112667035867
2.25, -17.382537599, -1.00617031261, 5.1664413666, -0.000593256757993
2.26, -17.3308922607, -1.00621927516, 5.16767903154, -0.00960064738702
2.27, -17.2792347422, -1.00632645266, 5.16888096874, -0.0108963188884
2.28, -17.2275653843, -1.00638412947, 5.17004641667, -0.00216592448559
2.29, -17.175884518, -1.00636582178, 5.17117974244, 0.00209693431611
2.3, -17.124192465, -1.00637237808, 5.17228562225, -0.00536642946134
2.31, -17.0724895379, -1.00646486373, 5.17335967664, -0.0122467214475
2.32, -17.0207760416, -1.00656108587, 5.17440065868, -0.00695839993039
2.33, -16.9690522709, -1.0065710113, 5.17541113621, 0.00182928496601
2.34, -16.9173185143, -1.00654796628, 5.17639700211, -0.000580544891708
2.35, -16.8655750494, -1.00660179116, 5.17735728704, -0.0103685717744
2.36, -16.813822149, -1.00671519901, 5.17828793081, -0.0112092337449
2.37, -16.7620601763, -1.00677041168, 5.17916471374, -0.00152558387385
2.38, -16.7102897121, -1.00674522379, 5.17998435853, 0.00260503873567
2.39, -16.6585114879, -1.00675222046, 5.18071831774, -0.00587112192201
2.4, -16.6067262719, -1.0068520824, 5.18139214333, -0.0129561599656
2.41, -16.5549346559, -1.00695053674, 5.18199110007, -0.00670015349774
2.42, -16.5031373936, -1.0069538698, 5.18252652998, 0.00262213459644
2.43, -16.4513351066, -1.00694008809, 5.18299051369, -1.32655884355e-05
2.44, -16.3995285016, -1.0069812676, 5.18340079599, -0.00892269859247
2.45, -16.347718073, -1.00708774647, 5.18376113065, -0.0113829394516
2.46, -16.2959044515, -1.00715415959, 5.18402697591, -0.00311113737595
2.47, -16.2440885167, -1.00714033251, 5.18423458006, 0.00220035113651
2.48, -16.1922706987, -1.00714014705, 5.18440539115, -0.00442500275171
2.49, -16.1404514902, -1.00722631721, 5.18451186251, -0.0120811228218
2.5, -16.0886315047, -1.00732771197, 5.18456928891, -0.00789974170377
2.51, -16.0368111244, -1.00734618779, 5.18458883415, 0.00131048814243
2.52, -15.9849907108, -1.00732109138, 5.18457565227, 0.000173311230182
2.53, -15.933170845, -1.00736578697, 5.18447578966, -0.00960891297531
2.54, -15.8813522695, -1.00747845523, 5.18433060633, -0.0117436925321
2.55, -15.8295353158, -1.00754290274, 5.18415117189, -0.00249326617166
2.56, -15.7777203687, -1.00752174149, 5.18392022227, 0.00280953049387
2.57, -15.7259079167, -1.00752078048, 5.18365874769, -0.0048192983206
2.58, -15.6740982419, -1.00761391033, 5.18336964714, -0.0128139479605
2.59, -15.6222917102, -1.00771822109, 5.18302640585, -0.00772360409763
2.6, -15.5704888005, -1.00773040326, 5.18264813966, 0.0021314690033
2.61, -15.5186897648, -1.00771361569, 5.1822500763, 0.000864881211741
2.62, -15.466894835, -1.00774475257, 5.1818305946, -0.00812308760158
2.63, -15.4151043358, -1.00785086875, 5.18136225295, -0.0120071651605
2.64, -15.3633187106, -1.00792736507, 5.18086165236, -0.00413073520291
2.65, -15.3115381852, -1.00791730532, 5.18032929242, 0.00249173405991
2.66, -15.2597633296, -1.00790809942, 5.17973380841, -0.00328197046713
2.67, -15.2079946081, -1.00798736891, 5.17911315278, -0.0119917637329
2.68, -15.1562322191, -1.00809558297, 5.17847016973, -0.00902884888853
2.69, -15.1044762891, -1.00812333852, 5.17781570536, 0.000843788821401
2.7, -15.0527272728, -1.00809432838, 5.17708303808, 0.00117551252656
2.71, -15.0009857225, -1.00812813446, 5.17633193526, -0.00878136872951
2.72, -14.9492517655, -1.00824100409, 5.175567661, -0.0124788996637
2.73, -14.8975256321, -1.00831651704, 5.17476115075, -0.00357054886981
2.74, -14.8458076867, -1.00830678909, 5.17393806486, -0.00011303315343
2.75, -14.7940980948, -1.00829909209, 5.17308116598, -0.00240047923322
2.76, -14.7423972418, -1.00836487671, 5.17220090351, -0.0106699478974
2.77, -14.6907053762, -1.00846891193, 5.17128150628, -0.00951366392543
2.78, -14.6390227763, -1.00850926578, 5.17034848792, -0.000682953699212
2.79, -14.5873495267, -1.00848893496, 5.16940911335, 0.00113956715505
2.8, -14.5356859875, -1.00851294796, 5.16840435778, -0.0072422799445
2.81, -14.4840326182, -1.0086137021, 5.16738496192, -0.0119229757038
2.82, -14.4323894879, -1.00869511715, 5.16635637497, -0.00495179231955
2.83, -14.3807568009, -1.00869171034, 5.16529091062, 0.00217429859743
2.84, -14.3291347892, -1.00867929159, 5.1642230873, -0.00250750228774
2.85, -14.277523492, -1.00875026789, 5.16315182312, -0.0113651657883
2.86, -14.225923051, -1.00885858749, 5.16204833982, -0.00956950149027
2.87, -14.174333829, -1.00889449528, 5.16090594698, 5.68434995119e-05
2.88, -14.1227560944, -1.00886785234, 5.15975469471, 0.001488407193
2.89, -14.0711898786, -1.00889387105, 5.15860439759, -0.00784165269661
2.9, -14.0196354531, -1.00900139482, 5.15738664991, -0.0124477110794
2.91, -13.9680934805, -1.00908271086, 5.15612486194, -0.00448187011117
2.92, -13.9165643596, -1.009072019, 5.15481121525, 0.00290367635756
2.93, -13.8650486677, -1.00905689166, 5.15344328097, -0.00270604523697
2.94, -13.8135467831, -1.00913404529, 5.15200744119, -0.012142297169
2.95, -13.7620606024, -1.00924687594, 5.15034766008, -0.00959673550921
2.96, -13.7105914215, -1.00927768507, 5.14860634455, 0.00087056439625
2.97, -13.6591399714, -1.00925877867, 5.14671983115, 0.0017466386259
2.98, -13.6077107768, -1.00927309958, 5.14419252463, -0.00628651658728
2.99, -13.556308411, -1.00937070684, 5.14140492943, -0.0122501749648
3.0, -13.5049363954, -1.00946090597, 5.13811392189, -0.0060209567049
3.01, -13.4535997532, -1.00946351578, 5.13428396641, 0.00216683782992
3.02, -13.4023036694, -1.00944391758, 5.13006701821, -0.00138800716651
3.03, -13.3510513328, -1.00950599216, 5.12554714999, -0.0109362622297
3.04, -13.2998471397, -1.00961819782, 5.12039580658, -0.0105220479557
3.05, -13.248696637, -1.00966397262, 5.11487962022, -0.000635385756818
3.06, -13.197602923, -1.00963598287, 5.10905254754, 0.00230314017089
3.07, -13.1465714187, -1.00965072852, 5.10229106072, -0.0067802168333
3.08, -13.0956108819, -1.00975502819, 5.0950391574, -0.0128353983694
3.09, -13.0447245412, -1.00984589782, 5.08748794228, -0.00560215684181
3.1, -12.9939140552, -1.00984879322, 5.07965099081, -0.000280742396822
3.11, -12.943187056, -1.00982842097, 5.07110276772, -0.000261741094394
3.12, -12.8925458916, -1.00987566258, 5.06242010729, -0.00959861851315
3.13, -12.8419925623, -1.00998475227, 5.05353750001, -0.0111652217938
3.14, -12.7915305119, -1.01004404955, 5.04394623832, -0.0021531052248
3.15, -12.7411699178, -1.01002318524, 5.03343196507, 0.0025174591489
3.16, -12.690916273, -1.01002575494, 5.02264642069, -0.00506658708337
3.17, -12.640770925, -1.01011776414, 5.0117530696, -0.012378226877
3.18, -12.5907352809, -1.01021588006, 5.00071058226, -0.00708326642929
3.19, -12.5408107812, -1.01022468992, 4.98952466485, 0.0021664795656
3.2, -12.4909995797, -1.01019690085, 4.97793746449, -7.61471497585e-05
3.21, -12.4413079525, -1.01024766137, 4.96565531251, -0.010264351305
3.22, -12.3917411169, -1.01036210555, 4.95308638289, -0.0113853186845
3.23, -12.342300655, -1.01041771818, 4.94038249652, -0.00136240319246
3.24, -12.2929912023, -1.01040212102, 4.92670353528, 0.00240565916432
3.25, -12.2438221372, -1.01039457173, 4.9125217522, -0.00345955135395
3.26, -12.1947957435, -1.01047358377, 4.89816107473, -0.0117194878944
3.27, -12.1459168531, -1.01057663558, 4.88300561671, -0.00837774168405
3.28, -12.0971932626, -1.01059911258, 4.86707830808, 0.00119333998828
3.29, -12.0486308987, -1.01056953552, 4.85085274981, 0.00105921297624
3.3, -12.000231148, -1.01060425239, 4.83452726164, -0.00871714422427
3.31, -11.9519972251, -1.01071337893, 4.81739850943, -0.0118488671367
3.32, -11.9039406578, -1.01078188528, 4.79942124148, -0.00291448341236
3.33, -11.8560644125, -1.0107722837, 4.78132627996, 0.00168982711488
3.34, -11.8083727373, -1.01075826439, 4.76249712671, -0.00199982903954
3.35, -11.7608702724, -1.01082197002, 4.74352918706, -0.0105587551005
3.36, -11.7135580415, -1.01092455864, 4.72445601807, -0.00924534308574
3.37, -11.6664374238, -1.01096017621, 4.70523643229, -3.91724418153e-05
3.38, -11.6195129587, -1.01093303857, 4.68498649414, 0.00179128605352
3.39, -11.572794848, -1.01095247846, 4.66425326063, -0.00693533907017
3.4, -11.5262835469, -1.01105127648, 4.6435619209, -0.0117186281422
3.41, -11.4799848458, -1.01112908515, 4.62161241028, -0.00440133084765
3.42, -11.4339094788, -1.01111862866, 4.59891751826, 0.00296117125562
3.43, -11.3880640839, -1.01109948549, 4.57581909106, -0.00196178730745
3.44, -11.3424503891, -1.01116697298, 4.55260608394, -0.0111074509033
3.45, -11.297071049, -1.01127237375, 4.52881520648, -0.0091520325234
3.46, -11.2519334828, -1.01130199268, 4.50423814968, 0.000869982411022
3.47, -11.2070442655, -1.01128042139, 4.47933303647, 0.00154309293999
3.48, -11.1624116652, -1.01129120785, 4.45253166578, -0.0054171058105
3.49, -11.118052135, -1.01137606033, 4.42511808647, -0.0108040479987
3.5, -11.0739672846, -1.01145539745, 4.39759559318, -0.00535566611647
3.51, -11.0301622493, -1.01145688933, 4.36912298036, 0.00199933856399
3.52, -10.9866456811, -1.01143732567, 4.3398080533, -0.00101660890074
3.53, -10.9434248456, -1.01148956018, 4.31015210785, -0.00949694309437
3.54, -10.9005025539, -1.01158705987, 4.27987803548, -0.00923463112296
3.55, -10.8578895402, -1.01162621992, 4.24840353365, -0.000460319842309
3.56, -10.8155935845, -1.01159904391, 4.2166394616, 0.00228947391424
3.57, -10.7736151856, -1.01160847008, 4.18487605409, -0.00568080541854
3.58, -10.7319585472, -1.01169741804, 4.15189111729, -0.011132483222
3.59, -10.6906367964, -1.01177542761, 4.11830628086, -0.00479015890672
3.6, -10.6496525081, -1.01176820703, 4.08447593662, 0.00294262427916
3.61, -10.6090071727, -1.01174286483, 4.05055951734, -0.000842995329975
3.62, -10.5687042907, -1.01179780156, 4.01586653789, -0.00998098081156
3.63, -10.5287496574, -1.01189790782, 3.98103104047, -0.00913695635039
3.64, -10.4891429466, -1.01193079556, 3.94624971517, 0.000507617080865
3.65, -10.4498871805, -1.0118945819, 3.91071666162, 0.00293553299509
3.66, -10.4109907798, -1.0119031939, 3.87435397677, -0.00602544399435
3.67, -10.3724602258, -1.01199674411, 3.83775080003, -0.0114593074873
3.68, -10.3343016478, -1.01207274085, 3.79969774158, -0.0041212320368
3.69, -10.2965267055, -1.01206355187, 3.76133489131, 0.000758754149324
3.7, -10.2591340599, -1.01203578765, 3.72318952932, 0.000403445136812
3.71, -10.2221235223, -1.0120745936, 3.684986714, -0.00847598686874
3.72, -10.1854980823, -1.01216929477, 3.64607651956, -0.00951164168538
3.73, -10.149262049, -1.0122128468, 3.6071890363, -0.000729054057314
3.74, -10.1134163824, -1.01218140265, 3.56780397736, 0.00333717768727
3.75, -10.0779694512, -1.01217632858, 3.52750759518, -0.00416167442632
3.76, -10.0429267891, -1.01225565265, 3.48712911682, -0.0107663994495
3.77, -10.0082876783, -1.01233609305, 3.44683909874, -0.00529739395124
3.78, -9.97405439907, -1.01233039505, 3.4058771803, 0.00331904709818
3.79, -9.94023315651, -1.01229393168, 3.36433171142, 0.000727224184873
3.8, -9.90682847909, -1.01233425766, 3.32274221428, -0.00888054057244
3.81, -9.87383948892, -1.01243127422, 3.28125215101, -0.00941562699858
3.82, -9.84126681424, -1.01246864161, 3.23928822569, 0.000237993819166
3.83, -9.80911439113, -1.01244083807, 3.19734201764, 0.00336823029501
3.84, -9.77738035809, -1.01242410963, 3.1556057451, -0.00237731079032
3.85, -9.74606702056, -1.01248818675, 3.11316840888, -0.00984939063962
3.86, -9.71518030185, -1.01257085643, 3.07018301922, -0.00633108985754
3.87, -9.6847243244, -1.01257658099, 3.0271907948, 0.00253795576055
3.88, -9.6546970376, -1.01253664937, 2.98443689616, 0.00202404984943
3.89, -9.62509891091, -1.01255910567, 2.94120186554, -0.00713616212442
3.9, -9.5959324845, -1.01264853817, 2.89802448793, -0.00963731491889
3.91, -9.56720246034, -1.01269634976, 2.85416278618, -0.00107970653516
3.92, -9.53891275109, -1.01266121402, 2.80980398445, 0.00441163409057
3.93, -9.51106765181, -1.0126398884, 2.76543393545, -0.00237383157036
3.94, -9.48366486161, -1.01270696568, 2.72133826736, -0.0102015364522
3.95, -9.45670243151, -1.01278925812, 2.67741511419, -0.00586417588461
3.96, -9.43018067263, -1.01278600918, 2.63304016429, 0.00362888111912
3.97, -9.40410536217, -1.01275153447, 2.5880823735, 0.00241233486234
3.98, -9.37847956327, -1.01276088545, 2.54327103176, -0.00537036207337
3.99, -9.35330290256, -1.01283683273, 2.49807733296, -0.00897017789739
4.0, -9.32858336271, -1.01288844532, 2.45198663866, -0.00213029518263
4.01, -9.30432439316, -1.01286293702, 2.40607032915, 0.00393166642318
4.02, -9.28052731257, -1.01283552815, 2.35956869, -0.0009284352747
4.03, -9.25719817406, -1.01288553531, 2.31246878391, -0.00870346257921
4.04, -9.23433933384, -1.01296291408, 2.26558967455, -0.0062730403448
4.05, -9.21194765865, -1.01296970883, 2.21902452748, 0.00253999456566
4.06, -9.19002152086, -1.01292415006, 2.17222885451, 0.00310316767641
4.07, -9.1685654906, -1.01293230425, 2.12528214085, -0.00563913114806
4.08, -9.14757813373, -1.01301137195, 2.0781951441, -0.00910929258714
4.09, -9.12707348657, -1.01305899823, 2.02888793711, -0.00127628746883
4.1, -9.10706256952, -1.01302261052, 1.97962835097, 0.00499869598438
4.11, -9.08754292192, -1.01298934052, 1.93062894937, -0.000817795015861
4.12, -9.06851285409, -1.0130422741, 1.88177765401, -0.00912901857369
4.13, -9.04997708328, -1.01312044208, 1.83144187897, -0.00592083153624
4.14, -9.03194751513, -1.01311856246, 1.78088985516, 0.00368883587379
4.15, -9.01441940942, -1.01307695215, 1.7311960889, 0.00367427868432
4.16, -8.99738212325, -1.01307076578, 1.68277364824, -0.00382473681484
4.17, -8.98082211882, -1.0131367908, 1.63570303225, -0.00852963540622
4.18, -8.96472605438, -1.01318890547, 1.58994644352, -0.00236396802408
4.19, -8.94908095375, -1.01316189403, 1.54546934214, 0.00458177418675
4.2, -8.93387420547, -1.01312160765, 1.50223887887, 0.000718700982322
4.21, -8.91909354853, -1.01315685401, 1.46021850246, -0.00761447318845
4.22, -8.90472706737, -1.01323050206, 1.41937093449, -0.00641922982267
4.23, -8.89076317703, -1.01323950534, 1.37966410072, 0.00253133012597
4.24, -8.87719061807, -1.01318691774, 1.34106948057, 0.00439893384962
4.25, -8.86399844398, -1.01317887678, 1.30355710551, -0.00404489581546
4.26, -8.85117601494, -1.01324813577, 1.2670928305, -0.00875034252387
4.27, -8.8387129891, -1.01329756125, 1.23164582953, -0.00167500859346
4.28, -8.82659931241, -1.01326096469, 1.19719022687, 0.00555438444793
4.29, -8.81482521398, -1.01321502395, 1.16370143099, 0.000840361563334
4.3, -8.80338119413, -1.01325317136, 1.13115027956, -0.00808935686959
4.31, -8.79225802238, -1.01332877843, 1.09950680934, -0.00624306494244
4.32, -8.7814467236, -1.01333086554, 1.0687466046, 0.00351746536106
4.33, -8.77093857613, -1.01326948075, 1.03884865356, 0.0049824378052
4.34, -8.76072509991, -1.01326119359, 1.00978982429, -0.00443769340616
4.35, -8.75079805343, -1.01333514563, 0.981542289258, -0.00907448893307
4.36, -8.74114942595, -1.01338234557, 0.954081877241, -0.000993669411365
4.37, -8.73177142972, -1.01334408366, 0.927393663279, 0.00325932283756
4.38, -8.72265649627, -1.01329680726, 0.901446698635, 0.0019762045211
4.39, -8.7137972665, -1.0133195097, 0.876230627192, -0.0066324720279
4.4, -8.70518658972, -1.01338982145, 0.851717539471, -0.0066214588223
4.41, -8.69681751336, -1.01340286668, 0.827888055047, 0.00220005328229
4.42, -8.68868328068, -1.01334756818, 0.804726369452, 0.00521547189705
4.43, -8.68077732266, -1.0133271588, 0.782215458034, -0.00272130360839
4.44, -8.67309325395, -1.01338783732, 0.760333386593, -0.00844492003019
4.45, -8.66562486905, -1.01343997826, 0.739060547773, -0.00224503504768
4.46, -8.65836613413, -1.01340622862, 0.718382232647, 0.00570765676427
4.47, -8.65131118627, -1.01335182945, 0.698285285404, 0.00211596417149
4.48, -8.64445432365, -1.01337772798, 0.678751864248, -0.00718836947187
4.49, -8.63779000725, -1.01345150519, 0.659762175229, -0.00663120556868
4.5, -8.63131285049, -1.01345932239, 0.641301557433, 0.0030612889261
4.51, -8.62501761945, -1.01339576019, 0.623358851214, 0.00579955805658
4.52, -8.61889922502, -1.0133750741, 0.605921149602, -0.0031335371911
4.53, -8.61295272102, -1.0134413958, 0.58897007603, -0.00892268421681
4.54, -8.6071733007, -1.01349315584, 0.572490051652, -0.00174024753116
4.55, -8.60155628992, -1.01345106054, 0.556470562169, 0.00660042762632
4.56, -8.59609714754, -1.01340523291, 0.540902169338, 0.00270143332327
4.57, -8.59079145667, -1.01341796193, 0.525770473818, -0.00563902988509
4.58, -8.58563492651, -1.01348288314, 0.511059943188, -0.00656114421617
4.59, -8.58062338482, -1.01349952987, 0.496758730341, 0.0016681097214
4.6, -8.57575277688, -1.01344632082, 0.482858483378, 0.00541951037549
4.61, -8.57101916083, -1.01341844229, 0.469349921207, -0.00167411367189
4.62, -8.56641870459, -1.01347008501, 0.45621872804, -0.00787662924522
4.63, -8.56194768496, -1.01352252768, 0.443452026935, -0.00270936137001
4.64, -8.55760248084, -1.01349395397, 0.431041644659, 0.00537112513051
4.65, -8.55337957456, -1.01343697078, 0.418981069013, 0.00286397447059
4.66, -8.5492755441, -1.01345280075, 0.407259485051, -0.00621302397097
4.67, -8.54528706597, -1.01352200204, 0.395863381495, -0.00669775756099
4.68, -8.54141090765, -1.01353483587, 0.384783812563, 0.00240336508174
4.69, -8.53764392832, -1.01347403695, 0.374015344605, 0.00599148343539
4.7, -8.53398307408, -1.01344566573, 0.363551213272, -0.00205804464648
4.71, -8.53042537627, -1.01350316751, 0.353379055803, -0.00842665751935
4.72, -8.52696795087, -1.01355647151, 0.343488395205, -0.00234889937347
4.73, -8.5236079923, -1.01352067489, 0.333873696533, 0.00619982662086
4.74, -8.52034277592, -1.01345889996, 0.324530970562, 0.0029181902071
4.75, -8.51716965008, -1.01347906471, 0.315451197175, -0.00690593553076
4.76, -8.51408604079, -1.01355325936, 0.306622679854, -0.006856302566
4.77, -8.51108944337, -1.01356205766, 0.298038808301, 0.0031798256639
4.78, -8.50817742507, -1.01349354501, 0.289696509925, 0.006536745801
4.79, -8.50534761976, -1.0134654668, 0.28159094547, -0.00254954811895
4.8, -8.50259772772, -1.01351954081, 0.27371087541, -0.00677585217499
4.81, -8.4999255149, -1.01357390469, 0.266048851092, -0.00337231839114
4.82, -8.49732880763, -1.0135510539, 0.258600066803, 0.00510891428035
4.83, -8.49480549532, -1.01349007289, 0.25136209435, 0.00375251458023
4.84, -8.49235352378, -1.01349578045, 0.244328596514, -0.00536541472406
4.85, -8.48997089876, -1.01356289821, 0.237489714084, -0.00705713093649
4.86, -8.48765543499, -1.01358276459, 0.230898122202, 0.00166651576974
4.87, -8.48540419575, -1.01352402571, 0.224639643932, 0.00634006644965
4.88, -8.48321391421, -1.01348687441, 0.218709254085, -0.000966735637992
4.89, -8.48108146591, -1.01353710606, 0.213052141232, -0.00820257634723
4.9, -8.4790044334, -1.01359479491, 0.207624335227, -0.00318368167447
4.91, -8.47698007681, -1.01356588485, 0.20254006352, 0.005881315372
4.92, -8.47500481135, -1.01350003756, 0.197754315536, 0.0038462799765
4.93, -8.47307624813, -1.0135099495, 0.19319352155, -0.00608942108189
4.94, -8.47119225518, -1.01358306148, 0.188865163375, -0.00735947062649
4.95, -8.46935008366, -1.01360025455, 0.184793940129, 0.00234042393477
4.96, -8.46754756392, -1.01353405588, 0.180924235647, 0.00691981058992
4.97, -8.46578268734, -1.0134966349, 0.17725680354, -0.00141430154015
4.98, -8.46405336346, -1.01354924026, 0.17383413305, -0.00422336374852
4.99, -8.46235722396, -1.01360115798, 0.170601278883, -0.00380532989798
5.0, -8.46069245416, -1.01358464777, 0.167546472652, 0.00452312555799
5.01, -8.45905669348, -1.01352461002, 0.164807361847, 0.0041257659402
5.02, -8.45744712932, -1.01352289275, 0.162307816068, -0.00452250668865
5.03, -8.45586134539, -1.01358536318, 0.160019740879, -0.00704360050534
5.04, -8.45429762774, -1.01361011351, 0.157888353203, 0.000916917820252
5.05, -8.45275397792, -1.01355669574, 0.15604399492, 0.00617484575115
5.06, -8.45122732808, -1.01351532993, 0.154438339366, -0.000165112430263
5.07, -8.44971564016, -1.013557824, 0.153076412047, -0.00768300902999
5.08, -8.44821575681, -1.01361635597, 0.152056442459, -0.00374543434143
5.09, -8.4467244979, -1.01359478854, 0.15136670262, 0.00523833803953
5.1, -8.44523869266, -1.01352981309, 0.150928137203, 0.0042675409713
5.11, -8.44375482592, -1.01353182212, 0.151020431847, -0.00522157982329
5.12, -8.44226839821, -1.01360071213, 0.151384936808, -0.00744498436818
5.13, -8.44077729017, -1.01362404803, 0.151948347667, 0.00147042984191
5.14, -8.4392793544, -1.01356376597, 0.152727961678, 0.00675290976424
5.15, -8.43777185253, -1.01352164707, 0.15387689085, -0.000546499697788
5.16, -8.43625122434, -1.01357094508, 0.155372172416, -0.00841161068044
5.17, -8.43471432974, -1.01363263833, 0.157086453229, -0.00361859953616
5.18, -8.43315882142, -1.01360535846, 0.159119338379, 0.00600303059136
5.19, -8.43158170906, -1.01353538772, 0.161361666998, 0.00437810058402
5.2, -8.4299813699, -1.01354173318, 0.163759927919, -0.00599348500673
5.21, -8.42835576423, -1.01361741065, 0.166450482022, -0.00783917662451
5.22, -8.42670225373, -1.01363878129, 0.169357256483, 0.00210159937609
5.23, -8.42501835788, -1.01358312701, 0.172417273258, 0.00567986900658
5.24, -8.4233036733, -1.0135372669, 0.175552390564, 0.000654809889025
5.25, -8.42155579124, -1.01357328536, 0.179123343633, -0.00740832622381
5.26, -8.41977064497, -1.01363566624, 0.182918215158, -0.0045961665409
5.27, -8.41794707901, -1.01362298679, 0.1868071301, 0.00457154902587
5.28, -8.41608337721, -1.0135579875, 0.19096689165, 0.00481841808222
5.29, -8.41417717413, -1.01355180419, 0.195271053628, -0.00445243627835
5.3, -8.41222752874, -1.01361886291, 0.199659015708, -0.00783739376831
5.31, -8.41023338966, -1.01365072651, 0.204152658046, 0.000470986819437
5.32, -8.40819348523, -1.01359602224, 0.208856825545, 0.00672568448544
5.33, -8.40610558206, -1.0135479593, 0.213706507381, 0.000370302173976
5.34, -8.4039688095, -1.0135904918, 0.218632102105, -0.00817205098944
5.35, -8.40178235315, -1.01365689141, 0.223751849696, -0.00456942275043
5.36, -8.39954208251, -1.01363905098, 0.22925250566, 0.00533729846509
5.37, -8.39724666305, -1.0135684655, 0.234792790597, 0.00501697494596
5.38, -8.39489538272, -1.01356601635, 0.240412438356, -0.00520694827533
5.39, -8.39248721358, -1.01364042342, 0.246218964972, -0.00833762264965
5.4, -8.39002027719, -1.01367141966, 0.252123436332, 0.00101878160596
5.41, -8.3874940351, -1.0136214877, 0.258074724711, 0.00569650782877
5.42, -8.3849071375, -1.01356890648, 0.2643573223, 0.00164901902325
5.43, -8.38225480128, -1.01359801565, 0.271096950574, -0.007218072843
5.44, -8.37953422083, -1.01366619292, 0.277963460859, -0.00568265619068
5.45, -8.37674481455, -1.01366387959, 0.284997802222, 0.0038739045889
5.46, -8.37387746158, -1.01359777514, 0.29333994445, 0.00555321433099
5.47, -8.37092608898, -1.01358200811, 0.30183413501, -0.00363216943095
5.48, -8.36788878632, -1.0136483709, 0.310511361862, -0.00846394684282
5.49, -8.36476481605, -1.01369131529, 0.319403408898, -0.00073674265048
5.5, -8.36154500321, -1.01364266029, 0.329328253151, 0.00678666721795
5.51, -8.35822518027, -1.01358697404, 0.339626248365, 0.00145812320362
5.52, -8.35479632363, -1.01362240661, 0.351195173093, -0.00804665930013
5.53, -8.35124813813, -1.01369603501, 0.363282429965, -0.00583401193164
5.54, -8.34757616671, -1.0136898054, 0.376032508184, 0.00458103791673
5.55, -8.34377157474, -1.01361775986, 0.389712261287, 0.00583872451054
5.56, -8.33982707118, -1.01360510032, 0.404090998461, -0.0043875729153
5.57, -8.33573602946, -1.01366650934, 0.418890666421, -0.00793554595677
5.58, -8.33149572277, -1.01371697602, 0.433941320361, -0.00222644582143
5.59, -8.32710135217, -1.0136824397, 0.449777709901, 0.00585532227602
5.6, -8.32254518895, -1.01362465001, 0.466351565485, 0.00254792326693
5.61, -8.31781918977, -1.01364610447, 0.483516339161, -0.00685124179695
5.62, -8.3129220736, -1.01371842743, 0.500969498379, -0.00668611196175
5.63, -8.307839345, -1.01372752293, 0.520060963244, 0.00290894484083
5.64, -8.30256413962, -1.01366366208, 0.539730399134, 0.00596590367463
5.65, -8.29708936948, -1.01363990002, 0.559810574287, -0.00282789753693
5.66, -8.29140954994, -1.01370457377, 0.581043085889, -0.0089702688005
5.67, -8.28551354077, -1.01375855685, 0.6027768032, -0.00208342451419
5.68, -8.27939889882, -1.01371882283, 0.624727973145, 0.00647464158104
5.69, -8.27305917841, -1.01365863905, 0.647990773902, 0.00232818628177
5.7, -8.26648316386, -1.01368748697, 0.671720044667, -0.00786927166869
5.71, -8.25966967145, -1.01376780594, 0.695508225892, -0.00711360459614
5.72, -8.25261155073, -1.01377499019, 0.720737202325, 0.00350560679384
5.73, -8.24529935344, -1.01371951234, 0.74617836087, 0.00548783744012
5.74, -8.2377323167, -1.01368905391, 0.771691522867, -0.00153357749419
5.75, -8.22991009421, -1.0137431458, 0.797229868106, -0.00851095363544
5.76, -8.22183006915, -1.01380405989, 0.823371320259, -0.00361758757309
5.77, -8.2134866682, -1.01378114596, 0.849747270489, 0.00512306698307
5.78, -8.20487921352, -1.01372316629, 0.876167317897, 0.00306634602813
5.79, -8.19600287834, -1.01373924102, 0.903753799148, -0.00659840599146
5.8, -8.18684791463, -1.01381637931, 0.931649109753, -0.00776873065134
5.81, -8.17741347093, -1.01383875568, 0.959599093569, 0.00165590100913
5.82, -8.16769962499, -1.01378082623, 0.987526741197, 0.00598586074576
5.83, -8.15770278934, -1.01375200805, 1.0164862402, -0.00219322912307
5.84, -8.1474152215, -1.01381524773, 1.04541011708, -0.00941300218228
5.85, -8.13683639119, -1.01388024453, 1.07469004669, -0.00354093468673
5.86, -8.12596322889, -1.01385246947, 1.10442897482, 0.00573956814056
5.87, -8.11479121985, -1.01379192723, 1.13430661384, 0.00287307254918
5.88, -8.1033198338, -1.01381524691, 1.1645059038, -0.007613528417
5.89, -8.09154076086, -1.01388602123, 1.1956678616, -0.00783354740261
5.9, -8.07944973835, -1.0139198231, 1.22681490049, -6.57994423092e-05
5.91, -8.06704824814, -1.01387595363, 1.25779585152, 0.00522844945362
5.92, -8.05433719331, -1.01384323544, 1.28870780698, -0.00100970066216
5.93, -8.04131339672, -1.01389405781, 1.32061784263, -0.008574154839
5.94, -8.02796735256, -1.013962233, 1.35284097898, -0.00480976495918
5.95, -8.01430031385, -1.01395162676, 1.38485981682, 0.00410815786285
5.96, -8.00031009726, -1.01389725911, 1.41749539118, 0.00323771217785
5.97, -7.98599555388, -1.01390895875, 1.44972323589, -0.00620505017613
5.98, -7.97135750762, -1.01398800123, 1.48214594833, -0.00854129462633
5.99, -7.95639553254, -1.01402291609, 1.51448155374, 0.000237834443621
6.0, -7.94111033357, -1.01397482332, 1.54702609004, 0.00553534288413
6.01, -7.92549763889, -1.01394408728, 1.57977600526, -0.00166031764316
6.02, -7.90955596208, -1.01400428174, 1.61295215465, -0.00954766735308
6.03, -7.89327819401, -1.01407798071, 1.64688160465, -0.0049154255383
6.04, -7.876661582, -1.01406404666, 1.68067443131, 0.0046283720801
6.05, -7.85970791311, -1.01400718778, 1.7142954255, 0.00309803596054
6.06, -7.84241249454, -1.01402562845, 1.74913348248, -0.00720581837785
6.07, -7.82476789663, -1.01411375105, 1.78397287163, -0.00917154100253
6.08, -7.80677270094, -1.01414916717, 1.81930386743, 0.000615305561583
6.09, -7.78842483906, -1.01409622508, 1.85446022614, 0.00587597569897
6.1, -7.76972049334, -1.0140675573, 1.89074558105, -0.00234942626103
6.11, -7.75065266018, -1.01413277762, 1.92699985408, -0.00571217887915
6.12, -7.73122394996, -1.01420393848, 1.96295391688, -0.00593385269304
6.13, -7.71143397676, -1.01420639939, 1.99934000621, 0.0029029321739
6.14, -7.6912801985, -1.01415813054, 2.03560799518, 0.00317215108417
6.15, -7.6707643836, -1.01416666683, 2.07172220357, -0.00582023203601
6.16, -7.64988801587, -1.0142467542, 2.10768010143, -0.00919306504041
6.17, -7.62865159241, -1.01429371651, 2.14391069672, -0.00122390809621
6.18, -7.60704885148, -1.01425711848, 2.1808259873, 0.00484649618031
6.19, -7.58507782039, -1.01422660139, 2.21752745027, -0.00127406642301
6.2, -7.56273651484, -1.01428388508, 2.25513938635, -0.00959660496893
6.21, -7.54001724486, -1.01436517775, 2.29284736642, -0.00621139144678
6.22, -7.5169221322, -1.01436563296, 2.33030243431, 0.00334433220623
6.23, -7.4934493305, -1.01431490649, 2.36863398424, 0.00307582505603
6.24, -7.46959163481, -1.0143298069, 2.40702252018, -0.00681422608599
6.25, -7.44535116558, -1.01441954618, 2.4451687393, -0.00992716559705
6.26, -7.42072868236, -1.0144682347, 2.48356610314, -0.000961037844438
6.27, -7.39572180947, -1.01442738403, 2.52231021786, 0.00518281488231
6.28, -7.37032075585, -1.01439861063, 2.56191018103, -0.00192309064663
6.29, -7.34452574054, -1.01446573251, 2.60114762991, -0.0106544496456
6.3, -7.31833167205, -1.01455341199, 2.64197616903, -0.00638479420932
6.31, -7.29172443497, -1.0145508602, 2.68352702164, 0.0038554335265
6.32, -7.26470250534, -1.01449773075, 2.72482465751, 0.00291114476755
6.33, -7.23726661418, -1.01451993086, 2.76640717154, -0.00789730537355
6.34, -7.20941313888, -1.01460465059, 2.80863011893, -0.0101818958664
6.35, -7.18113712613, -1.01466672286, 2.85043492493, -0.00285631621951
6.36, -7.15244382406, -1.01464089414, 2.89231430464, 0.0043939635632
6.37, -7.12332921284, -1.01460812709, 2.93463579395, -0.000726958639392
6.38, -7.09379308112, -1.01466332453, 2.97658648636, -0.00992911930593
6.39, -7.06383954227, -1.01475602125, 3.01813007799, -0.00787735653465
6.4, -7.03346907015, -1.01477241639, 3.06000772734, 0.00211922793271
6.41, -7.00267820297, -1.01472538296, 3.1022202652, 0.00336195074964
6.42, -6.97146623909, -1.01473532135, 3.14414387437, -0.00649080247732
6.43, -6.93983729773, -1.01482992953, 3.18564266506, -0.0111489827746
6.44, -6.90779101079, -1.01489563382, 3.22788195648, -0.0027369963123
6.45, -6.87532069689, -1.01486591575, 3.27014245966, 0.00478338870418
6.46, -6.84242842953, -1.01483397722, 3.31246173889, -0.00129447236525
6.47, -6.80910839557, -1.01489916034, 3.35577653979, -0.0110902001272
6.48, -6.77535471249, -1.01498531242, 3.3989523028, -0.00852414211502
6.49, -6.7411709812, -1.01501691767, 3.44176127158, 0.000246589366915
6.5, -6.70656077196, -1.01498261487, 3.48420978502, 0.00290127128937
6.51, -6.67152665088, -1.01498634681, 3.52672730899, -0.00523245745619
6.52, -6.63606761702, -1.01507082416, 3.56904080195, -0.0107523383161
6.53, -6.60018781205, -1.01514449226, 3.61090470351, -0.00439874063633
6.54, -6.56388942003, -1.01513303762, 3.65289976633, 0.0032879294119
6.55, -6.52717157693, -1.01510448307, 3.6946628334, -0.00063768105887
6.56, -6.4900381303, -1.0151574591, 3.73602294595, -0.00986299465079
6.57, -6.45249302279, -1.01525602279, 3.77696694086, -0.00903959120395
6.58, -6.41454354818, -1.01528760251, 3.81683970912, 0.000571161105499
6.59, -6.37620120247, -1.01525060597, 3.85557218491, 0.00293447481061
6.6, -6.33747731602, -1.0152592773, 3.89318427862, -0.00612122731861
6.61, -6.298383036, -1.01535380503, 3.92968999103, -0.0116397776975
6.62, -6.25892933647, -1.01543125381, 3.96510439265, -0.00431093164475
6.63, -6.21912703662, -1.01541585741, 3.99944507316, 0.00373983537635
6.64, -6.17898683403, -1.01538689208, 4.03272722646, -0.00103609734717
6.65, -6.13851924172, -1.0154483645, 4.06496962929, -0.0109042176836
6.66, -6.09773468509, -1.01555456349, 4.09615894112, -0.00939000939887
6.67, -6.05664371679, -1.01558399567, 4.12629196163, 0.00114458630893
6.68, -6.01525681604, -1.01554211701, 4.15538978784, 0.00314792436717
6.69, -5.97358419934, -1.0155546249, 4.18348601321, -0.0069386735693
6.7, -5.93163571412, -1.01564491646, 4.21061477176, -0.0111908117804
6.71, -5.88942080094, -1.01573103179, 4.236816051, -0.00590793194834
6.72, -5.84694849192, -1.01573044327, 4.26213136769, 0.00280451760157
6.73, -5.8042274408, -1.0156988933, 4.28660160575, 0.000145732889186
6.74, -5.76126594339, -1.01574571476, 4.3102601628, -0.00966411624312
6.75, -5.71807196714, -1.01585073404, 4.33313451809, -0.0102725419492
6.76, -5.67465316601, -1.01589565067, 4.35525524111, -0.000493056183943
6.77, -5.63101690284, -1.01586098865, 4.37665450911, 0.00343113937077
6.78, -5.58717026739, -1.01586072716, 4.39736075982, -0.00521013371924
6.79, -5.54312009255, -1.01595320927, 4.41739491316, -0.0121345870205
6.8, -5.49887296303, -1.01604192823, 4.4367791225, -0.00565046865093
6.81, -5.45443521667, -1.01603478012, 4.45554005295, 0.003594931235
6.82, -5.40981296539, -1.01599896145, 4.47370374567, 0.000135284885087
6.83, -5.36501210447, -1.01605107796, 4.49128950417, -0.0104597130216
6.84, -5.32003832556, -1.01614739159, 4.50831334821, -0.0100539400676
6.85, -5.27489710851, -1.0162005961, 4.5247967714, -0.00188368500911
6.86, -5.22959373614, -1.0161769858, 4.54076195887, 0.00295136563149
6.87, -5.18413330721, -1.0161703836, 4.5562287995, -0.00378646882226
6.88, -5.13852074736, -1.01624781626, 4.57121117876, -0.0109892498085
6.89, -5.09276081059, -1.01633617172, 4.58572367465, -0.0065293038133
6.9, -5.04685807235, -1.01634239128, 4.59978565219, 0.00232832037612
6.91, -5.00081694917, -1.01630950014, 4.61341592558, 0.000809024829221
6.92, -4.95464171055, -1.0163468991, 4.62662800183, -0.00871880159547
6.93, -4.90833648652, -1.01644765841, 4.63943197293, -0.0103561718729
6.94, -4.86190525345, -1.01649790747, 4.65184298973, -0.00117157811989
6.95, -4.81535184193, -1.01646619525, 4.66387845791, 0.00363245862953
6.96, -4.76867995777, -1.01645795674, 4.67555222349, -0.00406976699996
6.97, -4.72189319173, -1.01654087773, 4.68687233782, -0.0115444056073
6.98, -4.67499501167, -1.01663032652, 4.69784881074, -0.00617216068184
6.99, -4.62798874879, -1.01662870611, 4.70849720636, 0.00328662612097
7.0, -4.58087762302, -1.0165892677, 4.7188314054, 0.00105844520486
7.01, -4.53366475823, -1.01662951725, 4.72885966722, -0.00931040073867
7.02, -4.4863531848, -1.01673484595, 4.73858762404, -0.0104936247559
7.03, -4.43894581365, -1.01678054037, 4.74802746351, -0.000288320265749
7.04, -4.39144544654, -1.01675337805, 4.75719278613, 0.00361304354353
7.05, -4.34385480483, -1.01673364692, 4.76609273558, -0.00229937176841
7.06, -4.29617653074, -1.01680194865, 4.7747325806, -0.0107405515992
7.07, -4.24841318386, -1.01689526535, 4.78311825267, -0.00738918059757
7.08, -4.20056721549, -1.0169066105, 4.79126206154, 0.00239363190932
7.09, -4.15264099351, -1.01686418329, 4.79917475164, 0.00234913375786
7.1, -4.10463682549, -1.01688662009, 4.80686185383, -0.00759350398811
7.11, -4.05655696069, -1.01698525674, 4.81432590491, -0.0108511554961
7.12, -4.00840355785, -1.01704300315, 4.82157571844, -0.00176393943819
7.13, -3.96017868409, -1.017016808, 4.82858767357, 0.00133107333569
7.14, -3.91188435878, -1.01699613922, 4.83547314499, -0.00116750840413
7.15, -3.8635225474, -1.01704817249, 4.84213002093, -0.00911924477179
7.16, -3.81509516101, -1.01713427489, 4.84859696862, -0.00757737484561
7.17, -3.76660402495, -1.0171555394, 4.85488358579, 0.00110958955933
7.18, -3.71805089845, -1.01711951439, 4.8609983059, 0.00254203372175
7.19, -3.66943750401, -1.01712962381, 4.86694467518, -0.00577296375226
7.2, -3.62076552994, -1.01721313083, 4.87272368551, -0.00998450814785
7.21, -3.57203659704, -1.01727383135, 4.87834159405, -0.00286985190265
7.22, -3.52325224937, -1.01725143106, 4.88380803733, 0.00387859248328
7.23, -3.47441399318, -1.01722361968, 4.88912768647, -0.00102772276612
7.24, -3.42552331509, -1.01727814033, 4.89430099552, -0.00951977444586
7.25, -3.37658166172, -1.0173654302, 4.89932999129, -0.0073207037778
7.26, -3.32759040133, -1.01737931376, 4.9042239197, 0.00212523335316
7.27, -3.27855085122, -1.01733441117, 4.90898937896, 0.00314052034929
7.28, -3.22946431481, -1.01734392106, 4.91362744144, -0.00609488009973
7.29, -3.180332081, -1.01743118092, 4.91813729715, -0.0101933925165
7.3, -3.13115537773, -1.01748868507, 4.92252488977, -0.00210429710543
7.31, -3.08193536304, -1.01745630984, 4.92679921975, 0.00485768380294
7.32, -3.03267317542, -1.01742331784, 4.93096265322, -0.000968867479477
7.33, -2.98336995468, -1.0174811848, 4.93501368032, -0.00999052450461
7.34, -2.93402681114, -1.01756980348, 4.93895347871, -0.00702891695756
7.35, -2.88464477755, -1.01757562959, 4.94279160913, 0.00321340868717
7.36, -2.83522484902, -1.01753602666, 4.94653237904, 0.00364411985345
7.37, -2.78576802349, -1.01753112836, 4.95017608759, -0.00423926047181
7.38, -2.73627529106, -1.01760521242, 4.95372115221, -0.00965686550711
7.39, -2.68674759956, -1.01766837761, 4.9571716256, -0.00334349228818
7.4, -2.63718582884, -1.01764659892, 4.96053609277, 0.00437371575032
7.41, -2.58759084232, -1.01760655374, 4.96381631232, 0.000623429508535
7.42, -2.5379635175, -1.01764628107, 4.96701008877, -0.00845711906542
7.43, -2.48830471942, -1.01773093006, 4.970117131, -0.00762773202888
7.44, -2.43861524343, -1.01774881121, 4.97314581529, 0.00196418430964
7.45, -2.38889584194, -1.01769769526, 4.97610126956, 0.00442880503569
7.46, -2.33914728049, -1.01769071048, 4.97898170744, -0.00445662648346
7.47, -2.28937034027, -1.01776835831, 4.98178424767, -0.00991272003628
7.48, -2.23956575669, -1.01782900215, 4.98451331761, -0.00263052144698
7.49, -2.18973419501, -1.01779701573, 4.98717781636, 0.00544395421846
7.5, -2.13987631606, -1.01775043663, 4.98977767611, 0.000822469931813
7.51, -2.08999281107, -1.01779276, 4.99230927177, -0.00892334734672
7.52, -2.04008436438, -1.01787938109, 4.99477193608, -0.00743136442384
7.53, -1.99015158389, -1.01788974456, 4.99717515925, 0.00305765585722
7.54, -1.9401950402, -1.01784252003, 4.99952230746, 0.00435918109522
7.55, -1.89021533488, -1.01782484263, 5.00181118988, -0.00273079124848
7.56, -1.84021307858, -1.01788684418, 5.00403884843, -0.00887948866347
7.57, -1.79018885421, -1.01794830216, 5.00620823533, -0.00354093567132
7.58, -1.74014317532, -1.01792749694, 5.00832795856, 0.00459492838503
7.59, -1.69007654658, -1.01787872029, 5.01039813744, 0.00198295800351
7.6, -1.63998950859, -1.01790367449, 5.01241480917, -0.00713597078312
7.61, -1.5898826081, -1.01798137497, 5.01437648756, -0.00747910142496
7.62, -1.5397563244, -1.01800108235, 5.01629133957, 0.00176082052058
7.63, -1.48961109132, -1.01794675889, 5.01816420034, 0.00530126166437
7.64, -1.43944737093, -1.01792589335, 5.01999123195, -0.00285647496903
7.65, -1.38926566236, -1.01799116547, 5.02176839532, -0.00916391344131
7.66, -1.33906642886, -1.01805079825, 5.02349928164, -0.00290692818124
7.67, -1.2888500572, -1.01802008823, 5.02519336354, 0.00568958523109
7.68, -1.23861693393, -1.01796395172, 5.02684914869, 0.00229198920408
7.69, -1.18836749598, -1.01799070592, 5.02846147268, -0.0075698000411
7.7, -1.13810219028, -1.01807075257, 5.03002867448, -0.0073647497374
7.71, -1.08782138564, -1.01808369008, 5.03156042731, 0.00281213517023
7.72, -1.03752540736, -1.01803293495, 5.0330599934, 0.00531917667484
7.73, -0.987214625341, -1.0180003408, 5.03452376965, -0.00104318801938
7.74, -0.936889434946, -1.01804978039, 5.03594751524, -0.00817410397804
7.75, -0.886550216323, -1.01811105789, 5.03733327009, -0.00390592501582
7.76, -0.83619727145, -1.01809184257, 5.03869064192, 0.00487002276468
7.77, -0.785830891016, -1.01803261661, 5.04001910554, 0.00356689686368
7.78, -0.735451418815, -1.0180412342, 5.04131303732, -0.0057597246142
7.79, -0.685059223308, -1.01811286883, 5.04256986932, -0.00750819415568
7.8, -0.634654604548, -1.01813596712, 5.04379791239, 0.00147291361746
7.81, -0.584237805137, -1.01807775025, 5.04500296982, 0.00635628562129
7.82, -0.533809104227, -1.0180408728, 5.04617944868, -0.0010790076623
7.83, -0.483368838632, -1.01809345514, 5.04732217351, -0.00851335015858
7.84, -0.432917319657, -1.01815385938, 5.0484338808, -0.003369939466
7.85, -0.382454769363, -1.01812507373, 5.04952554352, 0.00599861989399
7.86, -0.331981404906, -1.01805751555, 5.05059509769, 0.00399861849726
7.87, -0.281497511144, -1.01806715215, 5.0516357249, -0.00617589058795
7.88, -0.23100340163, -1.01814175166, 5.05264471272, -0.00750249541691
7.89, -0.180499308333, -1.01815897941, 5.0536321556, 0.00248001921203
7.9, -0.129985404428, -1.01810389398, 5.05460246683, 0.0064799952241
7.91, -0.0794619158375, -1.01805413064, 5.05555072485, 0.000823508594147
