timestamp, prius0 x posi, prius0 y posi, prius0 x vel, prius0 y vel.
0.0, 0.0, 0.0, 0.0, 0.0
0.00999999999999, 25.0404143086, 0.99993998555, -0.120904885449, -0.00435324493932
0.02, 25.0391394916, 0.999872300006, -0.138832673347, -0.00535460513268
0.03, 25.037678395, 0.999861793921, -0.158155195566, 0.00433088356151
0.04, 25.0360176357, 0.999933233273, -0.178479414612, 0.00871765435235
0.05, 25.0341518844, 0.999974813609, -0.199344888473, 0.000392930564569
0.06, 25.0320693925, 0.999923533109, -0.221561094632, -0.00680100532279
0.07, 25.0297630617, 0.999872161472, -0.244130307926, -0.000666779236445
0.08, 25.0272283771, 0.999916341198, -0.267455084831, 0.00884536881457
0.09, 25.0244535702, 0.999979355778, -0.291862052281, 0.00615207302424
0.1, 25.0214333276, 0.99998836577, -0.316547381127, -0.00237227666792
0.11, 25.0181629118, 0.999934697255, -0.342114174055, -0.00473029239422
0.12, 25.0146323743, 0.999919929016, -0.368300418261, 0.00328848252005
0.13, 25.0108376658, 0.999983266244, -0.394943137632, 0.00852033992904
0.14, 25.0067737731, 1.00003468137, -0.422360288221, 0.00223926605432
0.15, 25.0024277191, 1.00000353903, -0.451286932954, -0.00509751129747
0.16, 24.9977873149, 0.999957941417, -0.481245469414, -0.00104894677463
0.17, 24.9928427168, 0.999992823961, -0.511862136015, 0.00792337566302
0.18, 24.9875905978, 1.00007078282, -0.542726072862, 0.00693593963306
0.19, 24.9820279101, 1.00008249909, -0.574214829682, -0.00240066983954
0.2, 24.9761460592, 1.00002931161, -0.606295348655, -0.0044190628996
0.21, 24.9699420887, 1.00002296899, -0.63861577367, 0.00454101764322
0.22, 24.9634132529, 1.00009988153, -0.671517698211, 0.00975964196134
0.23, 24.9565513085, 1.00015851788, -0.704971907666, 0.00252005716573
0.24, 24.9493546967, 1.00012745477, -0.738448298909, -0.00510311698869
0.25, 24.9418219745, 1.00008604219, -0.772168227349, -0.000175968812027
0.26, 24.9339506024, 1.00013393502, -0.806432676293, 0.00940996432138
0.27, 24.9257324963, 1.00022391247, -0.841245678238, 0.00774793592218
0.28, 24.9171659093, 1.00023843563, -0.876119089895, -0.00243007068687
0.29, 24.9082490503, 1.00018606001, -0.91153880765, -0.00403509956622
0.3, 24.8989754904, 1.00018938665, -0.947145390947, 0.00593751029207
0.31, 24.8893442754, 1.00027045936, -0.983109064971, 0.00873165527538
0.32, 24.8793523724, 1.00033693702, -1.0195298178, 0.00428998249716
0.33, 24.8689921835, 1.00032750952, -1.05650086963, -0.00305355908835
0.34, 24.8582623478, 1.00029665113, -1.09346379863, -6.47161531367e-05
0.35, 24.8471625905, 1.00033839406, -1.13047637893, 0.00860344282256
0.36, 24.8356897902, 1.00042811995, -1.16854047906, 0.00863989484029
0.37, 24.8238310903, 1.00046167727, -1.20690863249, -1.69935866996e-05
0.38, 24.8115909226, 1.00042890832, -1.24532268591, -0.00282460690126
0.39, 24.7989632784, 1.00043259077, -1.28414944499, 0.00521166427927
0.4, 24.7859476538, 1.00051778394, -1.32292237844, 0.0109521926214
0.41, 24.7725441671, 1.00059494173, -1.36170336215, 0.0048474058862
0.42, 24.7587531132, 1.0005878495, -1.40043070727, -0.00289574766874
0.43, 24.7445740818, 1.00056214966, -1.43955444622, 0.000864979081922
0.44, 24.7300005569, 1.00061761456, -1.47907489507, 0.0101930364454
0.45, 24.7150320673, 1.00072099376, -1.51854285154, 0.00965409015278
0.46, 24.6996678902, 1.00075941157, -1.55844595609, 0.000138904323877
0.47, 24.6839016234, 1.00072875463, -1.59870465576, -0.00236399449941
0.48, 24.667733255, 1.00074254619, -1.63887332603, 0.00664499791731
0.49, 24.6511607944, 1.0008433514, -1.67970864691, 0.0124058946473
0.5, 24.6341766491, 1.00092990288, -1.72122888384, 0.005330488171
0.51, 24.616774322, 1.00092459876, -1.76308064251, -0.00276170937982
0.52, 24.5989543718, 1.00090438983, -1.80476653246, 0.00187482834325
0.53, 24.5807182577, 1.00097457623, -1.84632054816, 0.011879871723
0.54, 24.5620673123, 1.00109214731, -1.88773542071, 0.0106838866965
0.55, 24.5430029909, 1.00113523568, -1.92899664938, 0.000257247391183
0.56, 24.5235261861, 1.00110650339, -1.97046931568, -0.00188889741448
0.57, 24.5036305078, 1.00113108484, -2.01250554019, 0.00818019298816
0.58, 24.4833150821, 1.00123486801, -2.05442112264, 0.0127126803522
0.59, 24.4625809733, 1.00133800956, -2.09623466072, 0.00775045326116
0.6, 24.4414282369, 1.00135559514, -2.1383892704, -0.00103304320701
0.61, 24.4198514964, 1.00134040746, -2.18079430262, 0.00144714507443
0.62, 24.3978514901, 1.00140365006, -2.22305038855, 0.0114488191071
0.63, 24.3754280748, 1.0015285697, -2.26570778774, 0.0124610605717
0.64, 24.3525754375, 1.00159611646, -2.30863816532, 0.00279029220199
0.65, 24.3292949781, 1.00158317274, -2.35127956995, -0.00133360864997
0.66, 24.3055855208, 1.00160329141, -2.39462351324, 0.00730597429881
0.67, 24.2814396094, 1.00171841455, -2.43859786624, 0.0146157039945
0.68, 24.2568514181, 1.00183373032, -2.48282198643, 0.00844892765236
0.69, 24.2318221519, 1.00185407066, -2.52681681318, -0.000893545041947
0.7, 24.2063523682, 1.00184389504, -2.57116187016, 0.00240057992404
0.71, 24.1804368937, 1.00192203144, -2.61570794466, 0.0132309164485
0.72, 24.1540768061, 1.00204795495, -2.66008648885, 0.0132614215643
0.73, 24.1272718449, 1.00213435797, -2.70489412369, 0.0052630197748
0.74, 24.1000180505, 1.00214304793, -2.74960829034, 0.000181088403466
0.75, 24.0723182008, 1.00216675919, -2.79410731465, 0.00686169132684
0.76, 24.0441728972, 1.00227677058, -2.83870076107, 0.0145006249884
0.77, 24.0155818553, 1.00240253531, -2.88351861005, 0.0104523929044
0.78, 23.9865403028, 1.00244756007, -2.92854722747, 0.00149719899091
0.79, 23.9570493743, 1.00245108512, -2.9733907185, 0.00277135691764
0.8, 23.9271098353, 1.00252475393, -3.01851992007, 0.0125260080893
0.81, 23.8967166276, 1.00266629146, -3.06387188279, 0.0147047249536
0.82, 23.8658711991, 1.0027611251, -3.10896854987, 0.00568561168416
0.83, 23.8345732026, 1.00277284306, -3.15457321582, 0.000602761712499
0.84, 23.8028187409, 1.0028059119, -3.20005996589, 0.00825423536655
0.85, 23.7706101096, 1.00293270713, -3.24541408098, 0.0162109570673
0.86, 23.7379496236, 1.00307131958, -3.290440322, 0.0112875219293
0.87, 23.7048379983, 1.00312035679, -3.33587042947, 0.00171487838938
0.88, 23.6712697946, 1.00312884567, -3.38150846062, 0.00365959295532
0.89, 23.6372464585, 1.00321673184, -3.42690830982, 0.014268916108
0.9, 23.6027695105, 1.00337460909, -3.47246901891, 0.0160415721341
0.91, 23.5678336053, 1.00347699523, -3.51842668902, 0.00602262136776
0.92, 23.5324379065, 1.00349131813, -3.56466700556, 0.00102370228037
0.93, 23.496579106, 1.0035342159, -3.61062126363, 0.00972630575645
0.94, 23.4602667307, 1.0036677809, -3.65537488654, 0.0155894324915
0.95, 23.4235132494, 1.00381923832, -3.69888012345, 0.0135449207172
0.96, 23.3863310497, 1.00389296811, -3.74115244746, 0.00388404430195
0.97, 23.3487322354, 1.0039116932, -3.78223889667, 0.00367756266262
0.98, 23.3107284257, 1.00399376403, -3.82218915033, 0.0136432447067
0.99, 23.2723308245, 1.00415507377, -3.86102997852, 0.0173907142482
1.0, 23.2335504374, 1.00428029247, -3.89877523076, 0.0086634637764
1.01, 23.194398095, 1.004314178, -3.93545075311, 0.00205875097895
1.02, 23.15488425, 1.0043555515, -3.97110925019, 0.00886680330272
1.03, 23.1150186453, 1.00448923616, -4.00604200829, 0.0132085903573
1.04, 23.0748118169, 1.00464616123, -4.0394851195, 0.0152762637438
1.05, 23.0342725995, 1.00474279303, -4.07223346207, 0.00617456131071
1.06, 22.9934106468, 1.00477491331, -4.10405931996, 0.00402267382777
1.07, 22.952234978, 1.00485145541, -4.13500640301, 0.0127245295544
1.08, 22.9107542519, 1.005010201, -4.16509687049, 0.0179995791294
1.09, 22.8689769683, 1.00515280667, -4.1943398405, 0.0110389591841
1.1, 22.8269115299, 1.005207473, -4.22275009881, 0.00344529279212
1.11, 22.784566065, 1.00525011371, -4.25037103218, 0.00808520704015
1.12, 22.7419483195, 1.00537955409, -4.27723188484, 0.017524783048
1.13, 22.6990658094, 1.00555175069, -4.30334426305, 0.0160880159315
1.14, 22.6559259944, 1.00565106175, -4.32871137852, 0.0061013305683
1.15, 22.6125361917, 1.00568323943, -4.35336294246, 0.00428989357949
1.16, 22.5689033779, 1.00576809449, -4.37733781784, 0.0139657851254
1.17, 22.5250342229, 1.0059402186, -4.40065134278, 0.0191848647859
1.18, 22.4809353088, 1.00608914482, -4.42330564772, 0.0111784927122
1.19, 22.4366131832, 1.00614225262, -4.44531038693, 0.00325739173944
1.2, 22.3920741579, 1.00618756192, -4.46670655072, 0.00882230209925
1.21, 22.3473239429, 1.00632405998, -4.48777472872, 0.0140930819357
1.22, 22.3023691269, 1.00648381457, -4.50774462407, 0.0171562637195
1.23, 22.2572147149, 1.00661537048, -4.52740085748, 0.0102428110703
1.24, 22.2118666194, 1.0066759514, -4.54649667732, 0.00525977223097
1.25, 22.1663302937, 1.00674472029, -4.56506507144, 0.0107868145578
1.26, 22.1206109148, 1.00688974324, -4.58312418318, 0.0178436868768
1.27, 22.0747135353, 1.00705316439, -4.60067795293, 0.0146802505953
1.28, 22.0286432011, 1.0071459983, -4.61772731713, 0.0065157543666
1.29, 21.9824048407, 1.00719708187, -4.63429819566, 0.00705704785809
1.3, 21.9360031156, 1.0073068468, -4.65041693163, 0.0156498922217
1.31, 21.8894424897, 1.00747979055, -4.66609110896, 0.0180755349188
1.32, 21.8427274096, 1.00761503055, -4.68131782109, 0.0102108742027
1.33, 21.7958623046, 1.00767385293, -4.69610763125, 0.00515378628465
1.34, 21.7488514041, 1.00774598509, -4.71049195163, 0.0115253613067
1.35, 21.7016986867, 1.00790120597, -4.72448453906, 0.0189093914738
1.36, 21.6544080502, 1.0080715979, -4.73808485518, 0.0149648505283
1.37, 21.6069834308, 1.00816307163, -4.75128983224, 0.00617874805738
1.38, 21.5594286719, 1.00821302478, -4.76412477334, 0.00728157125942
1.39, 21.5117473656, 1.00833001933, -4.77661316853, 0.0166801215182
1.4, 21.4639429375, 1.00851258417, -4.7887585455, 0.0187840215324
1.41, 21.4160188415, 1.00864956122, -4.80055365624, 0.0099762498817
1.42, 21.3679785448, 1.00870486146, -4.81200747531, 0.00491012013559
1.43, 21.3198253265, 1.0087795593, -4.82315070364, 0.0122233181799
1.44, 21.2715622333, 1.00894456157, -4.83399334632, 0.0199119413376
1.45, 21.2231922695, 1.00912073345, -4.84453114054, 0.0150873099437
1.46, 21.1747185148, 1.00920905633, -4.85475774148, 0.00567197989387
1.47, 21.1261439721, 1.00925670263, -4.86469868835, 0.00743751436587
1.48, 21.0774714035, 1.00938057624, -4.87437490154, 0.0176822501993
1.49, 21.0287034349, 1.0095575574, -4.88378453515, 0.0189441018492
1.5, 20.9798427524, 1.00970663846, -4.89292439211, 0.0117214143768
1.51, 20.9308920456, 1.00977565201, -4.90179583315, 0.00558783322108
1.52, 20.8818538809, 1.00984565988, -4.91042585089, 0.0109772378336
1.53, 20.8327306132, 1.00999821032, -4.91882565572, 0.0191105825357
1.54, 20.7835245403, 1.0101780999, -4.9269916073, 0.0163987956337
1.55, 20.7342380446, 1.01028352338, -4.9349144832, 0.00724277469958
1.56, 20.6848734809, 1.01033628321, -4.94261249105, 0.00694132906837
1.57, 20.6354330011, 1.01044753747, -4.95010756388, 0.0162142114654
1.58, 20.5859186103, 1.01063257556, -4.95740060906, 0.0196845541991
1.59, 20.536332368, 1.01078324296, -4.96448084115, 0.0114351941275
1.6, 20.486676402, 1.0108473836, -4.97134988899, 0.00514394594679
1.61, 20.4369527099, 1.01091761489, -4.97803486278, 0.0114493035678
1.62, 20.3871630823, 1.01107841364, -4.98454473823, 0.0200350122981
1.63, 20.3373092789, 1.0112638826, -4.99087284538, 0.0165225120871
1.64, 20.2873931726, 1.01136564689, -4.99700777075, 0.00662244407331
1.65, 20.2374166178, 1.01141421799, -5.00296868808, 0.00686981753763
1.66, 20.1873812642, 1.01153041164, -5.00877636899, 0.0170807556582
1.67, 20.1372886299, 1.01171071186, -5.01442695636, 0.0191058827254
1.68, 20.0871403301, 1.01186826946, -5.01991409192, 0.0128819049305
1.69, 20.0369380082, 1.01194699206, -5.02523455344, 0.00618393422575
1.7, 19.9866832349, 1.01201658434, -5.03041099839, 0.0104921996802
1.71, 19.936377397, 1.01216404147, -5.03545407369, 0.0188239411091
1.72, 19.8860218338, 1.01234743248, -5.04035837928, 0.0172642478801
1.73, 19.835618064, 1.01246387749, -5.04508989993, 0.00828222718955
1.74, 19.7851678401, 1.01252131563, -5.04965347736, 0.00685293273223
1.75, 19.7346727762, 1.012627304, -5.05405907326, 0.0155526786682
1.76, 19.6841345436, 1.01281007135, -5.05830834975, 0.019971772638
1.77, 19.6335545091, 1.01296949427, -5.06240496098, 0.0126110550211
1.78, 19.5829345065, 1.01304294916, -5.06631328934, 0.00564421584232
1.79, 19.5322762241, 1.01311132317, -5.07006099547, 0.0108014903942
1.8, 19.481581192, 1.01326579955, -5.07367769206, 0.0196747175394
1.81, 19.4308506901, 1.01345469542, -5.07715014504, 0.0174182106093
1.82, 19.3800864407, 1.01356760832, -5.08042849088, 0.00763585394625
1.83, 19.3292901979, 1.01361988072, -5.08356108423, 0.00663542548842
1.84, 19.2784632237, 1.01372926572, -5.08658253731, 0.0162885974661
1.85, 19.2276066836, 1.01391990059, -5.08947127147, 0.0205824118242
1.86, 19.1767219722, 1.01407989319, -5.09222472547, 0.0122032411694
1.87, 19.1258104385, 1.01414683273, -5.09483058254, 0.0050112844811
1.88, 19.0748734733, 1.01421367097, -5.09732501758, 0.0111260297171
1.89, 19.0239118242, 1.01437074949, -5.09996874481, 0.0158390667557
1.9, 18.9729274825, 1.01455679032, -5.10196848211, 0.0183835461262
1.91, 18.9219210034, 1.01468451583, -5.10409835683, 0.00909905190603
1.92, 18.8708938252, 1.0147419536, -5.10610441749, 0.00619059245092
1.93, 18.8198471092, 1.01483850347, -5.10801976172, 0.0146977542188
1.94, 18.7687816255, 1.0150201222, -5.10986130351, 0.0205587808599
1.95, 18.7176982188, 1.01519076563, -5.11160432446, 0.0138734778176
1.96, 18.6665979158, 1.01527111004, -5.1132324682, 0.0056615332939
1.97, 18.6154818398, 1.01533222419, -5.11477183603, 0.00969895818393
1.98, 18.564350718, 1.01547899659, -5.11624694777, 0.01945733093
1.99, 18.5132053759, 1.0156744114, -5.11760377637, 0.0186369370718
2.0, 18.4620470745, 1.01579903765, -5.11885313712, 0.0084300035818
2.01, 18.4108766751, 1.01585022811, -5.12002560255, 0.00581803413924
2.02, 18.3596948714, 1.01594884001, -5.12114076729, 0.0153497491613
2.03, 18.3085022709, 1.01612526438, -5.12217755871, 0.0200565893593
2.04, 18.2572997159, 1.01630387971, -5.12314063567, 0.0153915905079
2.05, 18.2060879388, 1.01639795989, -5.12402299986, 0.0064823206158
2.06, 18.1548677215, 1.01645540347, -5.12482490055, 0.00843571984571
2.07, 18.1036398477, 1.01658707378, -5.12555853339, 0.0182079416556
2.08, 18.052404991, 1.01678130022, -5.12623095243, 0.0195209954577
2.09, 18.0011637948, 1.01692111437, -5.12681703853, 0.010018700556
2.1, 17.9499171801, 1.01697883864, -5.12732451565, 0.00547349492214
2.11, 17.8986657014, 1.01706435669, -5.12779417722, 0.0136279078628
2.12, 17.8474097327, 1.01723271712, -5.12822295398, 0.0187517925886
2.13, 17.7961496888, 1.01741476504, -5.12860468058, 0.0166524260829
2.14, 17.744886327, 1.01752363121, -5.12889392197, 0.00768690177056
2.15, 17.6936202794, 1.01758212003, -5.12914245091, 0.0075704774429
2.16, 17.6423520137, 1.01769919284, -5.12933658415, 0.0166974729215
2.17, 17.5910820414, 1.01788755595, -5.12949168249, 0.0199071725064
2.18, 17.5398107648, 1.01804039445, -5.12959612855, 0.0116975541478
2.19, 17.4885387014, 1.01810862258, -5.12964070193, 0.00566152595486
2.2, 17.4372665035, 1.01818452697, -5.12963599516, 0.0119881961983
2.21, 17.3859944944, 1.01834932938, -5.12960640581, 0.0202942987373
2.22, 17.3347229147, 1.01853636996, -5.12954801989, 0.0166414914716
2.23, 17.2834522579, 1.01864032523, -5.12941416747, 0.00695358382683
2.24, 17.2321831882, 1.01869353277, -5.1292395454, 0.00739343729743
2.25, 17.1809159679, 1.01881432543, -5.12904871144, 0.0174278975529
2.26, 17.1296509345, 1.01899656021, -5.12878683782, 0.0191830005772
2.27, 17.0783888783, 1.01915482721, -5.12846945439, 0.0130032610425
2.28, 17.0271301702, 1.0192363657, -5.128116657, 0.00658732181054
2.29, 16.9758751204, 1.01931054838, -5.12774172606, 0.0109254018007
2.3, 16.9246239307, 1.01946083372, -5.12733860096, 0.0189559517295
2.31, 16.8733769942, 1.0196444283, -5.12689849424, 0.0172446672905
2.32, 16.8221346712, 1.01976177059, -5.12640656156, 0.00849604237018
2.33, 16.7708975756, 1.01982282044, -5.12585495503, 0.00728145623971
2.34, 16.7196661658, 1.01993242391, -5.12528171636, 0.0157964867535
2.35, 16.6684405265, 1.02011583717, -5.12470193392, 0.0199118394103
2.36, 16.6172208381, 1.02027470307, -5.12408971335, 0.0126200360308
2.37, 16.5660074504, 1.02035001896, -5.12343224572, 0.00596261658497
2.38, 16.5148008204, 1.02042210364, -5.12274994562, 0.0111384132302
2.39, 16.4636010425, 1.02057827578, -5.122064588, 0.0196818652413
2.4, 16.4124081831, 1.02076612293, -5.12136480855, 0.0172808934583
2.41, 16.361222496, 1.02087894122, -5.12061994045, 0.00776694690251
2.42, 16.3100444614, 1.02093407736, -5.11984428427, 0.00699067942498
2.43, 16.2588742772, 1.02104619599, -5.11904622709, 0.0164295695965
2.44, 16.2077122226, 1.02123635965, -5.11822741472, 0.020408794628
2.45, 16.1565584263, 1.02139479124, -5.11739154904, 0.0121274202471
2.46, 16.1054131304, 1.02146289994, -5.11652682622, 0.00527200562331
2.47, 16.0542765378, 1.02153280292, -5.11564551007, 0.011385806658
2.48, 16.0031488786, 1.02169534189, -5.11475189545, 0.0204499538421
2.49, 15.9520301729, 1.02187317047, -5.11385282097, 0.0175170024803
2.5, 15.9009206811, 1.02199695835, -5.11289191136, 0.00922809872286
2.51, 15.8498211021, 1.02206125076, -5.11188778854, 0.00713683833737
2.52, 15.7987315741, 1.02216441791, -5.11088563703, 0.0149091659314
2.53, 15.7476520688, 1.02234150191, -5.10988436387, 0.0196761457866
2.54, 15.6965826557, 1.02250395717, -5.10885618846, 0.0133608237358
2.55, 15.6455236728, 1.02258616814, -5.10781277636, 0.0063804387154
2.56, 15.5944751674, 1.02265618152, -5.10675460127, 0.0104505252385
2.57, 15.5434373212, 1.02280389361, -5.10566478663, 0.0189508166745
2.58, 15.4924107799, 1.02299027748, -5.10450878564, 0.0176646830517
2.59, 15.4413960435, 1.02311051423, -5.10329488385, 0.00856790066064
2.6, 15.3903936208, 1.02316892969, -5.10206820705, 0.00679753821043
2.61, 15.3394042602, 1.0232738842, -5.10065898085, 0.0154739060954
2.62, 15.288429463, 1.02345754197, -5.09914120955, 0.0202050862908
2.63, 15.2374706564, 1.02362026876, -5.09748622176, 0.0129446309807
2.64, 15.1865291553, 1.02369559392, -5.09564086592, 0.00566564967907
2.65, 15.1356070359, 1.02376261108, -5.09365010537, 0.0105870445659
2.66, 15.0847053583, 1.02391584287, -5.09156147902, 0.0196741670998
2.67, 15.0338252444, 1.02410658465, -5.08925217715, 0.0177083886582
2.68, 14.982970658, 1.02422202861, -5.08650445037, 0.00778145769808
2.69, 14.9321447684, 1.02427369998, -5.08355335857, 0.00641474699239
2.7, 14.8813487617, 1.02438047081, -5.0804822201, 0.016062264488
2.71, 14.83058869, 1.02455764129, -5.07645483911, 0.0195225033656
2.72, 14.7798697694, 1.02472643093, -5.07220514351, 0.0142904265347
2.73, 14.7291955947, 1.02481448351, -5.06740496952, 0.00644421995916
2.74, 14.6785735967, 1.02487775452, -5.06173971308, 0.00931160916254
2.75, 14.6280134976, 1.02501509117, -5.0550024152, 0.0182748973802
2.76, 14.57752572, 1.02520254331, -5.04745014885, 0.0183519255583
2.77, 14.5271186746, 1.02533120416, -5.03851798157, 0.00921923517422
2.78, 14.4768109395, 1.02538863691, -5.0277665436, 0.0060286862366
2.79, 14.4266167974, 1.02548166392, -5.01602519105, 0.0142121644774
2.8, 14.3765461752, 1.02565872238, -5.00289901538, 0.0201770986166
2.81, 14.3266141033, 1.02582743553, -4.98828617204, 0.0137988591537
2.82, 14.2768352702, 1.02590720891, -4.97253711893, 0.00551813188595
2.83, 14.2272170964, 1.02596483043, -4.95617455079, 0.00914940202545
2.84, 14.1777673087, 1.02610501589, -4.93863804416, 0.0187608119749
2.85, 14.1285013476, 1.02629498586, -4.91944960814, 0.0182250459078
2.86, 14.0794342978, 1.02641687063, -4.89915574879, 0.00817354052627
2.87, 14.0305708284, 1.02646420868, -4.87897824069, 0.0052408061906
2.88, 13.9819210856, 1.02655496594, -4.85610258721, 0.0144163665944
2.89, 13.9335041293, 1.0267227359, -4.83282614549, 0.0192552504188
2.9, 13.8853214514, 1.02689473668, -4.80878979287, 0.0147982728074
2.91, 13.8373841166, 1.02698290411, -4.78400399337, 0.0057972454791
2.92, 13.7896994119, 1.02703182737, -4.75777892428, 0.00741362416451
2.93, 13.7422867549, 1.0271524009, -4.7301616593, 0.0170398021502
2.94, 13.6951519057, 1.02733579183, -4.7022164709, 0.0184940836994
2.95, 13.6483004, 1.02746627842, -4.67326415492, 0.00908715278341
2.96, 13.6017464697, 1.02751387446, -4.64276122956, 0.00430778925504
2.97, 13.555503809, 1.02758596058, -4.61100211962, 0.0121186634539
2.98, 13.5095845711, 1.02773933755, -4.57838851545, 0.0172946890326
2.99, 13.4639945609, 1.02790757666, -4.54486142651, 0.0153033244944
3.0, 13.4187457528, 1.02800317394, -4.5104680655, 0.00628674165567
3.01, 13.3738443066, 1.02804641249, -4.47512136324, 0.00588293447542
3.02, 13.3293038751, 1.02814561089, -4.43831260337, 0.0148226130486
3.03, 13.2851376524, 1.02831581937, -4.40062566804, 0.0181180328477
3.04, 13.2413485186, 1.02845158156, -4.3628681568, 0.00997064890255
3.05, 13.1979399247, 1.02850181468, -4.32424724544, 0.0037093443094
3.06, 13.154922629, 1.02855671086, -4.28492819057, 0.00973536916818
3.07, 13.1122991862, 1.02869883183, -4.24548236699, 0.0180077075878
3.08, 13.0700708624, 1.02886406544, -4.20590597422, 0.0144877085239
3.09, 13.0282410866, 1.02894659953, -4.16521265398, 0.0047163805683
3.1, 12.9868293733, 1.02897600695, -4.12293972262, 0.00482935666977
3.11, 12.9458405935, 1.02907016645, -4.08062225054, 0.0146734525931
3.12, 12.9052749155, 1.02922493059, -4.03808362904, 0.0173017030937
3.13, 12.8651416128, 1.02936233965, -3.99443659174, 0.0105944339966
3.14, 12.8254448053, 1.02941433047, -3.95076616748, 0.00315571383245
3.15, 12.7861855194, 1.02945266239, -3.90696388985, 0.00736002280537
3.16, 12.7473660336, 1.02957193732, -3.86222075525, 0.0162259055777
3.17, 12.7090041867, 1.02973094676, -3.8160798619, 0.0147468824892
3.18, 12.6711036989, 1.02981877281, -3.76994426317, 0.00500160647782
3.19, 12.6336659341, 1.02984016084, -3.72324448018, 0.00304346472013
3.2, 12.5966990864, 1.0299100777, -3.67607506468, 0.0121547741541
3.21, 12.5602028547, 1.03004979283, -3.62915384978, 0.0159028572393
3.22, 12.524178137, 1.03018456433, -3.58146704385, 0.0109753827561
3.23, 12.4886340839, 1.03023917327, -3.53331821052, 0.00291999468008
3.24, 12.453571719, 1.03026430041, -3.48515582207, 0.00520486599767
3.25, 12.4189915829, 1.03035939838, -3.43656701935, 0.0140017564385
3.26, 12.3849033579, 1.0305063052, -3.38682041102, 0.0144596208535
3.27, 12.3513158028, 1.03059756877, -3.33672337562, 0.00544648332951
3.28, 12.318228269, 1.03061499698, -3.28681083577, 0.00172222942327
3.29, 12.2856375928, 1.03066237527, -3.23728753833, 0.00946966082012
3.3, 12.2535551983, 1.03079312242, -3.18545003959, 0.0156791725815
3.31, 12.2219882741, 1.03091950628, -3.13406824464, 0.0096729738182
3.32, 12.1909338714, 1.03095741443, -3.0827427547, 0.00112002304884
3.33, 12.1603939778, 1.03096780323, -3.03126774032, 0.0041320049506
3.34, 12.1303683621, 1.03105703398, -2.97992933518, 0.0136752360167
3.35, 12.1008551333, 1.03118524373, -2.92885251768, 0.0132101815798
3.36, 12.071849575, 1.03127385122, -2.87842458306, 0.00571335756366
3.37, 12.0433443132, 1.03129124917, -2.82887408516, 0.00113356266121
3.38, 12.0153295901, 1.03132221391, -2.78016555281, 0.00709351226874
3.39, 11.9877977596, 1.03142856678, -2.73246244289, 0.013597143358
3.4, 11.960739179, 1.03154466488, -2.68549211149, 0.00952162144487
3.41, 11.9341438984, 1.03158533758, -2.63973402895, 0.00134192528393
3.42, 11.9080005047, 1.03158878079, -2.59505563797, 0.00254712932242
3.43, 11.8822986556, 1.03165479717, -2.55139773969, 0.0111291533415
3.44, 11.8570280383, 1.03177817123, -2.50880637216, 0.0126229808084
3.45, 11.832178092, 1.03185542161, -2.46720814585, 0.00421138778701
3.46, 11.8077389795, 1.03185690295, -2.42665086701, -0.000320836084189
3.47, 11.783699767, 1.03187815413, -2.38719872864, 0.00655795180491
3.48, 11.7600496215, 1.03198172148, -2.34880093011, 0.0133510258962
3.49, 11.7367782376, 1.03209134738, -2.31141276646, 0.00846714222629
3.5, 11.7138756957, 1.03211755759, -2.27500869022, -0.000248640288413
3.51, 11.691332116, 1.03210789147, -2.23959261081, 0.00162757432771
3.52, 11.6691378392, 1.03216972446, -2.20511695117, 0.0110187109672
3.53, 11.6472835719, 1.03229088352, -2.17156874512, 0.0121324826359
3.54, 11.6257601754, 1.03235781531, -2.13891301637, 0.00280305926381
3.55, 11.6045585051, 1.03234459628, -2.10723151936, -0.00161517062604
3.56, 11.5836685144, 1.03235828548, -2.07654181776, 0.00627199933702
3.57, 11.5630800836, 1.03245695228, -2.04711922351, 0.00876550642903
3.58, 11.5427829967, 1.03255399549, -2.01840997879, 0.00839893829935
3.59, 11.522761901, 1.03258569337, -1.99168930836, 0.000434243247793
3.6, 11.5030002899, 1.03257530598, -1.96632498638, 0.000726914081367
3.61, 11.4834853955, 1.03261948534, -1.94238822116, 0.00886906621625
3.62, 11.4642030225, 1.03272410985, -1.91979914615, 0.0112294644998
3.63, 11.4451394274, 1.03279264082, -1.89849170537, 0.00364365546821
3.64, 11.4262837782, 1.03278658499, -1.87818081103, -0.00139360163129
3.65, 11.4076259221, 1.03279135448, -1.85889723608, 0.00455210255662
3.66, 11.3891555619, 1.03287501604, -1.84075665803, 0.0116285838175
3.67, 11.3708604306, 1.03297356858, -1.8237175407, 0.00787988135567
3.68, 11.3527311149, 1.03299603529, -1.80756273702, -0.000659704916652
3.69, 11.3347576593, 1.03297692696, -1.79270704296, 0.000205913058507
3.7, 11.3169255981, 1.03302078022, -1.77905209342, 0.00915745329727
3.71, 11.2992260116, 1.03312769418, -1.76618832202, 0.0112370679265
3.72, 11.2816509393, 1.03319118095, -1.75411454506, 0.00276448203612
3.73, 11.2641920822, 1.0331751873, -1.74304916722, -0.00226838818362
3.74, 11.2468388887, 1.03317612012, -1.73275840487, 0.00462433485366
3.75, 11.2295867429, 1.03326347579, -1.72282411591, 0.0120592070264
3.76, 11.2124323478, 1.03336234829, -1.71316984867, 0.0074889672212
3.77, 11.1953735062, 1.03337658295, -1.70371261753, -0.00166324716977
3.78, 11.1784080986, 1.03335007206, -1.69447815405, -0.000146594083689
3.79, 11.1615338401, 1.03339571497, -1.68547489336, 0.00966907877243
3.8, 11.1447486127, 1.03350688037, -1.67667031048, 0.0113946605934
3.81, 11.1280504273, 1.03356629529, -1.66804840662, 0.00194285258567
3.82, 11.1114375895, 1.03354107078, -1.65960330138, -0.00304639526941
3.83, 11.0949081609, 1.03353964143, -1.65135563682, 0.00486405956022
3.84, 11.0784609291, 1.03362754648, -1.64324338075, 0.00793984216747
3.85, 11.0620997423, 1.03371931662, -1.63425703947, 0.00798192135258
3.86, 11.0458314872, 1.03374455091, -1.62388651377, -0.000456825064865
3.87, 11.0296768677, 1.0337220855, -1.61193900527, -0.000629567094971
3.88, 11.0136470089, 1.03375387969, -1.59894670803, 0.00786943495237
3.89, 10.9977626672, 1.03385230036, -1.58197979766, 0.0108824647357
3.9, 10.9820626263, 1.0339174797, -1.56341859226, 0.00317701724662
3.91, 10.9665617742, 1.03390284839, -1.5420850818, -0.00257065433376
3.92, 10.951276733, 1.03389436387, -1.51959036881, 0.00325557601483
3.93, 10.936234447, 1.03396861337, -1.49367510881, 0.0110379859095
3.94, 10.9214618228, 1.03406383434, -1.46608585667, 0.00758156613665
3.95, 10.9069709225, 1.03407998386, -1.43738022798, -0.00167223006366
3.96, 10.8927744144, 1.03404707777, -1.40681909874, -0.00136049667059
3.97, 10.878894448, 1.03407729494, -1.37455308567, 0.00807347726009
3.98, 10.8653423125, 1.03417761232, -1.34132027893, 0.0108117254862
3.99, 10.8521268478, 1.03423595006, -1.30724807793, 0.00197367013766
4.0, 10.8392526312, 1.03420710321, -1.27315271553, -0.00394893516122
4.01, 10.8267293771, 1.0341902549, -1.23748926972, 0.00292179073961
4.02, 10.8145566301, 1.03426049775, -1.20312862584, 0.00662169370497
4.03, 10.802725499, 1.03434482679, -1.16923631292, 0.00763237163224
4.04, 10.7912257826, 1.0343666313, -1.13651964626, -0.00108673967221
4.05, 10.7800485456, 1.03433119382, -1.10471347284, -0.00249070114293
4.06, 10.7691847501, 1.03434205363, -1.07380807024, 0.0058180556843
4.07, 10.7586255183, 1.03442576203, -1.04377513857, 0.00994143822255
4.08, 10.7483623106, 1.03448571422, -1.01457559562, 0.00274541609498
4.09, 10.7383869543, 1.03446223075, -0.986179276822, -0.00399483101595
4.1, 10.7286914543, 1.03443365365, -0.958583265869, 0.000945418529059
4.11, 10.719267894, 1.03448733513, -0.931770729662, 0.00938994078211
4.12, 10.7101085784, 1.03457291383, -0.905709980177, 0.00708882354512
4.13, 10.701206178, 1.03458435858, -0.880363461743, -0.00239062193232
4.14, 10.6925536177, 1.0345371959, -0.855721545521, -0.00335687821923
4.15, 10.6841438843, 1.03454482145, -0.831781199391, 0.00588892199314
4.16, 10.675970065, 1.03462972805, -0.808518698076, 0.00990064389934
4.17, 10.6680255456, 1.03468393318, -0.78589886803, 0.00173341629243
4.18, 10.660304032, 1.03464804847, -0.763897356967, -0.00520010863854
4.19, 10.6527993422, 1.03461211674, -0.742518783003, 0.000685705822314
4.2, 10.6455053103, 1.03466715233, -0.721750395575, 0.00967014897699
4.21, 10.6384159637, 1.03473822266, -0.701562122697, 0.00685994782154
4.22, 10.6315256376, 1.03475574628, -0.681927951835, -0.00142534604927
4.23, 10.6248288589, 1.034712879, -0.662836536846, -0.0036687137323
4.24, 10.6183202098, 1.03470727881, -0.644289183979, 0.00397281463097
4.25, 10.6119943231, 1.03477521257, -0.626269024919, 0.00877970890334
4.26, 10.6058460552, 1.03482933928, -0.608747832175, 0.00254298184363
4.27, 10.5998705362, 1.0348031821, -0.591703142732, -0.00452155239496
4.28, 10.5940629991, 1.03476331944, -0.575139448447, -0.000623490810511
4.29, 10.5884186689, 1.03480004747, -0.559050507595, 0.00784350103587
4.3, 10.5829328883, 1.03487598665, -0.543414419494, 0.00665817829448
4.31, 10.5776012703, 1.03488647808, -0.528202332326, -0.00242674441997
4.32, 10.5724196139, 1.03483426331, -0.513409745777, -0.00435369515985
4.33, 10.5673837131, 1.03482699744, -0.499042323334, 0.00420193059286
4.34, 10.5624893756, 1.03489826559, -0.485085435599, 0.00900158484747
4.35, 10.5577326138, 1.03494967408, -0.471512705303, 0.00184009489943
4.36, 10.5531096894, 1.03491375725, -0.458305041325, -0.00551878390546
4.37, 10.5486169238, 1.03486803283, -0.445472479031, -0.00076763923494
4.38, 10.544250588, 1.03490750966, -0.433011063312, 0.00830103512674
4.39, 10.5400070489, 1.0349852504, -0.420900728368, 0.00645898498395
4.4, 10.5358829304, 1.03498856937, -0.409114061697, -0.00344663119804
4.41, 10.5318750107, 1.03492723606, -0.397651598329, -0.00497155553306
4.42, 10.52798002, 1.03491946808, -0.386522506779, 0.00457073391347
4.43, 10.524194675, 1.03498225638, -0.37571121907, 0.00813230761124
4.44, 10.5205158998, 1.03503773656, -0.365199482193, 0.00298248222503
4.45, 10.5169407922, 1.03501245012, -0.354967213271, -0.00494219818957
4.46, 10.513466532, 1.03496110271, -0.34502329798, -0.00220739466626
4.47, 10.5100902331, 1.03498324177, -0.335369504316, 0.00677849673016
4.48, 10.5068090522, 1.035056474, -0.325990249747, 0.00698765386793
4.49, 10.5036203608, 1.0350717478, -0.316861011479, -0.00212718570107
4.5, 10.5005216885, 1.03501502734, -0.307978624636, -0.00545475025992
4.51, 10.4975105237, 1.03499275344, -0.299355538878, 0.00268118431974
4.52, 10.4945843032, 1.03505519931, -0.290983455194, 0.00879603529706
4.53, 10.4917406046, 1.03511083175, -0.282841348443, 0.00252810687826
4.54, 10.4889772232, 1.03507748491, -0.274911225718, -0.00584362331899
4.55, 10.4862919938, 1.03502069733, -0.267206470274, -0.0023252268991
4.56, 10.4836826537, 1.03504641181, -0.259730089971, 0.00738139940075
4.57, 10.4811469706, 1.03512359069, -0.252467152209, 0.00703365270659
4.58, 10.4786829262, 1.03513376678, -0.24539327452, -0.00299940626997
4.59, 10.4762886429, 1.03506854126, -0.238508953647, -0.00606824229458
4.6, 10.4739621686, 1.03504587271, -0.231829545082, 0.00309701400411
4.61, 10.4717014763, 1.03510395438, -0.225344715016, 0.00703662524626
4.62, 10.4695047091, 1.03515955171, -0.219039807065, 0.00344730561675
4.63, 10.4673701475, 1.03513828761, -0.2128965888, -0.00482362759536
4.64, 10.4652961396, 1.03508167936, -0.206925376051, -0.00322012351662
4.65, 10.4632809393, 1.03509219833, -0.201133104285, 0.00575279624333
4.66, 10.4613227942, 1.03516129597, -0.195508462635, 0.0071294617645
4.67, 10.4594201256, 1.03518160718, -0.190030290116, -0.00156466317347
4.68, 10.4575714977, 1.03512554938, -0.184695184072, -0.00592231618649
4.69, 10.4557754198, 1.03509325429, -0.179519061208, 0.00144823701289
4.7, 10.4540303122, 1.03514667547, -0.174498117798, 0.00837116351259
4.71, 10.4523346897, 1.03520465198, -0.169615187082, 0.00316888195964
4.72, 10.4506872613, 1.03517661349, -0.164853006366, -0.00565247864362
4.73, 10.4490867703, 1.03511467577, -0.160225445264, -0.00335949563006
4.74, 10.4475318404, 1.0351288109, -0.155740232959, 0.00640267228163
4.75, 10.4460210828, 1.03520302612, -0.151386012919, 0.00733753392197
4.76, 10.4445532875, 1.03521982435, -0.147141051259, -0.00230988761392
4.77, 10.4431273792, 1.03515579686, -0.143004551518, -0.00654113402041
4.78, 10.4417422018, 1.03512283026, -0.138995054841, 0.00184575528816
4.79, 10.4403964908, 1.0351723464, -0.135106121007, 0.00671559677285
4.8, 10.439089111, 1.0352318255, -0.131326381901, 0.00425424138122
4.81, 10.4378190478, 1.03521700528, -0.127637601894, -0.00458064740176
4.82, 10.4365853573, 1.03515508879, -0.124049781629, -0.00430506693077
4.83, 10.435386984, 1.03515381549, -0.120574394901, 0.0048018757101
4.84, 10.4342228261, 1.03522100908, -0.117203222987, 0.00758982042664
4.85, 10.4330919262, 1.03524945927, -0.113917041846, -0.000758229475799
4.86, 10.4319934712, 1.0351949476, -0.110710475947, -0.00642517198898
4.87, 10.4309265924, 1.03515181634, -0.107602172902, 0.000155275988902
4.88, 10.4298903017, 1.03519702706, -0.104592143419, 0.00815724111961
4.89, 10.4288836672, 1.03526038466, -0.101665883289, 0.00413125482632
4.9, 10.4279059419, 1.03523972619, -0.0988053522953, -0.00538381777843
4.91, 10.4269564218, 1.0351720658, -0.0960236557485, -0.00451643092681
4.92, 10.4260342701, 1.03517408808, -0.093332992635, 0.00547700341931
4.93, 10.4251385982, 1.03524746479, -0.0907246589542, 0.00795347847711
4.94, 10.4242686725, 1.03527381907, -0.0881783840385, -0.00140533217369
4.95, 10.4234239016, 1.03521144047, -0.0856905496084, -0.0070996443828
4.96, 10.4226036169, 1.03516691658, -0.08328251136, 0.000501015444561
4.97, 10.421806762, 1.03521411473, -0.0812076285791, 0.00419145765241
4.98, 10.4210333739, 1.03527227402, -0.0786872151814, 0.00481964633479
4.99, 10.4202821168, 1.03526420694, -0.0764720567302, -0.00406199085235
5.0, 10.4195527162, 1.03520141811, -0.0743146578532, -0.00491823035086
5.01, 10.4188445371, 1.03519087767, -0.0722292483405, 0.00386089624413
5.02, 10.4181568716, 1.03525381148, -0.0702100382033, 0.00770091677259
5.03, 10.4174891309, 1.03528831122, -0.0682396979155, 4.56270712526e-05
5.04, 10.4168408701, 1.03523828737, -0.0663110626463, -0.00645164611168
5.05, 10.4162115965, 1.03518865864, -0.0644433893026, -0.000854685595677
5.06, 10.4156006832, 1.0352253068, -0.0626396865011, 0.00766777928186
5.07, 10.4150075302, 1.03529065428, -0.0608875693079, 0.00482530949542
5.08, 10.4144317098, 1.03527770685, -0.0591689969286, -0.0048165255234
5.09, 10.4138728486, 1.03520898243, -0.0574950980895, -0.00519193145844
5.1, 10.4133304392, 1.03520118649, -0.0558809264786, 0.00451247997776
5.11, 10.4128038974, 1.03527078041, -0.0543199119331, 0.00816611673273
5.12, 10.4122927702, 1.03530435762, -0.0527935117475, -0.0004994581532
5.13, 10.4117967511, 1.03524681367, -0.0512956524519, -0.00715220902926
5.14, 10.4113154674, 1.03519513504, -0.0498483085335, -0.000580786136029
5.15, 10.4108481443, 1.03523359969, -0.0487080538812, 0.00374031759157
5.16, 10.4103950729, 1.03529475291, -0.0470971797331, 0.00564111457105
5.17, 10.4099551601, 1.03529530908, -0.0457670837588, -0.00345576710367
5.18, 10.4095283908, 1.03523111003, -0.0444675443966, -0.00567359822384
5.19, 10.4091143898, 1.03521006572, -0.0432156932516, 0.00286535956595
5.2, 10.4087126836, 1.03526968885, -0.0420078985351, 0.00801898943224
5.21, 10.4083228956, 1.03531260995, -0.0408281227419, 0.0010524115705
5.22, 10.4079448013, 1.0352676752, -0.0396664383071, -0.00654506270332
5.23, 10.4075781424, 1.03521007735, -0.0385424943403, -0.00202120659862
5.24, 10.4072225126, 1.03523777487, -0.0374624344389, 0.00726458792572
5.25, 10.406877503, 1.03530718073, -0.0364155433791, 0.00577686323157
5.26, 10.4065428716, 1.03530371723, -0.0353830258938, -0.0041835871418
5.27, 10.4062184486, 1.03523307753, -0.0343732584062, -0.00604278811908
5.28, 10.4059039331, 1.03521400853, -0.0334044982431, 0.00348462775294
5.29, 10.4055989173, 1.03527053457, -0.0324696737345, 0.00632209211368
5.3, 10.4053031344, 1.03531396492, -0.0315579023691, 0.00204136965339
5.31, 10.405016399, 1.03528246219, -0.0306579215205, -0.00533613784073
5.32, 10.4047385321, 1.03522724271, -0.0297851437873, -0.00269933153082
5.33, 10.4044692238, 1.03524132952, -0.0289480987529, 0.00573286958229
5.34, 10.404208138, 1.0353030859, -0.0281385913597, 0.00589273282677
5.35, 10.4039550753, 1.03531035271, -0.0273401334985, -0.0026393692668
5.36, 10.4037099204, 1.03525063847, -0.026556180345, -0.0056854605576
5.37, 10.4034724572, 1.03522386413, -0.0258043204385, 0.00198441246589
5.38, 10.4032423619, 1.0352765163, -0.0250827576668, 0.0076864052392
5.39, 10.4030193856, 1.03532242494, -0.024377230371, 0.00178684313047
5.4, 10.4028034264, 1.03528508598, -0.0236768379157, -0.00601064576206
5.41, 10.4025943636, 1.03522647118, -0.0229993636581, -0.00264307453534
5.42, 10.4023919316, 1.03524553371, -0.0223530014102, 0.00645386112893
5.43, 10.4021958427, 1.03531250923, -0.0217286290022, 0.00608332657021
5.44, 10.4020059593, 1.03531647786, -0.0211084878946, -0.00330972711163
5.45, 10.4018222258, 1.03525028468, -0.0204980524938, -0.0061125259796
5.46, 10.4016444686, 1.03522460101, -0.0199162520119, 0.00251525801375
5.47, 10.4014724011, 1.03528411368, -0.0193603277001, 0.00828961776079
5.48, 10.4013058238, 1.03533109354, -0.0188147522516, 0.00143580897205
5.49, 10.401144693, 1.03528697139, -0.0182686098334, -0.00675828423798
5.5, 10.4009889331, 1.03522480987, -0.0177424690736, -0.00255443156877
5.51, 10.4008383089, 1.03524942157, -0.017244037809, 0.00723116761285
5.52, 10.4006925693, 1.03532171323, -0.0167632599651, 0.00623769760255
5.53, 10.4005516279, 1.0353216458, -0.0162808975739, -0.00406540760332
5.54, 10.4004154776, 1.03524849071, -0.0158047063843, -0.00654303730444
5.55, 10.4002839752, 1.03522439442, -0.0153548546926, 0.00312442270561
5.56, 10.4001568611, 1.03527823805, -0.0149250710503, 0.00773291565218
5.57, 10.4000339904, 1.0353325336, -0.0145055500589, 0.00288438478341
5.58, 10.3999153236, 1.03530152492, -0.0140818531234, -0.00598793569946
5.59, 10.3998008359, 1.03523535289, -0.013671034186, -0.00384070537611
5.6, 10.3996903485, 1.03524461251, -0.0132846437324, 0.00595203814479
5.61, 10.3995836343, 1.03531528666, -0.0129148295301, 0.00707079834212
5.62, 10.399480611, 1.03532988165, -0.0125430468243, -0.00252362058835
5.63, 10.3993813019, 1.03526295981, -0.0121711055933, -0.00690319348891
5.64, 10.3992856207, 1.03522569902, -0.011820720619, 0.00139786361735
5.65, 10.3991933414, 1.0352713005, -0.0114886724814, 0.0064000442078
5.66, 10.3991043353, 1.03532864179, -0.0111665916335, 0.00410330317925
5.67, 10.399018567, 1.03531208682, -0.0108387487825, -0.0048053504012
5.68, 10.3989360473, 1.03524687414, -0.0105175251105, -0.00470488743713
5.69, 10.3988566493, 1.03524151485, -0.0102173927961, 0.0044321145089
5.7, 10.3987801708, 1.03530608936, -0.00993286917147, 0.0074229599714
5.71, 10.398706527, 1.03533335825, -0.0096472090553, -0.000874230139527
5.72, 10.3986357561, 1.03527678602, -0.00935694502794, -0.00671785634295
5.73, 10.3985678191, 1.03522995467, -0.00908321366227, -0.000237219690441
5.74, 10.3985025322, 1.03527192917, -0.008828621237, 0.00792325097798
5.75, 10.3984397428, 1.03533399524, -0.00858099007383, 0.00406389421465
5.76, 10.3983794619, 1.03531234418, -0.00832412338075, -0.00554527127014
5.77, 10.398321726, 1.03524191869, -0.00807291526053, -0.00486888438967
5.78, 10.3982664178, 1.03524037604, -0.00784202190213, 0.00516587038652
5.79, 10.3982133472, 1.03529869933, -0.00762238910586, 0.0066772453489
5.8, 10.3981624702, 1.03533119326, -0.00740310682819, 0.000417697113496
5.81, 10.3981137767, 1.03528792722, -0.00718903760915, -0.00578043520055
5.82, 10.3980669351, 1.03523953532, -0.00705300477104, -0.00128512123153
5.83, 10.3980205628, 1.03526700717, -0.0071340298896, 0.00657467209579
5.84, 10.3979720114, 1.03532543547, -0.00751327307162, 0.00464662081836
5.85, 10.3979173188, 1.03531706155, -0.00830431003651, -0.00399932859075
5.86, 10.3978523965, 1.03525468134, -0.00963597086776, -0.00494795234142
5.87, 10.3977696002, 1.03524225949, -0.0119668856102, 0.00355862361306
5.88, 10.3976596045, 1.03530186768, -0.0148908883228, 0.00741160828352
5.89, 10.3975183589, 1.03533500997, -0.0182091980271, 5.17371352078e-05
5.9, 10.3973407273, 1.0352859205, -0.0225290515939, -0.00633776273256
5.91, 10.3971111694, 1.03523625617, -0.0281875452851, -0.000977570503566
5.92, 10.3968229129, 1.03527043423, -0.0342665921025, 0.007378429923
5.93, 10.3964717876, 1.03533374891, -0.0407467019355, 0.00475231890899
5.94, 10.3960530194, 1.03532171523, -0.0479084094934, -0.004613346288
5.95, 10.3955587672, 1.03525479709, -0.0556893937927, -0.00508006227122
5.96, 10.3949839319, 1.03524645893, -0.0641454489395, 0.00434877255939
5.97, 10.3943198743, 1.03531420316, -0.0735066997652, 0.00804455969904
5.98, 10.393558649, 1.03534830632, -0.0834229430967, -0.000281480789862
5.99, 10.3926967452, 1.03529386, -0.0936268705872, -0.00681964521209
6.0, 10.3917306462, 1.03524416957, -0.10437320739, -0.000504932940993
6.01, 10.3906533787, 1.03528686067, -0.115804903664, 0.00835511304275
6.02, 10.389459156, 1.03535634766, -0.127690349165, 0.00494165676265
6.03, 10.3881450843, 1.03534117551, -0.139672543227, -0.00518310003049
6.04, 10.3867117773, 1.0352705454, -0.151511742223, -0.00508759828796
6.05, 10.385161278, 1.035267976, -0.163083747019, 0.00532332438506
6.06, 10.3834969103, 1.03533212823, -0.174294014936, 0.00758751924614
6.07, 10.3817222978, 1.03537433563, -0.1851346544, 0.0012824946984
6.08, 10.3798412408, 1.03533550841, -0.195592111839, -0.00568073099434
6.09, 10.3778574028, 1.03528617269, -0.205711620696, -0.00135505305763
6.1, 10.3757739718, 1.03531668455, -0.215523099228, 0.00726971746499
6.11, 10.3735940083, 1.03538539216, -0.225016901708, 0.00581285349694
6.12, 10.3713208423, 1.03538609076, -0.234178574693, -0.00341683787072
6.13, 10.368957583, 1.03532530384, -0.243044372756, -0.00501486679469
6.14, 10.3665071616, 1.03531349339, -0.251616402497, 0.00389825079324
6.15, 10.3639725613, 1.03538130756, -0.259889463273, 0.00857795096332
6.16, 10.3613566671, 1.03542647022, -0.267890649779, 0.00110451350998
6.17, 10.3586621898, 1.0353831672, -0.275603242539, -0.00614917650242
6.18, 10.3558920433, 1.03533338094, -0.28304205671, -0.000960736080409
6.19, 10.353048693, 1.03537192418, -0.290252955877, 0.00823198169213
6.2, 10.3501344087, 1.03544723061, -0.297233665203, 0.00606699510704
6.21, 10.3471516336, 1.03544522342, -0.303947501222, -0.00399537163217
6.22, 10.3441030628, 1.03537988455, -0.310400807797, -0.00517032460001
6.23, 10.3409911086, 1.03537224468, -0.316643416451, 0.00472319309985
6.24, 10.3378177437, 1.03543571452, -0.322687610804, 0.00809654117247
6.25, 10.3345851927, 1.03548894628, -0.328490625241, 0.00265150635105
6.26, 10.331295726, 1.0354604463, -0.334071585203, -0.00515638778362
6.27, 10.3279514308, 1.03540910506, -0.339463744465, -0.00201413214448
6.28, 10.3245541531, 1.03543395722, -0.344667970592, 0.00705247990736
6.29, 10.3211058488, 1.03550815285, -0.349681505313, 0.00693379353452
6.3, 10.3176083567, 1.03552164394, -0.354507832679, -0.00231445647922
6.31, 10.3140635757, 1.03546457704, -0.359136920473, -0.00529713249019
6.32, 10.3104734702, 1.03544579996, -0.363581649151, 0.00314603887807
6.33, 10.3068398081, 1.03551210876, -0.367862318509, 0.00906487551782
6.34, 10.303164141, 1.03556834209, -0.371984274909, 0.0024703681267
6.35, 10.2994481465, 1.03553463499, -0.375922592789, -0.00576243298515
6.36, 10.2956936752, 1.03548097658, -0.379687173301, -0.00181676390311
6.37, 10.2919023458, 1.03551244994, -0.383309989476, 0.00793904747088
6.38, 10.2880754573, 1.03559318046, -0.386801223907, 0.00721709668298
6.39, 10.2842144469, 1.03560393286, -0.390127584226, -0.00294783637685
6.4, 10.2803209846, 1.0355409586, -0.393303938099, -0.0056390121459
6.41, 10.2763963527, 1.0355245552, -0.396369220898, 0.00382984393449
6.42, 10.2724417096, 1.03558600947, -0.399301195044, 0.00860006001624
6.43, 10.2684584483, 1.03565064565, -0.402103904821, 0.0040335593696
6.44, 10.2644478078, 1.03563110157, -0.404778249063, -0.0049033883443
6.45, 10.260411044, 1.03557410299, -0.407325702795, -0.00305186895136
6.46, 10.2563494189, 1.03559074035, -0.409765526654, 0.0067181709051
6.47, 10.2522639022, 1.03567064103, -0.412106457119, 0.00814329542709
6.48, 10.2481555716, 1.03569703515, -0.414319956963, -0.00131416674578
6.49, 10.2440258256, 1.03564100244, -0.416392724161, -0.00594895265696
6.5, 10.2398758664, 1.0356118019, -0.418379414025, 0.00213550802653
6.51, 10.235706265, 1.03567112279, -0.420520084219, 0.00490817008121
6.52, 10.2315188989, 1.03573137475, -0.42204006598, 0.00478424916363
6.53, 10.2273142155, 1.03572555499, -0.423682999925, -0.00342129110421
6.54, 10.2230935335, 1.03567538149, -0.425242403917, -0.0032538444904
6.55, 10.2188576608, 1.03568098152, -0.426718446669, 0.00519908400068
6.56, 10.2146074711, 1.03575083483, -0.428116554438, 0.00789885005597
6.57, 10.2103437356, 1.03578570044, -0.429426777891, 0.000208098914844
6.58, 10.2060673675, 1.03574336613, -0.430636409033, -0.00512828075369
6.59, 10.2017793528, 1.03571071974, -0.431762357376, 0.000913056392688
6.6, 10.1974805425, 1.03576015091, -0.432807688321, 0.0084122119287
6.61, 10.1931716038, 1.03582751426, -0.433787675799, 0.00478461102244
6.62, 10.1888533296, 1.03581734122, -0.434667738102, -0.00406894560368
6.63, 10.1845266675, 1.03576273461, -0.435475902977, -0.00336722247885
6.64, 10.1801921556, 1.03577222084, -0.436242177488, 0.00590895502696
6.65, 10.1758502161, 1.03584870273, -0.436955717961, 0.00832724855361
6.66, 10.1715016608, 1.03588252432, -0.437572657305, -0.000307240091607
6.67, 10.1671472858, 1.03583366604, -0.438111339717, -0.00568451999875
6.68, 10.1627880876, 1.03580038672, -0.438533227863, 0.00129754602888
6.69, 10.1584254813, 1.03585669108, -0.438763080807, 0.00915025450982
6.7, 10.1540618468, 1.03592739084, -0.438764783153, 0.00467497780032
6.71, 10.1496991953, 1.03591164796, -0.438569288901, -0.00482942744611
6.72, 10.1453420234, 1.03585199758, -0.437311968251, -0.00349418788792
6.73, 10.1410046091, 1.03586560589, -0.434929918406, 0.00665151733056
6.74, 10.1366943704, 1.03593434811, -0.431903501458, 0.0082798275364
6.75, 10.132420177, 1.03597807466, -0.427413634724, 0.00119701628396
6.76, 10.1281984704, 1.03594024631, -0.421756624245, -0.005296022045
6.77, 10.1240367483, 1.03589942899, -0.41545039045, -0.000224274575769
6.78, 10.1199406648, 1.03594075568, -0.4086349903, 0.00810211365019
6.79, 10.1159176126, 1.03601261766, -0.400492680646, 0.00570631071835
6.8, 10.1119851748, 1.03601083227, -0.390928787119, -0.00360513105448
6.81, 10.108151444, 1.03595277599, -0.38075664041, -0.00434407445444
6.82, 10.1044213278, 1.03595047943, -0.37032672359, 0.0048626489706
6.83, 10.1007956066, 1.03602391072, -0.359972061592, 0.00867900214397
6.84, 10.0972719689, 1.03606571641, -0.349897216573, 0.000546421614339
6.85, 10.0938476922, 1.03601927736, -0.340090082964, -0.00612340581398
6.86, 10.0905200498, 1.03597486604, -0.330565088712, -0.000134325831177
6.87, 10.0872862368, 1.03602072834, -0.321318599716, 0.00866373628421
6.88, 10.0841435401, 1.03609464342, -0.31233174415, 0.00548104845049
6.89, 10.0810894858, 1.03608565324, -0.303579901559, -0.00458630156234
6.9, 10.0781217096, 1.03601968224, -0.295069716501, -0.00478948408558
6.91, 10.0752377614, 1.03601864464, -0.286811078788, 0.00537997740298
6.92, 10.0724351691, 1.03608426378, -0.27878916522, 0.00781048446346
6.93, 10.0697116647, 1.03612985281, -0.270986718921, 0.0016633929789
6.94, 10.067065123, 1.03609445135, -0.263388684211, -0.00544303592814
6.95, 10.0644934565, 1.03604597896, -0.256007558966, -0.00140284083683
6.96, 10.0619944924, 1.03607571645, -0.248844535761, 0.00720062150937
6.97, 10.0595661035, 1.03614500387, -0.241884732888, 0.00595853564671
6.98, 10.057206365, 1.03614772038, -0.235106015788, -0.003244349572
6.99, 10.0549134685, 1.03608739597, -0.22851094456, -0.00511592108115
7.0, 10.0526855322, 1.03607342114, -0.222111978505, 0.00361462827609
7.01, 10.0505206215, 1.03613914847, -0.215900767571, 0.00845136160125
7.02, 10.0484169456, 1.03618432554, -0.209856897361, 0.00115759219387
7.03, 10.0463729035, 1.03614108166, -0.203967331835, -0.00625186592543
7.04, 10.0443868923, 1.03608867673, -0.198248403318, -0.00135275753362
7.05, 10.0424571981, 1.03612310952, -0.192701818017, 0.00784719771538
7.06, 10.0405821481, 1.03619599413, -0.187312873546, 0.00592724053287
7.07, 10.0387602737, 1.03619313858, -0.182059311273, -0.00411026066774
7.08, 10.0369902077, 1.03612526803, -0.176947282748, -0.00557401363136
7.09, 10.0352704799, 1.03611244812, -0.171991245305, 0.00414947457962
7.1, 10.0335995557, 1.036171235, -0.167180413742, 0.00772778728454
7.11, 10.0319760615, 1.03622194694, -0.162501127179, 0.00244412334105
7.12, 10.0303987511, 1.03619077448, -0.157937983551, -0.00553375800331
7.13, 10.0288664123, 1.03613414531, -0.153504847763, -0.00265653514418
7.14, 10.02737772, 1.03615257548, -0.149207855175, 0.00645426624363
7.15, 10.025931349, 1.03622223692, -0.145035530157, 0.00658208965717
7.16, 10.0245261491, 1.03623260167, -0.140967306589, -0.00266591860102
7.17, 10.0231610869, 1.03617058947, -0.137004419282, -0.00593535701259
7.18, 10.0218350446, 1.03614446114, -0.133163483229, 0.00237590853018
7.19, 10.0205468133, 1.03620412516, -0.129439852937, 0.00851008978978
7.2, 10.0192952895, 1.03625606747, -0.125815986477, 0.00208901481013
7.21, 10.0180795519, 1.03621781832, -0.122277531332, -0.00633572875173
