timestamp, prius1 x posi, prius1 y posi, prius1 x vel, prius1 y vel.
0.0, 0.0, 0.0, 0.0, 0.0
0.00999999999999, -1.00000553362, 25.0398782912, 0.00594910782769, -0.110947269588
0.02, -0.999954924204, 25.0387395832, 0.0014834558173, -0.121653179484
0.03, -0.99998187581, 25.0374928238, -0.00666439736935, -0.132549881123
0.04, -1.00004221383, 25.0361356758, -0.00486638749583, -0.143832627741
0.05, -1.00003485492, 25.0346624076, 0.00403158454298, -0.155757131966
0.06, -0.999970623076, 25.0330673834, 0.00520698831584, -0.168044683341
0.07, -0.999956261099, 25.0313484323, -0.00347735490848, -0.180548261265
0.08, -1.00001673908, 25.0295032409, -0.0076097194198, -0.193397346121
0.09, -1.00005170164, 25.0275270272, -0.000156046635022, -0.206625165932
0.1, -1.00000177962, 25.0254179092, 0.00656955942746, -0.219980170863
0.11, -0.999949156311, 25.0231748663, 0.00125168380566, -0.233459818022
0.12, -0.999982232371, 25.0207936592, -0.00742092138839, -0.247525477441
0.13, -1.00004703877, 25.0182714721, -0.00491865807475, -0.261665034839
0.14, -1.00003520077, 25.0156072411, 0.00475813924292, -0.275934126256
0.15, -0.999965090498, 25.0127995813, 0.00548753007713, -0.290462814682
0.16, -0.999953433706, 25.0098442082, -0.00413911958797, -0.305346287387
0.17, -1.00002095444, 25.0067393996, -0.00813669229231, -0.320343646527
0.18, -1.00005565759, 25.0034840813, 0.000328404590781, -0.335559252226
0.19, -0.999998541734, 25.0000743645, 0.00725930657714, -0.351100373253
0.2, -0.999943830491, 24.9965089208, 0.00098225040475, -0.366704606134
0.21, -0.999978791256, 24.9927865798, -0.00345383346432, -0.382609883972
0.22, -1.00003985732, 24.9889029538, -0.00581839385477, -0.398959825482
0.23, -1.00004240454, 24.9848532884, 0.00332160906958, -0.415652778464
0.24, -0.999977114229, 24.9806369198, 0.00597647621967, -0.432296628767
0.25, -0.999951907462, 24.9762531783, -0.00246310104841, -0.449245714716
0.26, -1.0000095409, 24.9716970476, -0.00803782777059, -0.466754774762
0.27, -1.00005440754, 24.9669641265, -0.00131994134203, -0.484479814482
0.28, -1.00001056608, 24.9620537612, 0.00662241069486, -0.502389995649
0.29, -0.999949718266, 24.9569602171, 0.002468802257, -0.520974577134
0.3, -0.999973717075, 24.9516799694, -0.00706337964543, -0.53973272941
0.31, -1.0000437662, 24.946211815, -0.00603752032653, -0.558551187624
0.32, -1.00004291866, 24.9405542438, 0.00401348224678, -0.577760579021
0.33, -0.99997113659, 24.9347011835, 0.00637611158544, -0.597482586569
0.34, -0.999947628414, 24.9286490797, -0.00307728571436, -0.617797486546
0.35, -1.00000232833, 24.9223874262, -0.00636251432639, -0.639437121684
0.36, -1.0000484113, 24.9159036881, -0.00240383099657, -0.661944898354
0.37, -1.00001875961, 24.9091931487, 0.00536167132052, -0.684791985369
0.38, -0.999960308922, 24.9022510077, 0.00317791080056, -0.70848504294
0.39, -0.999970237664, 24.8950659224, -0.00549934748818, -0.733104242728
0.4, -1.00003275208, 24.8876325595, -0.00620804717518, -0.758128389361
0.41, -1.00004338237, 24.8799473748, 0.00238785348261, -0.783463153841
0.42, -0.999982975393, 24.8720083636, 0.00600089203991, -0.808965522306
0.43, -0.999951598892, 24.8638001923, -0.00154909990429, -0.837050528247
0.44, -1.00000245067, 24.8553112386, -0.00778719966993, -0.865212127126
0.45, -1.0000514894, 24.8465392125, -0.00219315544931, -0.893846698233
0.46, -1.00001611384, 24.8374745787, 0.00604747819991, -0.923496488199
0.47, -0.999954005493, 24.8281123616, 0.00313755755235, -0.95337115284
0.48, -0.999969055319, 24.8184506484, -0.00627015318703, -0.983388292306
0.49, -1.00003743971, 24.8084867315, -0.00647026708908, -1.01403294535
0.5, -1.00004516936, 24.7982109509, 0.00304639829148, -1.04549360354
0.51, -0.999978014981, 24.787620107, 0.00647017587053, -1.07705122406
0.52, -0.999947391607, 24.7767120423, -0.0020752401557, -1.10916301693
0.53, -1.00000546428, 24.7654779481, -0.00845771504526, -1.14198404099
0.54, -1.00005622563, 24.7539149226, -0.00189295772657, -1.17494814632
0.55, -1.00001415643, 24.7420210667, 0.00681075138911, -1.20838559204
0.56, -0.999948184545, 24.7297865682, 0.00308768478205, -1.24303866416
0.57, -0.999968553116, 24.7172016333, -0.00705998462837, -1.27821189066
0.58, -1.00002803908, 24.7042642723, -0.00628510379734, -1.31351952493
0.59, -1.00004496815, 24.690972076, 0.00151738133053, -1.34940868372
0.6, -0.999990133741, 24.6773178466, 0.00588359577008, -1.38567322286
0.61, -0.99995362774, 24.6632997359, -0.000664855843883, -1.4224131824
0.62, -0.999996720382, 24.6489098425, -0.00735246863522, -1.45995578519
0.63, -1.00004814231, 24.6341391543, -0.00293774559138, -1.49833746499
0.64, -1.00002129575, 24.6189855697, 0.00535718934419, -1.53655721981
0.65, -0.999959537297, 24.6034497124, 0.00366474471768, -1.57479118652
0.66, -0.999965838918, 24.5875308697, -0.0053786931818, -1.61338639212
0.67, -1.00003078684, 24.5712222606, -0.00670930248661, -1.6524781734
0.68, -1.00004621592, 24.5545224853, 0.00205453330617, -1.69183888656
0.69, -0.999985129227, 24.5374242351, 0.00637206796443, -1.73214190608
0.7, -0.999948672606, 24.5199188931, -0.00110234970639, -1.77301799843
0.71, -0.999998572373, 24.5020048958, -0.00804045603986, -1.8138767856
0.72, -1.00005255878, 24.4836834297, -0.00275265220905, -1.85469131843
0.73, -1.00001978635, 24.4649489674, 0.00610222855057, -1.89626236229
0.74, -0.999953675909, 24.4457998604, 0.00369127206537, -1.93764509838
0.75, -0.999964808813, 24.4262364369, -0.00615275720852, -1.97935551382
0.76, -1.00003594905, 24.4062509145, -0.00701021859362, -2.02203047061
0.77, -1.0000486314, 24.3858360203, 0.00272792947884, -2.06498205598
0.78, -0.999980375376, 24.364992251, 0.00689578030438, -2.1078136278
0.79, -0.999944357365, 24.3437216764, -0.00162143439999, -2.15045959702
0.8, -1.0000017646, 24.3220196502, -0.0087584731948, -2.19393408117
0.81, -1.00005789484, 24.2998839045, -0.00247830546671, -2.23723734889
0.82, -1.00001835228, 24.2773164092, 0.00690909117207, -2.28029622469
0.83, -0.999947731416, 24.2543183094, 0.00370111395554, -2.32358548287
0.84, -0.99996406442, 24.2308838844, -0.00696925149019, -2.36730721353
0.85, -1.00002674385, 24.207011698, -0.00687743800663, -2.41137573387
0.86, -1.00004896505, 24.1826952514, 0.00119538796698, -2.4561373807
0.87, -0.999992719265, 24.1579282485, 0.00636258587116, -2.5012349708
0.88, -0.999950390933, 24.1327114458, -0.000188742793442, -2.54610664051
0.89, -0.999992994789, 24.1070459784, -0.00769423121297, -2.59120137284
0.9, -1.0000502265, 24.0809267301, -0.0035518726446, -2.63660531553
0.91, -1.00002589535, 24.054354778, 0.00548335716283, -2.68175650744
0.92, -0.99995912041, 24.0273325187, 0.00432012815607, -2.7266756769
0.93, -0.999961218652, 23.9998611081, -0.00529953529339, -2.77182187221
0.94, -1.000029922, 23.9719353679, -0.0073654141779, -2.81728143506
0.95, -1.00005098599, 23.9435554908, 0.00173137455653, -2.8628830079
0.96, -0.999988141212, 23.91471465, 0.0069171835554, -2.90945635973
0.97, -0.999945223281, 23.8854056401, -0.000582852321575, -2.95627095491
0.98, -0.999994824304, 23.8556301813, -0.00844870660329, -3.00275250431
0.99, -1.00005547486, 23.8253905365, -0.00344406521762, -3.0493459863
1.0, -1.0000254717, 23.7946812205, 0.00625902848545, -3.09666642291
1.01, -0.999953530976, 23.7634955665, 0.00444808203188, -3.14436140374
1.02, -0.999959853591, 23.7318347819, -0.00606205645879, -3.19170445898
1.03, -1.00003531005, 23.6997007497, -0.0077668677618, -3.23924379315
1.04, -1.00005458472, 23.6670894052, 0.00234684482674, -3.28691933688
1.05, -0.999984353266, 23.6340029028, 0.00751728619909, -3.33428948853
1.06, -0.999941056306, 23.6004430742, -0.00103798035995, -3.38182330152
1.07, -0.999987387112, 23.5664064705, -0.00683555672052, -3.42915407712
1.08, -1.00005120168, 23.5318970183, -0.0047532215697, -3.47667766944
1.09, -1.00003644312, 23.4969133824, 0.00504038918334, -3.52412697769
1.1, -0.999964939437, 23.4614546344, 0.00542424307801, -3.571289085
1.11, -0.999955553499, 23.4255309974, -0.00447424721267, -3.61714789401
1.12, -1.00002516801, 23.3891553619, -0.00821090094922, -3.66172171962
1.13, -1.00005818762, 23.3523404835, 0.000614893909465, -3.70503507661
1.14, -0.999998373451, 23.3150987267, 0.00739509059669, -3.74713786017
1.15, -0.999944561813, 23.2774419395, 0.000692617322114, -3.78807579977
1.16, -0.999982628048, 23.2393815895, -0.00362614687822, -3.82790653876
1.17, -1.00004387477, 23.2009291303, -0.00568926006918, -3.86654563797
1.18, -1.00004398325, 23.1620955141, 0.00355482567946, -3.90412920967
1.19, -0.99997789418, 23.1228914584, 0.00586950956016, -3.94066773176
1.2, -0.99995523432, 23.0833272159, -0.00279533271139, -3.97619508831
1.21, -1.00001491542, 23.0434127998, -0.00810064982165, -4.01072735145
1.22, -1.00005828435, 23.0031580977, -0.00106477372479, -4.04428113006
1.23, -1.00001229447, 22.9625727207, 0.00670587067253, -4.07689460709
1.24, -0.99995279482, 22.9216658504, 0.00216454453251, -4.10860743886
1.25, -0.999979920306, 22.8804463679, -0.00731243698872, -4.13943939449
1.26, -1.00005016897, 22.8389230378, -0.00588036753762, -4.16939939027
1.27, -1.000046751, 22.7971044903, 0.00425093399659, -4.19851143575
1.28, -0.999974497275, 22.7549989931, 0.00622048872285, -4.22681656524
1.29, -0.999954128934, 22.7126144531, -0.00345053811298, -4.25434144311
1.3, -1.00001097059, 22.6699586253, -0.00639638650291, -4.2810917409
1.31, -1.00005539634, 22.627039185, -0.00213304710685, -4.30708641521
1.32, -1.00002372736, 22.583863585, 0.00542478867084, -4.3323497519
1.33, -0.999966995199, 22.540438948, 0.00284125936268, -4.35691589486
1.34, -0.999980396215, 22.4967721379, -0.00576495327537, -4.38080166551
1.35, -1.00004321502, 22.4528699281, -0.00604681888827, -4.40401245753
1.36, -1.00005137393, 22.4087390152, 0.002615653952, -4.42656418166
1.37, -0.999990767721, 22.3643858254, 0.00582565370198, -4.44848976157
1.38, -0.99996273158, 22.319816478, -0.00192803193962, -4.46981265963
1.39, -1.00001590528, 22.2750369512, -0.00783480083359, -4.49053910289
1.4, -1.00006340876, 22.2300532017, -0.00192638351498, -4.51067410798
1.41, -1.00002627526, 22.1848710385, 0.00607783428162, -4.53024278859
1.42, -0.99996635469, 22.1394959593, 0.00276628990604, -4.54927460362
1.43, -0.999985092114, 22.0939332515, -0.00653107693891, -4.56778091431
1.44, -1.00005371316, 22.048188169, -0.00629456028858, -4.58576161363
1.45, -1.00005907731, 22.0022659362, 0.0032513455068, -4.60322906177
1.46, -0.999992241717, 21.9561715325, 0.00623766120125, -4.62021363169
1.47, -0.999965544368, 21.9099096654, -0.00249073839467, -4.63673438077
1.48, -1.00002609101, 21.8634849505, -0.00849666020473, -4.65279236091
1.49, -1.00007527555, 21.8169020325, -0.00162644602223, -4.66838835188
1.5, -1.00003173692, 21.7701654369, 0.00680351402797, -4.68354548187
1.51, -0.999968474329, 21.7232793995, 0.00265716265331, -4.69829023244
1.52, -0.999993152923, 21.676247985, -0.00735940947325, -4.71262940608
1.53, -1.000053361, 21.6290752893, -0.00677181811659, -4.72655834571
1.54, -1.00007179443, 21.5817653499, 0.00166210881649, -4.74008914681
1.55, -1.00001396316, 21.5343220544, 0.00621070947626, -4.75324449601
1.56, -0.99997697825, 21.4867490418, -0.000879764366847, -4.76604279616
1.57, -1.00002498906, 21.4390498603, -0.0079355517099, -4.77848475211
1.58, -1.00008059248, 21.3912281023, -0.00309284165321, -4.79056739202
1.59, -1.00005220934, 21.3432873041, 0.00571964983313, -4.80230708171
1.6, -0.999987740934, 21.2952307587, 0.00376777717357, -4.81372817912
1.61, -0.999996771084, 21.2470615916, -0.00589373487918, -4.82483794698
1.62, -1.00006749283, 21.1987829399, -0.00716624160545, -4.83563053121
1.63, -1.00008417472, 21.1503979866, 0.00224640384594, -4.84610975223
1.64, -1.00001969753, 21.10190975, 0.00672756693838, -4.85629974552
1.65, -0.999982865265, 21.0533210172, -0.0013488611723, -4.86621650076
1.66, -1.00003337996, 21.0046344843, -0.00391563774801, -4.87588888618
1.67, -1.00008350712, 20.9558530715, -0.00377809915515, -4.88521614683
1.68, -1.00006841211, 20.9069794039, 0.00427200153511, -4.89430942888
1.69, -1.00001035818, 20.8580160858, 0.0040232993911, -4.90315579918
1.7, -1.00000765142, 20.8089655261, -0.00429371852377, -4.9117628876
1.71, -1.00006758624, 20.7598301374, -0.0068610270407, -4.92012520902
1.72, -1.00009239235, 20.7106123902, 0.000741592824552, -4.92824300369
1.73, -1.0000415134, 20.6613146444, 0.00592020008118, -4.93613533217
1.74, -1.0000009145, 20.611939059, -7.62361151787e-05, -4.94381725877
1.75, -1.00004100037, 20.5624877281, -0.00739723422062, -4.95128703849
1.76, -1.00009791308, 20.5129628182, -0.00375167964844, -4.95853770922
1.77, -1.00007829702, 20.4633664948, 0.00493169203127, -4.96557962404
1.78, -1.0000156538, 20.4137007343, 0.00415893798962, -4.97243302522
1.79, -1.00001651404, 20.3639673715, -0.00496579862194, -4.97910326362
1.8, -1.00008273149, 20.3141682727, -0.00726067144978, -4.98558198803
1.81, -1.00010632989, 20.2643053863, 0.00126377179025, -4.99186803377
1.82, -1.00004889304, 20.2143805517, 0.00648344981477, -4.99798071897
1.83, -1.00000750566, 20.1643954122, -0.00043645289699, -5.0039336799
1.84, -1.00005417583, 20.1143515675, -0.00810748194123, -5.00972255008
1.85, -1.00011425698, 20.064250718, -0.0036353119756, -5.01533799169
1.86, -1.00008911173, 20.0140945731, 0.00568475691318, -5.02079061351
1.87, -1.0000214649, 19.9638846494, 0.00428905200388, -5.02610033593
1.88, -1.00002635151, 19.9136223348, -0.00569600836442, -5.03127036294
1.89, -1.00009909318, 19.8633090741, -0.00764228425325, -5.0362897683
1.9, -1.00012084502, 19.8129464148, 0.00187507690167, -5.04115664143
1.91, -1.00005616771, 19.7625357922, 0.007078161486, -5.04589066569
1.92, -1.00001424533, 19.7120784465, -0.000860252062275, -5.05050443985
1.93, -1.00005780758, 19.6615756039, -0.0065724721647, -5.05498875246
1.94, -1.00012110604, 19.6110285903, -0.00490463506853, -5.0593411411
1.95, -1.0001105751, 19.560438746, 0.00452850851899, -5.06356295106
1.96, -1.00004318372, 19.5098072659, 0.00524489425003, -5.06767443747
1.97, -1.00003280191, 19.4591352026, -0.00415018658306, -5.07168086114
1.98, -1.00009977259, 19.4084236478, -0.00806487114302, -5.07557183916
1.99, -1.00013485707, 19.3576738126, 0.000185384578467, -5.07934143818
2.0, -1.00008034957, 19.3068868442, 0.00695684132488, -5.08300597838
2.01, -1.00002808112, 19.2560636984, 0.000841854634774, -5.08658002777
2.02, -1.00006324305, 19.2052052536, -0.00343368435199, -5.09008993614
2.03, -1.00012397615, 19.1543126484, -0.00582938814047, -5.09342913945
2.04, -1.00012804616, 19.1033868245, 0.00307284442609, -5.0966981378
2.05, -1.00006572511, 19.0524287695, 0.00570851771922, -5.09988113721
2.06, -1.00004206762, 19.0014392842, -0.00249648253643, -5.10298547442
2.07, -1.0000993191, 18.9504191861, -0.00797393211955, -5.10600214147
2.08, -1.00014461305, 18.8993694158, -0.00146292067124, -5.10892254398
2.09, -1.00010345296, 18.8482908954, 0.00630703514429, -5.11175896657
2.1, -1.00004529132, 18.7971843697, 0.00230409548861, -5.11452688871
2.11, -1.00006957001, 18.7460505158, -0.0069868284047, -5.11722344373
2.12, -1.00013908106, 18.6948901123, -0.00603928004088, -5.11983595432
2.13, -1.00013987059, 18.6437040267, 0.00374314964043, -5.12236561577
2.14, -1.00007131064, 18.5924929933, 0.00608917857632, -5.12483092077
2.15, -1.00004938912, 18.5412575984, -0.00309474264395, -5.12723824268
2.16, -1.00010363892, 18.4899984716, -0.00631331282461, -5.12957434006
2.17, -1.00015012142, 18.4387163559, -0.00253025935343, -5.13183813991
2.18, -1.00012294789, 18.3874119738, 0.00507360669635, -5.1340338888
2.19, -1.00006704379, 18.3360859134, 0.00301529280699, -5.13617701296
2.2, -1.0000774975, 18.2847386823, -0.00545677025353, -5.13826709489
2.21, -1.00013979142, 18.2333708664, -0.00622670839849, -5.14029259507
2.22, -1.00015205481, 18.1819831487, 0.00213869922246, -5.14225159637
2.23, -1.00009460381, 18.1305761206, 0.00574913181352, -5.14415971601
2.24, -1.00006462299, 18.0791502307, -0.00156043355615, -5.14602472984
2.25, -1.00011505247, 18.0277059829, -0.00772212881221, -5.14781466712
2.26, -1.00016468216, 17.9762444892, -0.00234728205276, -5.14948366588
2.27, -1.00013210465, 17.9247667568, 0.00573806250704, -5.1510686178
2.28, -1.00007255494, 17.8732735552, 0.00300219500607, -5.15258144009
2.29, -1.00008772895, 17.8217656223, -0.00617901056039, -5.15400624619
2.3, -1.00015567242, 17.770243941, -0.0064854093373, -5.15533850519
2.31, -1.00016527292, 17.7187093778, 0.00276713178802, -5.15658790972
2.32, -1.00010131442, 17.6671627286, 0.00621492370683, -5.15774628318
2.33, -1.00007192463, 17.6156050625, -0.00204912290189, -5.15880927835
2.34, -1.00012923389, 17.5640370769, -0.00836560778688, -5.159807493
2.35, -1.00018061692, 17.5124594974, -0.00206959416872, -5.16072957992
2.36, -1.00014163604, 17.4608730678, 0.00648707598158, -5.16157611206
2.37, -1.00007814449, 17.4092785637, 0.00297149146796, -5.16235612002
2.38, -1.00009852642, 17.3576764872, -0.00695520982915, -5.16308866121
2.39, -1.00015790686, 17.3060674464, -0.00629182656109, -5.16374229367
2.4, -1.00017619385, 17.2544523117, 0.00131444163823, -5.16431791902
2.41, -1.00012408568, 17.2028316635, 0.00563866288371, -5.16485119391
2.42, -1.00008929341, 17.151205944, -0.000716708839544, -5.16532425969
2.43, -1.00013231585, 17.09957586, -0.00729298153641, -5.16573051853
2.44, -1.00018408637, 17.04794198, -0.00303696599098, -5.16608361201
2.45, -1.00015956839, 16.9963048554, 0.00508940240431, -5.16637796051
2.46, -1.00010038913, 16.9446651927, 0.00350244371864, -5.16659458514
2.47, -1.00010732689, 16.8930236451, -0.00533208583565, -5.16676176849
2.48, -1.00017199152, 16.8413806573, -0.00669904318004, -5.16687258921
2.49, -1.00018881125, 16.7897369724, 0.00183904765369, -5.16691353224
2.5, -1.00013061722, 16.7380930883, 0.00611836174962, -5.1669091719
2.51, -1.00009584651, 16.6864494794, -0.0011366394117, -5.16686817678
2.52, -1.00014548674, 16.6348064387, -0.00796067481792, -5.16679193857
2.53, -1.00019979387, 16.5831644298, -0.00286361965402, -5.16664737564
2.54, -1.00016964515, 16.5315243638, 0.00580508989722, -5.16642519606
2.55, -1.00010616762, 16.4798866169, 0.0035519683445, -5.16618528009
2.56, -1.0001175331, 16.4282513934, -0.00605910265394, -5.16591088133
2.57, -1.00018818421, 16.376619205, -0.0070038456329, -5.16558442223
2.58, -1.00020259201, 16.32499048, 0.00246903609515, -5.16522146574
2.59, -1.00013753132, 16.2733655745, 0.00663817795355, -5.16481732101
2.6, -1.00010293873, 16.2217449126, -0.00160707522578, -5.16437345372
2.61, -1.00014936898, 16.1701289156, -0.00637477068505, -5.16388875481
2.62, -1.0002061029, 16.1185179149, -0.00405580045244, -5.16337399975
2.63, -1.00019030987, 16.066912243, 0.00462403412073, -5.16282024745
2.64, -1.00012777454, 16.0153123122, 0.00442414772828, -5.1622372833
2.65, -1.00012434353, 15.9637182467, -0.00451348204502, -5.16164534282
2.66, -1.00018867639, 15.9121302654, -0.00734053825917, -5.16100967894
2.67, -1.00021575746, 15.8605489373, 0.000809087843136, -5.16031764284
2.68, -1.00016122175, 15.808974747, 0.00643711874716, -5.15959532832
2.69, -1.00011709346, 15.7574077946, 3.6318626117e-05, -5.15887011782
2.7, -1.00015972994, 15.7058481836, -0.00787953231522, -5.15811595265
2.71, -1.00022111508, 15.6542963491, -0.00402190452313, -5.15732226419
2.72, -1.00020041289, 15.6027525614, 0.00533979959463, -5.15651118905
2.73, -1.00013284362, 15.5512168755, 0.00458105008305, -5.1557121566
2.74, -1.00013313393, 15.4996894251, -0.00522883465762, -5.15484317997
2.75, -1.00020416711, 15.4481708689, -0.00776825646926, -5.15394223623
2.76, -1.00022994846, 15.3966614512, 0.00136980777094, -5.15301815277
2.77, -1.00016831003, 15.345161355, 0.00704871961626, -5.15207468698
2.78, -1.00012324946, 15.2936708018, -0.000344230782828, -5.15111790062
2.79, -1.00016824786, 15.242189786, -0.00395220888192, -5.15018819153
2.8, -1.00022507475, 15.1907185783, -0.00478865372257, -5.149164182
2.81, -1.00021778352, 15.1392574572, 0.0039416170757, -5.14814251391
2.82, -1.00015563061, 15.087806574, 0.004946490607, -5.1471185787
2.83, -1.00014362566, 15.036365937, -0.00363747744388, -5.14608357986
2.84, -1.00020462429, 14.984935844, -0.0075730803082, -5.14500695142
2.85, -1.00023926687, 14.9335167383, -0.000156892021606, -5.14389609181
2.86, -1.00019063583, 14.882108796, 0.0063515989946, -5.14277859047
2.87, -1.00014075549, 14.8307120091, 0.000996462132847, -5.14165752023
2.88, -1.00017541777, 14.7793265612, -0.00746788456395, -5.14051613217
2.89, -1.00023997475, 14.7279525684, -0.00485981760682, -5.13936427322
2.9, -1.00022845187, 14.6765902295, 0.00464079025119, -5.13817396393
2.91, -1.00016070185, 14.6252400457, 0.00520530865362, -5.13695345079
2.92, -1.00015151866, 14.5739020431, -0.00429923093889, -5.13572766969
2.93, -1.00021951126, 14.5225764494, -0.00809331267194, -5.13447635195
2.94, -1.00025396751, 14.4712634159, 0.000308023532282, -5.13321677964
2.95, -1.00019847377, 14.419962977, 0.00700469222962, -5.1319625763
2.96, -1.00014679986, 14.3686750172, 0.000709756784212, -5.13071674624
2.97, -1.0001834821, 14.3173996615, -0.00357296348867, -5.12946075939
2.98, -1.00024444029, 14.2661374309, -0.00575178468067, -5.12811335876
2.99, -1.00024719945, 14.214888349, 0.00321211944012, -5.12679276998
3.0, -1.00018439854, 14.1636524635, 0.00566783519199, -5.12547707212
3.01, -1.00016200449, 14.1124296521, -0.00265102517483, -5.12416981451
3.02, -1.00022017114, 14.0612200544, -0.00797759129709, -5.12283812187
3.03, -1.00026444625, 14.010023833, -0.00129777132189, -5.12149442449
3.04, -1.00022198259, 13.9588410906, 0.00637165910121, -5.1201388831
3.05, -1.00016442763, 13.9076719635, 0.00215933651234, -5.11878089863
3.06, -1.00019029066, 13.8565163434, -0.00710429933976, -5.1174338322
3.07, -1.00025980745, 13.8053742734, -0.00593672511461, -5.11605280168
3.08, -1.00025908876, 13.7542463419, 0.00388970581896, -5.11462675761
3.09, -1.00019013159, 13.7031326226, 0.0060276034456, -5.11321321574
3.1, -1.00016969645, 13.6520329663, -0.00326798483447, -5.11181241281
3.11, -1.00022495412, 13.6009473063, -0.00631914328218, -5.11040100625
3.12, -1.00027028817, 13.5498759159, -0.00234515357775, -5.10896749986
3.13, -1.00024166137, 13.4988189276, 0.00514339186843, -5.10751707604
3.14, -1.00018644024, 13.4477765556, 0.00285628028347, -5.10604644481
3.15, -1.00019857659, 13.3967489082, -0.0055762658514, -5.10457758966
3.16, -1.0002607329, 13.3457359302, -0.00609919078989, -5.10310938768
3.17, -1.00027123488, 13.2947377865, 0.00230474240403, -5.10159809927
3.18, -1.0002133536, 13.2437549357, 0.00567640974117, -5.10007100555
3.19, -1.0001850766, 13.1927872511, -0.00175720713226, -5.098563486
3.2, -1.00023656977, 13.1418345879, -0.0077157791422, -5.09706265814
3.21, -1.00028489213, 13.0908969924, -0.00214732490719, -5.09554170162
3.22, -1.00025083876, 13.0399747331, 0.00579851496555, -5.09400802542
3.23, -1.00019215724, 12.9890677717, 0.00281984873699, -5.0924753839
3.24, -1.00020914667, 12.9381762252, -0.00629960782579, -5.09092276642
3.25, -1.00027682586, 12.8873002801, -0.00633856688825, -5.08936012978
3.26, -1.00028451743, 12.836439996, 0.0029380404089, -5.08779342669
3.27, -1.00022025344, 12.7855953193, 0.00611710997197, -5.08624169795
3.28, -1.00019282425, 12.734766088, -0.00226656042166, -5.08469515461
3.29, -1.00025122406, 12.6839524291, -0.00834779840499, -5.08312367687
3.3, -1.00030110128, 12.633154633, -0.00185047043481, -5.08153092229
3.31, -1.00026059759, 12.5823728031, 0.00653675968825, -5.07992704583
3.32, -1.00019820071, 12.5316069916, 0.00276235324896, -5.07833754325
3.33, -1.00022055231, 12.480856989, -0.00707832965946, -5.07676075562
3.34, -1.00027971654, 12.4301228154, -0.00680095260509, -5.0751636016
3.35, -1.00030019098, 12.3794047244, 0.00138529263768, -5.07354508195
3.36, -1.00024445917, 12.3287029056, 0.00613708393405, -5.07192125733
3.37, -1.00020632201, 12.2780172238, -0.000625372755758, -5.07031607392
3.38, -1.00025197763, 12.2273475445, -0.00777588244094, -5.06870859599
3.39, -1.00030812938, 12.176694074, -0.00329941529495, -5.06708166679
3.4, -1.00028248663, 12.126056858, 0.00548713396652, -5.06546151528
3.41, -1.0002185143, 12.0754358025, 0.00390293248034, -5.06384345232
3.42, -1.00022501288, 12.0248309339, -0.00560462684465, -5.0622296069
3.43, -1.00029443673, 11.974242196, -0.00719867558052, -5.06060558532
3.44, -1.00031331796, 11.9236698644, 0.00194890914423, -5.05895931436
3.45, -1.00025096416, 11.8731139812, 0.00666661839366, -5.05731162905
3.46, -1.00021268995, 11.8225746256, -0.00106317428442, -5.05565375812
3.47, -1.00026071475, 11.7720518355, -0.00380805187508, -5.0540275475
3.48, -1.00031167144, 11.7215465478, -0.00400880457743, -5.05204105614
3.49, -1.00029935148, 11.6710631989, 0.00405347470527, -5.04968621653
3.5, -1.00024150107, 11.6206044697, 0.00419076616058, -5.04712521158
3.51, -1.000236089, 11.570173568, -0.00400643717995, -5.04399196
3.52, -1.00029493636, 11.5197769275, -0.00692360345038, -5.04043247478
3.53, -1.0003221484, 11.4694172439, 0.00043652374172, -5.03660466831
3.54, -1.00027324115, 11.4190991535, 0.00589123268966, -5.03180538386
3.55, -1.00023086322, 11.3688368543, 0.000236636132423, -5.02526333241
3.56, -1.00026833969, 11.3186522098, -0.00724402220584, -5.01667467937
3.57, -1.00032615867, 11.2685606285, -0.00401219984801, -5.00637796726
3.58, -1.00030978132, 11.2185871804, 0.00467964267602, -4.99286493219
3.59, -1.00024729452, 11.1687645097, 0.00437766454052, -4.97675510073
3.6, -1.00024480899, 11.1191107356, -0.0046135104622, -4.95912343278
3.61, -1.00030984249, 11.0696414, -0.00734474899863, -4.93990864432
3.62, -1.00033635317, 11.0203755184, 0.000919184247403, -4.91741241684
3.63, -1.00028100552, 10.9713611862, 0.00648945619098, -4.89076312227
3.64, -1.00023732323, 10.9226207692, -4.86012136583e-05, -4.86265857087
3.65, -1.00028106216, 10.8741770993, -0.00794482378531, -4.82984594909
3.66, -1.00034242612, 10.826095382, -0.00392564937314, -4.79243355113
3.67, -1.00032062862, 10.7783975532, 0.00547055665619, -4.75286990984
3.68, -1.00025272531, 10.7311060957, 0.00457000764047, -4.7106164627
3.69, -1.00025399248, 10.6842525238, -0.00531723183186, -4.66538374941
3.7, -1.00031186965, 10.6378664498, -0.00732535287027, -4.61774974489
3.71, -1.00034828526, 10.5919627185, -0.000532636560099, -4.5689402557
3.72, -1.00030345549, 10.5465528888, 0.00615975436287, -4.5180976071
3.73, -1.00025223262, 10.5016772647, 0.00143758631083, -4.46322741057
3.74, -1.00028194695, 10.4573540046, -0.00700586579663, -4.4071938998
3.75, -1.00034560684, 10.4136095571, -0.00503804208098, -4.34750144779
3.76, -1.00033831759, 10.3704709695, 0.00421895195799, -4.28655277392
3.77, -1.00027251296, 10.3279448727, 0.00534605575641, -4.22461198398
3.78, -1.00025929226, 10.2860521618, -0.00371505590787, -4.16038828195
3.79, -1.00031120508, 10.2448044782, -0.00681435708116, -4.09532475899
3.8, -1.00035424175, 10.2042197641, -0.0018847454887, -4.02859353285
3.81, -1.00032248735, 10.1643119211, 0.00532710191568, -3.9612181111
3.82, -1.00026852986, 10.1250825452, 0.00259523162865, -3.89335314593
3.83, -1.00028372695, 10.0865412527, -0.00573558711901, -3.82491539404
3.84, -1.00034507834, 10.0486851561, -0.00574332830523, -3.75648925379
3.85, -1.00035138907, 10.0115186007, 0.00273928205921, -3.68713807484
3.86, -1.00029216923, 9.97506213672, 0.00560449831202, -3.61683284929
3.87, -1.00026698334, 9.9393116733, -0.00207755197594, -3.54643929016
3.88, -1.0003201442, 9.90426579961, -0.00760460137283, -3.47603573451
3.89, -1.00036518193, 9.86992682645, -0.00163932063727, -3.40523592274
3.9, -1.00032756447, 9.83630650278, 0.00599977046683, -3.33350148251
3.91, -1.00027044027, 9.80341181844, 0.00250748013467, -3.26134021029
3.92, -1.00029069519, 9.77123705535, -0.00643139522742, -3.18959111924
3.93, -1.00034347664, 9.7397938697, -0.00549706080258, -3.11597188613
3.94, -1.0003575879, 9.70909450396, 0.00137967806503, -3.04222898735
3.95, -1.00030985203, 9.67913472544, 0.00501481375241, -2.96827703492
3.96, -1.00027992304, 9.64991386793, -0.000826397223056, -2.89470439024
3.97, -1.00031915952, 9.62141885838, -0.00651065070642, -2.82198492169
3.98, -1.00036373799, 9.59363974778, -0.0024931262232, -2.75015295795
3.99, -1.00033975862, 9.5665676411, 0.00464563695782, -2.6792001221
4.0, -1.00028714018, 9.54019379567, 0.00297366866287, -2.60912876268
4.01, -1.00029472185, 9.51450952342, -0.00487720380055, -2.53992716499
4.02, -1.00035185424, 9.48950632295, -0.00582278560841, -2.47157242764
4.03, -1.00036437185, 9.46517590454, 0.00185816433211, -2.40405020995
4.04, -1.00031126047, 9.44151001801, 0.00542245413305, -2.33736275202
4.05, -1.0002814083, 9.41850030014, -0.00119688241842, -2.27181871232
4.06, -1.00032626375, 9.39613441249, -0.00706918552962, -2.20828178654
4.07, -1.00037267937, 9.37439483026, -0.00230667823383, -2.14650899633
4.08, -1.00034351147, 9.35326413586, 0.00527795159119, -2.08645843922
4.09, -1.00028717321, 9.33272526479, 0.00299809096777, -2.02809620945
4.1, -1.00029868932, 9.31276156597, -0.00551490211321, -1.97137308427
4.11, -1.0003608274, 9.29335695008, -0.0060618714593, -1.91622991282
4.12, -1.00037089453, 9.27449588941, 0.00242738637147, -1.86261918937
4.13, -1.0003117119, 9.25616321293, 0.00585929753064, -1.81051216
4.14, -1.00028216579, 9.23834404686, -0.00163194873105, -1.75987315848
4.15, -1.00033321647, 9.22102395761, -0.00766880787125, -1.71065113768
4.16, -1.00038128484, 9.20418905564, -0.00206473435498, -1.66279479806
4.17, -1.00034617354, 9.18782586534, 0.00597364558668, -1.61627357885
4.18, -1.00028594905, 9.17192114528, 0.00299012041967, -1.57106363453
4.19, -1.00030203068, 9.15646196581, -0.00622515546514, -1.52712513276
4.2, -1.00036949555, 9.14143586763, -0.00629038596837, -1.48440803021
4.21, -1.0003765403, 9.12683085748, 0.00307488496312, -1.44287536217
4.22, -1.00031074553, 9.11263518598, 0.00631331788487, -1.40250950439
4.23, -1.00028188928, 9.09883730002, -0.00213723616553, -1.3632837645
4.24, -1.00032985939, 9.08542601375, -0.00611023965102, -1.32515253277
4.25, -1.00037960008, 9.0723905814, -0.00314807386325, -1.28808130536
4.26, -1.00035793248, 9.05972057505, 0.00482848558783, -1.25204108755
4.27, -1.0002990108, 9.04740574947, 0.00376532441335, -1.21701721745
4.28, -1.00030119843, 9.03543606881, -0.00474672822774, -1.18298083227
4.29, -1.00036211424, 9.02380185985, -0.00654492520761, -1.14989149913
4.3, -1.00038065995, 9.01249384263, 0.00151547991812, -1.1177172466
4.31, -1.00032505448, 9.00150294087, 0.00606783533139, -1.08644548559
4.32, -1.00028760526, 8.99082019934, -0.000610046222781, -1.05605891037
4.33, -1.00033192581, 8.98043692088, -0.00752056321454, -1.02652399992
4.34, -1.00038540356, 8.97034478892, -0.0030424989331, -0.997804297439
4.35, -1.00035863828, 8.96053576606, 0.00550378357494, -0.969882634822
4.36, -1.0002953964, 8.9510019027, 0.00383848884087, -0.942751091833
4.37, -1.00030163815, 8.94173539551, -0.00544827692736, -0.916386314007
4.38, -1.00036855496, 8.93272875342, -0.00688456081723, -0.890752812278
4.39, -1.00038515617, 8.9239748247, 0.00209290078743, -0.865824981969
4.4, -1.00032287674, 8.91546658724, 0.00659290825576, -0.84159779573
4.41, -1.00028521204, 8.90719707343, -0.00103417651147, -0.818059533193
4.42, -1.00033169714, 8.89915949505, -0.00361778260939, -0.795211757193
4.43, -1.00037985541, 8.89134754178, -0.00371752391835, -0.772930837763
4.44, -1.00036596364, 8.88375487639, 0.00410430447684, -0.751298819422
4.45, -1.00030871974, 8.87637539267, 0.0041108456896, -0.730278753176
4.46, -1.00030331197, 8.86920303333, -0.00388375114494, -0.709854632791
4.47, -1.00035973807, 8.86223197625, -0.0066012136199, -0.689998100763
4.48, -1.00038430738, 8.85545668464, 0.000622945154375, -0.670686596235
4.49, -1.00033512418, 8.84887174062, 0.00582720876242, -0.651916300255
4.5, -1.00029351817, 8.84247174646, 0.000223713415345, -0.633681052555
4.51, -1.0003297045, 8.83625144714, -0.00698882828031, -0.61595875715
4.52, -1.00038449124, 8.83020586036, -0.00370846744575, -0.598722465989
4.53, -1.00036628757, 8.82433020453, 0.00474166505036, -0.581962093837
4.54, -1.0003044412, 8.81861970952, 0.00426247598217, -0.565678521935
4.55, -1.00030226708, 8.81306965215, -0.00452293715297, -0.549858843305
4.56, -1.00036476574, 8.80767551835, -0.00700223739155, -0.534477147382
4.57, -1.0003883067, 8.80243305151, 0.00111431737294, -0.519514556564
4.58, -1.00033274062, 8.79733806613, 0.00638353582138, -0.504972370714
4.59, -1.00029013572, 8.79238635257, -0.000103680345205, -0.490847891754
4.6, -1.00033256816, 8.78757381739, -0.00767884195026, -0.477121121522
4.61, -1.0003905334, 8.78289662095, -0.00361599776741, -0.463767439315
4.62, -1.0003670635, 8.77835109026, 0.00546863688081, -0.450781150256
4.63, -1.00030020366, 8.77393351688, 0.00441000436287, -0.438167270599
4.64, -1.00030170059, 8.76964020898, -0.00521934481291, -0.425915015884
4.65, -1.00037053944, 8.76546766772, -0.00739066176325, -0.413999971559
4.66, -1.00039246305, 8.76141263245, 0.00169011549165, -0.402406229021
4.67, -1.00032985877, 8.7574718718, 0.00697270199364, -0.391139572475
4.68, -1.00028649448, 8.75364209363, -0.000492827631257, -0.380199910268
4.69, -1.0003311682, 8.74992007291, -0.00376537250062, -0.36959970797
4.7, -1.0003842768, 8.74630296784, -0.004345041235, -0.359222961478
4.71, -1.00037394955, 8.74278782363, 0.0040781450228, -0.349161547712
4.72, -1.0003126624, 8.73937182275, 0.00474445202086, -0.339388421109
4.73, -1.00030209281, 8.73605209188, -0.00363945029193, -0.329897591097
4.74, -1.00036074053, 8.73282589955, -0.00716253045256, -0.320669161548
4.75, -1.00039117084, 8.72969072461, 0.000187544802753, -0.311687675418
4.76, -1.00034155941, 8.72664408975, 0.00625403592156, -0.302957708809
4.77, -1.0002936896, 8.72368344515, 0.000815066415058, -0.294482562336
4.78, -1.00032806033, 8.72080629406, -0.00722234386164, -0.28624835531
4.79, -1.00038848326, 8.71801033921, -0.00438724316916, -0.278234599116
4.8, -1.000373907, 8.71529342421, 0.00475243371488, -0.270437632477
4.81, -1.00030741207, 8.71265332848, 0.00496053601276, -0.262866729975
4.82, -1.00029984309, 8.71008779376, -0.00429519060433, -0.255516994441
4.83, -1.00036513623, 8.70759469779, -0.00763544400623, -0.248368908229
4.84, -1.00039500168, 8.70517212188, 0.0006715580212, -0.241408632437
4.85, -1.00033860878, 8.70281816232, 0.00688047583708, -0.234644132042
4.86, -1.00028916235, 8.70053081539, 0.00051916315038, -0.228080466071
4.87, -1.00033001722, 8.69830812154, -0.00797391467838, -0.221704035641
4.88, -1.00039431723, 8.69614832015, -0.00434792323017, -0.215494833768
4.89, -1.00037449417, 8.69404977576, 0.00552363935618, -0.209451882778
4.9, -1.00030230778, 8.69201075679, 0.00517672203373, -0.203587151574
4.91, -1.00029818934, 8.69002947868, -0.00501411463616, -0.197896322536
4.92, -1.00035619535, 8.68810430806, -0.00767945668325, -0.192359072755
4.93, -1.00039684641, 8.68623375506, -0.000905550640359, -0.186967071838
4.94, -1.00035166151, 8.6844163762, 0.00650779349023, -0.181724198775
4.95, -1.00029437742, 8.68265062027, 0.00205104293472, -0.176638863775
4.96, -1.0003207117, 8.68093493939, -0.00703703482935, -0.17170143157
4.97, -1.00038773995, 8.67926795403, -0.00556363577211, -0.166892961644
4.98, -1.00038336206, 8.67764842619, 0.00418295463736, -0.162209646881
4.99, -1.000313397, 8.67607503755, 0.00597902045025, -0.157664307633
5.0, -1.0002941037, 8.67454638514, -0.0033582585454, -0.153256851939
5.01, -1.00034859433, 8.67306117199, -0.0060829899875, -0.14896807086
5.02, -1.00039031877, 8.67161826639, -0.00194929521293, -0.144792280253
5.03, -1.00035908908, 8.67021655906, 0.00525009346713, -0.140729329179
5.04, -1.00030454639, 8.66885485778, 0.00270214762947, -0.136788902604
5.05, -1.00031746478, 8.66753194808, -0.00552308624275, -0.132964965412
5.06, -1.00037707552, 8.66624674593, -0.00570997517289, -0.129241396658
5.07, -1.00038379323, 8.6649983028, 0.00259892300584, -0.125612724244
5.08, -1.00032508654, 8.66378561755, 0.00559552524732, -0.122089960793
5.09, -1.00029823599, 8.66260759753, -0.00186645256809, -0.118675688072
5.1, -1.00034890231, 8.66146321018, -0.00745282504911, -0.11535674905
5.11, -1.00039333391, 8.66035158918, -0.00173059401883, -0.112119546778
5.12, -1.00035666009, 8.65927190924, 0.00588823282882, -0.108969979393
5.13, -1.00029892453, 8.65822322721, 0.0026394504968, -0.105918429324
5.14, -1.0003167804, 8.65720457374, -0.00623868823042, -0.102958607927
5.15, -1.00038167234, 8.65621511586, -0.00592027164563, -0.10007391026
5.16, -1.00038542161, 8.65525415377, 0.00323021409346, -0.0972601523813
5.17, -1.00032054022, 8.65432091309, 0.00600386344154, -0.0945305417807
5.18, -1.00029479511, 8.65341451551, -0.00238846432615, -0.0918879259943
5.19, -1.00035225729, 8.65253414634, -0.00805826262368, -0.0893184536574
5.2, -1.00039795588, 8.65167916377, -0.00141237725662, -0.0868086176206
5.21, -1.00035485577, 8.65084895288, 0.00660446647757, -0.0843665439574
5.22, -1.00029371025, 8.6500427606, 0.00255233295797, -0.0820038133527
5.23, -1.00031700518, 8.64925980568, -0.00700462324311, -0.0797135931074
5.24, -1.00038724408, 8.64849945212, -0.0060933660864, -0.0774785677844
5.25, -1.0003872788, 8.647761196, 0.00394819546862, -0.0752958599628
5.26, -1.00031570208, 8.64704443639, 0.00642161031684, -0.0731807959121
5.27, -1.00029149026, 8.64634845791, -0.00298229694975, -0.0711362382435
5.28, -1.00034319521, 8.64567262866, -0.00750339763526, -0.0691459362785
5.29, -1.00039639127, 8.64501645304, -0.00289149513293, -0.0672024918763
5.3, -1.00036671992, 8.64437948023, 0.00580791588902, -0.0653082323509
5.31, -1.00030165559, 8.64376113729, 0.00384331359107, -0.0634766306981
5.32, -1.00030946937, 8.64316079214, -0.00571284744816, -0.0617042698005
5.33, -1.00037810542, 8.64257792955, -0.0069428977, -0.0599750219377
5.34, -1.00039309259, 8.64201218054, 0.00237235339104, -0.0582827713246
5.35, -1.00032798508, 8.64146310977, 0.00677133449377, -0.0566418156315
5.36, -1.00029053679, 8.64093014984, -0.00123892224967, -0.0550583819095
5.37, -1.00033945236, 8.64041273717, -0.00375478735308, -0.0535518369594
5.38, -1.00038767483, 8.63991062003, -0.00359056915177, -0.0520136039221
5.39, -1.00037131304, 8.63942334206, 0.00435869073678, -0.0505450080067
5.4, -1.00031274404, 8.63895051184, 0.00408042274613, -0.0491248557449
5.41, -1.00030907186, 8.63849162777, -0.00414277370007, -0.0477524791216
5.42, -1.00036712121, 8.63804627295, -0.00664775232037, -0.0464144455019
5.43, -1.00039017166, 8.63761416602, 0.000879893348985, -0.0451033660584
5.44, -1.00033853457, 8.6371949918, 0.00596990606277, -0.0438304831474
5.45, -1.00029737671, 8.63678831065, 1.7105777343e-05, -0.042603485911
5.46, -1.00033595986, 8.63639369106, -0.00719761725563, -0.0414134756725
5.47, -1.00039085293, 8.6360108437, -0.00356196123772, -0.0402466720117
5.48, -1.00037000086, 8.63563954557, 0.00501005647232, -0.0391065493323
5.49, -1.00030691788, 8.63527945224, 0.0042098285113, -0.0380067454765
5.5, -1.0003068015, 8.63493014434, -0.00480916727788, -0.036946103902
5.51, -1.00037103923, 8.63459129649, -0.00703983111241, -0.0359101822492
5.52, -1.0003928598, 8.63426272488, 0.00139828633416, -0.0348919754706
5.53, -1.00033473191, 8.63394419634, 0.00652329072982, -0.0339046094343
5.54, -1.00029281644, 8.63363534129, -0.000341560380902, -0.0329560332764
5.55, -1.00033790165, 8.63333580348, -0.00789710459021, -0.0320363158494
5.56, -1.00039587435, 8.63304536899, -0.00344286821029, -0.0311357122463
5.57, -1.00036952122, 8.63276380373, 0.00575393887569, -0.0302657126487
5.58, -1.00030149962, 8.63249072483, 0.00433456113625, -0.0294393686512
5.59, -1.00030537495, 8.63222560453, -0.00553237640138, -0.0286820053584
5.6, -1.00037603638, 8.63196767423, -0.0074149240799, -0.0279902165144
5.61, -1.00039598837, 8.63171641773, 0.00200428892016, -0.027347863456
5.62, -1.00033070033, 8.63147123317, 0.00710803506265, -0.0267876784306
5.63, -1.00028828637, 8.63123111913, -0.000764573010887, -0.0263205164815
5.64, -1.00033022794, 8.63099532341, -0.00636225780857, -0.0259307594707
5.65, -1.0003913302, 8.63076272467, -0.00470184098448, -0.0256838267599
5.66, -1.00037951548, 8.63053190908, 0.00459913914652, -0.0255771785354
5.67, -1.00031178928, 8.63030151764, 0.00528199304704, -0.0255808555443
5.68, -1.00030045288, 8.63007062038, -0.00398932777175, -0.0256738108447
5.69, -1.00036529109, 8.62983829185, -0.00782848388641, -0.0258944375548
5.7, -1.0003984875, 8.62960285348, 0.000319668192844, -0.0262568359419
5.71, -1.00034338681, 8.62936352045, 0.00697706688964, -0.0266761871427
5.72, -1.00029073972, 8.62911956915, 0.000925323022306, -0.0271786913715
5.73, -1.00032898516, 8.62887021539, -0.0079230764512, -0.0277655966852
5.74, -1.00038130794, 8.6286144887, -0.00499220349021, -0.0284337840344
5.75, -1.00038108372, 8.62835190713, 0.0030718879133, -0.0291358351707
5.76, -1.00032310591, 8.62808200893, 0.00508409844884, -0.0299235445351
5.77, -1.00030312907, 8.62780336948, -0.00248777049135, -0.0308536170753
5.78, -1.00035502893, 8.62751513226, -0.00711311831311, -0.0318392549197
5.79, -1.00039259735, 8.62721667723, -0.000963159363094, -0.0329295893195
5.8, -1.00035212644, 8.62690658608, 0.00581794591376, -0.034131471615
5.81, -1.00029992362, 8.62658418447, 0.00184508626485, -0.0353911514721
5.82, -1.00032337681, 8.62624879375, -0.00642683067507, -0.0367462212287
5.83, -1.00038440509, 8.62589916008, -0.00516744995269, -0.0382623634525
5.84, -1.00038104498, 8.62553330537, 0.00368048203824, -0.0399426316744
5.85, -1.00031761841, 8.62515035845, 0.00539241889873, -0.0416826470909
5.86, -1.00029954842, 8.6247492114, -0.00305410279934, -0.0436719891651
5.87, -1.0003580671, 8.62432621228, -0.00765808371027, -0.045948851035
5.88, -1.00039625505, 8.62388009477, -0.000600876026255, -0.0482950001651
5.89, -1.00034950023, 8.62340991902, 0.00647097472287, -0.0507931266008
5.9, -1.00029474534, 8.62291395669, 0.00167647094934, -0.0534167261625
5.91, -1.00032390275, 8.62239134882, -0.00716676801466, -0.0561163315997
5.92, -1.00038958699, 8.6218414296, -0.00525838637914, -0.0588746369842
5.93, -1.0003820959, 8.62126295574, 0.00438861836196, -0.0620109213868
5.94, -1.00031266387, 8.62064911701, 0.00571194756961, -0.0658021468723
5.95, -1.0002968077, 8.61999574714, -0.00367064624188, -0.0699088286579
5.96, -1.00036221416, 8.61929874005, -0.00819843530802, -0.074730458874
5.97, -1.00040052019, 8.61854819823, -0.000161730542048, -0.0803807183412
5.98, -1.00034680349, 8.6177385191, 0.00716309204729, -0.0866652336737
5.99, -1.00028963494, 8.61686259449, 0.00145229374776, -0.0934986468779
6.0, -1.00032512581, 8.61591592539, -0.00795821095007, -0.100912029389
6.01, -1.00038117948, 8.61489221649, -0.00556336180836, -0.108774774339
6.02, -1.00038527838, 8.61378848758, 0.00288224069212, -0.116907202238
6.03, -1.00032502718, 8.61260020455, 0.00558488595524, -0.125900850719
6.04, -1.00029995703, 8.611317401, -0.00213959071891, -0.135554297707
6.05, -1.00035250718, 8.60993613518, -0.00752290829568, -0.145693169081
6.06, -1.00039557767, 8.60845060549, -0.00147184729457, -0.156426132436
6.07, -1.00035629813, 8.60685166841, 0.00605297541317, -0.168174699335
6.08, -1.00029898646, 8.60513353435, 0.00241908267084, -0.180393032488
6.09, -1.00031958205, 8.60329071474, -0.00649173795198, -0.192978997037
6.1, -1.00038495064, 8.60131958815, -0.00579257929686, -0.206270020858
6.11, -1.00038597974, 8.59921143156, 0.00352079515121, -0.220128936918
6.12, -1.00031972447, 8.59696416835, 0.00594638390511, -0.234092095055
6.13, -1.00029637583, 8.59457558858, -0.00272917820129, -0.248610918617
6.14, -1.00035608827, 8.59203735444, -0.00813523587311, -0.263760968976
6.15, -1.00040013443, 8.5893473697, -0.00111275371359, -0.278959616515
6.16, -1.00035420367, 8.58650475749, 0.00676186997462, -0.294289228437
6.17, -1.00029387274, 8.58350819534, 0.00226989538767, -0.309860886362
6.18, -1.00032043054, 8.58035308222, -0.00728905043949, -0.32597506358
6.19, -1.00039102181, 8.57703466951, -0.0059274350017, -0.342392981302
6.2, -1.0003879188, 8.57355154839, 0.00426519694183, -0.359030958897
6.21, -1.00031505386, 8.56990017407, 0.00632484935456, -0.375912156276
6.22, -1.00029374041, 8.56607958173, -0.00336991592479, -0.392880226173
6.23, -1.00034759469, 8.56208832893, -0.00754471336243, -0.410148015851
6.24, -1.00039891388, 8.55792251414, -0.00258966969675, -0.427778045402
6.25, -1.0003666723, 8.55357810949, 0.00592121351809, -0.445852682487
6.26, -1.00030278758, 8.54905110085, 0.00353864365079, -0.464180106718
6.27, -1.000313773, 8.54434013668, -0.00596877120656, -0.482851471825
6.28, -1.00038244395, 8.53943908678, -0.00675722712489, -0.501956292555
6.29, -1.00039437943, 8.53434730487, 0.00265754212654, -0.521004793367
6.3, -1.00032836002, 8.52906469945, 0.0066399227213, -0.540318787879
6.31, -1.00029392999, 8.52358608777, -0.00162047369472, -0.559971865441
6.32, -1.00034970798, 8.51791165707, -0.00848203777496, -0.579488022154
6.33, -1.00040379544, 8.5120427324, -0.00237318276635, -0.598874462979
6.34, -1.00036538144, 8.50598061261, 0.00667238140406, -0.618214339309
6.35, -1.0002974269, 8.49972400409, 0.0035138772989, -0.637749014031
6.36, -1.00031382978, 8.49327199104, -0.00679184915234, -0.657214364949
6.37, -1.0003742639, 8.48662588675, -0.00661416597026, -0.676706157118
6.38, -1.00039539556, 8.47978375107, 0.00116325193913, -0.696265873149
6.39, -1.00034131914, 8.47274736396, 0.00608194184923, -0.715569623021
6.4, -1.00030111647, 8.46551830361, -0.000249722255619, -0.734930239467
6.41, -1.00034249601, 8.45809520576, -0.00742670684394, -0.754243541903
6.42, -1.00039741603, 8.45048020019, -0.00339626745252, -0.77336331916
6.43, -1.00037380863, 8.44267455183, 0.00526547241633, -0.79231689205
6.44, -1.00030994235, 8.43468069809, 0.00408605188597, -0.811064374654
6.45, -1.00031257358, 8.42650013414, -0.00515555030309, -0.829611693366
6.46, -1.00037879493, 8.41813566428, -0.00707805299964, -0.847851150289
6.47, -1.00039874965, 8.40959020666, 0.00168996349226, -0.86586806102
6.48, -1.00033826255, 8.40086524466, 0.00660984360486, -0.883710177018
6.49, -1.00029776515, 8.39196323325, -0.000662004417686, -0.901286177858
6.5, -1.00034606121, 8.38288682444, -0.00814706409593, -0.918593640521
6.51, -1.00040401396, 8.37363845145, -0.00325471680479, -0.93578187359
6.52, -1.00037473135, 8.36421802134, 0.00601663546885, -0.952904574359
6.53, -1.00030610323, 8.3546275826, 0.00417647140411, -0.96979726851
6.54, -1.00031312436, 8.3448690447, -0.00591093253763, -0.986632572684
6.55, -1.00038586332, 8.3349416378, -0.00744017872615, -1.0034601798
6.56, -1.00040370435, 8.32484733133, 0.00232261077995, -1.0200263318
6.57, -1.00033599808, 8.31458843539, 0.00718097771555, -1.0363881766
6.58, -1.00029534029, 8.30416626212, -0.00112513020362, -1.05279411492
6.59, -1.00034060799, 8.29357915562, -0.00658559761707, -1.06931547855
6.6, -1.00040156388, 8.28282701874, -0.00450764165043, -1.08574351843
6.61, -1.00038688605, 8.27191132078, 0.0048472372928, -1.10209517701
6.62, -1.00031874078, 8.26083240069, 0.0051079009698, -1.1183319431
6.63, -1.00031061582, 8.24959173298, -0.00436390528263, -1.13451548995
6.64, -1.00037743897, 8.23818843186, -0.0078426816031, -1.15085458041
6.65, -1.00040850565, 8.22662154006, 0.000632221630698, -1.16723453105
6.66, -1.00035112993, 8.21489060189, 0.00703350131736, -1.18359943017
6.67, -1.00030035569, 8.20299670227, 0.000560623487615, -1.19983197441
6.68, -1.00034204371, 8.19094078104, -0.00817052036808, -1.21614623143
6.69, -1.00040829586, 8.1787201259, -0.00451426766414, -1.23262340261
6.7, -1.00038862959, 8.16633561505, 0.00560757387765, -1.24892838146
6.71, -1.00031486415, 8.15378806245, 0.00531686121657, -1.26537624735
6.72, -1.00031039623, 8.14107458906, -0.00511526024129, -1.28195523456
6.73, -1.0003700546, 8.12819586165, -0.0079209249611, -1.29843431649
6.74, -1.00041244845, 8.11515269222, -0.00100162093954, -1.31491952323
6.75, -1.00036661508, 8.10194419528, 0.00665535801848, -1.33150346901
6.76, -1.00030777481, 8.08856924414, 0.00213137552571, -1.34813326771
6.77, -1.00033469676, 8.07502824915, -0.0072312051683, -1.36478475066
6.78, -1.00040401257, 8.06131992409, -0.00578555783325, -1.38159119985
6.79, -1.00040031628, 8.04744294826, 0.004232381348, -1.39851239911
6.8, -1.0003287526, 8.03339624509, 0.00614796580652, -1.41546304656
6.81, -1.00030874202, 8.01918091965, -0.00342704561979, -1.43233062672
6.82, -1.00036206024, 8.00479436959, -0.0074195072873, -1.44958965134
6.83, -1.00041220318, 7.99023614639, -0.00252146266595, -1.46668297878
6.84, -1.00038045372, 7.97550778342, 0.00578059204938, -1.48362634532
6.85, -1.00031831219, 7.96061033646, 0.0033858031652, -1.50057732062
6.86, -1.00032974918, 7.94554276804, -0.00591456875916, -1.51764378359
6.87, -1.00039723443, 7.93030402026, -0.00662669759517, -1.53473247144
6.88, -1.00040874554, 7.91489478142, 0.00260700406998, -1.55182128396
6.89, -1.00034420006, 7.89931445624, 0.00645044520053, -1.56887850437
6.9, -1.00031112824, 7.88356428131, -0.00167271418114, -1.58579459184
6.91, -1.0003662714, 7.86764534638, -0.00834298111886, -1.60270212343
6.92, -1.00041916713, 7.85155689044, -0.00231284126553, -1.61962151288
6.93, -1.00038145694, 7.83529954679, 0.00650664119766, -1.63656037389
6.94, -1.00031543027, 7.81887255187, 0.0033528494217, -1.65347824323
6.95, -1.00033220844, 7.80227686293, -0.00671724662396, -1.67037203944
6.96, -1.00039127872, 7.78551129504, -0.00646741501604, -1.68744640398
6.97, -1.0004119641, 7.76857474806, 0.00110188361435, -1.70449352477
6.98, -1.00035956799, 7.75146821525, 0.00587038421596, -1.72152337923
6.99, -1.00032083, 7.73419080072, -0.000300301456752, -1.7385924064
7.0, -1.0003614293, 7.71674361571, -0.00726801790199, -1.75547866984
7.01, -1.00041502015, 7.69912821788, -0.00333349577021, -1.77223827558
7.02, -1.00039224378, 7.68134588417, 0.00507942171883, -1.78894753987
7.03, -1.00033045832, 7.66339592475, 0.00391822466186, -1.8056875658
7.04, -1.00033339243, 7.64527929797, -0.00506419074267, -1.82228382511
7.05, -1.00039802146, 7.62699678909, -0.00691656321391, -1.8390074543
7.06, -1.00041757542, 7.60854534153, 0.00160821917922, -1.85591528265
7.07, -1.00035901582, 7.58992546725, 0.0063759288353, -1.8727021196
7.08, -1.0003200186, 7.57113845969, -0.000700865631322, -1.88934643901
7.09, -1.00036730283, 7.55218556845, -0.00796486905487, -1.90595138366
7.1, -1.00042383274, 7.53306600388, -0.003197948435, -1.92260150996
7.11, -1.00039555062, 7.51378092614, 0.0058066892656, -1.9390651172
7.12, -1.0003291503, 7.4943310986, 0.00400685944913, -1.95569888824
7.13, -1.00033631283, 7.47471322199, -0.00579704275536, -1.97251470505
7.14, -1.00040732105, 7.4549280582, -0.00727982844882, -1.98915528458
7.15, -1.00042492587, 7.43497760319, 0.00221465028964, -2.00551064499
7.16, -1.00035929951, 7.41486085272, 0.00694511679554, -2.02237321015
7.17, -1.00032001571, 7.39457773942, -0.00114563456237, -2.03890071346
7.18, -1.00036982003, 7.37412936115, -0.00394216523706, -2.05551980972
7.19, -1.0004210845, 7.35351464646, -0.00390458881311, -2.07218062166
7.2, -1.00040606128, 7.33273244936, 0.00438072097995, -2.08890056795
7.21, -1.00034574672, 7.31178393078, 0.00429014700837, -2.10545311571
7.22, -1.00034110666, 7.2906699184, -0.00421161028773, -2.12207080285
7.23, -1.00040156632, 7.26938921228, -0.00699912226263, -2.13878554723
7.24, -1.00042735837, 7.24794087703, 0.000718763674264, -2.15552037971
7.25, -1.00037512555, 7.22632586979, 0.00615893507527, -2.17212869085
7.26, -1.00033194728, 7.20454600322, 0.000127594574561, -2.18842635349
7.27, -1.00037143168, 7.18260193193, -0.00746966191622, -2.20506994577
7.28, -1.00042966069, 7.16049212161, -0.00388313841668, -2.22159994953
7.29, -1.00040999828, 7.13821557045, 0.00506107723499, -2.23842182108
7.3, -1.00034490397, 7.11577048394, 0.00443625072079, -2.25523818513
7.31, -1.0003438916, 7.09315778319, -0.00490410803804, -2.27201888289
7.32, -1.0004108826, 7.07037671068, -0.00742326333707, -2.2888907942
7.33, -1.00043556199, 7.04742623392, 0.00124448174968, -2.30583454789
7.34, -1.00037661479, 7.02430708423, 0.00674002855785, -2.32263737021
7.35, -1.0003325372, 7.00102003702, -0.000233815194456, -2.339491052
7.36, -1.00037876234, 6.97756378878, -0.00820336586159, -2.3564721925
7.37, -1.00044033907, 6.95393721423, -0.00377916755378, -2.37353915648
7.38, -1.00041513511, 6.93013912932, 0.0058216314826, -2.39070841848
7.39, -1.00034492064, 6.90616933859, 0.00457336559487, -2.40804276099
7.4, -1.00034795702, 6.88202409895, -0.00564830810272, -2.4256254337
7.41, -1.00040830485, 6.85770394572, -0.00662225979309, -2.4430299915
7.42, -1.00043794685, 6.83321038652, -5.19857070161e-05, -2.46031011908
7.43, -1.00039267773, 6.80854426946, 0.00574890146232, -2.47762596579
7.44, -1.00034743765, 6.78370469958, 0.000797890152332, -2.49492075289
7.45, -1.00037895845, 6.7586928967, -0.00681297569371, -2.51207287085
7.46, -1.00043651659, 6.7335096109, -0.00433973990791, -2.52937193698
7.47, -1.00042471898, 6.70815142799, 0.00423805692123, -2.54688644299
7.48, -1.00036298713, 6.68261900878, 0.00461846771661, -2.56422165739
7.49, -1.00035515558, 6.65691316644, -0.00401225386976, -2.58165287286
7.5, -1.00041653692, 6.63103271092, -0.00731992702858, -2.59906202434
7.51, -1.00044633812, 6.6049792439, 0.000365913217635, -2.6162630937
7.52, -1.00039490121, 6.57875278385, 0.00632865956511, -2.63356250091
7.53, -1.00034829159, 6.55235428864, 0.000503272294705, -2.65092947969
7.54, -1.00038620189, 6.52578073643, -0.00755484288766, -2.66840103921
7.55, -1.00044773946, 6.49903308, -0.00432713611942, -2.6857543105
7.56, -1.00043109093, 6.47211198888, 0.00497022684776, -2.70324991577
7.57, -1.00036391702, 6.44501411354, 0.00482541563708, -2.72094489183
7.58, -1.00035950422, 6.41773996287, -0.00471926704073, -2.7385081346
7.59, -1.00042780865, 6.39029035746, -0.00778987864373, -2.75611147417
7.6, -1.0004566894, 6.36266459389, 0.000903020898994, -2.77366206879
7.61, -1.00039811553, 6.33486413279, 0.00696705689542, -2.79105925581
7.62, -1.00035017698, 6.30689042289, 0.000161191349694, -2.80831610734
7.63, -1.00039501974, 6.27874450248, -0.00833501874803, -2.82557767458
7.64, -1.00046039795, 6.25042505031, -0.00425772915505, -2.84301429561
7.65, -1.000438151, 6.22193075387, 0.00576902774801, -2.86046799843
7.66, -1.00036531753, 6.19326226762, 0.00501449971086, -2.87793720067
7.67, -1.0003647744, 6.16441846425, -0.00547927350481, -2.89544668792
7.68, -1.00042567038, 6.13540039119, -0.00781990825982, -2.9127947461
