timestamp, prius1 x posi, prius1 y posi, prius1 x vel, prius1 y vel.
0.0, 0.0, 0.0, 0.0, 0.0
0.00999999999999, -25.0435354886, -1.0000182298, 0.129358992068, 0.000977796921401
0.02, -25.0421778197, -0.999958409474, 0.147150908487, 0.00708732263505
0.03, -25.0406365626, -0.999910354639, 0.165827486261, 6.29014539354e-05
0.04, -25.038903708, -0.999957184805, 0.185664231338, -0.00857599672622
0.05, -25.0369681848, -1.00002433411, 0.206169414493, -0.00434974865223
0.06, -25.034823829, -1.00000181415, 0.227503221966, 0.00588017028975
0.07, -25.0324593603, -0.999942548867, 0.250023279339, 0.00496330587056
0.08, -25.0298644335, -0.999929423641, 0.273726118536, -0.00358575124883
0.09, -25.0270291656, -0.999991849138, 0.298193343348, -0.00790893181659
0.1, -25.0239405491, -1.00003070839, 0.324319911076, -0.000597320821626
0.11, -25.0205855893, -0.999984682524, 0.351197322598, 0.00623810415208
0.12, -25.0169597069, -0.999934363996, 0.378452783103, 0.00106764371684
0.13, -25.0130561456, -0.999969430119, 0.407183332465, -0.00768567619253
0.14, -25.0088582702, -1.00003800021, 0.436841822775, -0.00539544990964
0.15, -25.0043627727, -1.00003121029, 0.46669751711, 0.0042545344717
0.16, -24.9995632025, -0.999965151487, 0.498058318059, 0.00515229239036
0.17, -24.9944438362, -0.999956263245, 0.530203426244, -0.00442438952782
0.18, -24.9890019046, -1.00002748746, 0.562551994795, -0.00862099017163
0.19, -24.9832313683, -1.00006803929, 0.59633064013, -0.000324582970318
0.2, -24.9771167166, -1.00001697305, 0.630899886076, 0.00671015437464
0.21, -24.9706558516, -0.999966581333, 0.665559467559, 0.000604517093599
0.22, -24.9638475985, -1.00001024611, 0.700347309466, -0.00869684569013
0.23, -24.956689709, -1.00008556745, 0.735736276193, -0.00565376199799
0.24, -24.9491744414, -1.00007614449, 0.771561579536, 0.0048011950894
0.25, -24.9412981504, -1.00000623076, 0.808120549252, 0.00519864824726
0.26, -24.9330517737, -1.00000274879, 0.845595814687, -0.0053829356162
0.27, -24.9244274752, -1.00007027461, 0.883452351101, -0.00818669260734
0.28, -24.9154228869, -1.00011963018, 0.921880375809, -0.00197996772053
0.29, -24.9060305957, -1.00008475471, 0.960712354654, 0.0055532660176
0.3, -24.8962487388, -1.00003438272, 1.00004316444, 0.00150792712416
0.31, -24.8860687675, -1.00006552734, 1.04031118256, -0.00761596912275
0.32, -24.8754837061, -1.00014065463, 1.08083148448, -0.00663015169303
0.33, -24.8644910027, -1.00014818787, 1.1220006155, 0.00293270932493
0.34, -24.8530853304, -1.00008863894, 1.16324718208, 0.00510495326906
0.35, -24.8412649101, -1.00007586577, 1.20512628081, -0.00395688150671
0.36, -24.829024789, -1.00014782905, 1.24720250542, -0.00931127561098
0.37, -24.8163577659, -1.00020157357, 1.29020250334, -0.00194920287612
0.38, -24.8032602047, -1.000163309, 1.33357568391, 0.00594070803381
0.39, -24.7897267297, -1.00011300136, 1.37714391691, 0.00106297502439
0.4, -24.7757561401, -1.00015295818, 1.42120210907, -0.00869742081923
0.41, -24.7613427636, -1.00023636977, 1.46545352473, -0.0070938674661
0.42, -24.7464846198, -1.00024320355, 1.51062923016, 0.00333902377661
0.43, -24.7311693182, -1.00018025384, 1.55665678135, 0.00516721952091
0.44, -24.7153898671, -1.00017273236, 1.6031680834, -0.00492716274652
0.45, -24.6991469616, -1.00024463976, 1.64937557401, -0.00785778187711
0.46, -24.6824396746, -1.00030215448, 1.69616951385, -0.00331769898193
0.47, -24.6652633848, -1.00028141813, 1.74328602527, 0.00431468495269
0.48, -24.6476109368, -1.00023725998, 1.7913296289, 0.00140264971938
0.49, -24.6294762112, -1.00026655038, 1.83948839188, -0.00744491807993
0.5, -24.6108598513, -1.00034527931, 1.88790573413, -0.00754129143461
0.51, -24.5917586952, -1.00036670954, 1.93624332597, 0.00135799757539
0.52, -24.5721722107, -1.00031896151, 1.98511482439, 0.00442874044379
0.53, -24.552096552, -1.00030681458, 2.03390018959, -0.00370245081572
0.54, -24.5315354332, -1.00037835935, 2.08224280439, -0.00967691084484
0.55, -24.5104897169, -1.00044244561, 2.13101031784, -0.00344410139953
0.56, -24.4889551238, -1.00041924457, 2.17979090346, 0.00467856332079
0.57, -24.4669321842, -1.00037481971, 2.22889309673, 0.00101277598953
0.58, -24.4444163655, -1.00041289867, 2.27810245152, -0.00858680756688
0.59, -24.4214054794, -1.00050115783, 2.32830202617, -0.00815056833797
0.6, -24.3978870372, -1.00052296688, 2.3793714454, 0.00170293840673
0.61, -24.3738580228, -1.00047184957, 2.43023981128, 0.00452468391084
0.62, -24.3493183797, -1.00046450614, 2.48189609939, -0.0046351582246
0.63, -24.3242584492, -1.00054699589, 2.53383256188, -0.0106845299319
0.64, -24.2986802271, -1.00061594284, 2.58580111838, -0.00345485323752
0.65, -24.2725796047, -1.00058940723, 2.63827421943, 0.00508505287824
0.66, -24.2459540604, -1.00054505304, 2.69057941957, 0.000530876743881
0.67, -24.2188088321, -1.00059290877, 2.74226587544, -0.00980211812702
0.68, -24.1911460363, -1.00069067916, 2.7942441691, -0.00870226967044
0.69, -24.1629604331, -1.00071208934, 2.84677126605, 0.00211409525357
0.7, -24.1342524854, -1.00065748944, 2.89868096814, 0.00459116805232
0.71, -24.1050177622, -1.00065571084, 2.95170590452, -0.00566911021156
0.72, -24.075256911, -1.00073616386, 3.00443257954, -0.0104895277656
0.73, -24.0449686808, -1.00081665638, 3.05697564763, -0.00536109840711
0.74, -24.0141566654, -1.00080779229, 3.10943606528, 0.00387673697732
0.75, -23.9828180129, -1.00076323729, 3.16201006401, 0.00148632504082
0.76, -23.9509548103, -1.00079878825, 3.21459958839, -0.00883281859419
0.77, -23.918564674, -1.00089860955, 3.26763246841, -0.00995685436008
0.78, -23.8856396867, -1.00093932233, 3.32114795662, 9.37390039804e-05
0.79, -23.8521816336, -1.00089533867, 3.37399011552, 0.00455996120532
0.8, -23.8182027779, -1.00088373776, 3.42536163668, -0.00424676414443
0.81, -23.7837176218, -1.00095936046, 3.47529644626, -0.00946606309671
0.82, -23.7487405012, -1.00104680712, 3.52378432228, -0.00701671452192
0.83, -23.7132857198, -1.00105699581, 3.57087219218, 0.00224376750849
0.84, -23.6773670891, -1.00101739928, 3.6165861604, 0.00200651966562
0.85, -23.6409981618, -1.00104138229, 3.66097973998, -0.0075981768735
0.86, -23.604191956, -1.00113834988, 3.70407511039, -0.0106707066358
0.87, -23.5669614031, -1.00119589109, 3.74588779309, -0.00198696592352
0.88, -23.5293189448, -1.001166381, 3.78649238522, 0.00401244608509
0.89, -23.4912765214, -1.00114826447, 3.82590875527, -0.00286437384235
0.9, -23.4528459017, -1.00122334899, 3.86417680701, -0.0113735292306
0.91, -23.4140383962, -1.0013189014, 3.90131342105, -0.00728417256151
0.92, -23.3748652421, -1.00132694666, 3.93733716482, 0.00270459135333
0.93, -23.3353373607, -1.00128506874, 3.9722881764, 0.00187356281563
0.94, -23.295465229, -1.00131605331, 4.00622480926, -0.00865032389035
0.95, -23.2552588461, -1.00140949841, 4.03917221722, -0.0101795882743
0.96, -23.2147280375, -1.00147521998, 4.07112142707, -0.00358909646453
0.97, -23.173882689, -1.00146219611, 4.10211939375, 0.0027749694085
0.98, -23.132731989, -1.00144523546, 4.13221827481, -0.0020519790439
0.99, -23.091284891, -1.00150803823, 4.16142080865, -0.0102367122964
1.0, -23.0495503423, -1.00160234806, 4.18973591513, -0.0081243248299
1.01, -23.0075369134, -1.00162651876, 4.21722917326, 0.000874475863438
1.02, -22.9652527667, -1.0015953364, 4.24389967436, 0.00172465496798
1.03, -22.9227060172, -1.00161740421, 4.26976821078, -0.00720952691683
1.04, -22.8799046221, -1.00171432786, 4.29485203735, -0.0111369960184
1.05, -22.8368562587, -1.00178269325, 4.31918972385, -0.00339490647332
1.06, -22.7935682997, -1.0017654976, 4.34277315014, 0.00318152174992
1.07, -22.7500483189, -1.0017488699, 4.36563232934, -0.00251593009309
1.08, -22.7063032285, -1.0018200387, 4.38781839977, -0.0111931511159
1.09, -22.662339793, -1.00192065698, 4.40931813038, -0.00834108409853
1.1, -22.6181647458, -1.00194209397, 4.43015382165, 0.00142239252301
1.11, -22.5737845239, -1.00190707689, 4.45037651887, 0.00179222035608
1.12, -22.5292053438, -1.00193403797, 4.46997553199, -0.0080750302817
1.13, -22.4844332319, -1.00203981475, 4.48895972218, -0.0118157033909
1.14, -22.4394744244, -1.0021093701, 4.50733701061, -0.00305068866928
1.15, -22.3943347833, -1.00208664943, 4.52514777874, 0.00368923254867
1.16, -22.3490198801, -1.00206996057, 4.5424012185, -0.00298766945126
1.17, -22.3035351663, -1.00214491152, 4.55913666547, -0.00738456296531
1.18, -22.2578858226, -1.00224320791, 4.57533820829, -0.00936439681415
1.19, -22.2120770576, -1.00228036722, 4.59102723567, -0.00015619848047
1.2, -22.1661139536, -1.00225188257, 4.60622632109, 0.00209818514279
1.21, -22.1200013391, -1.00226717851, 4.62094047056, -0.00657340495051
1.22, -22.0737439292, -1.00236458212, 4.63520602626, -0.0118411389766
1.23, -22.0273462612, -1.00244545352, 4.64899073868, -0.00480972020476
1.24, -21.980813099, -1.00243738655, 4.66232931177, 0.00289515667916
1.25, -21.9341487032, -1.00241639559, 4.67524192052, -0.0016846271571
1.26, -21.8873573499, -1.00248199323, 4.68774518616, -0.0111253098084
1.27, -21.8404430637, -1.0025902525, 4.69983640889, -0.00965706752116
1.28, -21.7934098254, -1.00262489136, 4.7115482072, 0.000432217493112
1.29, -21.746261301, -1.00259134015, 4.72290113355, 0.00233452596219
1.3, -21.6990011317, -1.00260999533, 4.7338829566, -0.00733130695166
1.31, -21.6516331484, -1.00271599106, 4.74448164112, -0.0125541731831
1.32, -21.6041610658, -1.00279843331, 4.75471266277, -0.0044753379105
1.33, -21.5565884279, -1.00279213371, 4.76460046825, 0.000204179074029
1.34, -21.5089186232, -1.00277267941, 4.77416179018, -0.000777861510457
1.35, -21.4611548098, -1.00282510131, 4.78340356172, -0.00990462346815
1.36, -21.4133001864, -1.00293103787, 4.79234191832, -0.0103687320073
1.37, -21.3653577275, -1.00298018468, 4.80097025553, -0.00122371652703
1.38, -21.3173305232, -1.00295562213, 4.80929569517, 0.00233561046582
1.39, -21.2692215695, -1.00296408452, 4.81733872389, -0.00578454965293
1.4, -21.2210335661, -1.00305892359, 4.82510846567, -0.0121740959402
1.41, -21.1727693369, -1.00314935103, 4.83260166966, -0.00605067617477
1.42, -21.1244315236, -1.00315031449, 4.8398235781, 0.00251466414087
1.43, -21.0760228598, -1.00312556998, 4.84677865764, -0.000825677334046
1.44, -21.0275459054, -1.00318342441, 4.85349819344, -0.0107051328548
1.45, -20.9790029768, -1.00329545403, 4.8599742476, -0.0106344988315
1.46, -20.9303964908, -1.00334166501, 4.86622098161, -0.000554534844114
1.47, -20.8817287117, -1.00331047143, 4.87223178582, 0.00277685543586
1.48, -20.8330020305, -1.00332030439, 4.8780099849, -0.00638183422306
1.49, -20.7842187154, -1.00341264984, 4.8835657636, -0.0105962201503
1.5, -20.7353808734, -1.00350518613, 4.88892946561, -0.0071923193739
1.51, -20.6864905138, -1.0035203723, 4.89408118421, 0.00130072306963
1.52, -20.6375495399, -1.00349749742, 4.89904194484, -7.92475936898e-05
1.53, -20.5885599016, -1.0035416497, 4.90382678688, -0.0092325237245
1.54, -20.5395233796, -1.00364742061, 4.90841958885, -0.0109292357785
1.55, -20.4904419661, -1.00370584434, 4.91281022787, -0.00218830839469
1.56, -20.4413175064, -1.00368556947, 4.91703636991, 0.00248256304782
1.57, -20.3921516336, -1.00368708234, 4.92109138293, -0.00485507398196
1.58, -20.3429460871, -1.00377628906, 4.92498692478, -0.0121139161715
1.59, -20.2937024161, -1.00387300036, 4.92871422292, -0.00708414759413
1.6, -20.2444222918, -1.00388293105, 4.93228702255, 0.00199732593731
1.61, -20.195107159, -1.00385593647, 4.93571000513, -5.53029457889e-05
1.62, -20.1457585669, -1.00390500643, 4.93898506291, -0.0100246087358
1.63, -20.0963780864, -1.00401747608, 4.94210478365, -0.0112984270109
1.64, -20.046967028, -1.0040739019, 4.94510137116, -0.00157703946655
1.65, -19.9975267045, -1.00404680374, 4.9479533034, 0.00300231281569
1.66, -19.9480584847, -1.00404866593, 4.950689898, -0.00536111465298
1.67, -19.8985634239, -1.00414080137, 4.95332909956, -0.00816111864988
1.68, -19.8490429609, -1.00423223406, 4.95579158209, -0.00776211767256
1.69, -19.799498305, -1.00425519623, 4.95813469875, 0.000576531818825
1.7, -19.7499308946, -1.00423459767, 4.9603684035, 0.000174197429298
1.71, -19.7003416223, -1.00427243879, 4.96249752698, -0.00848790831165
1.72, -19.650731622, -1.00437459246, 4.96451709793, -0.011017350082
1.73, -19.6011022205, -1.00443903164, 4.96639945025, -0.00305204122517
1.74, -19.5514544355, -1.00442525735, 4.96817961918, 0.002206950106
1.75, -19.5017893244, -1.00442358143, 4.96987298505, -0.00413878523443
1.76, -19.4521077852, -1.00450580935, 4.97146391416, -0.0116588117458
1.77, -19.4024108824, -1.00460409651, 4.97295818918, -0.0077246035959
1.78, -19.352699468, -1.0046223301, 4.9743566985, 0.00125569070162
1.79, -19.3029744705, -1.00459715577, 4.97567844318, 0.000288322337745
1.8, -19.2532368816, -1.00463895967, 4.97688784614, -0.00920545650245
1.81, -19.203487617, -1.0047476686, 4.97800916222, -0.0114238882153
1.82, -19.1537276029, -1.00481073923, 4.97904703751, -0.00250154277062
1.83, -19.1039575638, -1.00479020296, 4.98000390506, 0.00277298686226
1.84, -19.0541783766, -1.00478796253, 4.98088847194, -0.00453952169931
1.85, -19.0043907195, -1.00487717836, 4.98169533914, -0.0123991597954
1.86, -18.9545954791, -1.00497866542, 4.9824083983, -0.0075910220336
1.87, -18.9047934694, -1.00499109388, 4.98305466189, 0.00203194021185
1.88, -18.8549852455, -1.00496090771, 4.98365109633, 0.000395400655581
1.89, -18.8051714431, -1.00500711892, 4.9841709358, -0.00997847861299
1.9, -18.7553528605, -1.00510822387, 4.984610589, -0.0113836054092
1.91, -18.7055302081, -1.00518121842, 4.98499177267, -0.00401551008842
1.92, -18.655703976, -1.00517201347, 4.98532555742, 0.00232915011919
1.93, -18.6058747459, -1.00516293455, 4.9855776068, -0.00309933734726
1.94, -18.5560434159, -1.00523790458, 4.98576580372, -0.011425021939
1.95, -18.5062105546, -1.00534125267, 4.98588274093, -0.00870297890249
1.96, -18.4563768231, -1.00536860105, 4.98593529138, 0.000685740654621
1.97, -18.4065428538, -1.00534138816, 4.98593824769, 0.00108798040892
1.98, -18.356709086, -1.00537327209, 4.98589024058, -0.00835809200051
1.99, -18.3068761137, -1.00548077259, 4.98579258938, -0.011960532983
2.0, -18.2570443746, -1.00555361907, 4.98563706738, -0.00355023377933
2.01, -18.20721444, -1.00553768438, 4.98542672837, 0.00295861709941
2.02, -18.1573868573, -1.00552706599, 4.98517636802, -0.00340653366508
2.03, -18.1075619598, -1.00560876715, 4.98488586691, -0.0122058821967
2.04, -18.0577402729, -1.00571624212, 4.98454596637, -0.00867662841355
2.05, -18.0079221767, -1.00573831715, 4.98415796911, 0.00147263118744
2.06, -17.9581081036, -1.0057196683, 4.98374298279, 0.00123682567296
2.07, -17.9082985352, -1.00574072492, 4.98326669206, -0.00684892715556
2.08, -17.8584939188, -1.00583814086, 4.98274798417, -0.0117013013367
2.09, -17.8086946941, -1.00591923652, 4.98219614543, -0.00504910552967
2.1, -17.7589011191, -1.00591681472, 4.98160733785, 0.00214981602266
2.11, -17.7091136578, -1.00590269783, 4.98098370284, -0.00218187743371
2.12, -17.6593326041, -1.00596970494, 4.98032281393, -0.0109876961712
2.13, -17.6095585444, -1.0060759804, 4.97958334008, -0.00953197722155
2.14, -17.5597923973, -1.00611278869, 4.9787029773, -6.7710603214e-05
2.15, -17.5100369553, -1.00608601788, 4.97739116056, 0.00166065765976
2.16, -17.4602975102, -1.00610854634, 4.97554788356, -0.00740460984516
2.17, -17.4105813333, -1.00621251476, 4.9724786388, -0.0122261246918
2.18, -17.3609019248, -1.0062936982, 4.96818688086, -0.00460340299308
2.19, -17.3112742532, -1.00628408637, 4.96245972285, 0.00289022780566
2.2, -17.2617086165, -1.00626692244, 4.95560024431, -0.0023282047399
2.21, -17.2122170913, -1.00633967752, 4.9478438547, -0.0117305986261
2.22, -17.1628114159, -1.00645044086, 4.93820415251, -0.00957623472369
2.23, -17.1135071538, -1.00648230249, 4.92773966634, 0.000760222003705
2.24, -17.0643162636, -1.00646209681, 4.91570538567, 0.00131328910947
2.25, -17.015251713, -1.0064769023, 4.90237030869, -0.00596976248364
2.26, -16.966325282, -1.00656794966, 4.88800993595, -0.011431938822
2.27, -16.9175503183, -1.00665210256, 4.87217025431, -0.00570566718834
2.28, -16.8689388422, -1.00665575196, 4.85554895635, 0.00182230097366
2.29, -16.8204968014, -1.00663892939, 4.83808846727, -0.0014320001402
2.3, -16.7722323645, -1.00669697948, 4.82012344003, -0.0101863993868
2.31, -16.7241545345, -1.0068008743, 4.80092361366, -0.00978087778427
2.32, -16.6762715011, -1.0068435711, 4.78096326786, -0.00069395067194
2.33, -16.6285933999, -1.00681860576, 4.7602086131, 0.001992354725
2.34, -16.5811252694, -1.00683285341, 4.73877796385, -0.00632909084268
2.35, -16.533875211, -1.00692897543, 4.71680840262, -0.0118466825634
2.36, -16.4868449042, -1.00701246291, 4.69464175325, -0.00518876250948
2.37, -16.4400439865, -1.0070079013, 4.67097936662, 0.00270584478238
2.38, -16.3934822339, -1.00698614519, 4.64696829862, -0.00136537075713
2.39, -16.3471618553, -1.00704801314, 4.6227323423, -0.0107709646435
2.4, -16.3010830493, -1.00715533131, 4.59857836133, -0.00975143039073
2.41, -16.2552567292, -1.00719242311, 4.5724607006, 0.000205308486114
2.42, -16.2096898047, -1.00717272238, 4.54652058795, 0.00179500074768
2.43, -16.1643892871, -1.00717784909, 4.51921334164, -0.00478460421036
2.44, -16.1193630388, -1.00726027727, 4.49178689587, -0.0109975252059
2.45, -16.0746110808, -1.00734605374, 4.46437682395, -0.00620826656635
2.46, -16.0301341206, -1.00735361165, 4.43662773726, 0.0017618604007
2.47, -15.9859373643, -1.00733098285, 4.4083496521, -0.000365950215391
2.48, -15.9420250186, -1.00737729648, 4.37991846015, -0.00916568455451
2.49, -15.8983974158, -1.00747725547, 4.35107311247, -0.00992593405883
2.5, -15.8550631153, -1.00752465532, 4.32163064904, -0.00116328267652
2.51, -15.8120224961, -1.0074989055, 4.29223505755, 0.00265645000549
2.52, -15.7692760699, -1.0075012107, 4.26279097678, -0.00493736723248
2.53, -15.7268301566, -1.00758798147, 4.2324357298, -0.01147171925
2.54, -15.6846859119, -1.00767448336, 4.20210433505, -0.00584132583592
2.55, -15.6428464033, -1.00767390502, 4.17166047208, 0.00278464843939
2.56, -15.6013121986, -1.00764366688, 4.1409368072, 8.02698863489e-06
2.57, -15.5600864763, -1.00769184104, 4.10993012092, -0.00969651217462
2.58, -15.5191719284, -1.00779628584, 4.07887054126, -0.010085963852
2.59, -15.4785679503, -1.00783929204, 4.04766635195, -0.000275924604852
2.6, -15.4382763609, -1.00781718308, 4.01651429717, 0.00270985250273
2.61, -15.3982960229, -1.00780821599, 3.9852753721, -0.00324450325564
2.62, -15.3586309146, -1.0078808418, 3.95356344248, -0.0106605836255
2.63, -15.3192843843, -1.00797031912, 3.92143370891, -0.00692479781459
2.64, -15.2802602203, -1.00798165107, 3.889318414, 0.00194111618855
2.65, -15.2415552214, -1.0079488611, 3.8575881277, 0.00119107977383
2.66, -15.2031655777, -1.00798033295, 3.82611034523, -0.00805952938867
2.67, -15.1650915525, -1.00807798436, 3.7945967501, -0.0103637978445
2.68, -15.1273304086, -1.0081319707, 3.76359011741, -0.00166219169373
2.69, -15.0898768028, -1.00810323122, 3.73302951599, 0.00367312370616
2.7, -15.0527263871, -1.00809058358, 3.70293298805, -0.00334413582981
2.71, -15.0158742559, -1.00816727292, 3.67341239246, -0.0111208653601
2.72, -14.979314022, -1.0082573021, 3.64454471155, -0.00654082338536
2.73, -14.9430394944, -1.00826036821, 3.61619426295, 0.00295862039154
2.74, -14.9070457788, -1.00823409354, 3.58842312924, 0.00147496269809
2.75, -14.8713265801, -1.00825343786, 3.56124640648, -0.00639608190803
2.76, -14.8358766047, -1.00833861853, 3.53457024152, -0.00980502843619
2.77, -14.8006905181, -1.00839758803, 3.50847798334, -0.00285171430584
2.78, -14.7657624817, -1.00838002918, 3.48291402726, 0.00302040727284
2.79, -14.7310874787, -1.0083628268, 3.45788783755, -0.00203266101886
2.8, -14.6966604729, -1.00842338545, 3.43326254778, -0.00969932954189
2.81, -14.6624769892, -1.00850944881, 3.40923193666, -0.00708786869092
2.82, -14.6285313885, -1.00852447143, 3.38560510181, 0.00163746523308
2.83, -14.5948200246, -1.00848912227, 3.36238594691, 0.00196555647355
2.84, -14.5613384392, -1.00850884178, 3.3396613385, -0.00678974237948
2.85, -14.528081474, -1.00859816102, 3.31744984755, -0.0100470312886
2.86, -14.4950444895, -1.00865453701, 3.29563529211, -0.00218937519363
2.87, -14.4622235562, -1.00862850903, 3.2742147874, 0.00381303607154
2.88, -14.4296147003, -1.0086079031, 3.25323375656, -0.00213215666163
2.89, -14.3972132537, -1.00867284766, 3.23272209651, -0.0102403699115
2.9, -14.3650148963, -1.00876085384, 3.21258028694, -0.00687868833039
2.91, -14.3330157557, -1.00876917305, 3.1929080378, 0.00253850903366
2.92, -14.3012120902, -1.00872676523, 3.17346877268, 0.00233121430709
2.93, -14.2696004754, -1.00874817709, 3.15444704069, -0.00731811429639
2.94, -14.2381777297, -1.00884258822, 3.13572282341, -0.010338654365
2.95, -14.2069403524, -1.00889635507, 3.11733055543, -0.001496327532
2.96, -14.1758852835, -1.00886169704, 3.09927866003, 0.0045926399954
2.97, -14.1450089659, -1.00883835213, 3.08154268218, -0.00233438439045
2.98, -14.1143083669, -1.0089087444, 3.06411317018, -0.0108694652934
2.99, -14.0837810319, -1.00899901869, 3.04693916015, -0.00665190085907
3.0, -14.0534233872, -1.00900017827, 3.03014499212, 0.00348653124135
3.01, -14.023231694, -1.00896490922, 3.01375514532, 0.00256839960737
3.02, -13.9932017926, -1.00897489136, 2.99776964742, -0.00575300289728
3.03, -13.963329792, -1.00905816053, 2.98216548548, -0.00992807342667
3.04, -13.9336118759, -1.00911823177, 2.96694827047, -0.00278935543708
3.05, -13.9040441586, -1.00909539279, 2.9521031013, 0.00390309960457
3.06, -13.8746230235, -1.00906789047, 2.93762862752, -0.00107670558747
3.07, -13.8453448133, -1.00912307797, 2.92350372182, -0.00956767939714
3.08, -13.8162061898, -1.00921070145, 2.9097032168, -0.00732457642629
3.09, -13.7872038522, -1.00922475594, 2.89624090725, 0.00210229012255
3.1, -13.7583344654, -1.00918064364, 2.88309594146, 0.00303114582289
3.11, -13.7295948657, -1.00919167388, 2.87028126978, -0.0062502477293
3.12, -13.7009818737, -1.00928042025, 2.8577630923, -0.0103117031771
3.13, -13.6724925438, -1.00933901268, 2.84554618959, -0.00220026593557
3.14, -13.6441238561, -1.009308004, 2.83361496326, 0.00469201373049
3.15, -13.6158729999, -1.00927727947, 2.82196258347, -0.00122232842303
3.16, -13.5877375478, -1.00933784917, 2.8105478657, -0.0102442085719
3.17, -13.5597148759, -1.00942879761, 2.7993925194, -0.00723313077551
3.18, -13.5318024167, -1.00943678968, 2.78850143283, 0.00298475386059
3.19, -13.5039975034, -1.00939987511, 2.77786450341, 0.00331556054526
3.2, -13.4762977988, -1.00939894618, 2.76745635156, -0.00465662192158
3.21, -13.4487009488, -1.00947702113, 2.7572957498, -0.0100108048202
3.22, -13.4212045301, -1.0095433306, 2.74735709938, -0.00362946552585
3.23, -13.3938063008, -1.00952482683, 2.73765341415, 0.00400117933085
3.24, -13.3665038686, -1.00948941932, 2.72819004046, 0.000105740758702
3.25, -13.3392949684, -1.00953457318, 2.71893667223, -0.00898208682418
3.26, -13.3121775513, -1.00962398677, 2.70989609243, -0.00805348255481
3.27, -13.2851495016, -1.00964606251, 2.70104771862, 0.00153315193641
3.28, -13.2582089076, -1.00960008892, 2.69240341075, 0.00384703557197
3.29, -13.231353856, -1.00959963177, 2.68392257369, -0.00513310230969
3.3, -13.2045827943, -1.0096837884, 2.67561905623, -0.0105146186303
3.31, -13.1778937919, -1.00974998563, 2.66749526136, -0.00315790908252
3.32, -13.151285223, -1.009723736, 2.65951532217, 0.0048156236624
3.33, -13.1247557266, -1.0096844282, 2.65169303055, 3.40281549207e-05
3.34, -13.0983035435, -1.00973485255, 2.64404209059, -0.00971296460275
3.35, -13.0719271335, -1.00982878218, 2.63654605872, -0.00810710290182
3.36, -13.0456248253, -1.00984583226, 2.62920490113, 0.00237092678698
3.37, -13.0193951201, -1.00980626122, 2.62201680378, 0.00351033075533
3.38, -12.9932366263, -1.00979798427, 2.61497010201, -0.0037064610795
3.39, -12.9671478849, -1.00986939248, 2.60805970002, -0.00975869606553
3.4, -12.9411276049, -1.00993895075, 2.60127353047, -0.00431104311422
3.41, -12.9151745096, -1.00992631456, 2.594613491, 0.00371187674168
3.42, -12.8892872519, -1.0098875785, 2.58810608797, 0.000897922305468
3.43, -12.8634645607, -1.00992366525, 2.58170376346, -0.00822760075491
3.44, -12.8377051059, -1.01001148554, 2.57545073069, -0.00841905096155
3.45, -12.8120076893, -1.01004038004, 2.56929612102, 0.000825377456558
3.46, -12.7863710901, -1.00999649117, 2.56327973246, 0.00415984415452
3.47, -12.7607940668, -1.00998797157, 2.55737373647, -0.00412717658706
3.48, -12.7352754832, -1.01006550308, 2.55159734589, -0.0103221818667
3.49, -12.709814118, -1.01013595873, 2.54591881662, -0.00394895686089
3.5, -12.6844089652, -1.01011619325, 2.5403544402, 0.00451979174261
3.51, -12.6590588964, -1.01007304937, 2.53489106064, 0.000904979421702
3.52, -12.6337629817, -1.01011392112, 2.52953276819, -0.00895573872839
3.53, -12.6085202071, -1.01020692352, 2.52424691849, -0.00858306173153
3.54, -12.5833299439, -1.01023182128, 2.51903191659, 0.00159407197665
3.55, -12.5581913622, -1.01019432854, 2.5139131685, 0.00388106533637
3.56, -12.5331035864, -1.01017720062, 2.50885713835, -0.00263387474185
3.57, -12.508065997, -1.01024200385, 2.50388961597, -0.00963060703534
3.58, -12.4830775619, -1.01031689609, 2.49902392134, -0.00521792601592
3.59, -12.4581374518, -1.0103113683, 2.49420775997, 0.00341338758321
3.6, -12.4332451075, -1.0102681994, 2.48947858627, 0.00185846398926
3.61, -12.4083995785, -1.01029415505, 2.484846125, -0.00746214098617
3.62, -12.383599883, -1.01038171051, 2.48031035669, -0.0090082242145
3.63, -12.3588452204, -1.01041950834, 2.47582113138, -2.1783552863e-05
3.64, -12.3341351545, -1.01037758716, 2.47140053699, 0.00460068144056
3.65, -12.309468802, -1.01035936283, 2.46707602821, -0.0029863138191
3.66, -12.2848453638, -1.01043033907, 2.46281280724, -0.0102627352427
3.67, -12.2602642354, -1.01050721635, 2.45861982175, -0.0049685157346
3.68, -12.2357246824, -1.01049508925, 2.45448532022, 0.00423237136211
3.69, -12.2112261429, -1.01044678784, 2.45042175813, 0.001964494832
3.7, -12.1867678231, -1.01047694187, 2.44643507217, -0.00818754059775
3.71, -12.1623492883, -1.01057041449, 2.44246864327, -0.00929099812598
3.72, -12.1379700693, -1.01060525037, 2.43857154341, 0.000685878953609
3.73, -12.1136295363, -1.01056755658, 2.43472197328, 0.00354141198231
3.74, -12.0893271789, -1.0105456315, 2.4309409016, -0.00178236638557
3.75, -12.0650623361, -1.0106029171, 2.42721235898, -0.00917994021688
3.76, -12.0408344676, -1.01067941398, 2.42355288078, -0.00583087119026
3.77, -12.0166430922, -1.01068105063, 2.4199116947, 0.00285044454454
3.78, -11.9924876899, -1.01063763883, 2.4163476646, 0.00239314855217
3.79, -11.9683678312, -1.01065520142, 2.4128104993, -0.0066074253617
3.8, -11.9442830262, -1.01073917585, 2.40933685366, -0.00916770078178
3.81, -11.9202327557, -1.01078333186, 2.40589588664, -0.000848230695379
3.82, -11.8962160812, -1.01074623149, 2.40265961894, 0.00457994478235
3.83, -11.8722277692, -1.01072218504, 2.40045313355, -0.00205558921982
3.84, -11.8482560198, -1.0107853582, 2.3991510781, -0.00983869859551
3.85, -11.8242940806, -1.01086463074, 2.39846757114, -0.00568504607044
3.86, -11.8003313256, -1.01086039194, 2.39950815511, 0.00363748103291
3.87, -11.7763492719, -1.01081156312, 2.40235506086, 0.00256039783477
3.88, -11.7523329357, -1.01083281287, 2.40610291842, -0.00731988624164
3.89, -11.7282661026, -1.01092319934, 2.41230250513, -0.00955344455208
3.9, -11.7041317208, -1.01096556033, 2.41989063681, -0.000256742680985
3.91, -11.6799139312, -1.01092141026, 2.42869873093, 0.00514325653874
3.92, -11.6556021364, -1.01089705517, 2.43889632644, -0.00250992442712
3.93, -11.6311828247, -1.01096768027, 2.45025584055, -0.0106255833788
3.94, -11.6066365659, -1.01105036853, 2.46364580052, -0.005572534909
3.95, -11.5819548866, -1.01104046835, 2.4780861153, 0.00438868450597
3.96, -11.5571164076, -1.01100158512, 2.49442188772, 0.00251887675814
3.97, -11.5321081551, -1.0110137557, 2.51216313133, -0.00596249246712
3.98, -11.5069175626, -1.01109478173, 2.53068663922, -0.00932378662831
3.99, -11.4815365083, -1.01114539166, 2.55042195829, -0.00176987992948
4.0, -11.4559508069, -1.01111555102, 2.57159143983, 0.00417159954178
4.01, -11.4301466663, -1.01108995288, 2.59411085932, -0.00154786588519
4.02, -11.4041100864, -1.01114796231, 2.61804096153, -0.00956004042235
4.03, -11.3778314732, -1.01123008109, 2.64225038762, -0.00645402724384
4.04, -11.3513040836, -1.01123542889, 2.6676839884, 0.00272009284187
4.05, -11.3245225075, -1.01119055926, 2.69316104259, 0.00263114086944
4.06, -11.2974819201, -1.01120730276, 2.71930667095, -0.00679086470348
4.07, -11.2701816478, -1.0112963759, 2.74520196766, -0.00991160747202
4.08, -11.242624611, -1.01134742327, 2.7705429381, -0.00140123879233
4.09, -11.2148180338, -1.01131229819, 2.7951212978, 0.00461566762381
4.1, -11.1867695806, -1.01128711392, 2.81894293732, -0.00204645191517
4.11, -11.1584865919, -1.01135344123, 2.84205821703, -0.010473487725
4.12, -11.1299759405, -1.01144088398, 2.86448901343, -0.00654962363102
4.13, -11.1012445926, -1.011442507, 2.88622263274, 0.00332321952022
4.14, -11.0722992486, -1.01139389012, 2.90729687185, 0.00264363870888
4.15, -11.0431464953, -1.01141607626, 2.92773498809, -0.00768819991509
4.16, -11.0137924831, -1.01151368765, 2.94756842157, -0.0105098024732
4.17, -10.9842431709, -1.01156490425, 2.96680183017, -0.000959972822285
4.18, -10.9545046452, -1.0115238233, 2.98543505097, 0.00511472767346
4.19, -10.9245826795, -1.01149910125, 3.00349830377, -0.00258503485572
4.2, -10.8944830953, -1.01156948528, 3.02098666439, -0.00664076984933
4.21, -10.8642114639, -1.01165381241, 3.03793204999, -0.00746303526517
4.22, -10.8337730519, -1.0116702704, 3.05433557667, 0.00179541807031
4.23, -10.8031747533, -1.01162832509, 3.06980286095, 0.00289228574142
4.24, -10.7724301555, -1.01163942497, 3.08339438686, -0.00621888533861
4.25, -10.7415590362, -1.01172830722, 3.0952748407, -0.0104421815609
4.26, -10.7105824383, -1.01178965789, 3.10442227056, -0.00260086924684
4.27, -10.6795322011, -1.01176262479, 3.10986658654, 0.00433202557611
4.28, -10.6484452835, -1.0117339307, 3.11127511116, -0.00131778031483
4.29, -10.6173691044, -1.01179486925, 3.10734124672, -0.0103091852885
4.3, -10.5863760252, -1.01188779375, 3.09611386902, -0.00756487677934
4.31, -10.5555147682, -1.0119000693, 3.08040152562, 0.00253398343948
4.32, -10.5248339593, -1.01185230384, 3.06089264274, 0.00318757040335
4.33, -10.4943711338, -1.01186625209, 3.03560348137, -0.00686751498408
4.34, -10.4641868561, -1.0119491502, 3.00652507157, -0.0097322711572
4.35, -10.4343054684, -1.0120157166, 2.97518608594, -0.0037839403143
4.36, -10.404766263, -1.01199978079, 2.93709470698, 0.00375501759834
4.37, -10.3756304253, -1.01196622715, 2.89550332759, 1.3749986431e-05
4.38, -10.3469199531, -1.01201179683, 2.85255728789, -0.00896438277952
4.39, -10.3186450123, -1.01210132706, 2.80808589589, -0.00805980931937
4.4, -10.2908213099, -1.01212401449, 2.76282888455, 0.00147503465055
4.41, -10.2634470251, -1.01207879867, 2.71841249825, 0.0038164408935
4.42, -10.2365106984, -1.01207837173, 2.67520371442, -0.00506713455619
4.43, -10.2100005384, -1.01216173838, 2.63314222876, -0.0103978420469
4.44, -10.1839026103, -1.01222714435, 2.59296530042, -0.00307784586695
4.45, -10.1581953467, -1.01220821617, 2.55489805037, 0.00167687416631
4.46, -10.1328546263, -1.01217163054, 2.51996124328, 0.00128480006098
4.47, -10.1078480407, -1.01220103389, 2.48762122615, -0.00748208779812
4.48, -10.0831543893, -1.01228522139, 2.45728639018, -0.00844098421086
4.49, -10.0587542825, -1.01231854946, 2.42884453529, 0.000214928808303
4.5, -10.034625422, -1.01227843265, 2.40343471841, 0.00415885083105
4.51, -10.0107358226, -1.01226487825, 2.38047318725, -0.00328781283048
4.52, -9.98706787759, -1.01233475962, 2.3590802648, -0.00979434668911
4.53, -9.96359875663, -1.01240532025, 2.34094877827, -0.004341874071
4.54, -9.94029842796, -1.01239067765, 2.32488261288, 0.00412661480499
4.55, -9.91714813825, -1.01234654799, 2.31105591135, 0.00146153155134
4.56, -9.8941247338, -1.01237894578, 2.29950358233, -0.0080614009215
4.57, -9.87120644024, -1.01246715096, 2.28972852958, -0.00853951376909
4.58, -9.84837899759, -1.01249593987, 2.28157789561, 0.00102565400226
4.59, -9.82562212778, -1.01244757645, 2.27528856956, 0.00475032384577
4.6, -9.80291971724, -1.01243379537, 2.27086011061, -0.0037478147117
4.61, -9.78025483099, -1.01251022937, 2.26746782944, -0.0104052762719
4.62, -9.75760668126, -1.01258174608, 2.26712574288, -0.00397477135748
4.63, -9.73495849784, -1.01255961343, 2.26802146609, 0.00496979033385
4.64, -9.71229323413, -1.01252440945, 2.27027505027, 0.00202965830646
4.65, -9.68959750574, -1.01254408086, 2.27425025903, -0.00660834602379
4.66, -9.66685440726, -1.01262495583, 2.27949097481, -0.00867151745209
4.67, -9.64405248101, -1.01266448425, 2.2862147322, -0.000537959591489
4.68, -9.62117729622, -1.012627551, 2.29412085721, 0.00429747235599
4.69, -9.59821269116, -1.01260716378, 2.30381154633, -0.00237079831838
4.7, -9.57514407947, -1.01267024435, 2.31505871275, -0.00954489795779
4.71, -9.55195676959, -1.01274463395, 2.3273183684, -0.00518597567572
4.72, -9.52864107537, -1.01273810717, 2.34091642424, 0.00356366453073
4.73, -9.50518503039, -1.01269277188, 2.35548323642, 0.0020830811157
4.74, -9.48157040988, -1.01271690994, 2.37199592654, -0.00736360366407
4.75, -9.45778604096, -1.01280421439, 2.39008086006, -0.00904448695707
4.76, -9.4338127933, -1.01284222849, 2.40931767051, -3.59832561752e-05
4.77, -9.40964478605, -1.01279974298, 2.429019534, 0.00468667720599
4.78, -9.38527490511, -1.01278040889, 2.44987853179, -0.00291094462394
4.79, -9.36069107042, -1.01285122253, 2.47155635012, -0.0103286273455
4.8, -9.33589039604, -1.01292916017, 2.49327819879, -0.00511696649031
4.81, -9.31086260148, -1.01291809653, 2.51683264173, 0.00415497104836
4.82, -9.2855957538, -1.01286976668, 2.54135143848, 0.00198360559309
4.83, -9.26007829646, -1.01289989729, 2.56666856364, -0.00826245638779
4.84, -9.23430343874, -1.01299499185, 2.59300843798, -0.00955352101924
4.85, -9.20826251521, -1.01303244476, 2.61993022211, 0.000435123893172
4.86, -9.18194478938, -1.01298419446, 2.64807439827, 0.00510797462132
4.87, -9.15534239573, -1.01296638052, 2.67708733056, -0.00357469511351
4.88, -9.12844512776, -1.01303623916, 2.706768363, -0.00897898719984
4.89, -9.10124945725, -1.0131193127, 2.73704634508, -0.00657190215591
4.9, -9.07374393583, -1.01312453766, 2.76866388921, 0.00281843327614
4.91, -9.04591836369, -1.0130785806, 2.80080590181, 0.0026914450443
4.92, -9.01776987906, -1.01309604639, 2.83350698028, -0.00698470212928
4.93, -8.98928947029, -1.01318767629, 2.86689718885, -0.0101734583667
4.94, -8.96047226597, -1.01324016095, 2.90105777688, -0.00143257970601
4.95, -8.93131263326, -1.01320440293, 2.93506162238, 0.00469333249836
4.96, -8.90180668362, -1.01317943691, 2.97009275555, -0.00219607738307
4.97, -8.87195552554, -1.01324849449, 3.00457098325, -0.0108195849084
4.98, -8.84175212511, -1.0133387441, 3.04033097341, -0.00674285865172
4.99, -8.81119041208, -1.01334084972, 3.07652482271, 0.00334813553803
5.0, -8.7802617409, -1.01329219439, 3.11339263966, 0.0025577435189
5.01, -8.74896383151, -1.0133167593, 3.15066117636, -0.00806320173199
5.02, -8.71728950704, -1.01340476759, 3.18866492961, -0.00965815490592
5.03, -8.68522952817, -1.01346491672, 3.22746806761, -0.00298945857922
5.04, -8.65278013002, -1.01344533661, 3.26679097391, 0.00344905520078
5.05, -8.61993122312, -1.01342188587, 3.30725468559, -0.00145423585556
5.06, -8.58667673736, -1.01347929756, 3.34776635476, -0.00974690186211
5.07, -8.55301960196, -1.0135686049, 3.38788917364, -0.00760702771032
5.08, -8.51895090583, -1.01358694403, 3.4296139676, 0.00149222934462
5.09, -8.48446718617, -1.01354942081, 3.47143522679, 0.00233078927212
5.1, -8.44956270252, -1.01356599226, 3.51351572218, -0.00672939660183
5.11, -8.41423526022, -1.0136583693, 3.55619626239, -0.0106960711701
5.12, -8.37847779675, -1.01372181644, 3.59956019778, -0.00287754942652
5.13, -8.34228502746, -1.01369906978, 3.64303510227, 0.00372750374419
5.14, -8.30565797197, -1.01367722697, 3.68643129305, -0.00205064695973
5.15, -8.2685999829, -1.01374411173, 3.7290029808, -0.0108085252173
5.16, -8.23112246159, -1.01384068447, 3.77037373875, -0.00792920091841
5.17, -8.19323724765, -1.01385747174, 3.81057211161, 0.00190095606013
5.18, -8.15495589476, -1.01381759076, 3.84963240107, 0.00224390595889
5.19, -8.1162896515, -1.01384045024, 3.88758514461, -0.00772158720197
5.2, -8.07724947349, -1.01394282492, 3.92445440765, -0.0114901614654
5.21, -8.03784603136, -1.01400866539, 3.96026711639, -0.00265659849006
5.22, -7.99808972018, -1.01398162776, 3.99505380329, 0.00411472316632
5.23, -7.95799066429, -1.01396092658, 4.02884735735, -0.0026381120529
5.24, -7.91755866541, -1.0140326946, 4.06167905243, -0.00703959720333
5.25, -7.87680335541, -1.01412794857, 4.0935426233, -0.00907107033602
5.26, -7.8357341848, -1.01416175478, 4.12447083971, 0.000198932398507
5.27, -7.79436049603, -1.01412942783, 4.1544745503, 0.0024750786736
5.28, -7.75269150332, -1.01414116282, 4.18356681336, -0.00625906503547
5.29, -7.71073632155, -1.0142356628, 4.21175249105, -0.0115749991412
5.3, -7.6685039394, -1.01431360435, 4.23904524709, -0.00449721859323
5.31, -7.62600324585, -1.01430192224, 4.26544083443, 0.00327363793763
5.32, -7.58324331073, -1.0142770939, 4.29093011244, -0.0013259231853
5.33, -7.54023321355, -1.01433940336, 4.31551883747, -0.0108336199256
5.34, -7.49698185418, -1.01444475107, 4.33922848117, -0.00936444471968
5.35, -7.45349781349, -1.01447600375, 4.36209517615, 0.000798569369565
5.36, -7.40978930318, -1.01443846067, 4.38416044762, 0.00273354157538
5.37, -7.36586416004, -1.01445329663, 4.40546210244, -0.00698333355393
5.38, -7.32172986694, -1.014556026, 4.42602943329, -0.0122454966448
5.39, -7.27739357957, -1.01463510618, 4.44589293155, -0.00411523376724
5.4, -7.23286214379, -1.0146247847, 4.46508535381, 0.000604603504037
5.41, -7.18814212673, -1.01460098801, 4.48363745246, -0.000349609581638
5.42, -7.14323983438, -1.01464934736, 4.50157170592, -0.00952837576857
5.43, -7.09816133373, -1.01475159576, 4.51890812643, -0.0100025831269
5.44, -7.0529124562, -1.01479668307, 4.53566990455, -0.000786621289507
5.45, -7.00749881229, -1.01476729281, 4.5518821917, 0.00283573726744
5.46, -6.96192580515, -1.01477079508, 4.56756685055, -0.00531225236474
5.47, -6.91619864264, -1.01486112907, 4.58273914332, -0.0117425477252
5.48, -6.87032234166, -1.01494706274, 4.59741582283, -0.00557897554251
5.49, -6.82430172708, -1.01494278466, 4.61161806086, 0.00307034058841
5.5, -6.77814145023, -1.01491226427, 4.62536638714, -0.00025331499546
5.51, -6.73184599741, -1.01496461461, 4.63867518505, -0.0101820415063
5.52, -6.68541969967, -1.01507146721, 4.65155591192, -0.0101130552477
5.53, -6.63886672214, -1.01511201668, 4.66402538881, 4.96611109767e-05
5.54, -6.59219107662, -1.01507432251, 4.67610230424, 0.0034463395899
5.55, -6.54539663624, -1.01507749993, 4.68780152182, -0.00573700010565
5.56, -6.49848714555, -1.0151635496, 4.69913157575, -0.00997396051647
5.57, -6.45146621158, -1.01524977296, 4.71010482003, -0.00654233158379
5.58, -6.40433730545, -1.01525794263, 4.72073630082, 0.00203893911598
5.59, -6.35710377539, -1.01522736912, 4.73104098559, 0.000696808940952
5.6, -6.30976885955, -1.01526390909, 4.74102885767, -0.00849350140105
5.61, -6.26233569144, -1.01536238586, 4.75070676648, -0.0101994338473
5.62, -6.21480728433, -1.01541311304, 4.76008655015, -0.00138174713288
5.63, -6.16718653757, -1.01538426153, 4.76918231802, 0.00336815795064
5.64, -6.11947625722, -1.01537686772, 4.77800473599, -0.00397744289689
5.65, -6.07167916482, -1.01545751105, 4.7865590732, -0.0112746962967
5.66, -6.02379788796, -1.0155456652, 4.79485256153, -0.0062048908535
5.67, -5.97583494534, -1.01554624518, 4.80289792551, 0.00297355689289
5.68, -5.92779277107, -1.01550916733, 4.81070624916, 0.000959891078498
5.69, -5.87967372974, -1.01554824762, 4.81828329235, -0.0090477195533
5.7, -5.83148011747, -1.01565103072, 4.82563240559, -0.0103263710489
5.71, -5.78321413531, -1.01569729017, 4.83276333225, -0.00051875123274
5.72, -5.73487789749, -1.01567110488, 4.83968740376, 0.00247766555602
5.73, -5.68647346249, -1.01565795294, 4.84641106123, -0.00254252950333
5.74, -5.63800282939, -1.01572260336, 4.85293786208, -0.00997098425996
5.75, -5.58946793465, -1.01580847476, 4.85927211362, -0.00689749050914
5.76, -5.54087062908, -1.01582118868, 4.86542371981, 0.00176449762554
5.77, -5.49221269962, -1.015786956, 4.87140115878, 0.00162428423077
5.78, -5.44349589072, -1.01581088769, 4.87720819753, -0.00720482117029
5.79, -5.39472190474, -1.01590178165, 4.88284622245, -0.00998767357611
5.8, -5.34589237239, -1.01595547723, 4.88832223248, -0.00187400957827
5.81, -5.29700885263, -1.01592780526, 4.89364559678, 0.00375497660797
5.82, -5.24807286561, -1.01591002142, 4.89882119203, -0.00255434363786
5.83, -5.19908590473, -1.0159780073, 4.90384957161, -0.0103816594658
5.84, -5.15004941614, -1.01606436393, 4.90873355697, -0.00653096870253
5.85, -5.10096477007, -1.01606897721, 4.91348242124, 0.00279073665422
5.86, -5.05183329082, -1.01602669555, 4.91810253081, 0.00207980532238
5.87, -5.0026562841, -1.01605137868, 4.92259512752, -0.00761912114461
5.88, -4.95343503312, -1.01614595836, 4.9269597685, -0.0101131805941
5.89, -4.90417075683, -1.01619536536, 4.93120309072, -0.00101675750518
5.9, -4.85486461221, -1.01615771278, 4.93533345598, 0.00465141530899
5.91, -4.80551773727, -1.01613614559, 4.93935336839, -0.0026454482895
5.92, -4.7561312643, -1.01620823123, 4.94326138303, -0.0108457442299
5.93, -4.70670628837, -1.01629501455, 4.94705954346, -0.00611069859025
5.94, -4.65724383147, -1.01629075715, 4.95075717981, 0.00388987968317
5.95, -4.60774488601, -1.01625383432, 4.95435812022, 0.00309116131158
5.96, -4.55821043935, -1.01626176361, 4.95786307784, -0.00582504609988
5.97, -4.50864146899, -1.0163469834, 4.96127043224, -0.0101162914144
5.98, -4.45903890406, -1.01640591591, 4.96458498341, -0.00239556290243
5.99, -4.40940361234, -1.01637648537, 4.9678148153, 0.00464795831293
6.0, -4.35973644943, -1.01634333065, 4.97096157026, -0.000768255336879
6.01, -4.31003828023, -1.01639837382, 4.97402305643, -0.00972822758276
6.02, -4.26030994951, -1.01648638512, 4.97699955643, -0.0071600349091
6.03, -4.2105522333, -1.01649502534, 4.97989964322, 0.00289088081479
6.04, -4.16076587391, -1.01644261439, 4.98272772139, 0.0037399089042
6.05, -4.11095162592, -1.01644989563, 4.98548215324, -0.00616628231769
6.06, -4.06111025225, -1.01653898483, 4.98816015822, -0.0103179507905
6.07, -4.01124246427, -1.01659427667, 4.99076704017, -0.00156028731307
6.08, -3.96134891163, -1.01656614453, 4.99331041476, 0.00402416090921
6.09, -3.91143025161, -1.01652409814, 4.9957905743, 0.000952696672985
6.1, -3.86148714725, -1.01656180233, 4.99820509939, -0.00843408693451
6.11, -3.81152026101, -1.01664868115, 5.00055286762, -0.00799663788809
6.12, -3.76153019098, -1.01666973755, 5.00284167844, 0.00178468778278
6.13, -3.71151749543, -1.0166177108, 5.00507641791, 0.00471791980351
6.14, -3.66148275107, -1.01660742064, 5.00725477206, -0.00419698779573
6.15, -3.61142655749, -1.01668508093, 5.00937318268, -0.0101384154609
6.16, -3.56134947524, -1.01674926765, 5.01143529209, -0.00298617437099
6.17, -3.51125199538, -1.01672665039, 5.01337488916, 0.00221164371641
6.18, -3.46113462008, -1.01668056591, 5.01541553461, 0.00238248453036
6.19, -3.41099786144, -1.01670027027, 5.01733072609, -0.00678159002287
6.2, -3.36084224616, -1.01678108529, 5.01919287613, -0.0083714743462
6.21, -3.31066824365, -1.01681315654, 5.02100867697, 0.000507207049729
6.22, -3.26047627519, -1.01676572447, 5.02278387259, 0.00519925976792
6.23, -3.21026678129, -1.01674042021, 5.02451576524, -0.00219388047114
6.24, -3.160040237, -1.01680297082, 5.02620028438, -0.00941647682338
6.25, -3.10979709246, -1.016871984, 5.02783942213, -0.00424400983215
6.26, -3.05953772596, -1.01685297855, 5.02944232956, 0.00491924190329
6.27, -3.00926250711, -1.01679698381, 5.03100908885, 0.00281949105412
6.28, -2.95897184831, -1.01681759785, 5.03253503583, -0.00717998563343
6.29, -2.90866617773, -1.01690116908, 5.03401759785, -0.00834691717441
6.3, -2.85834585716, -1.01692730127, 5.03546482994, 0.00150957079624
6.31, -2.80801119863, -1.01688118405, 5.0368814902, 0.00443595981955
6.32, -2.75766255494, -1.01684902928, 5.03826435283, -0.000661932206423
6.33, -2.70730029792, -1.0168946213, 5.03960959816, -0.00801402483653
6.34, -2.65692479237, -1.0169602594, 5.04091811706, -0.0048218695463
6.35, -2.60653633427, -1.01695224664, 5.04219846719, 0.00381729837588
6.36, -2.55613520232, -1.01689817169, 5.04345152497, 0.00356263826425
6.37, -2.5057217183, -1.01690292458, 5.04467245951, -0.00526862984445
6.38, -2.45529622991, -1.01697382711, 5.04585829729, -0.00792201702905
6.39, -2.40485902988, -1.01700644902, 5.04701554989, 0.000250096317054
6.4, -2.35441035458, -1.01695804002, 5.04815053201, 0.0057792594463
6.41, -2.30395046601, -1.01692061791, 5.04925910037, -0.000612159546771
6.42, -2.25347967762, -1.01696887882, 5.05033627068, -0.0083540399571
6.43, -2.20299828798, -1.01703424842, 5.05138335822, -0.00437979709899
6.44, -2.15250651651, -1.01701742727, 5.05241026973, 0.00490710094658
6.45, -2.10200456979, -1.01695474289, 5.05341666887, 0.00406857163201
6.46, -2.05149271093, -1.0169597296, 5.05439648674, -0.00562859293604
6.47, -2.00097123423, -1.01703370235, 5.05534648602, -0.00798208933292
6.48, -1.95044036797, -1.01706137964, 5.05627469168, 0.00116896603606
6.49, -1.89990027959, -1.01700245435, 5.05718749447, 0.00672147978192
6.5, -1.84935117376, -1.01696082754, 5.05807903814, -0.000662123251527
6.51, -1.79879331834, -1.0170127133, 5.05894365176, -0.00876529929148
6.52, -1.74822696139, -1.01707792954, 5.05978335498, -0.00390095892267
6.53, -1.69765225947, -1.01705170501, 5.06060957892, 0.00605214736018
6.54, -1.64706936793, -1.01699395851, 5.06141929301, 0.00511148578257
6.55, -1.59647849765, -1.01698188708, 5.06220836845, -0.00380156701244
6.56, -1.5458798932, -1.01704606335, 5.06297237332, -0.00793349578742
6.57, -1.49527374918, -1.01708270714, 5.06371778926, -0.000155607237508
6.58, -1.44466018633, -1.01703156111, 5.06445276918, 0.00675183236284
6.59, -1.39403935248, -1.01697808927, 5.06517181135, 0.00123735676816
6.6, -1.34341146665, -1.0170126399, 5.06586864397, -0.0076106370618
6.61, -1.29277674644, -1.01707861092, 5.06654362622, -0.00489829129413
6.62, -1.2421353164, -1.01706480494, 5.06720837154, 0.00509311608629
6.63, -1.19148727578, -1.01699132937, 5.06786298828, 0.00578096029548
6.64, -1.14083279414, -1.01697837072, 5.06849951444, -0.00411384321014
6.65, -1.09017209312, -1.01704603406, 5.06911365286, -0.00809139015512
6.66, -1.03950532762, -1.01707860344, 5.06971355449, 0.00071845991934
6.67, -0.988832570067, -1.01702844237, 5.07030678273, 0.0061519168257
6.68, -0.938153943752, -1.0169659106, 5.07088820488, 0.00297324878723
6.69, -0.887469618707, -1.01698289405, 5.07145116847, -0.00628548563125
6.7, -0.836779789967, -1.01704733301, 5.07199462561, -0.00569137032963
6.71, -0.786084561804, -1.01704556082, 5.07252986113, 0.00401695078632
6.72, -0.735383993509, -1.01697227967, 5.07305938142, 0.00677061086001
6.73, -0.684678210468, -1.01694161899, 5.07357460588, -0.00212656696514
6.74, -0.633967405764, -1.01699755776, 5.07407036875, -0.00787404276265
6.75, -0.58325172219, -1.01703862141, 5.07455288164, -0.000670478382008
6.76, -0.532531202634, -1.01699372871, 5.07489177796, 0.0043565872836
6.77, -0.481805935298, -1.01692705374, 5.0755030618, 0.00441271916352
6.78, -0.431076051592, -1.01692585406, 5.07595889425, -0.0046060887687
6.79, -0.380341727005, -1.01698387758, 5.07639727104, -0.00602817193518
6.8, -0.329603055471, -1.01699280182, 5.07682830189, 0.00276279196846
6.81, -0.278860067419, -1.01692398778, 5.07725710048, 0.00725826622537
6.82, -0.228112849209, -1.01687822367, 5.07767503408, -0.000108692490791
6.83, -0.177361566458, -1.01691878929, 5.07807613907, -0.00711784744624
6.84, -0.126606354929, -1.01696432547, 5.07846450589, -0.00189680144447
6.85, -0.075847245745, -1.01692285681, 5.07885242961, 0.00706928830417
