timestamp, prius1 x posi, prius1 y posi, prius1 x vel, prius1 y vel.
0.0, 0.0, 0.0, 0.0, 0.0
0.00999999999999, 0.999863280642, -25.065783527, -0.0064702122274, 0.1219332066
0.02, 0.999847568464, -25.064517671, 0.0019105611472, 0.136384039936
0.03, 0.999908142569, -25.0631009854, 0.00653382388576, 0.151740731271
0.04, 0.999949280741, -25.0615286654, -0.000403755809093, 0.167487617347
0.05, 0.999906192262, -25.0597964063, -0.00746505513853, 0.183895613293
0.06, 0.999854687896, -25.0578960117, -0.00273610790144, 0.200915487423
0.07, 0.999886564064, -25.0558237197, 0.00608545663289, 0.218259145819
0.08, 0.999955601608, -25.0535757417, 0.00430224922061, 0.236226973496
0.09, 0.999952683773, -25.0511429411, -0.00525648555955, 0.255190774197
0.1, 0.999887998497, -25.0485165365, -0.00662072829371, 0.274740140555
0.11, 0.999876243056, -25.0456938936, 0.00270698766491, 0.294444164741
0.12, 0.999945866629, -25.0426715407, 0.00730348766431, 0.314830064204
0.13, 0.999989560339, -25.0394418486, -0.000599658575821, 0.335721744695
0.14, 0.999942046392, -25.036002893, -0.00790210598544, 0.356687135215
0.15, 0.99989082468, -25.0323521131, -0.00224613768484, 0.378245775538
0.16, 0.999931711918, -25.0284824385, 0.00713623007143, 0.400278371164
0.17, 1.00000811175, -25.0243917044, 0.00462220725978, 0.422455717743
0.18, 1.00000324533, -25.0200784818, -0.005744830801, 0.444768882537
0.19, 0.999949946898, -25.0155403304, -0.00618637094405, 0.467603727087
0.2, 0.999931833776, -25.0107706929, 0.00150051143602, 0.490873393132
0.21, 0.99999270108, -25.0057676375, 0.00708829592581, 0.514280288127
0.22, 1.00004580743, -25.0005278382, 0.00113956326487, 0.538557575894
0.23, 1.0000161968, -24.9950405081, -0.00652825475992, 0.563372881943
0.24, 0.999967022676, -24.9893035365, -0.00299350382561, 0.588674020296
0.25, 0.99999626463, -24.9833101649, 0.00608722455672, 0.614472217694
0.26, 1.00007264857, -24.9770582817, 0.00561989023833, 0.640550023017
0.27, 1.0000855837, -24.9705417042, -0.00374448672751, 0.667197942882
0.28, 1.0000296634, -24.9637587125, -0.00636182360406, 0.693833504014
0.29, 1.000015834, -24.9567087389, 0.00236811580387, 0.720777749921
0.3, 1.00008712256, -24.9493871157, 0.00805191358278, 0.747982233096
0.31, 1.00014494903, -24.9417929346, 0.00114752641926, 0.77544905159
0.32, 1.00011213761, -24.9339207199, -0.00691948297987, 0.803546345667
0.33, 1.00006320287, -24.9257639978, -0.00251052955926, 0.832177709629
0.34, 1.00010209223, -24.9173225775, 0.0072739355378, 0.860336102084
0.35, 1.00018781786, -24.908601193, 0.00616222242205, 0.888525368457
0.36, 1.00020049837, -24.8995943621, -0.00412768581068, 0.917402003941
0.37, 1.00014151163, -24.8902965434, -0.00638769872962, 0.946534456507
0.38, 1.00013353102, -24.8807077525, 0.00340997451593, 0.97559707935
0.39, 1.00021661301, -24.8708292507, 0.00910549231168, 1.00469182922
0.4, 1.00027934157, -24.8606523028, 0.00113179378799, 1.03500803914
0.41, 1.00024795182, -24.8501725518, -0.00247396819837, 1.06530933718
0.42, 1.00020801544, -24.8393889641, -0.00285804018394, 1.09593485479
0.43, 1.00023751737, -24.8282974967, 0.00627099694878, 1.1266883895
0.44, 1.00032194346, -24.8168990879, 0.00695953543164, 1.15732864911
0.45, 1.00035151287, -24.8051948357, -0.00206638822462, 1.1878584642
0.46, 1.00030716939, -24.7931847031, -0.00574989417384, 1.21866885644
0.47, 1.00029449497, -24.7808645931, 0.00228473233406, 1.24967234424
0.48, 1.00036865758, -24.7682351278, 0.00882864032305, 1.28054839925
0.49, 1.00044066862, -24.7552951239, 0.00293530307844, 1.3121132988
0.5, 1.00042419688, -24.7420353858, -0.00566021844877, 1.34412402885
0.51, 1.00038083609, -24.7284561764, -0.00246326358166, 1.37614844709
0.52, 1.000419409, -24.7145535792, 0.00745208346902, 1.40863911967
0.53, 1.00051396704, -24.7003258072, 0.00764136227474, 1.44136629166
0.54, 1.00054476679, -24.6857690229, -0.00232577754815, 1.47425728003
0.55, 1.00049780257, -24.6708840367, -0.00579877427791, 1.50699960409
0.56, 1.00049038355, -24.6556709913, 0.00326806459039, 1.54002449579
0.57, 1.00057644123, -24.640125599, 0.00996411773239, 1.57348074978
0.58, 1.00065484567, -24.6242436087, 0.00309374645552, 1.60714618082
0.59, 1.0006410555, -24.6080227865, -0.00114108427587, 1.64156646934
0.6, 1.00060652555, -24.5914560911, -0.00286881874469, 1.67602765825
0.61, 1.00063542838, -24.574545321, 0.00646942979075, 1.7103434118
0.62, 1.00072965655, -24.557292643, 0.008585657648, 1.74442116621
0.63, 1.00077878862, -24.5396987618, -0.000149408731397, 1.77873321829
0.64, 1.00074685582, -24.5217597965, -0.00518119303835, 1.81343417754
0.65, 1.00073432844, -24.5034730871, 0.00211394687346, 1.84811031048
0.66, 1.00081187256, -24.4848394897, 0.00978872987884, 1.88297883982
0.67, 1.00090097254, -24.4658549401, 0.00504536414905, 1.91828998329
0.68, 1.00090303286, -24.4465166318, -0.00430756818946, 1.9535551167
0.69, 1.00086475371, -24.4268265823, -0.00253492501422, 1.98863899055
0.7, 1.00090251993, -24.406785745, 0.00769201435624, 2.0238730185
0.71, 1.00100814462, -24.3863919443, 0.00944494289218, 2.05908101817
0.72, 1.00106003972, -24.3656473136, -0.000310949908869, 2.09404080829
0.73, 1.00102545132, -24.3445534513, -0.00530249671933, 2.12909243434
0.74, 1.00101739881, -24.3231079814, 0.00305687506811, 2.16418861134
0.75, 1.00110739064, -24.3013132941, 0.0110563231803, 2.19908432037
0.76, 1.00120446938, -24.2791668088, 0.00534814188706, 2.23437787967
0.77, 1.00120487173, -24.2566675768, -0.00466954557368, 2.26979591996
0.78, 1.00118088527, -24.233813954, -0.00238840705233, 2.30511054689
0.79, 1.00121180812, -24.2106089483, 0.00669187500945, 2.34021204551
0.8, 1.00131358983, -24.18705071, 0.00987313455914, 2.37560877058
0.81, 1.00138017119, -24.1631381411, 0.00175501362692, 2.41121750641
0.82, 1.00136341357, -24.1388695006, -0.00415284673487, 2.44668658157
0.83, 1.00135523092, -24.1142466988, 0.00222065435306, 2.48221066221
0.84, 1.00143577466, -24.0892675722, 0.0104737129947, 2.51778033254
0.85, 1.00153844026, -24.0639333131, 0.0068640692774, 2.55340280186
0.86, 1.00155904523, -24.0382422383, -0.00268015311749, 2.58898353033
0.87, 1.00153041423, -24.0121962906, -0.0021177626601, 2.62453583546
0.88, 1.00156965587, -23.98579382, 0.00787804600974, 2.66012724179
0.89, 1.00168294272, -23.9590370797, 0.0107826459061, 2.69540467201
0.9, 1.00175300303, -23.9319269398, 0.00166685310184, 2.73111592034
0.91, 1.00173389499, -23.904457029, -0.00428816046288, 2.76702100822
0.92, 1.00172963002, -23.876629386, 0.00309472319803, 2.80267205622
0.93, 1.00182230007, -23.8484469472, 0.0117536255816, 2.83799680697
0.94, 1.00193357681, -23.8199117404, 0.00725830095085, 2.8733865679
0.95, 1.00195321396, -23.7910218446, -0.0030112748003, 2.90876935751
0.96, 1.00193849856, -23.7617797884, -0.00205749207748, 2.94382826622
0.97, 1.00197004202, -23.7321868593, 0.00682309785009, 2.97907256721
0.98, 1.00207971285, -23.702240476, 0.0112952692303, 3.01454412802
0.99, 1.00216551715, -23.6719381591, 0.0038228241593, 3.0500807827
1.0, 1.0021644044, -23.6412814154, -0.00318632475483, 3.0857474427
1.01, 1.00215910067, -23.6102644653, 0.00215917011485, 3.121787095
1.02, 1.00224188398, -23.5788886802, 0.0111913262244, 3.15752929259
1.03, 1.00235965568, -23.5471569772, 0.00890222160351, 3.19297300822
1.04, 1.00240036841, -23.5150708267, -0.00100387506604, 3.22872216896
1.05, 1.00238020125, -23.4826244903, -0.00192576622861, 3.26468785448
1.06, 1.0024189483, -23.4498206102, 0.00795863688474, 3.30024440896
1.07, 1.00254073135, -23.416661202, 0.0123426524521, 3.33607679332
1.08, 1.00263144656, -23.3831411503, 0.0038376502897, 3.37207170167
1.09, 1.00262789494, -23.3492625436, -0.00342256557299, 3.40793174445
1.1, 1.00262512141, -23.3150253161, 0.00290843404464, 3.44365402129
1.11, 1.00271979204, -23.2804330756, 0.0125419098121, 3.47895287157
1.12, 1.0028475538, -23.2454900431, 0.00944637048673, 3.51393688903
1.13, 1.00288802317, -23.2101959134, -0.00134686463432, 3.54904137343
1.14, 1.00288101088, -23.1745526556, -0.00129040543444, 3.58391687235
1.15, 1.00291571248, -23.1385603774, 0.00700554821635, 3.61870609534
1.16, 1.00303115188, -23.1022220996, 0.0123503379125, 3.65313346978
1.17, 1.00313306645, -23.065539456, 0.00572753569823, 3.68784888915
1.18, 1.00314883112, -23.0285075803, -0.00188670598609, 3.72269459143
1.19, 1.00315012177, -22.9911296134, 0.00238845477004, 3.75707917033
1.2, 1.00323520561, -22.9534095162, 0.0116717011759, 3.79113351013
1.21, 1.00336426138, -22.9153489271, 0.0105509234136, 3.82544862651
1.22, 1.00342362886, -22.8769430743, 0.00078734596126, 3.85990158645
1.23, 1.00341551574, -22.8381945431, -0.00127417531484, 3.89398579128
1.24, 1.00345653117, -22.7991050884, 0.00807086256425, 3.92833690599
1.25, 1.00358387805, -22.7596705096, 0.0134235675993, 3.96287443414
1.26, 1.00369126481, -22.7198906417, 0.00580459018599, 3.99726020217
1.27, 1.0037048007, -22.6797694706, -0.00214664520131, 4.03109152008
1.28, 1.00370787441, -22.6393140449, 0.00303613177231, 4.06407654338
1.29, 1.00380398695, -22.598533568, 0.0129713620814, 4.09613397697
1.3, 1.00394312415, -22.5574370863, 0.0111489580425, 4.12730595683
1.31, 1.00400279677, -22.5160333085, 0.000476713265147, 4.1576156379
1.32, 1.00400734926, -22.4743308285, -0.000743309126346, 4.1870696784
1.33, 1.00404298768, -22.4323380954, 0.00699320540651, 4.21569000593
1.34, 1.00416333074, -22.3900632996, 0.013425092696, 4.24351014179
1.35, 1.00428219455, -22.3475142495, 0.00772845808858, 4.27056391177
1.36, 1.00431475158, -22.3046985147, -0.000702430842662, 4.29686529965
1.37, 1.00432028009, -22.2616235961, 0.00233139637012, 4.32242018053
1.38, 1.00440529637, -22.2182968696, 0.0120064169435, 4.34725215231
1.39, 1.00454540447, -22.1747253672, 0.0122601007221, 4.37139840872
1.4, 1.004623729, -22.130915814, 0.00253863177084, 4.39487973948
1.41, 1.00462562814, -22.0868748275, -0.000940930754098, 4.41769997875
1.42, 1.0046652929, -22.0426089995, 0.00785726073858, 4.43986851635
1.43, 1.00479626039, -21.9981246947, 0.0144365061743, 4.46141821188
1.44, 1.00492020928, -21.9534279302, 0.00776060641454, 4.4823780761
1.45, 1.00495406659, -21.908524508, 0.00363061128677, 4.50278954467
1.46, 1.00496697079, -21.8634203773, 0.00180055664085, 4.52255194408
1.47, 1.00504101613, -21.8181211368, 0.0108914884096, 4.54178703027
1.48, 1.00517919222, -21.7726322987, 0.0130283791882, 4.56049043219
1.49, 1.00527388384, -21.7269590565, 0.00451671677715, 4.57868157888
1.5, 1.00528889505, -21.6811065083, -0.00049928284793, 4.59636229327
1.51, 1.00532172819, -21.6350797647, 0.00653191788946, 4.61353572235
1.52, 1.00544225974, -21.5888837905, 0.0140596997088, 4.63022713618
1.53, 1.00557473138, -21.5425232497, 0.00949267990361, 4.64646345781
1.54, 1.00562226134, -21.4960026335, 0.000306025113594, 4.66225171856
1.55, 1.00562934563, -21.4493264428, 0.00191199214732, 4.67758849328
1.56, 1.00570978242, -21.402499162, 0.0118549547445, 4.69248630172
1.57, 1.00585670832, -21.3555250258, 0.0136318590405, 4.7069750116
1.58, 1.00595175757, -21.3084080201, 0.00413472214183, 4.72107011847
1.59, 1.00596190304, -21.2611520812, -0.000846682836814, 4.73476852666
1.6, 1.00599664558, -21.213761205, 0.00719852492356, 4.74806973299
1.61, 1.00612667685, -21.1662392614, 0.0150302641332, 4.76099790776
1.62, 1.00626427223, -21.1185898341, 0.00952933497616, 4.77357756639
1.63, 1.00631241328, -21.0708163355, 0.00446152340347, 4.78584536269
1.64, 1.00632474724, -21.0229223862, 0.00115313468761, 4.79769240252
1.65, 1.00639255266, -20.9749113483, 0.0106430067291, 4.80923156463
1.66, 1.00653738171, -20.9267865739, 0.0144224549997, 4.82045304036
1.67, 1.00664870455, -20.8785511322, 0.00604428237811, 4.83137304618
1.68, 1.00667036388, -20.8302080376, -0.000629674453849, 4.84198791779
1.69, 1.00669605, -20.7817603889, 0.00568495452866, 4.85229230858
1.7, 1.00681470667, -20.7332112249, 0.0146318045048, 4.8623044716
1.71, 1.00696092007, -20.6845633272, 0.0112564877819, 4.87204852951
1.72, 1.00702185949, -20.6358193324, 0.000999663603339, 4.88152826232
1.73, 1.00704039359, -20.5869819489, 0.00074724474316, 4.89073391562
1.74, 1.00709609509, -20.5380538797, 0.00918103883782, 4.89967211509
1.75, 1.00723369095, -20.4890377262, 0.0146039718932, 4.90836242528
1.76, 1.00735738424, -20.4399358572, 0.00784255996759, 4.91682190079
1.77, 1.0073929578, -20.3907505757, 2.99933497659e-05, 4.92504761784
1.78, 1.00741307302, -20.341484274, 0.0043095010815, 4.93303119842
1.79, 1.00751793532, -20.2921394435, 0.0137233268143, 4.94074926462
1.8, 1.00766739022, -20.2427188056, 0.0125726220223, 4.94821090625
1.81, 1.00774565066, -20.1932247248, 0.00258904755089, 4.95544197722
1.82, 1.00775453019, -20.143659669, 0.000409020075349, 4.96240271274
1.83, 1.00781267767, -20.0940263392, 0.00986295163572, 4.96911298326
1.84, 1.00795838262, -20.0443270656, 0.0152973007767, 4.97560281117
1.85, 1.0080836386, -19.9945639037, 0.00751970992031, 4.98188640137
1.86, 1.00812322788, -19.9447393217, 0.00164736398698, 4.98790063288
1.87, 1.00814081643, -19.8948556725, 0.00310670249569, 4.99370300847
1.88, 1.00823181233, -19.8449151381, 0.0126555507097, 4.99928056794
1.89, 1.00838201342, -19.7949198823, 0.0136369781685, 5.00466420583
1.9, 1.00847657122, -19.744871661, 0.00422875479766, 5.0098731841
1.91, 1.00849198408, -19.694772482, 5.161502547e-05, 5.01486238767
1.92, 1.00853739631, -19.6446244184, 0.00823689927418, 5.01964795695
1.93, 1.00867370378, -19.5944295112, 0.0152656849773, 5.02424950804
1.94, 1.00881022682, -19.5441893677, 0.00931198711778, 5.02870006958
1.95, 1.00885894119, -19.493905549, 0.00484520879778, 5.03300575441
1.96, 1.00887957983, -19.4435800304, 0.00222848951852, 5.0370675478
1.97, 1.00895652683, -19.393214307, 0.0112665889978, 5.04100941226
1.98, 1.00910244108, -19.3428098973, 0.0141844384934, 5.04481240279
1.99, 1.00921103637, -19.2923681695, 0.00594845358622, 5.04846801641
2.0, 1.00923667199, -19.2418906875, 0.000183541673402, 5.05197147908
2.01, 1.00927230789, -19.1913789159, 0.00663967709799, 5.05532991395
2.02, 1.00939591749, -19.1408343662, 0.0146929863279, 5.05852045885
2.03, 1.00953911685, -19.0902587282, 0.0108478205438, 5.06156943618
2.04, 1.00959926792, -19.0396531605, 0.0013285937734, 5.06450618179
2.05, 1.00961140427, -18.9890188592, 0.00204367092947, 5.0673165412
2.06, 1.00969201124, -18.9383571537, 0.011987402062, 5.06998626511
2.07, 1.00984479814, -18.8876694314, 0.014633171266, 5.07253564161
2.08, 1.00995224299, -18.8369566897, 0.00539548794416, 5.07499165719
2.09, 1.00998113789, -18.786220072, 0.00185829954637, 5.07729537829
2.1, 1.01001576219, -18.7354611304, 0.00559978487619, 5.07947412787
2.11, 1.01012585203, -18.6846809502, 0.0135203808129, 5.08155062344
2.12, 1.01026744671, -18.6338805359, 0.0116208901386, 5.08351930968
2.13, 1.01034186155, -18.5830609186, 0.00288690186181, 5.08539810743
2.14, 1.01036137568, -18.5322229951, 0.00186994157008, 5.0871718251
2.15, 1.01043076182, -18.4813680078, 0.0104224208274, 5.08882548322
2.16, 1.01057295719, -18.4304969706, 0.0143505247297, 5.09038064801
2.17, 1.01068892875, -18.3796108108, 0.00696290089217, 5.09185883568
2.18, 1.01072180244, -18.3287102372, 0.000455008669286, 5.09326172223
2.19, 1.01075332926, -18.2777961053, 0.00579610960016, 5.09456383426
2.2, 1.01086912824, -18.2268694953, 0.0142278174967, 5.09577337264
2.21, 1.01101482145, -18.1759311341, 0.011647692564, 5.09690947268
2.22, 1.01108472213, -18.124981814, 0.00216924249155, 5.09797236533
2.23, 1.01109851746, -18.0740222779, 0.00160266491249, 5.09894346756
2.24, 1.01117062597, -18.0230535367, 0.0110716014601, 5.0998269194
2.25, 1.01131967155, -17.9720762428, 0.0148550683523, 5.1006593772
2.26, 1.01143531255, -17.9210909683, 0.00648617018827, 5.10140833254
2.27, 1.01146126292, -17.870098702, -0.000201930365964, 5.10207205879
2.28, 1.01149098799, -17.8191001369, 0.00608104235664, 5.10266930245
2.29, 1.01161345214, -17.7680959058, 0.0150174775334, 5.10321157536
2.3, 1.01176348581, -17.7170865052, 0.011648222741, 5.10369841541
2.31, 1.01182827705, -17.6660725425, 0.0013852709517, 5.10413012472
2.32, 1.01185031956, -17.6150545405, 0.00110229116252, 5.10450732122
2.33, 1.01190946397, -17.5640331009, 0.00952730899385, 5.10481102025
2.34, 1.01205038342, -17.5130089836, 0.0149334267578, 5.10505732325
2.35, 1.01217719355, -17.4619825821, 0.00815092625133, 5.10526198699
2.36, 1.01221572787, -17.4109543368, 0.000326959614875, 5.10543685786
2.37, 1.01223874899, -17.3599269717, 0.0046043507977, 5.10505012624
2.38, 1.01234642854, -17.3089048567, 0.0140019228737, 5.10437187571
2.39, 1.01249846496, -17.2578919149, 0.0128260065371, 5.1031125357
2.4, 1.01257915556, -17.2068966533, 0.0028384429222, 5.10080894368
2.41, 1.01260478905, -17.1559298102, 0.00107796258188, 5.09739138234
2.42, 1.01265316143, -17.1050019673, 0.00791588132774, 5.09319851719
2.43, 1.01278190778, -17.0541232025, 0.014432711542, 5.08713358976
2.44, 1.01291530839, -17.0033183111, 0.00959022665733, 5.07862386025
2.45, 1.01296789832, -16.9526074692, 0.00126060841667, 5.06862359718
2.46, 1.01298805086, -16.902001607, 0.00335874976622, 5.05765384017
2.47, 1.01307928743, -16.8515134951, 0.0125182572606, 5.04452459585
2.48, 1.01322724292, -16.8011697816, 0.0134426717736, 5.02942895063
2.49, 1.01332143027, -16.7509805484, 0.00436493769325, 5.01364661151
2.5, 1.01333911506, -16.7009573634, 0.000303771246241, 4.99602444286
2.51, 1.01338523636, -16.6511169215, 0.00814343906642, 4.97737135299
2.52, 1.013518493, -16.6014668937, 0.0148723798571, 4.95797061938
2.53, 1.01365157325, -16.5520163517, 0.0091038856592, 4.93721805778
2.54, 1.01369984576, -16.5027815157, 0.00483778906264, 4.91520441535
2.55, 1.01372085699, -16.4537679161, 0.00220950780582, 4.89325742125
2.56, 1.01379517721, -16.4049868054, 0.0108321646249, 4.86861434915
2.57, 1.01393543708, -16.3564566509, 0.0136212285029, 4.84241656615
2.58, 1.01403964697, -16.3081986616, 0.00567705187791, 4.81478873152
2.59, 1.01406362668, -16.2602194378, 7.76169201646e-05, 4.78645589014
2.6, 1.01409651827, -16.2125305639, 0.00620064689592, 4.75680383727
2.61, 1.01421310437, -16.1651432108, 0.013863659789, 4.72622998182
2.62, 1.01434804834, -16.118064164, 0.01014837978, 4.69537589218
2.63, 1.0144030836, -16.0712962878, 0.000987012048853, 4.66351667105
2.64, 1.01442530627, -16.0248538504, 0.00135613268046, 4.63083567618
2.65, 1.01448275852, -15.9787379003, 0.00884473943242, 4.59805064225
2.66, 1.01460951036, -15.9329506013, 0.0131126198581, 4.56527609429
2.67, 1.01471915199, -15.8874923693, 0.00682620187364, 4.5319599142
2.68, 1.01475142583, -15.8423699753, 0.000233236307486, 4.49841091105
2.69, 1.01477375082, -15.7975819411, 0.00430425502911, 4.46493365071
2.7, 1.01487062117, -15.7531320406, 0.012304905303, 4.43066953868
2.71, 1.0150019299, -15.7090273404, 0.0107734178953, 4.39620192256
2.72, 1.01506787889, -15.6652653441, 0.00199244594754, 4.36211475877
2.73, 1.01507567024, -15.6218425012, 0.00049349527299, 4.32835824227
2.74, 1.01512946359, -15.5787587407, 0.00884991951857, 4.29390622337
2.75, 1.01525726332, -15.5360234632, 0.0131019798972, 4.25909734619
2.76, 1.01536200074, -15.4936338541, 0.00591241136105, 4.22476552008
2.77, 1.01538262115, -15.4515857165, -0.000934304506547, 4.19053733109
2.78, 1.01539758703, -15.4098857068, 0.00400484616315, 4.15537881903
2.79, 1.01549523298, -15.3685362792, 0.0125176840281, 4.12059510131
2.8, 1.01562559693, -15.3275310825, 0.010288943191, 4.08629799674
2.81, 1.01568189094, -15.2868684433, 0.000758320840263, 4.0520857977
2.82, 1.01569274656, -15.24654689, 0.000133348846145, 4.01809891435
2.83, 1.01573263564, -15.2065642044, 0.00689786079303, 3.98440209562
2.84, 1.01584383722, -15.1669165646, 0.012066808884, 3.95092560012
2.85, 1.0159493925, -15.127602858, 0.00677308001577, 3.91778648868
2.86, 1.01597928308, -15.088617577, -0.000393662901406, 3.88515659677
2.87, 1.01598837958, -15.0499575193, 0.00249228667987, 3.85269945714
2.88, 1.01606662974, -15.0116201373, 0.0106718466763, 3.82072265899
2.89, 1.01618857283, -14.9735994031, 0.0104165862879, 3.78930313081
2.9, 1.01625391374, -14.9358904389, 0.00189419241904, 3.75836479163
2.91, 1.01625464312, -14.8984885991, -0.000816163380548, 3.72785864698
2.92, 1.01629036304, -14.8613890521, 0.00687101599239, 3.69795758448
2.93, 1.01640295016, -14.8245849083, 0.0121467174677, 3.6687630995
2.94, 1.01650503616, -14.7880691595, 0.00601676860535, 3.64023549919
2.95, 1.01652437629, -14.7518354104, -0.00152516234655, 3.61236880472
2.96, 1.016525669, -14.7158768548, 0.00210773149915, 3.58517519641
2.97, 1.01660446086, -14.6801871607, 0.0109392899921, 3.55855882193
2.98, 1.01672714382, -14.644760621, 0.0101602786019, 3.53253833753
2.99, 1.01678494001, -14.6095910944, 0.000813089674352, 3.50716421908
3.0, 1.01677535668, -14.5746718238, -0.00161748497589, 3.48246257769
3.01, 1.01680845583, -14.5399963176, 0.00701927455441, 3.45838662302
3.02, 1.01692401044, -14.5055584082, 0.012348624915, 3.43493720446
3.03, 1.0170232883, -14.4713517277, 0.00528731542795, 3.41212201474
3.04, 1.01703694919, -14.4373700352, 0.00198645531407, 3.3899302579
3.05, 1.01703931236, -14.4036080383, 0.00100212739153, 3.36819763914
3.06, 1.01710133625, -14.3700600844, 0.009198077432, 3.3470642919
3.07, 1.0172151276, -14.3367205762, 0.0101719007223, 3.32649472149
3.08, 1.01728178578, -14.3035839951, 0.0020671652221, 3.30645413325
3.09, 1.01727906624, -14.2706452229, -0.00172892752881, 3.28692210842
3.1, 1.01730032203, -14.2378991497, 0.00519136348235, 3.2678999506
3.11, 1.01739983601, -14.205340943, 0.0113395819512, 3.24932461475
3.12, 1.01750081505, -14.1729661365, 0.00631554148548, 3.23122144868
3.13, 1.01752197651, -14.1407698803, -0.00171254173122, 3.21359653137
3.14, 1.01751413105, -14.1087476057, 0.000650851996461, 3.19640196194
3.15, 1.01757733076, -14.076895211, 0.0095739744223, 3.17961227673
3.16, 1.01769365111, -14.0452085643, 0.0101418213054, 3.16325071885
3.17, 1.01775501118, -14.0136832915, 0.0011833432083, 3.14732279302
3.18, 1.0177431957, -13.9823152236, -0.00246682639789, 3.13178585834
3.19, 1.01776221538, -13.951100678, 0.00538823685248, 3.11661719307
3.2, 1.01786582956, -13.9200357973, 0.0117187826035, 3.1018450766
3.21, 1.01796621644, -13.8891167395, 0.00581923875604, 3.08743558187
3.22, 1.01797886774, -13.8583399113, -0.00267926555734, 3.07339102085
3.23, 1.01796478771, -13.8277017492, 0.000438362056551, 3.0596905227
3.24, 1.01803076222, -13.797198837, 0.0101104275153, 3.04633433156
3.25, 1.01815074439, -13.7668278614, 0.0101808030769, 3.03328231224
3.26, 1.01820703765, -13.736585832, 0.000301871023405, 3.02054836466
3.27, 1.01819936585, -13.7064695112, -0.00197131100529, 3.00812850503
3.28, 1.01821078225, -13.6764758599, 0.00388009565619, 2.99599689012
3.29, 1.01829944038, -13.6466020736, 0.0106505577636, 2.98416002873
3.3, 1.01840019839, -13.6168450986, 0.00673527265296, 2.97262620115
3.31, 1.01842560198, -13.5872019978, -0.00154759405078, 2.96136550955
3.32, 1.01841276014, -13.5576702088, -0.000389163277211, 2.95036157974
3.33, 1.01846341228, -13.5282471061, 0.00840143191917, 2.93961711558
3.34, 1.0185741839, -13.4989302453, 0.0101650148843, 2.92911630822
3.35, 1.01864022424, -13.469716977, 0.00176505368202, 2.91888290357
3.36, 1.018629545, -13.4406049227, -0.00290495609831, 2.90886931598
3.37, 1.01863822488, -13.4115918051, 0.00405406992002, 2.89908844134
3.38, 1.01873137917, -13.3826753474, 0.0111326508974, 2.88952716499
3.39, 1.01883309477, -13.3538533645, 0.00641365803452, 2.88019575912
3.4, 1.01885129397, -13.3251234801, -0.00243852573465, 2.87109692686
3.41, 1.01883226006, -13.2964834914, -0.000636330477837, 2.86220771821
3.42, 1.0188855095, -13.2679314617, 0.00896134727853, 2.85348736014
3.43, 1.01900091886, -13.2394657909, 0.0103528034191, 2.84495077521
3.44, 1.01906340889, -13.211084308, 0.00101027493663, 2.8366420632
3.45, 1.01905743299, -13.1827849943, -0.00241477295692, 2.82849162514
3.46, 1.01905806377, -13.1545664621, 0.00250127139561, 2.8205041383
3.47, 1.01913645826, -13.1264267985, 0.0101519315344, 2.81270019965
3.48, 1.01924001624, -13.0983643648, 0.00750100571511, 2.80505513982
3.49, 1.01927222364, -13.0703775237, -0.00123961726244, 2.79758179491
3.5, 1.01925434554, -13.0424645372, -0.00151403840457, 2.79027586816
3.51, 1.0192919861, -13.0146238015, 0.00727070085149, 2.78312958849
3.52, 1.0193992072, -12.9868538394, 0.0104984765739, 2.77610685329
3.53, 1.01947311009, -12.9591533815, 0.00261094922916, 2.76923755284
3.54, 1.01946457791, -12.9315207885, -0.00337419713143, 2.76252517899
3.55, 1.0194619237, -12.9039546404, 0.00262949055337, 2.7559361037
3.56, 1.01954508564, -12.8764537564, 0.0107313324876, 2.74948109262
3.57, 1.01965109322, -12.8490166417, 0.00734214757158, 2.74317958104
3.58, 1.0196771336, -12.8216417445, -0.00209366027029, 2.73702938516
3.59, 1.01965267427, -12.794327749, -0.00183726083203, 2.7309765419
3.6, 1.019692477, -12.767073912, 0.00784422798647, 2.72501459748
3.61, 1.01980534453, -12.7398790181, 0.0108451890215, 2.7191878227
3.62, 1.01987723027, -12.7127417292, 0.001971993809, 2.71348114411
3.63, 1.01987084144, -12.6856609658, -0.00184323937378, 2.70788223524
3.64, 1.01986571429, -12.6586355821, 0.00144382087982, 2.70240095275
3.65, 1.01993409305, -12.6316644728, 0.00944873707399, 2.69702935695
3.66, 1.02003755053, -12.6047464775, 0.00802432130632, 2.69176802429
3.67, 1.02007682761, -12.5778805986, -0.000655497003444, 2.68660942077
3.68, 1.02005839039, -12.5510658263, -0.0021564628641, 2.68153309331
3.69, 1.02008563969, -12.5243015042, 0.00616011334885, 2.67651956439
3.7, 1.02018698204, -12.4975869292, 0.0104841903921, 2.67158487841
3.71, 1.02026662568, -12.4709212022, 0.00345291095629, 2.66675368969
3.72, 1.0202632008, -12.4443033347, -0.00335828408331, 2.6619997338
3.73, 1.02025365421, -12.4177326312, 0.00150145903677, 2.65732418111
3.74, 1.02032656925, -12.3912082347, 0.0100624938536, 2.65274001592
3.75, 1.02043347919, -12.364729151, 0.0080006007615, 2.64826045931
3.76, 1.02046766178, -12.3382943895, -0.00144955723259, 2.6438621845
3.77, 1.02044246653, -12.3119032943, -0.00254818745313, 2.63952968225
3.78, 1.02047120382, -12.2855552102, 0.00669709296255, 2.63525281108
3.79, 1.02057859347, -12.2592496167, 0.0109317508296, 2.63103362219
3.8, 1.02065746882, -12.2329858178, 0.00292879373901, 2.62689892599
3.81, 1.02065107566, -12.2067629129, 0.000564040976993, 2.62287530154
3.82, 1.02064652316, -12.1805804047, 0.000779758565838, 2.61882757118
3.83, 1.02070579774, -12.1544377531, 0.00857119071735, 2.61486057615
3.84, 1.02080571048, -12.128334477, 0.00818392801031, 2.61096132624
3.85, 1.02085087796, -12.102269798, 7.5006679365e-05, 2.60712859175
3.86, 1.02083587678, -12.0762432485, -0.00229000520716, 2.60333077768
3.87, 1.02085614871, -12.0502544947, 0.00515885382164, 2.59957787381
3.88, 1.02094952002, -12.0243028933, 0.0100697074357, 2.59590168097
3.89, 1.0210314965, -11.9983877575, 0.00412659662427, 2.59227652574
3.9, 1.02103494894, -11.9725085904, -0.0029109991244, 2.58870122566
3.91, 1.02102333839, -11.9466650456, 0.000764351785045, 2.58515800307
3.92, 1.02108655608, -11.9208566541, 0.00915938298356, 2.58167272723
3.93, 1.02119032422, -11.8950827982, 0.00824940107221, 2.57824303688
3.94, 1.02123139868, -11.8693429876, -0.000635990447244, 2.57486799931
3.95, 1.02120982863, -11.8436366026, -0.00271890033924, 2.5715520815
3.96, 1.0212308811, -11.8179632175, 0.00562333935522, 2.5682610277
3.97, 1.02133011891, -11.7923225705, 0.0105570103466, 2.56501529304
3.98, 1.02141225556, -11.7667140319, 0.00371682553758, 2.56183728924
3.99, 1.0214088053, -11.7411370491, -0.00364389301184, 2.55869199121
4.0, 1.02139376649, -11.7155914281, 0.000842858001471, 2.55556154873
4.01, 1.02146197085, -11.6900770307, 0.00984377016519, 2.55245970131
4.02, 1.02157006806, -11.6645933181, 0.00831644781598, 2.5494241234
4.03, 1.02160669037, -11.6391397479, -0.00139553172196, 2.54641154018
4.04, 1.0215783887, -11.6137162967, -0.00312489180218, 2.54341209638
4.05, 1.02160090372, -11.5883226612, 0.00617890761929, 2.54044955808
4.06, 1.02170671025, -11.5629584239, 0.0110795088383, 2.53753604094
4.07, 1.02178879247, -11.5376230633, 0.00324758980639, 2.53466433304
4.08, 1.02178811319, -11.512316258, -0.00214257805084, 2.53182618525
4.09, 1.02176963014, -11.4870376247, -0.000450802435659, 2.52902744776
4.1, 1.02182284161, -11.4617869341, 0.00863525304981, 2.52622583148
4.11, 1.02193006295, -11.4365642429, 0.00920727283851, 2.52344614565
4.12, 1.0219814241, -11.4113690616, 0.000110103980932, 2.52072027404
4.13, 1.02195864948, -11.3862009652, -0.00356427684912, 2.51801602234
4.14, 1.02196760037, -11.3610598978, 0.00445446349679, 2.51532341827
4.15, 1.02206271164, -11.3359455643, 0.0108924831425, 2.5126724933
4.16, 1.02215449758, -11.3108574921, 0.0048919651746, 2.5100707612
4.17, 1.02215720544, -11.2857952196, -0.00372215008755, 2.50749869947
4.18, 1.02213308876, -11.2607587447, -0.000515444024164, 2.50491068526
4.19, 1.02219060469, -11.2357481056, 0.00932873686059, 2.50234227106
4.2, 1.02230300097, -11.2107629675, 0.00939163098275, 2.49980404658
4.21, 1.02235063657, -11.1858030557, -0.000640289195298, 2.49730185113
4.22, 1.02233344659, -11.1608680307, -0.00291832605508, 2.49482327707
4.23, 1.02233617815, -11.135957735, 0.00308056163483, 2.49234806652
4.24, 1.02241763824, -11.1110721161, 0.00995849296584, 2.48989830855
4.25, 1.0225111865, -11.0862107926, 0.00595465698427, 2.48748952053
4.26, 1.02252811849, -11.0613733377, -0.00244164203572, 2.48511148685
4.27, 1.0225066572, -11.0365597377, -0.00120469469963, 2.48271631525
4.28, 1.02255016947, -11.0117700991, 0.00775117965926, 2.48033022856
4.29, 1.02265467515, -10.9870041396, 0.00951265365, 2.47798255237
4.3, 1.02271344819, -10.9622613887, 0.000964280340512, 2.47568314905
4.31, 1.02269447171, -10.9375418815, -0.00373357861551, 2.47333648056
4.32, 1.02269573241, -10.9128457256, 0.00338844161116, 2.47100963373
4.33, 1.0227830124, -10.8881727242, 0.0105698502709, 2.46870984616
4.34, 1.02287867483, -10.8635225959, 0.00573979736274, 2.46641860413
4.35, 1.02288938835, -10.838895432, -0.00323432021183, 2.46413002224
4.36, 1.02286276733, -10.8142910385, -0.00134014901449, 2.46186094138
4.37, 1.02291004436, -10.7897093235, 0.00843160949101, 2.45959047742
4.38, 1.02302031646, -10.7651502078, 0.00980635036425, 2.45735063303
4.39, 1.02307647253, -10.7406132987, 0.000297195563783, 2.4551465295
4.4, 1.02306315101, -10.7160988442, -0.00314358769496, 2.45280783986
4.41, 1.02305732712, -10.691610122, 0.00193200777752, 2.44985595431
4.42, 1.02313077441, -10.6671547933, 0.00968079253044, 2.44620246753
4.43, 1.02322913221, -10.6427391496, 0.00691081070182, 2.44193888731
4.44, 1.02325456639, -10.6183748484, -0.00198057821727, 2.4350775405
4.45, 1.02322947603, -10.5940949988, -0.0021730344673, 2.42621147904
4.46, 1.023261802, -10.5699031866, 0.00683740857706, 2.41713168515
4.47, 1.0233648765, -10.545824416, 0.0100405347898, 2.40310186039
4.48, 1.02343253199, -10.5219013802, 0.001847837994, 2.38666651625
4.49, 1.0234155058, -10.4981490325, -0.00421105656928, 2.36861546334
4.5, 1.02340582449, -10.4745921417, 0.00206587382321, 2.34807075196
4.51, 1.02348409292, -10.4512478844, 0.0102594792594, 2.32570349015
4.52, 1.02358398036, -10.428139393, 0.00659977814195, 2.30140830033
4.53, 1.02360099937, -10.4052804875, -0.00305903827728, 2.2754010691
4.54, 1.02358116331, -10.3826948709, -0.00290023641476, 2.24684250616
4.55, 1.02359811973, -10.3604051763, 0.00503041679361, 2.2167223803
4.56, 1.02368931904, -10.3384210062, 0.00967944895513, 2.18545683672
4.57, 1.02376330997, -10.3167597571, 0.00304980620673, 2.15228777252
4.58, 1.0237547961, -10.2954345805, -0.00403005923407, 2.1185006602
4.59, 1.02373499027, -10.2744488534, 0.000247749070367, 2.0844075835
4.6, 1.02379448519, -10.2538053896, 0.00880645769213, 2.05005966476
4.61, 1.02389137976, -10.2335117223, 0.00724979110251, 2.0137930479
4.62, 1.02391892442, -10.2135912905, -0.00212617500144, 1.97623536447
4.63, 1.02389769052, -10.1940462171, -0.00338692326511, 1.93874684861
4.64, 1.02389963061, -10.1748773251, 0.00300965877112, 1.90064648681
4.65, 1.02397418941, -10.1560945687, 0.00869259216379, 1.86179784417
4.66, 1.02404939615, -10.1377001165, 0.00392193151981, 1.82314604989
4.67, 1.02404940058, -10.1196896653, -0.00361969827638, 1.7850302642
4.68, 1.02402222344, -10.1020573195, -0.00140035021185, 1.74742660799
4.69, 1.024061465, -10.084798492, 0.00692200732417, 1.71044211472
4.7, 1.02414980584, -10.067904904, 0.00737317152683, 1.67438265064
4.71, 1.0241859845, -10.0513669205, -0.00106730586616, 1.63928454645
4.72, 1.02415346877, -10.0351754997, -0.00447938683269, 1.60505603363
4.73, 1.02414992862, -10.0193216441, 0.00287646350777, 1.57174363735
4.74, 1.02422527682, -10.0037963756, 0.00874388032611, 1.53931090797
4.75, 1.02429685925, -9.98859093517, 0.00314630474551, 1.50775854618
4.76, 1.024285854, -9.97369659135, -0.00482653472207, 1.47706258744
4.77, 1.02424990756, -9.95910498187, -0.0018909371701, 1.44718524491
4.78, 1.02428887773, -9.94480821001, 0.00713554930759, 1.41806408703
4.79, 1.02437781125, -9.930798736, 0.00712440000736, 1.38971808034
4.8, 1.02440647054, -9.91706873444, -0.00216744707151, 1.36214474023
4.81, 1.02437583261, -9.90361072195, -0.00421865075806, 1.33528811218
4.82, 1.0243623066, -9.89041772095, 0.00111819789184, 1.30912869179
4.83, 1.02442014404, -9.87748276311, 0.00741671723608, 1.28366301371
4.84, 1.02448966235, -9.86479894595, 0.00383199214717, 1.25888201612
4.85, 1.02448933169, -9.85235963845, -0.00389162174832, 1.23472417485
4.86, 1.02445270464, -9.84015881848, -0.00291591792424, 1.21117866435
4.87, 1.02447428769, -9.82819030861, 0.00520934691241, 1.18824706022
4.88, 1.02455186585, -9.81644804824, 0.00689813015652, 1.16590681516
4.89, 1.02458836358, -9.8049261896, -0.000882539759482, 1.14415549134
4.9, 1.02455324396, -9.79361889882, -0.00530016314199, 1.12297323827
4.91, 1.02453517206, -9.78252069318, 0.00108123137178, 1.10231578106
4.92, 1.02459527954, -9.77162637387, 0.00767679277512, 1.08219134849
4.93, 1.02466388019, -9.76093052073, 0.00335340660767, 1.06260736082
4.94, 1.02465507954, -9.75042781855, -0.00489892492414, 1.04354246755
4.95, 1.02461091592, -9.74011332616, -0.00332571109432, 1.02493299997
4.96, 1.0246331637, -9.72998273989, 0.00555796451798, 1.00676790084
4.97, 1.02471343305, -9.72003134431, 0.00691552111378, 0.98908367663
4.98, 1.02474512375, -9.71025338933, -0.00173351267842, 0.972163214024
4.99, 1.02470077236, -9.70064013444, -0.00609187233727, 0.956120180662
5.0, 1.0246797358, -9.69118191492, 0.00120837786915, 0.941360000752
5.01, 1.02474370254, -9.68186119301, 0.00807513617146, 0.928430774676
5.02, 1.02481225492, -9.6726588628, 0.00291327930898, 0.918074767004
5.03, 1.02479526818, -9.66354608121, -0.00586235862016, 0.910257366124
5.04, 1.02474475708, -9.6545013484, -0.00356207035914, 0.90416016977
5.05, 1.02476977601, -9.64550970346, 0.00610726282562, 0.899831854004
5.06, 1.02485430677, -9.63655268731, 0.00703967633753, 0.896959407627
5.07, 1.02488206395, -9.62761810674, -0.00250692374429, 0.895305376207
5.08, 1.02484292498, -9.61869171026, -0.00552026729187, 0.895472207595
5.09, 1.02481480018, -9.60975597091, -0.00026966842258, 0.89692724122
5.1, 1.02486455346, -9.60080093665, 0.00711724487675, 0.899311653937
5.11, 1.02493539021, -9.59181749087, 0.00407041488661, 0.902583647239
5.12, 1.0249337463, -9.58279267763, -0.00450328964628, 0.908007125062
5.13, 1.02488606581, -9.5737020251, -0.00429074628339, 0.915207941927
5.14, 1.02489678204, -9.56453570186, 0.00452678761561, 0.923123364814
5.15, 1.02497433651, -9.55528391095, 0.00731039976781, 0.932504545901
5.16, 1.02501514385, -9.54593018301, -0.000718338620562, 0.943464249207
5.17, 1.02497563007, -9.53645786022, -0.00624966556564, 0.955907262784
5.18, 1.024946709, -9.52685772374, 0.000101097935157, 0.969013124295
5.19, 1.02500356732, -9.5171221728, 0.00790967640925, 0.983226624024
5.2, 1.02507899134, -9.5072376401, 0.00412204406759, 0.998532655729
5.21, 1.02507362018, -9.49719693083, -0.0050922528806, 1.01444133168
5.22, 1.02502241642, -9.48698997907, -0.00429443929877, 1.03218264282
5.23, 1.02503853177, -9.47659675685, 0.00540706179123, 1.05120270576
5.24, 1.02512465578, -9.46601044808, 0.00793060038667, 1.07077655692
5.25, 1.02516632962, -9.45522331656, -0.00105777094093, 1.09154545476
5.26, 1.02512211976, -9.44422373074, -0.00662469398577, 1.11303337983
5.27, 1.02509472258, -9.43300668514, 0.000726131368959, 1.13500671796
5.28, 1.02516126454, -9.42156847817, 0.00894288766918, 1.15728259819
5.29, 1.02524297193, -9.40990345065, 0.00428150932778, 1.18057570854
5.3, 1.02523450901, -9.39799980071, -0.00562080966816, 1.20472828565
5.31, 1.02519542386, -9.38585171192, -0.00438285552459, 1.22969993572
5.32, 1.0252024895, -9.37344674282, 0.00419815963886, 1.2560516672
5.33, 1.02528315789, -9.36077377119, 0.00823182022432, 1.28305105659
5.34, 1.02533854833, -9.34782908366, 0.000908273557866, 1.31038348161
5.35, 1.02531089905, -9.33460911119, -0.00563581854274, 1.33807421784
5.36, 1.02528152682, -9.3211064995, -0.00030942818781, 1.36731476061
5.37, 1.02533691822, -9.30730472232, 0.00822118821985, 1.39744267996
5.38, 1.02542347383, -9.2932011234, 0.00576799838322, 1.42769115438
5.39, 1.02543498641, -9.27879269592, -0.00369505697814, 1.45862863426
5.4, 1.02539001799, -9.26406979667, -0.00431246694873, 1.49029922122
5.41, 1.02540342604, -9.24903003512, 0.00522694179744, 1.5220198625
5.42, 1.02549509749, -9.23366947845, 0.00916566127185, 1.55463915683
5.43, 1.02555447432, -9.21797915256, 0.00084979394604, 1.58773603081
5.44, 1.02552397611, -9.20195794356, -0.00589615208654, 1.62083070663
5.45, 1.02549691767, -9.18560476622, 0.00040128350263, 1.65435873746
5.46, 1.02556355234, -9.16890962748, 0.00948630726019, 1.68918600338
5.47, 1.02565930261, -9.15186235176, 0.00624520178363, 1.72453252774
5.48, 1.02567031409, -9.1344613601, -0.00403173622875, 1.75992450913
5.49, 1.02562391947, -9.11670373757, -0.00410635235595, 1.79604746337
5.5, 1.02564540487, -9.09858227189, 0.00644483505477, 1.83247423554
5.51, 1.02574958339, -9.0800966254, 0.0102033398385, 1.86888707025
5.52, 1.02581340865, -9.06124374099, 0.000806021944698, 1.90610100102
5.53, 1.02579096663, -9.042014841, -0.00374403785286, 1.94410376858
5.54, 1.02576705875, -9.02240307999, -0.00023695442789, 1.98241618573
5.55, 1.02582478246, -9.00240796188, 0.00883165439548, 2.02077750874
5.56, 1.02592478091, -8.98202783238, 0.00763126786969, 2.05965263297
5.57, 1.02595589306, -8.96125577999, -0.00194316288262, 2.09890314264
5.58, 1.02592152736, -8.94008983751, -0.00385131438844, 2.13865637867
5.59, 1.02593631055, -8.91852136875, 0.00536140629349, 2.17937202668
5.6, 1.02603543812, -8.8965430682, 0.0105299650652, 2.22038438704
5.61, 1.02611423038, -8.87415520398, 0.00301000163062, 2.26128751089
5.62, 1.02610116596, -8.85135890935, -0.00471626283724, 2.30206947269
5.63, 1.02607878609, -8.82815383504, 0.000455253560439, 2.34327423795
5.64, 1.02614799851, -8.80453222142, 0.0101805601824, 2.3853558668
5.65, 1.02625883575, -8.78048694672, 0.00832376423326, 2.42775473691
5.66, 1.02629148797, -8.75601680544, -0.00211867611542, 2.47055921576
5.67, 1.02625639708, -8.73111580018, -0.00363885263375, 2.51366395159
5.68, 1.02627924201, -8.70578492629, 0.00661090407512, 2.55654793454
5.69, 1.02637959487, -8.6800254954, 0.010028943323, 2.59936110053
5.7, 1.02646854454, -8.65383654598, 0.00489783421878, 2.64266312071
5.71, 1.02647576351, -8.6272115368, -0.00302001860484, 2.68659126537
5.72, 1.02645920558, -8.60014474966, 8.95647628737e-05, 2.73076255591
5.73, 1.02651972475, -8.57263317916, 0.00933849392119, 2.77598048358
5.74, 1.02663189765, -8.54466494731, 0.00943700579416, 2.82162593797
5.75, 1.02668427403, -8.51624093941, 0.000164869153644, 2.8671353299
5.76, 1.02666507431, -8.48736026417, -0.00293756495567, 2.91314667198
5.77, 1.02668394151, -8.45801859689, 0.00559713423091, 2.95913312948
5.78, 1.02678995871, -8.42821842726, 0.0117721777144, 3.00485775328
5.79, 1.02688790827, -8.39796212949, 0.00528848764745, 3.05036041321
5.8, 1.02689550539, -8.36725052097, -0.00307793284853, 3.09639311693
5.81, 1.02688217061, -8.33607207951, 0.000848062584702, 3.14318967317
5.82, 1.02695508682, -8.30442800569, 0.0108162790274, 3.18931812101
5.83, 1.02707987056, -8.27232598868, 0.0103330478592, 3.23528083356
5.84, 1.02713551333, -8.23976373922, 0.000118250399087, 3.28088236789
5.85, 1.0271161361, -8.20674404859, -0.00271215783871, 3.32717354904
5.86, 1.02714314416, -8.17326048497, 0.00687193811716, 3.3732319866
5.87, 1.02726361546, -8.13931620478, 0.013124405602, 3.41997956776
5.88, 1.02736968524, -8.10490088712, 0.00560225981929, 3.46700316964
5.89, 1.02738179079, -8.07001652267, 0.00171015619808, 3.51381667923
5.9, 1.02737991079, -8.03466538082, 0.000711309619937, 3.56048346256
5.91, 1.02744560565, -7.99884887796, 0.0100500775443, 3.60651473286
5.92, 1.02757177641, -7.96257875535, 0.0114249275102, 3.6512489275
5.93, 1.02764727708, -7.92586780098, 0.00246933382661, 3.69471597677
5.94, 1.02764507188, -7.88872859295, -0.00185012765476, 3.73693149565
5.95, 1.02766934121, -7.85117357171, 0.0059329258288, 3.77791458118
5.96, 1.027782845, -7.81321480846, 0.0130683534547, 3.81772161311
5.97, 1.02790062246, -7.77486384532, 0.00766594293365, 3.85639015205
5.98, 1.02792987418, -7.73613198877, -0.0013516797973, 3.89393201584
5.99, 1.0279257586, -7.69703051814, 0.00121046651327, 3.93034779311
6.0, 1.02800150232, -7.65757065642, 0.0113493116873, 3.96565435311
6.01, 1.02813916087, -7.61776335647, 0.0122623651017, 3.99988177309
6.02, 1.02821714599, -7.57761927589, 0.00230766470788, 4.03305322089
6.03, 1.02821260364, -7.53714902613, -0.00191108583692, 4.06514762219
6.04, 1.02824169902, -7.49636352349, 0.00688163265359, 4.09614914339
6.05, 1.02836693933, -7.45527357949, 0.014212149968, 4.12608900182
6.06, 1.02849101661, -7.41388956661, 0.00779836170468, 4.15501243326
6.07, 1.02852206406, -7.37222143154, 0.00302270925015, 4.18298415662
6.08, 1.02852515922, -7.33027902672, 0.000646433778315, 4.20992704298
6.09, 1.02858973802, -7.28807161492, 0.0102397164026, 4.23598670586
6.1, 1.02872572935, -7.2456081433, 0.0130676110253, 4.26118173877
6.11, 1.02882016876, -7.20289701803, 0.00426204124189, 4.28555288298
6.12, 1.02882797315, -7.1599463533, -0.00157867346867, 4.30912006208
6.13, 1.02884906904, -7.11676411091, 0.00545328549864, 4.33190185304
6.14, 1.02896318098, -7.0733579593, 0.0137951851463, 4.35393830257
6.15, 1.02909538749, -7.02973511753, 0.00947738118941, 4.37527094046
6.16, 1.02913902497, -6.98590249099, -0.00048563524389, 4.39592034506
6.17, 1.02914887746, -6.94186688061, 0.000312265664533, 4.4158953964
6.18, 1.02920167219, -6.8976348943, 0.00876666039543, 4.43522148082
6.19, 1.02932967459, -6.85321286283, 0.0131370017744, 4.45393324643
6.2, 1.02943537079, -6.80860675645, 0.00597541937266, 4.47205986037
6.21, 1.02945673603, -6.76382234706, -0.000916946818669, 4.48961296006
6.22, 1.02947224992, -6.7188653395, 0.00405557898573, 4.50660073577
6.23, 1.02957166676, -6.67374127512, 0.0127441478765, 4.52304962453
6.24, 1.02970533809, -6.62845536197, 0.0106149492832, 4.53899225978
6.25, 1.02976493532, -6.58301255803, 0.00101566107173, 4.55444438148
6.26, 1.02976445228, -6.53741774266, -6.33601311028e-05, 4.5694096782
6.27, 1.0298190334, -6.49167574545, 0.00933989198277, 4.58390108931
6.28, 1.02995334583, -6.4457911527, 0.0136061971939, 4.597949369
6.29, 1.03005831929, -6.39976826201, 0.00544863447247, 4.61157616905
6.3, 1.03007190359, -6.35361124361, -0.00168469436046, 4.6247864694
6.31, 1.03008430941, -6.30732426379, 0.00421097986363, 4.63758276881
6.32, 1.03018927059, -6.26091137576, 0.0134429410731, 4.64998679326
6.33, 1.03032652131, -6.21437635159, 0.0105452927105, 4.66202511863
6.34, 1.03038007618, -6.16772277591, 0.000115825191877, 4.67370738609
6.35, 1.03038668826, -6.12095422368, -4.10425241725e-05, 4.68503176556
6.36, 1.03043091103, -6.07407421663, 0.00774308690183, 4.69601048482
6.37, 1.03055234378, -6.02708612331, 0.0129600516996, 4.70666399648
6.38, 1.03066202136, -5.97999308687, 0.00669543928526, 4.71701009272
6.39, 1.03068850162, -5.93279814465, -0.000793038638655, 4.7270525561
6.4, 1.03069842234, -5.88550434203, 0.00303098274011, 4.73679105474
6.41, 1.03078714679, -5.83811467022, 0.0119072209076, 4.74623963113
6.42, 1.03091900955, -5.79063191249, 0.0109808066963, 4.75541936757
6.43, 1.03098470707, -5.7430586957, 0.00156969997319, 4.76433848747
6.44, 1.03098365601, -5.69539762669, -0.000702769232881, 4.77299519688
6.45, 1.03102708024, -5.64765133262, 0.00808111803197, 4.78139341775
6.46, 1.0311531887, -5.5998223076, 0.0133256789983, 4.78955261855
6.47, 1.03126150603, -5.55191285509, 0.00610859712342, 4.79748632592
6.48, 1.03127908671, -5.50392520962, -0.00172992114996, 4.80519522463
6.49, 1.03128370805, -5.45586164184, 0.00294686670405, 4.8126765735
6.5, 1.03137601398, -5.40772438979, 0.0124635981746, 4.81994237895
6.51, 1.03151076256, -5.35951550947, 0.0108832318323, 4.82701029445
6.52, 1.03157001486, -5.31123693597, 0.000591069958579, 4.83388526255
6.53, 1.03157448357, -5.26289062087, -0.000886915180487, 4.84056303036
6.54, 1.03160551176, -5.21447851597, 0.00630838978525, 4.84704850965
6.55, 1.03171775329, -5.16600249827, 0.0126412199552, 4.85335420049
6.56, 1.03183069024, -5.11746429218, 0.00734049112338, 4.85949185884
6.57, 1.03186039581, -5.06886555724, -0.000977355166805, 4.86546252833
6.58, 1.03186068398, -5.02020798293, 0.00156896502014, 4.87126282454
6.59, 1.03193531397, -4.97149325948, 0.0108443451901, 4.87689977581
6.6, 1.03206454016, -4.92272294348, 0.0113401293815, 4.88238775138
6.61, 1.03213589166, -4.8738984847, 0.00199214681669, 4.88773151641
6.62, 1.03213148535, -4.82502132978, -0.00172496292932, 4.89292814184
6.63, 1.03215993466, -4.77609297037, 0.00649750351633, 4.89797717107
6.64, 1.032276202, -4.72711482982, 0.0130095637764, 4.90289124217
6.65, 1.03238815178, -4.67808819872, 0.00678567157743, 4.9076793285
6.66, 1.03240857632, -4.62901432371, -0.0020223489467, 4.91234109544
6.67, 1.03240193749, -4.57989449176, 0.00130511399635, 4.91687240639
6.68, 1.03247891808, -4.53072999824, 0.0113441310034, 4.92127953569
6.69, 1.0326112514, -4.48152201825, 0.0113054653807, 4.92557466501
6.7, 1.03267651039, -4.43227164304, 0.00099582702566, 4.92976056165
6.71, 1.03267654619, -4.3829799798, -0.00207327972801, 4.93383348342
6.72, 1.03269102677, -4.33364815709, 0.00460483476711, 4.93779445742
6.73, 1.03279314223, -4.28427727299, 0.0123668282154, 4.94165134756
6.74, 1.03291040206, -4.2348683174, 0.00807249560595, 4.94541221374
6.75, 1.03294269577, -4.18542223587, -0.0013711262891, 4.94907732565
6.76, 1.03293018863, -4.13594000168, -0.000237536149706, 4.95264304688
6.77, 1.03298852444, -4.08642261419, 0.00970202071889, 4.95611241255
6.78, 1.03311589348, -4.03687098577, 0.0118544947197, 4.95949553534
6.79, 1.03319377955, -3.98728595282, 0.00238687306941, 4.96279511831
6.8, 1.03319715082, -3.93766835535, -0.00187933658754, 4.96600849916
6.81, 1.03320094165, -3.88801905984, 0.00280503144063, 4.96913587677
6.82, 1.03328627282, -3.83833891844, 0.0112268065969, 4.97218209916
6.83, 1.03340405899, -3.78862870117, 0.00903581972089, 4.97515411334
6.84, 1.03344875224, -3.73888913575, -0.000370920259834, 4.97805255213
6.85, 1.03343497542, -3.68912096397, -0.00137610944743, 4.98087496239
6.86, 1.03347528954, -3.63932495846, 0.00780491401806, 4.98362222892
6.87, 1.0335928779, -3.5895018352, 0.0118733227308, 4.9863022437
6.88, 1.03368083269, -3.53965224474, 0.00383047944014, 4.98891741728
6.89, 1.03367937412, -3.48977682864, -0.00310423715286, 4.99146686686
6.9, 1.03367729677, -3.4398762615, 0.00270081300797, 4.99394832369
6.91, 1.03376556324, -3.38995121123, 0.0116620887417, 4.99636727315
6.92, 1.03388443507, -3.34000227191, 0.00872889144774, 4.99872862237
6.93, 1.03392095066, -3.29003000924, -0.00147041033948, 5.00103241892
6.94, 1.03391223004, -3.24003500623, -0.00155075579, 5.00327666708
6.95, 1.03394029496, -3.19001785708, 0.00601869638337, 5.00546302446
6.96, 1.03404310753, -3.13997912444, 0.0110339226837, 5.00759643347
6.97, 1.03413388028, -3.08991932165, 0.00489204563489, 5.00967872552
6.98, 1.03414359996, -3.03983895096, -0.00237562961032, 5.01170982909
6.99, 1.03413751504, -2.98973853176, 0.00137158840908, 5.01368845059
7.0, 1.03420805485, -2.93961858612, 0.00997270830511, 5.01561788384
7.01, 1.03431999016, -2.8894795853, 0.00900780688315, 5.01750171505
7.02, 1.03436716817, -2.83932197773, -0.000157766223458, 5.0193399749
7.03, 1.03434963467, -2.78914621311, -0.00232956136455, 5.02113228596
7.04, 1.03437562287, -2.73895276093, 0.00621748136166, 5.02287893952
7.05, 1.03448169927, -2.68874206131, 0.0112601070457, 5.02458440975
7.06, 1.03456989168, -2.63851451887, 0.00419729148259, 5.02624896941
7.07, 1.03456978429, -2.58827053124, -0.00340041442294, 5.02787307886
7.08, 1.03455746353, -2.53801050701, 0.00118274447847, 5.02945603772
7.09, 1.0346304311, -2.48773485606, 0.0104067062193, 5.03100087398
7.1, 1.03474411399, -2.43744394794, 0.00880676888142, 5.03250938545
7.11, 1.03478401149, -2.38713814154, -0.00120781323917, 5.03398121628
7.12, 1.03475686858, -2.33681779181, -0.00301452815023, 5.03541698065
7.13, 1.03478168331, -2.28648326813, 0.00652153492078, 5.03681723629
7.14, 1.03489183054, -2.23613491437, 0.0115289506318, 5.03818527641
7.15, 1.03497727591, -2.18577305462, 0.00344627769735, 5.03951982256
7.16, 1.03497708994, -2.13539800843, -0.0021779512555, 5.04082211839
7.17, 1.03495855251, -2.0850100955, -0.000381320715292, 5.04209276146
7.18, 1.03501390214, -2.03460963529, 0.00894091242087, 5.04333336181
7.19, 1.03512410511, -1.98419692307, 0.00943177794274, 5.04454492814
7.2, 1.03517597853, -1.9337722508, 1.45619706803e-05, 5.0457263839
7.21, 1.03515150894, -1.88333590053, -0.00373656968145, 5.04687968095
7.22, 1.03516001638, -1.83288815712, 0.00453105348493, 5.04800544589
7.23, 1.03525684965, -1.7824292927, 0.0110804377924, 5.04910580049
7.24, 1.03534929635, -1.73195956974, 0.00481205530265, 5.05017857727
7.25, 1.03534957084, -1.68147924995, -0.00405948621897, 5.05122526744
7.26, 1.03532253689, -1.63098858177, -0.00071742148292, 5.05224740517
7.27, 1.03537960964, -1.58048781407, 0.00938236974182, 5.05324668061
7.28, 1.03549236827, -1.52997718041, 0.00934157096405, 5.05422212929
7.29, 1.03553759212, -1.47945692465, -0.00103835313317, 5.05517222989
7.3, 1.03551576444, -1.4289272724, -0.00337537459048, 5.05610064113
7.31, 1.03551531402, -1.37838844346, 0.0028921030645, 5.05700768506
7.32, 1.03559584924, -1.32784065079, 0.00987791534863, 5.05789480701
7.33, 1.03568724558, -1.27728410736, 0.00558381482506, 5.05875916849
7.34, 1.03569878879, -1.22671903178, -0.00307326221443, 5.05960180325
7.35, 1.03567156507, -1.17614561979, -0.00168117135085, 5.0604256569
7.36, 1.03571195778, -1.12556406105, 0.00753939297347, 5.06123200389
7.37, 1.03581408963, -1.07497454108, 0.00917994997208, 5.06201919126
7.38, 1.03586751358, -1.02437726379, 0.000267032288613, 5.06278475598
7.39, 1.03584089208, -0.973772416346, -0.00448324101138, 5.06353279877
7.4, 1.03583623434, -0.923160164957, 0.00293932664028, 5.06426531788
7.41, 1.03591998623, -0.872540671309, 0.0102224594961, 5.06498243032
7.42, 1.03601063855, -0.821914113388, 0.00506771567562, 5.0656795009
7.43, 1.03601286926, -0.771280678809, -0.00417404951172, 5.06635847865
7.44, 1.03597756807, -0.720640518896, -0.00209190734304, 5.06702363864
7.45, 1.03601910352, -0.669993773801, 0.00796185360263, 5.06767615167
7.46, 1.03612429467, -0.61934059041, 0.00918799930837, 5.0683123966
7.47, 1.03617206558, -0.568681148541, -0.000712984170731, 5.06892935066
7.48, 1.03614807458, -0.51801559935, -0.00418369863942, 5.06953334819
7.49, 1.0361335666, -0.467344069368, 0.00121651230106, 5.07012531129
7.5, 1.03620082226, -0.416666680392, 0.00906164055247, 5.07070585788
7.51, 1.03629132672, -0.365983575807, 0.00594333846949, 5.0712695972
7.52, 1.03630537104, -0.315294920198, -0.00319247464246, 5.07181721932
7.53, 1.03626916431, -0.26460083697, -0.00316233079725, 5.07235442219
7.54, 1.03629322939, -0.213901426509, 0.00608749995032, 5.07288277059
7.55, 1.03638825234, -0.163196800316, 0.00912318626926, 5.07339838748
7.56, 1.03644517212, -0.112487112501, 0.000655223811831, 5.07389665506
7.57, 1.03641622707, -0.0617724996891, -0.00537082694488, 5.07438357394
