timestamp, prius1 x posi, prius1 y posi, prius1 x vel, prius1 y vel.
0.0, 0.0, 0.0, 0.0, 0.0
0.00999999999999, 30.050886086, 0.999828007265, -0.119083884556, -0.00148916218521
0.02, 30.0496356715, 0.999860329541, -0.135542385925, 0.00760653521615
0.03, 30.0482176798, 0.999930738754, -0.152593708991, 0.00573705634904
0.04, 30.0466268107, 0.999926959802, -0.170035095496, -0.00408290081354
0.05, 30.044857551, 0.99986011367, -0.188529336446, -0.00541398729902
0.06, 30.0428968399, 0.999848393153, -0.207972535153, 0.00422549486452
0.07, 30.0407388998, 0.999920324202, -0.22797665035, 0.00891733971461
0.08, 30.0383786225, 0.999965143616, -0.248499099951, 0.000757062864197
0.09, 30.0358052245, 0.999916388672, -0.27048136204, -0.00668745684399
0.1, 30.0330102908, 0.999864498415, -0.292846575302, -0.000808761660921
0.11, 30.0299892745, 0.999907840661, -0.315729496528, 0.00887251820678
0.12, 30.0267375025, 0.999972997023, -0.339121792803, 0.00649416322862
0.13, 30.0232449086, 0.999985481238, -0.363655936882, -0.00209521634073
0.14, 30.0195043758, 0.999932685641, -0.388969325801, -0.00479805703294
0.15, 30.0155045069, 0.999916565999, -0.415404605714, 0.00317754455206
0.16, 30.0112334105, 0.999980569694, -0.443159549016, 0.00875034395389
0.17, 30.0066786303, 1.00003545215, -0.471930847635, 0.00261850400809
0.18, 30.001834853, 1.0000067837, -0.501007815245, -0.00500345612328
0.19, 29.9966996212, 0.999960379484, -0.530184366155, -0.00121753670857
0.2, 29.9912715729, 0.999994368905, -0.559525319555, 0.00796419696141
0.21, 29.9855488807, 1.00007481299, -0.589131758973, 0.00731954832204
0.22, 29.9795282378, 1.0000902319, -0.619368518162, -0.00212687064482
0.23, 29.9731998453, 1.00003754874, -0.650435825551, -0.00454323574128
0.24, 29.966560319, 1.00002937074, -0.681559685441, 0.0043956701198
0.25, 29.9596090209, 1.00010690907, -0.712606861077, 0.0100093383208
0.26, 29.9523403271, 1.00016932299, -0.744895612546, 0.00291724898622
0.27, 29.9447541291, 1.00014052985, -0.776425504018, -0.00506539812424
0.28, 29.9368514452, 1.00009759423, -0.808215144782, -0.000417368560517
0.29, 29.9286301929, 1.00014414764, -0.840276583893, 0.00943219720293
0.3, 29.9200824414, 1.00023664252, -0.873304909012, 0.00814156371292
0.31, 29.9112040295, 1.00025476226, -0.906433536784, -0.00219425932141
0.32, 29.9019932773, 1.00020216387, -0.93997321547, -0.00425344323961
0.33, 29.8924418912, 1.00020281181, -0.974331421939, 0.00573383097621
0.34, 29.8825468913, 1.0002815289, -1.00867310049, 0.0101417360413
0.35, 29.8723071755, 1.00035862836, -1.04350865506, 0.00513920551321
0.36, 29.8617147346, 1.0003507821, -1.07893059309, -0.00351609707208
0.37, 29.8507678833, 1.00031123965, -1.11438980181, -0.000993161371218
0.38, 29.839466156, 1.00034933282, -1.14991827645, 0.00884438118286
0.39, 29.827808717, 1.00044743561, -1.1856924788, 0.00973879373429
0.4, 29.8157884776, 1.00048830824, -1.22225611919, 0.000185394926011
0.41, 29.8034027655, 1.0004501977, -1.25880253935, -0.00381184660682
0.42, 29.7906511876, 1.00044518879, -1.29560257822, 0.00472164692514
0.43, 29.7775266822, 1.00053339878, -1.33315626918, 0.0118404282899
0.44, 29.7640268106, 1.00062084733, -1.37070289519, 0.00568630739404
0.45, 29.7501513928, 1.00061463021, -1.40830909086, -0.00347018068815
0.46, 29.7359004712, 1.0005790834, -1.44577379887, -0.00015850147928
0.47, 29.7212749225, 1.00063057552, -1.48323008211, 0.0104559756172
0.48, 29.7062748468, 1.00072802251, -1.52068801003, 0.0103675606599
0.49, 29.6909001108, 1.00078606631, -1.55832413785, 0.00249923876566
0.5, 29.6751442826, 1.00076823613, -1.59667067097, -0.00241651442332
0.51, 29.6590049117, 1.00076562913, -1.63510768851, 0.00415066114036
0.52, 29.6424808131, 1.00084727468, -1.6738438679, 0.0115675631731
0.53, 29.6255650536, 1.00094357224, -1.71331888937, 0.007532847015
0.54, 29.608249653, 1.00096055671, -1.75372457051, -0.00121686945505
0.55, 29.5905258803, 1.00093744918, -1.79479709091, 9.66620688252e-05
0.56, 29.5723910716, 1.00098333172, -1.83620811579, 0.00963858416593
0.57, 29.5538383855, 1.00109509522, -1.87812470331, 0.0116880551709
0.58, 29.5348672871, 1.00116044577, -1.91990749397, 0.00282434741204
0.59, 29.5154784935, 1.00114474392, -1.96188091508, -0.00207598259405
0.6, 29.4956665279, 1.00115068446, -2.00424189909, 0.00546187196019
0.61, 29.4754316222, 1.00124815442, -2.04648698617, 0.013175466251
0.62, 29.4547747926, 1.00135627523, -2.08867434231, 0.00827451750096
0.63, 29.4336970209, 1.001376469, -2.13081511107, -0.001065625805
0.64, 29.4121929109, 1.001357727, -2.17393482449, 0.000928152409766
0.65, 29.3902537029, 1.00141717865, -2.21765260724, 0.0113084550435
0.66, 29.3678780542, 1.00154448716, -2.26141356969, 0.0129526543502
0.67, 29.3450612214, 1.00161680459, -2.30563367575, 0.00311027185951
0.68, 29.3218033918, 1.001603124, -2.34962601442, -0.00171624207302
0.69, 29.2981063441, 1.00161819901, -2.39352848353, 0.00685815748253
0.7, 29.2739713312, 1.00172170743, -2.43736151223, 0.0124891890475
0.71, 29.2493939049, 1.00184212377, -2.48180327202, 0.0104903141105
0.72, 29.224373713, 1.00188670792, -2.52585852511, 0.00108829064099
0.73, 29.1989133114, 1.00187808267, -2.57007135502, 0.000940806341318
0.74, 29.1730068461, 1.00193157846, -2.61490262717, 0.010669876213
0.75, 29.1466532053, 1.00206215426, -2.65955439191, 0.0142917555665
0.76, 29.1198549657, 1.00215734211, -2.70361766308, 0.00578581384283
0.77, 29.092612533, 1.00216387381, -2.7486530513, -0.000588629025704
0.78, 29.0649198023, 1.00217835209, -2.79360090025, 0.00609929216243
0.79, 29.0367786685, 1.00228767022, -2.83835389905, 0.0150505632004
0.8, 29.0081911672, 1.00242286695, -2.88300967226, 0.0114425628665
0.81, 28.9791532989, 1.00247201079, -2.92820610177, 0.00129108285759
0.82, 28.9496648457, 1.00246745068, -2.97315108587, 0.00170412357695
0.83, 28.9197277396, 1.00253428501, -3.01811739401, 0.0123843357793
0.84, 28.8893371682, 1.00266814, -3.0636323983, 0.0145189772645
0.85, 28.8584925518, 1.00277891694, -3.10899155014, 0.00814375858135
0.86, 28.827195049, 1.00280914681, -3.15443554753, 0.00134702395223
0.87, 28.7954401257, 1.00283141516, -3.20019450783, 0.00594898650931
0.88, 28.7632288668, 1.00293530519, -3.2457113376, 0.0146396511198
0.89, 28.7305636596, 1.0030768439, -3.29098877767, 0.0130681520014
0.9, 28.697446765, 1.00314979118, -3.3363612127, 0.00387652573702
0.91, 28.663868617, 1.00316317338, -3.38284630039, 0.00256904972612
0.92, 28.6298276457, 1.00322826765, -3.42897006591, 0.0116847245603
0.93, 28.5953265744, 1.00337341239, -3.47516916551, 0.0162872962573
0.94, 28.5603565861, 1.00349482051, -3.5224069873, 0.00874016081365
0.95, 28.5249169321, 1.0035284806, -3.56910547688, 0.00169045717402
0.96, 28.4890137019, 1.00355857372, -3.61500937501, 0.00718761689338
0.97, 28.4526580365, 1.00367894301, -3.65964141108, 0.0164435668114
0.98, 28.4158624555, 1.00383528966, -3.70302750657, 0.014128078054
0.99, 28.378639327, 1.00391351469, -3.74518417467, 0.00409500561678
1.0, 28.3410007272, 1.00393039673, -3.78615724518, 0.00322651785851
1.01, 28.3029582499, 1.00400789451, -3.82599761687, 0.0133328739314
1.02, 28.2645230635, 1.00417005588, -3.86473227009, 0.0177942787584
1.03, 28.225706135, 1.00430065404, -3.90237492135, 0.00915499237555
1.04, 28.1865182674, 1.00433585042, -3.9389495595, 0.00184769550482
1.05, 28.146969894, 1.00437248531, -3.97450953583, 0.00832183360875
1.06, 28.1070707316, 1.00450349209, -4.00934696688, 0.0132651540936
1.07, 28.0668312797, 1.00466456419, -4.04269857027, 0.0158713956389
1.08, 28.026260343, 1.0047655213, -4.07535761721, 0.00633728434918
1.09, 27.9853675572, 1.00479505293, -4.10709534498, 0.00348860440098
1.1, 27.9441619236, 1.00486646911, -4.13795708365, 0.0123928827455
1.11, 27.9026520718, 1.00502626563, -4.16796539186, 0.0184469743031
1.12, 27.860846469, 1.0051745822, -4.19712914581, 0.0115401873374
1.13, 27.8187534978, 1.00523022936, -4.22546114457, 0.00317165571761
1.14, 27.7763812741, 1.00526749151, -4.25300546031, 0.00749226284336
1.15, 27.7337375235, 1.00539422035, -4.27979257973, 0.0176144753848
1.16, 27.6908297422, 1.00555654266, -4.30583198947, 0.0169954996035
1.17, 27.6476653515, 1.00567704925, -4.33113400876, 0.00857092165736
1.18, 27.6042516316, 1.005721938, -4.35571809059, 0.00413290186372
1.19, 27.5605955798, 1.0057889929, -4.37962386696, 0.0113497500597
1.2, 27.5167038675, 1.00594180046, -4.4028713848, 0.0184321354242
1.21, 27.4725830253, 1.00610208394, -4.42546652225, 0.0135658217449
1.22, 27.4282395507, 1.00617853592, -4.44741424179, 0.0048149557675
1.23, 27.383679762, 1.00622002617, -4.46874904328, 0.00690410754676
1.24, 27.3389096503, 1.00633613543, -4.48949986218, 0.016635747799
1.25, 27.2939349848, 1.00651402913, -4.50967588285, 0.0178784960661
1.26, 27.2487615088, 1.00663765023, -4.52927556798, 0.00847154241608
1.27, 27.2033949064, 1.00668081572, -4.54831666214, 0.00410980281946
1.28, 27.157840598, 1.00675296124, -4.56683607274, 0.0123047804895
1.29, 27.112103715, 1.00691774528, -4.58484832726, 0.0196092265238
1.3, 27.0661893034, 1.00708509223, -4.60235376035, 0.0137917280184
1.31, 27.0201024306, 1.00715966045, -4.61935257176, 0.0044692006619
1.32, 26.9738480152, 1.00720100432, -4.63587818481, 0.00730923101846
1.33, 26.9274306721, 1.00732645347, -4.65195535243, 0.0178586223814
1.34, 26.8808548436, 1.00750033808, -4.66758598627, 0.0181575701949
1.35, 26.8341249946, 1.00763724691, -4.68277137046, 0.0103513212123
1.36, 26.7872455312, 1.0076959961, -4.6975204329, 0.0050144597733
1.37, 26.7402206749, 1.00776591824, -4.71186492021, 0.0112976283271
1.38, 26.6930543933, 1.00792015024, -4.72581907062, 0.0189468909293
1.39, 26.6457505694, 1.0080922202, -4.7393824532, 0.0151883075196
1.4, 26.5983131276, 1.00818508698, -4.75255134096, 0.00620036179775
1.41, 26.5507459044, 1.00823366532, -4.76535069299, 0.00704951477905
1.42, 26.5030524843, 1.00834867687, -4.7778046397, 0.0165711113618
1.43, 26.4552362811, 1.00853189869, -4.78991685747, 0.0189786885633
1.44, 26.4073007353, 1.00867107754, -4.80168002941, 0.0101488478436
1.45, 26.3592493062, 1.0087264083, -4.81310222891, 0.00476705396363
1.46, 26.311085268, 1.00879883448, -4.82421457952, 0.0119944218883
1.47, 26.2628116592, 1.0089629864, -4.83502742937, 0.0199766923837
1.48, 26.214431471, 1.00914115297, -4.84553675384, 0.0153390894417
1.49, 26.1659478064, 1.00923098344, -4.85571876031, 0.00568943970072
1.5, 26.117364032, 1.00927708563, -4.86557235105, 0.00718475459276
1.51, 26.0686833617, 1.00939887579, -4.8751036796, 0.0175761097784
1.52, 26.0199092057, 1.00957669727, -4.88428708701, 0.019163305631
1.53, 25.9710448049, 1.00972815492, -4.89316150433, 0.0119005308998
1.54, 25.9220932522, 1.00979708971, -4.90172218178, 0.00542217496991
1.55, 25.8730578415, 1.00986460788, -4.90994716662, 0.0107340962265
1.56, 25.8239415248, 1.01001635095, -4.91791475327, 0.0191917330526
1.57, 25.7747469334, 1.01019843242, -4.92560623353, 0.0166662967041
1.58, 25.7254768497, 1.01030532782, -4.93301062065, 0.00723813146534
1.59, 25.6761343007, 1.01035623887, -4.9401181046, 0.00665394635944
1.6, 25.6267218969, 1.0104652121, -4.94699255257, 0.0161042665151
1.61, 25.5772419397, 1.01065118878, -4.95364095925, 0.0199217898104
1.62, 25.5276970213, 1.01080428238, -4.95999181735, 0.0116047791801
1.63, 25.4780898192, 1.01086803276, -4.96608801955, 0.00493365514232
1.64, 25.4284230052, 1.01093536399, -4.97193132699, 0.0111745409346
1.65, 25.3786987935, 1.01109526294, -4.97756890331, 0.0201229197396
1.66, 25.328919493, 1.01128304032, -4.98296341403, 0.0167950294928
1.67, 25.2790873412, 1.01138612603, -4.98814093464, 0.00658560588334
1.68, 25.2292045075, 1.01143240093, -4.99308480884, 0.00653950960142
1.69, 25.1792735659, 1.01154604077, -4.99779727557, 0.0169594908376
1.7, 25.1292963913, 1.01172614258, -5.00233474582, 0.0201187139915
1.71, 25.0792747772, 1.01189157398, -5.00668727818, 0.0133218641212
1.72, 25.029210583, 1.01196767967, -5.01084771409, 0.00539570066977
1.73, 24.9791058628, 1.01202795677, -5.01481050306, 0.00971724966075
1.74, 24.9289622846, 1.01217431728, -5.01862561677, 0.0193003909488
1.75, 24.8787813404, 1.01236614606, -5.02227863361, 0.0181428982619
1.76, 24.8285649441, 1.01248580829, -5.0257273652, 0.00801341326278
1.77, 24.7783148146, 1.01253491772, -5.029037367, 0.0057820050113
1.78, 24.7280322059, 1.01263394479, -5.03220329265, 0.0153755593467
1.79, 24.6777189447, 1.01280876197, -5.03519002041, 0.0197223983936
1.8, 24.6273764859, 1.01298271839, -5.03804786591, 0.0148933478456
1.81, 24.5770061977, 1.01307328443, -5.04075601498, 0.00630335515997
1.82, 24.5266094736, 1.01313082306, -5.04333265943, 0.00854243765201
1.83, 24.4761877887, 1.01326271434, -5.04576658219, 0.018091967725
1.84, 24.4257423454, 1.01345359725, -5.04808382636, 0.019046514159
1.85, 24.3752743777, 1.01358879852, -5.0502622845, 0.00965515343664
1.86, 24.3247854533, 1.01364518748, -5.05229110437, 0.0055200041029
1.87, 24.2742767418, 1.0137318125, -5.05422615043, 0.0137024950242
1.88, 24.2237492152, 1.01390909302, -5.05604683659, 0.0206994604788
1.89, 24.1732041921, 1.01408626544, -5.05773957244, 0.0147208430804
1.9, 24.1226428023, 1.01417108431, -5.05932303935, 0.00558902883846
1.91, 24.0720660781, 1.01422488895, -5.06080685597, 0.00859643607683
1.92, 24.0214749257, 1.01436248681, -5.06220743183, 0.018944267828
1.93, 23.970870417, 1.01454574245, -5.0634970803, 0.0189501854209
1.94, 23.9202535277, 1.0146903491, -5.06467668516, 0.0111514532131
1.95, 23.8696253029, 1.01475867562, -5.06575530923, 0.00608570796975
1.96, 23.8189869162, 1.01483989809, -5.06672352458, 0.0123910967686
1.97, 23.7683391691, 1.01500345527, -5.06763258058, 0.0197054875656
1.98, 23.7176827131, 1.01518179121, -5.06846601797, 0.0157503330874
1.99, 23.6670183819, 1.01528130258, -5.06919802228, 0.00697809818111
2.0, 23.6163473268, 1.01533918967, -5.06982404114, 0.00804356531494
2.01, 23.5656703129, 1.0154634548, -5.07039370554, 0.0173627588771
2.02, 23.5149879071, 1.01565266335, -5.07089623679, 0.0194293520058
2.03, 23.4643010612, 1.01579624401, -5.07129367602, 0.0106373849371
2.04, 23.4136106073, 1.01585824906, -5.07161697011, 0.00556511522053
2.05, 23.3629171987, 1.01593924387, -5.07188062273, 0.0128124657497
2.06, 23.3122216312, 1.01610985466, -5.07206181574, 0.0204439729627
2.07, 23.2615245296, 1.01629139768, -5.07218501473, 0.0156235911782
2.08, 23.2108265209, 1.01638528113, -5.07224317061, 0.00622624413459
2.09, 23.1601282416, 1.01643836865, -5.07223020034, 0.00794992912978
2.1, 23.1094304904, 1.01656704873, -5.07215727178, 0.0181264785866
2.11, 23.0587336855, 1.01674851469, -5.07203979512, 0.0193744563161
2.12, 23.0080383099, 1.01690196451, -5.07186995809, 0.012155696871
2.13, 22.9573452048, 1.01697541223, -5.07158920763, 0.00602143298968
2.14, 22.9066550582, 1.0170496157, -5.07128117349, 0.0113686176193
2.15, 22.8559681599, 1.01720583958, -5.07094272261, 0.0194501960352
2.16, 22.8052848336, 1.01738908139, -5.07056137302, 0.016726945
2.17, 22.7546058321, 1.0174979308, -5.07008427559, 0.0075858915372
2.18, 22.7039317911, 1.0175541314, -5.06956934885, 0.00726550994513
2.19, 22.6532630645, 1.01766841264, -5.06900920634, 0.0164859009927
2.2, 22.602600541, 1.01785599723, -5.06834981977, 0.0199242898591
2.21, 22.5519447866, 1.0180091477, -5.06765222681, 0.0116866349817
2.22, 22.5012962221, 1.0180759183, -5.06691160925, 0.00539905401797
2.23, 22.4506552131, 1.01814857599, -5.06613456955, 0.011663439352
2.24, 22.4000222845, 1.01831128029, -5.06530993965, 0.020199206831
2.25, 22.3493977284, 1.01849837969, -5.06445688427, 0.016683023623
2.26, 22.298781863, 1.0186019167, -5.06357909317, 0.00680427271453
2.27, 22.2481746684, 1.01865229997, -5.06272288954, 0.0070342189897
2.28, 22.19757644, 1.01876989212, -5.06176464268, 0.0171901514641
2.29, 22.1469880357, 1.01895122479, -5.06078450822, 0.0191940564812
2.3, 22.0964098866, 1.01910969753, -5.05971345402, 0.0129732369098
2.31, 22.0458425644, 1.0191894382, -5.0586124858, 0.00628447583997
2.32, 21.9952863262, 1.01925998442, -5.05749930951, 0.010569560544
2.33, 21.9447412824, 1.01940800256, -5.05636900731, 0.0188535133766
2.34, 21.8942078435, 1.01959161304, -5.0551869086, 0.0172792150443
2.35, 21.8436863529, 1.01970831447, -5.05397648144, 0.00831171960951
2.36, 21.7931770984, 1.01976614976, -5.05273187464, 0.0068849663808
2.37, 21.7426805325, 1.01987229694, -5.05146165343, 0.0155450283315
2.38, 21.6921966323, 1.02005479313, -5.05018464796, 0.0199270676316
2.39, 21.641725583, 1.02021378658, -5.04890379833, 0.0125702647183
2.4, 21.5912671622, 1.02028700235, -5.04765763086, 0.00562462608399
2.41, 21.5408209017, 1.02035514646, -5.04647095164, 0.0107611068366
2.42, 21.4903862398, 1.02050897733, -5.04533723897, 0.0195860382195
2.43, 21.4399627107, 1.02069689941, -5.04424736551, 0.0173163719423
2.44, 21.3895498371, 1.02080894703, -5.043196754, 0.00755996194657
2.45, 21.3391472901, 1.02086057319, -5.04218143722, 0.00656721565617
2.46, 21.2887546522, 1.020969107, -5.0412155597, 0.01617705655
2.47, 21.238371395, 1.02115839141, -5.04030488338, 0.0204290529107
2.48, 21.1879971206, 1.02131689534, -5.03941760122, 0.012061070833
2.49, 21.1376315472, 1.0213826583, -5.0385599866, 0.00490694030535
2.5, 21.0872743512, 1.02144848726, -5.0377439109, 0.0110152998975
2.51, 21.0369248297, 1.02160427298, -5.03723259623, 0.0157014180941
2.52, 20.9865832622, 1.02178871814, -5.03625082757, 0.0182130090246
2.53, 20.9362485901, 1.02191486398, -5.03554523862, 0.00895044206702
2.54, 20.8859208049, 1.02197094468, -5.03487040885, 0.00605447678823
2.55, 20.8355995786, 1.02206599006, -5.03423643177, 0.0145241991913
2.56, 20.785284504, 1.02224562094, -5.03363973962, 0.0203394371508
2.57, 20.7349752629, 1.02241407247, -5.03306779918, 0.0136595246579
2.58, 20.6846716191, 1.02249250113, -5.03251579523, 0.00548409798653
2.59, 20.6343733771, 1.02255190729, -5.03197887167, 0.00952208606788
2.6, 20.5840806491, 1.02269671852, -5.03140963615, 0.0192399242589
2.61, 20.5337939976, 1.02288982864, -5.03077194567, 0.0184006137429
2.62, 20.4835139408, 1.0230122457, -5.03008659217, 0.00822281020932
2.63, 20.4332408928, 1.02306153538, -5.02938102399, 0.0056318072856
2.64, 20.38297531, 1.02315817125, -5.02859265302, 0.0151314048918
2.65, 20.332717671, 1.02333217953, -5.0277894791, 0.0197940537745
2.66, 20.2824682121, 1.02350812977, -5.02695705652, 0.015128443869
2.67, 20.2322272808, 1.02359980855, -5.02607591607, 0.00625820017659
2.68, 20.1819955365, 1.02365510261, -5.02513160056, 0.00821511456021
2.69, 20.1317733024, 1.02378433129, -5.02417578773, 0.0179392566187
2.7, 20.0815607036, 1.02397570529, -5.02319766581, 0.0192290292658
2.71, 20.0313582803, 1.02411276928, -5.02214893809, 0.00976109646102
2.72, 19.9811664885, 1.02416815707, -5.02107053549, 0.00524854971086
2.73, 19.9309855567, 1.02425133234, -5.01997267821, 0.0133742800155
2.74, 19.880815629, 1.02442246593, -5.01908507122, 0.0160343998577
2.75, 19.8306577238, 1.02459323661, -5.0176681585, 0.0157991865518
2.76, 19.7805113357, 1.02469788675, -5.01647265243, 0.00767381445457
2.77, 19.7303769932, 1.02475943985, -5.01525387728, 0.00796517810156
2.78, 19.6802551202, 1.02487714801, -5.01399185265, 0.0163695372263
2.79, 19.6301458863, 1.02505785753, -5.01272595604, 0.0189138176743
2.8, 19.580049396, 1.02520262524, -5.01144933397, 0.0112064398913
2.81, 19.5299662104, 1.02527102459, -5.01006037856, 0.00601015293812
2.82, 19.4798967779, 1.02535024713, -5.00869812702, 0.0121061857648
2.83, 19.429840984, 1.02551097919, -5.00733549713, 0.0194701114174
2.84, 19.3797988958, 1.02568819729, -5.00593881225, 0.0157330171885
2.85, 19.3297713637, 1.0257878746, -5.00444232782, 0.00696984901215
2.86, 19.279758841, 1.02584449903, -5.00293581442, 0.00780501236715
2.87, 19.2297614076, 1.02596559794, -5.00141724379, 0.0170244046002
2.88, 19.1797793583, 1.02615231867, -4.9998721454, 0.0192788048564
2.89, 19.1298128229, 1.02629544214, -4.99831153269, 0.0106383865807
2.9, 19.0798619893, 1.02635687383, -4.99672916832, 0.00541612340374
2.91, 19.0299269694, 1.02643507646, -4.99514565442, 0.0124472496765
2.92, 18.9800080019, 1.0266021617, -4.9935312286, 0.0201496512978
2.93, 18.9301051822, 1.02678210906, -4.9919126686, 0.015564907802
2.94, 18.8802186535, 1.02687573479, -4.99026272563, 0.00617078475768
2.95, 18.8303488816, 1.02692699731, -4.98857295908, 0.00765074498029
2.96, 18.7804959669, 1.02705189698, -4.98689312089, 0.0177323407693
2.97, 18.730659862, 1.0272448003, -4.98519890059, 0.0196174961119
2.98, 18.6808409663, 1.0273855617, -4.98345349556, 0.00997529164513
2.99, 18.6310398166, 1.02743931591, -4.98165915542, 0.00478880092983
3.0, 18.5812565619, 1.02751676458, -4.97987741936, 0.0128556811541
3.01, 18.5314910835, 1.02768058253, -4.97809432118, 0.0185974989497
3.02, 18.4817436608, 1.02786329395, -4.97627723297, 0.0167712218674
3.03, 18.4320144585, 1.02797085257, -4.97444709034, 0.00726528554872
3.04, 18.3823035837, 1.02802196081, -4.97260429535, 0.00667284311909
3.05, 18.3326113149, 1.02813148834, -4.97073965476, 0.0161775708031
3.06, 18.2829376258, 1.02831833502, -4.96888695968, 0.0199915621273
3.07, 18.2332824894, 1.02847176766, -4.96702404317, 0.0115906692875
3.08, 18.183646044, 1.02853508371, -4.96513888767, 0.0048685075424
3.09, 18.1340286645, 1.02860198895, -4.96321489973, 0.0111491619057
3.1, 18.0844304024, 1.02875727764, -4.96153311433, 0.0154488709057
3.11, 18.0348519923, 1.02893698674, -4.95933641845, 0.017633780266
3.12, 17.9852929871, 1.02905846652, -4.95736257873, 0.00865826427952
3.13, 17.9357534951, 1.02911422836, -4.95541444252, 0.00618819884766
3.14, 17.8862336425, 1.02921038733, -4.95345696319, 0.0145161940173
3.15, 17.836733407, 1.02938724861, -4.95147072726, 0.0198549853093
3.16, 17.7872531515, 1.02955021028, -4.94947092181, 0.0131621774942
3.17, 17.7377929245, 1.02962620631, -4.9474631272, 0.00546794778475
3.18, 17.6883527483, 1.02968695718, -4.94545368585, 0.00967628143795
3.19, 17.6389328079, 1.02983120442, -4.94342962736, 0.0189529337818
3.2, 17.5895330366, 1.03001914763, -4.9414171613, 0.0177792305347
3.21, 17.5401534107, 1.03013669978, -4.93939419242, 0.00793106560397
3.22, 17.4907942553, 1.0301858523, -4.93733512055, 0.00578709543114
3.23, 17.4414556243, 1.03028358959, -4.93528522557, 0.0150963477097
3.24, 17.3921373892, 1.03045712047, -4.93325083483, 0.0181508437025
3.25, 17.34283948, 1.03062061044, -4.93121325255, 0.01415512972
3.26, 17.2935622072, 1.03070994142, -4.92913185435, 0.00665173465912
3.27, 17.2443056865, 1.03077266464, -4.92706424825, 0.00894936639896
3.28, 17.1950697657, 1.03090287043, -4.92500694377, 0.0173885088677
3.29, 17.1458545831, 1.03108303891, -4.92292562099, 0.017894527655
3.3, 17.0966602085, 1.03121130841, -4.92084042352, 0.00946648235863
3.31, 17.0474866832, 1.03127108717, -4.91874792287, 0.00609774381296
3.32, 16.9983342388, 1.03136060502, -4.91663768041, 0.0135483497815
3.33, 16.9492027946, 1.03152996031, -4.9145474828, 0.0194994805992
3.34, 16.900092205, 1.03169592008, -4.91246372559, 0.0139028800491
3.35, 16.8510024845, 1.03177928679, -4.91036348725, 0.00594658452987
3.36, 16.8019339566, 1.03183810752, -4.90823608765, 0.00894382032781
3.37, 16.7528865841, 1.03197276064, -4.9061349463, 0.0180708607133
3.38, 16.703860162, 1.03215795943, -4.90403660661, 0.0180793260345
3.39, 16.6548549427, 1.03228285459, -4.90190973321, 0.00877783608829
3.4, 16.6058707501, 1.03233575076, -4.89981129831, 0.00561249318057
3.41, 16.5569077082, 1.03242571476, -4.89769180691, 0.014018617533
3.42, 16.5079657856, 1.03260152974, -4.89557681791, 0.0200820917475
3.43, 16.4590451716, 1.03276849534, -4.89344083521, 0.0135478803802
3.44, 16.4101459305, 1.03284488495, -4.8912996727, 0.00516093678601
3.45, 16.3612680809, 1.03289960422, -4.88915225436, 0.00896930714888
3.46, 16.3124117939, 1.0330392692, -4.8870042435, 0.0188098192949
3.47, 16.2635769047, 1.03322962837, -4.8848701311, 0.0182319750252
3.48, 16.2147634051, 1.03335042689, -4.88271075887, 0.00800370108962
3.49, 16.1659716891, 1.03339592534, -4.88051977856, 0.00511997710482
3.5, 16.11720202, 1.03348681217, -4.87831393741, 0.0145669986029
3.51, 16.0684542885, 1.03365659859, -4.87612948794, 0.0195085494739
3.52, 16.0197283552, 1.0338307961, -4.87394732708, 0.0149866630778
3.53, 15.9710244943, 1.03392000395, -4.87172142838, 0.00588281375191
3.54, 15.9223428353, 1.03397005537, -4.86950476355, 0.00761065898106
3.55, 15.8736832226, 1.03409379573, -4.86730848051, 0.0174912827519
3.56, 15.825045711, 1.03428236144, -4.86509377361, 0.0190603581231
3.57, 15.7764303049, 1.03441770823, -4.86288646037, 0.00952016451446
3.58, 15.7278369929, 1.03446894809, -4.86066954514, 0.00469343231831
3.59, 15.6792657586, 1.03454597608, -4.85846355601, 0.0127776836985
3.6, 15.6307166913, 1.03470714481, -4.85624513378, 0.018160597264
3.61, 15.5821897175, 1.03488431433, -4.85404675053, 0.0161951633363
3.62, 15.5336847699, 1.03498762702, -4.85182670841, 0.00700837207251
3.63, 15.4852021824, 1.0350379025, -4.84958785247, 0.00666905199514
3.64, 15.4367418681, 1.03514643181, -4.84737498278, 0.0159329166088
3.65, 15.3883036221, 1.03532875038, -4.84516131586, 0.0194087189063
3.66, 15.3398876869, 1.03547663174, -4.842920667, 0.0111383316882
3.67, 15.2914941399, 1.03553763859, -4.84068203698, 0.00480276678008
3.68, 15.2431228623, 1.03560435832, -4.83847336607, 0.011080431499
3.69, 15.1947736194, 1.03576153241, -4.8362633054, 0.019667269482
3.7, 15.1464465885, 1.035943373, -4.8340409643, 0.0161485082569
3.71, 15.0981417895, 1.03604127325, -4.8318130285, 0.00621183090507
3.72, 15.0498592254, 1.03608556972, -4.82958738364, 0.0064215863468
3.73, 15.0015990379, 1.0361972635, -4.82735158128, 0.0166235836408
3.74, 14.9533610908, 1.03637318658, -4.8251353647, 0.0186620790376
3.75, 14.9051452794, 1.03652614444, -4.82292187417, 0.012394858055
3.76, 14.8569515658, 1.03659980201, -4.82071631235, 0.00565571400033
3.77, 14.8087799753, 1.03666412922, -4.8185040135, 0.00996158885267
3.78, 14.7606303919, 1.03680642101, -4.81629719954, 0.0183076101879
3.79, 14.7125029374, 1.03698465692, -4.81407992683, 0.0167326493538
3.8, 14.6643978546, 1.03709553323, -4.81183408526, 0.00769478384662
3.81, 14.6163152051, 1.03714693001, -4.80959059522, 0.00623356713582
3.82, 14.5682548401, 1.03724685552, -4.80738977628, 0.0149525777181
3.83, 14.5202166163, 1.0374237556, -4.80515340147, 0.0193821445437
3.84, 14.4722007318, 1.037577135, -4.80292086732, 0.0119807532927
3.85, 14.4242071546, 1.03764403113, -4.80069331655, 0.00496403698893
3.86, 14.3762358222, 1.03770559443, -4.79846042772, 0.0101203247178
3.87, 14.3282869002, 1.03785346413, -4.79622505986, 0.0190214320758
3.88, 14.2803602398, 1.0380358465, -4.79400539898, 0.0167518107927
3.89, 14.2324558036, 1.03814184047, -4.79176078025, 0.00691493861622
3.9, 14.1845742412, 1.03818674918, -4.7894513847, 0.00588744675305
3.91, 14.1367156342, 1.03828881511, -4.78717146773, 0.0155661707392
3.92, 14.0888797224, 1.03847237339, -4.78490996313, 0.0198733526494
3.93, 14.0410663733, 1.03862510466, -4.78264873315, 0.0114495782258
3.94, 13.9932758689, 1.03868424689, -4.78034979634, 0.00420915583441
3.95, 13.9455082444, 1.03874308752, -4.77807464984, 0.0103301671557
3.96, 13.8977629786, 1.03889247203, -4.77608649397, 0.0150993568007
3.97, 13.8500406131, 1.03907093641, -4.77358185644, 0.0176013408919
3.98, 13.8023406876, 1.03919050185, -4.77130037884, 0.00825138381092
3.99, 13.7546635427, 1.03923935182, -4.76902368051, 0.00533027963969
4.0, 13.7070090256, 1.03932757073, -4.7667780071, 0.0138844371355
4.01, 13.659377123, 1.03950121558, -4.76450667395, 0.0197576673139
4.02, 13.6117678501, 1.03966358933, -4.76224563723, 0.0130129764239
4.03, 13.5641812267, 1.03973504465, -4.75996279768, 0.00475329125596
4.04, 13.5166175425, 1.03978721042, -4.75767315795, 0.00881982610763
4.05, 13.4690766271, 1.03992550071, -4.75541167553, 0.0186221371619
4.06, 13.4215582504, 1.04009835331, -4.75315497985, 0.0180275100382
4.07, 13.3740626862, 1.0402302551, -4.75084501014, 0.00976371234998
4.08, 13.3265903976, 1.04028742635, -4.74850948708, 0.00530503843911
4.09, 13.2791413471, 1.04036494433, -4.74619957455, 0.0122396065961
4.1, 13.2317152699, 1.04052558744, -4.74390950072, 0.0191384319518
4.11, 13.1843122511, 1.04069358467, -4.74159560048, 0.0143916410489
4.12, 13.1369323385, 1.04077932408, -4.73928848711, 0.00576331286945
4.13, 13.0895754427, 1.04082973094, -4.73698127094, 0.00767295763356
4.14, 13.0422417315, 1.04095201276, -4.73466487734, 0.0171169689982
4.15, 12.9949310622, 1.04113452177, -4.73237054099, 0.018347710311
4.16, 12.9476433487, 1.0412640568, -4.73005819553, 0.00913437877534
4.17, 12.9003789235, 1.04131421875, -4.7277252526, 0.00475802326915
4.18, 12.8531376732, 1.04139149622, -4.72544323381, 0.0126620425467
4.19, 12.8059185464, 1.04155878872, -4.72330975495, 0.0197945440128
4.2, 12.7587198651, 1.04172877703, -4.72134500052, 0.0141287730957
4.21, 12.7115399878, 1.04180783996, -4.71953000228, 0.00494733425184
4.22, 12.6643777017, 1.04185332384, -4.71781566617, 0.00759837779588
4.23, 12.6172318953, 1.04198008826, -4.71624401858, 0.0178596462873
4.24, 12.5701008962, 1.04215414258, -4.71484432211, 0.0181844754481
4.25, 12.522983426, 1.04229242373, -4.71353729124, 0.0105594915468
4.26, 12.475878544, 1.04235365822, -4.7123251903, 0.00522682031108
4.27, 12.4287852198, 1.04242452989, -4.711239159, 0.0112574902713
4.28, 12.3817019659, 1.04257736571, -4.71029201374, 0.018748340867
4.29, 12.3346277096, 1.04274812708, -4.70943455029, 0.0151271251689
4.3, 12.2875616088, 1.04284143672, -4.70866784129, 0.00628032602569
4.31, 12.240502457, 1.04289030755, -4.70802901473, 0.0069747392401
4.32, 12.1934492359, 1.04300315516, -4.70748323991, 0.0162391622257
4.33, 12.1464009247, 1.04318293454, -4.70707269297, 0.0186572854672
4.34, 12.0993558272, 1.04332011186, -4.70680249926, 0.0100312432656
4.35, 12.0523131231, 1.0433746541, -4.70659132448, 0.00465332970245
4.36, 12.0052721577, 1.04344469804, -4.70645149131, 0.0116236417509
4.37, 11.9582321262, 1.04360422956, -4.70641894884, 0.0194718023093
4.38, 11.9111919077, 1.04377819423, -4.70647567804, 0.0150065503777
4.39, 11.8641508827, 1.04386582485, -4.70658037354, 0.00551134309741
4.4, 11.8171082287, 1.04390957656, -4.70679607984, 0.00684445688767
4.41, 11.7700628717, 1.04402653031, -4.70711483293, 0.0169858424873
4.42, 11.723014087, 1.04419983503, -4.70747497809, 0.017866036847
4.43, 11.6759614759, 1.04434176453, -4.70789023979, 0.0112893687612
4.44, 11.6289043047, 1.04440964854, -4.70837453496, 0.00562608391932
4.45, 11.5818420605, 1.04447865465, -4.70890906239, 0.0106285067845
4.46, 11.5347742402, 1.04462390563, -4.70949029285, 0.0181153916982
4.47, 11.4877003994, 1.04479389347, -4.71011717162, 0.0155475733929
4.48, 11.4406198934, 1.04489461942, -4.71081016292, 0.00706598460659
4.49, 11.3935323258, 1.04494679876, -4.7115288173, 0.00681773991574
4.5, 11.346437307, 1.04505327205, -4.71231519763, 0.015394182354
4.51, 11.2993340321, 1.04522765016, -4.71315544794, 0.0185500995825
4.52, 11.2522222118, 1.04536969718, -4.71403013848, 0.0108788552965
4.53, 11.2051015376, 1.04543164926, -4.71492560232, 0.00507930760808
4.54, 11.1579717441, 1.04549955368, -4.71586289819, 0.010939199124
4.55, 11.1108321352, 1.04565118573, -4.71687826905, 0.0188464214108
4.56, 11.0636822411, 1.04582507956, -4.71791778027, 0.0155379966768
4.57, 11.0165218401, 1.04592119314, -4.71898945152, 0.00637464912044
4.58, 10.9693503783, 1.04596835882, -4.72012563198, 0.00664491220288
4.59, 10.9221671541, 1.04607832746, -4.72133281069, 0.0160904319447
4.6, 10.8749717257, 1.04625947394, -4.72256596263, 0.0190095076632
4.61, 10.827763886, 1.04640070944, -4.72382013257, 0.0103722508377
4.62, 10.7805432145, 1.04645594834, -4.72511940921, 0.00448663670486
4.63, 10.7333094385, 1.04652286194, -4.72644514915, 0.011301205873
4.64, 10.686062255, 1.04668145459, -4.72781192524, 0.0196203624626
4.65, 10.6388010707, 1.04685917077, -4.7292300847, 0.0154775877259
4.66, 10.5915257112, 1.0469499624, -4.73064448363, 0.00561693593138
4.67, 10.5442361343, 1.04699192791, -4.73208318933, 0.00650026451003
4.68, 10.496931799, 1.04710607673, -4.73358831358, 0.0168681413171
4.69, 10.4496123212, 1.04728007957, -4.73511143705, 0.0190459370618
4.7, 10.4022775808, 1.04743203206, -4.73664013103, 0.0119525654938
4.71, 10.3549275432, 1.04749882472, -4.73817855993, 0.00491796261265
4.72, 10.307561817, 1.04755860999, -4.73976689416, 0.009837283514
4.73, 10.2601801137, 1.04770311064, -4.74137701508, 0.0187003584766
4.74, 10.2127822729, 1.04788352885, -4.74298292672, 0.0166830595182
4.75, 10.1653680566, 1.04798987827, -4.74465069574, 0.00699180780022
4.76, 10.1179372064, 1.04803470187, -4.74631552666, 0.00577617894408
4.77, 10.0704896272, 1.04813436094, -4.74800045805, 0.0152612782044
4.78, 10.0230251128, 1.04831537647, -4.74971074724, 0.019715817158
4.79, 9.97554323675, 1.04846808231, -4.75145831295, 0.0115580042977
4.8, 9.92804392336, 1.04852838256, -4.75320427795, 0.00427672829281
4.81, 9.88052690877, 1.04858638978, -4.75499192447, 0.0101297987771
4.82, 9.83299152171, 1.04873322226, -4.75708176691, 0.0148499746237
4.83, 9.78543835323, 1.04891074781, -4.7586513447, 0.0176531029144
4.84, 9.737866769, 1.04903193017, -4.7604560656, 0.00845060385899
4.85, 9.69027718575, 1.04908169686, -4.76226080977, 0.00529896021304
4.86, 9.64266936528, 1.04916816074, -4.76409797975, 0.0136413585971
4.87, 9.59504319258, 1.04934003816, -4.7659310959, 0.0196963735015
4.88, 9.5473987256, 1.04950352948, -4.76776083241, 0.0132452153192
4.89, 9.49973587147, 1.04957726055, -4.7695978562, 0.00491648979252
4.9, 9.45205468017, 1.04962932804, -4.77143259015, 0.00867947532457
4.91, 9.4043551602, 1.04976571607, -4.77326301152, 0.0184661200767
4.92, 9.35663708488, 1.04995279237, -4.77514201098, 0.0179374215519
4.93, 9.30890036024, 1.0500711507, -4.77699367897, 0.00780078668577
4.94, 9.26114520763, 1.05011469396, -4.7788278263, 0.00491706132328
4.95, 9.21337172405, 1.05020309837, -4.7806658833, 0.0142862708844
4.96, 9.16557975538, 1.05037270674, -4.78251614828, 0.0181227465914
4.97, 9.1177694036, 1.05053809758, -4.78434429195, 0.0143614416946
4.98, 9.069940928, 1.0506259745, -4.78614320881, 0.00614659052663
4.99, 9.0220944634, 1.05068029042, -4.78793811276, 0.00798267481082
5.0, 8.97423015314, 1.05080333076, -4.78971735483, 0.0170093633458
5.01, 8.92634816574, 1.05098399633, -4.79147606228, 0.0181988546319
5.02, 8.8784486732, 1.05111424098, -4.79321169864, 0.00941769422815
5.03, 8.83053201708, 1.05116883402, -4.79490866635, 0.00524982105526
5.04, 8.78259848562, 1.05124938536, -4.79659307752, 0.0128018865665
5.05, 8.73464815017, 1.05141594656, -4.79826800014, 0.0196203862433
5.06, 8.68668125413, 1.05158520451, -4.79990536601, 0.0142255913629
5.07, 8.63869821841, 1.0516677937, -4.80148057758, 0.00547224456251
5.08, 8.59069991191, 1.05171841884, -4.80295856231, 0.00800981651795
5.09, 8.54268747767, 1.05184669092, -4.80432360585, 0.0178105931278
5.1, 8.49466180318, 1.05203385665, -4.80560730066, 0.0185337969156
5.11, 8.44662378268, 1.05216184322, -4.80679091737, 0.0087991976447
5.12, 8.39857440441, 1.05220984376, -4.80787286364, 0.00477525001749
5.13, 8.35051482721, 1.05229119788, -4.80884513255, 0.0133424200962
5.14, 8.30244589091, 1.05245511875, -4.80973376539, 0.0180719074526
5.15, 8.25436867037, 1.05262696653, -4.81051069468, 0.0154200000829
5.16, 8.20628434521, 1.05272396797, -4.81116508037, 0.00666870499535
5.17, 8.15819383006, 1.05277589581, -4.8117509834, 0.00718733538845
5.18, 8.11009779512, 1.05288988209, -4.81226212676, 0.0163083594311
5.19, 8.06199715963, 1.05307092318, -4.8126765704, 0.0188699660512
5.2, 8.01389296366, 1.05321146146, -4.81298267577, 0.0104464582253
5.21, 7.9657860386, 1.05327002742, -4.81322374869, 0.00499810463874
5.22, 7.91767699493, 1.05334223548, -4.81340143249, 0.0117434071224
5.23, 7.86956663767, 1.05350268447, -4.8134997623, 0.0195915176197
5.24, 7.82145554723, 1.05367907997, -4.81354624566, 0.0153594391346
5.25, 7.77334428455, 1.0537709466, -4.8135432565, 0.00594317160138
5.26, 7.72523352734, 1.05381799599, -4.81343671693, 0.00706512707901
5.27, 7.67712409114, 1.05393609785, -4.81328689652, 0.017054366999
5.28, 7.62901632552, 1.0541239004, -4.81310462788, 0.0192812391832
5.29, 7.58091069784, 1.05426282926, -4.81284566471, 0.00985206069765
5.3, 7.53280812888, 1.05431418478, -4.81250662321, 0.00439770373631
5.31, 7.48470913508, 1.05438577316, -4.81213338446, 0.01216136254
5.32, 7.43661376375, 1.0545487846, -4.811981953, 0.015661786622
5.33, 7.38852339421, 1.05472032151, -4.81124670567, 0.016081083989
5.34, 7.34043782817, 1.05482522686, -4.81070421745, 0.00731956273699
5.35, 7.29235813215, 1.05487777942, -4.81007619582, 0.00672681754942
5.36, 7.24428507111, 1.05498385864, -4.80939041238, 0.0154793702514
5.37, 7.19621897032, 1.05516148867, -4.80868441551, 0.0190464692262
5.38, 7.14816010497, 1.05530878955, -4.80794142453, 0.0113327572302
5.39, 7.1001088876, 1.05537293864, -4.80714623688, 0.00509751067027
5.4, 7.05206597317, 1.05543992607, -4.80629473048, 0.010847904413
5.41, 7.00403164934, 1.05559266161, -4.80543018004, 0.0191589118663
5.42, 6.95600607651, 1.0557714677, -4.80454139073, 0.0160921188139
5.43, 6.90798985137, 1.05587166663, -4.80356415065, 0.00659418875884
5.44, 6.85998352347, 1.05591869106, -4.8025590317, 0.00649767126344
5.45, 6.81198728728, 1.05602786901, -4.8015516329, 0.0161530760592
5.46, 6.76400127505, 1.05621222372, -4.80049274316, 0.0195075689639
5.47, 6.7160263979, 1.05635859082, -4.79934726545, 0.010793733367
5.48, 6.66806312234, 1.05641544274, -4.7981713008, 0.00443008483983
5.49, 6.62011170838, 1.05648072669, -4.79696660513, 0.011150103226
5.5, 6.57217232944, 1.0566353948, -4.7959817616, 0.0152268736763
5.51, 6.52424590452, 1.05680989153, -4.79447817007, 0.0168955873028
5.52, 6.47633185283, 1.05692360786, -4.7931918913, 0.00796855136938
5.53, 6.42843101345, 1.05697541365, -4.79184461933, 0.00604458972508
5.54, 6.38054365402, 1.05707152271, -4.79049824795, 0.0145099215392
5.55, 6.33266975747, 1.05724578062, -4.78915465143, 0.0193381402818
5.56, 6.28480942138, 1.05740131203, -4.78777194086, 0.0123367298809
5.57, 6.23696322622, 1.0574708588, -4.78633853364, 0.00505704561304
5.58, 6.18913139556, 1.0575304281, -4.7849018169, 0.00972345386064
5.59, 6.14131392285, 1.0576742833, -4.78346819255, 0.0187321214132
5.6, 6.0935110804, 1.05785676192, -4.78197937439, 0.0170050096449
5.61, 6.04572320254, 1.05796634909, -4.78047026303, 0.00724491359776
5.62, 5.99795048666, 1.05801188259, -4.77894659134, 0.00569557007571
5.63, 5.95019301851, 1.05811004908, -4.7774091389, 0.0151215414463
5.64, 5.9024513836, 1.05829124333, -4.77580192974, 0.019881007686
5.65, 5.8547258555, 1.05844678296, -4.77418264751, 0.0118693013756
5.66, 5.80701662216, 1.05850895108, -4.77253313232, 0.00431181964708
5.67, 5.75932411286, 1.05856563979, -4.77085098384, 0.00990710839496
5.68, 5.71164839243, 1.05871561523, -4.76917531712, 0.0195103022694
5.69, 5.66398940722, 1.05888847497, -4.76750326918, 0.017287051357
5.7, 5.61634721631, 1.05900916795, -4.76580705013, 0.00868183382672
5.71, 5.56872226936, 1.05906324047, -4.7640647721, 0.00576350149566
5.72, 5.52111470353, 1.05915184935, -4.76233314435, 0.0135722474547
5.73, 5.47352444477, 1.05932012918, -4.7605939169, 0.0191940890238
5.74, 5.42595180433, 1.05948013581, -4.75881863475, 0.0131270429764
5.75, 5.37839698981, 1.05955613566, -4.75702457955, 0.00535432183577
5.76, 5.33086007652, 1.05961214697, -4.75524035178, 0.00889933160118
5.77, 5.28334122786, 1.05974702938, -4.75342021393, 0.0180286026404
5.78, 5.23584052285, 1.0599288931, -4.75160758929, 0.0174858331139
5.79, 5.18835798711, 1.06004618682, -4.7497834178, 0.00799861162478
5.8, 5.14089376553, 1.06009370544, -4.74793255729, 0.00533486462105
5.81, 5.09344819508, 1.06018341822, -4.74607011174, 0.0141027320469
5.82, 5.04602119163, 1.06035846446, -4.74421918305, 0.019777840855
5.83, 4.99861267151, 1.06051926778, -4.74237888405, 0.0127440584043
5.84, 4.95122276043, 1.06058820402, -4.74046937163, 0.00458535632096
5.85, 4.90385201545, 1.06064053224, -4.7385664782, 0.00897797278884
5.86, 4.85650022596, 1.06078083301, -4.73668282651, 0.0187866928577
5.87, 4.80916779861, 1.06095357041, -4.73469889937, 0.0178596380294
5.88, 4.76185515286, 1.06108276521, -4.73271922146, 0.00947841658314
5.89, 4.7145623184, 1.06113850098, -4.73073624343, 0.00531587256921
5.9, 4.66728929574, 1.06121765714, -4.72874761836, 0.012471603241
5.91, 4.62003627698, 1.06137968197, -4.72674982901, 0.0191425505948
5.92, 4.57280319999, 1.06154584231, -4.72475651797, 0.0140933626679
5.93, 4.52559012507, 1.06162891874, -4.72273598234, 0.0055954774649
5.94, 4.47839743328, 1.06167966941, -4.72069296812, 0.0078573204983
5.95, 4.43122507088, 1.06180416308, -4.71867363884, 0.0172895345736
5.96, 4.38407283104, 1.06198647097, -4.71666722413, 0.0181585626967
5.97, 4.33694067878, 1.06211309082, -4.71464476314, 0.00883539130647
5.98, 4.28982899186, 1.0621618877, -4.7125845417, 0.00479128729871
5.99, 4.24273782242, 1.06224109513, -4.71054304523, 0.0129204447673
6.0, 4.19566695908, 1.06240984952, -4.70853222398, 0.0197893446599
6.01, 4.14861638587, 1.06257778866, -4.70645077947, 0.0138072292429
6.02, 4.10158693863, 1.06265409816, -4.70433181904, 0.0047867598521
6.03, 4.0545786272, 1.06270016982, -4.70222506157, 0.00781502632644
6.04, 4.00759155889, 1.06282937908, -4.70008946114, 0.0180409882269
6.05, 3.96062573339, 1.0630030938, -4.69797126966, 0.017964642644
6.06, 3.91368108145, 1.06313814858, -4.69585249128, 0.0102362433316
6.07, 3.86675762304, 1.06319799026, -4.69372349044, 0.00527342527879
6.08, 3.81985561049, 1.06327097639, -4.69157622864, 0.0115285658971
6.09, 3.77297497019, 1.06342519628, -4.68944851446, 0.0187145073981
6.1, 3.72611555138, 1.06359347658, -4.68732185521, 0.0147558164789
6.11, 3.67927764387, 1.06368369175, -4.68515411064, 0.00610168896049
6.12, 3.63246135619, 1.06373315515, -4.68299803952, 0.00719889982425
6.13, 3.58566652504, 1.06384840014, -4.68086572136, 0.0163964356131
6.14, 3.53889294144, 1.06402736337, -4.67873921426, 0.018375290105
6.15, 3.49214084946, 1.06416073988, -4.67657345586, 0.00966261787025
6.16, 3.44541039115, 1.06421368519, -4.67441135998, 0.00469630160817
6.17, 3.39870149768, 1.06428584971, -4.67224731492, 0.0118873890654
6.18, 3.35201461082, 1.06444644095, -4.67003182197, 0.019382382722
6.19, 3.30534979471, 1.0646172323, -4.66782859693, 0.0145640403777
6.2, 3.25870706322, 1.06470125298, -4.66560011676, 0.0053000710023
6.21, 3.2120867503, 1.06474545055, -4.66335935641, 0.00705937971717
6.22, 3.16548874077, 1.06486458011, -4.66114057033, 0.017101651821
6.23, 3.11891279408, 1.06504953426, -4.65894686809, 0.0186849727833
6.24, 3.07235878365, 1.0651802643, -4.65674207644, 0.00897794474268
6.25, 3.02582704513, 1.06522547281, -4.65450167021, 0.00407531666076
6.26, 2.97931759568, 1.06529697535, -4.65228665268, 0.0123010378777
6.27, 2.93283015798, 1.06545419639, -4.65010549097, 0.0178064266396
6.28, 2.88636477976, 1.06562742354, -4.64787301155, 0.015736938638
6.29, 2.83992168657, 1.06572517517, -4.64563912867, 0.00638847867762
6.3, 2.79350087994, 1.06576930534, -4.64341590207, 0.0060970296917
6.31, 2.74710219221, 1.06587312929, -4.64121230733, 0.0155415486446
6.32, 2.70072567287, 1.06605181014, -4.63899209191, 0.0190276239964
6.33, 2.65437134225, 1.06619493057, -4.63676015065, 0.010575221265
6.34, 2.60803955215, 1.06624969593, -4.63448771399, 0.00416711456777
6.35, 2.56173062484, 1.06631081817, -4.632199741, 0.0106059542226
6.36, 2.51544444502, 1.06646411473, -4.62993820365, 0.0193192594032
6.37, 2.46918081738, 1.06662786561, -4.62767814833, 0.0159365633231
6.38, 2.42294000243, 1.06673635075, -4.62538352772, 0.00784399257698
6.39, 2.37672208703, 1.06678983905, -4.62309574136, 0.00627965460061
6.4, 2.33052691611, 1.06688493725, -4.6208387689, 0.0140235891558
6.41, 2.28435419953, 1.06705022288, -4.61860335549, 0.0182390690487
6.42, 2.23820405447, 1.06719681631, -4.61632677076, 0.0117651284752
6.43, 2.19207663525, 1.06726553097, -4.61405396265, 0.00528444051141
6.44, 2.14597183664, 1.06732694687, -4.61181263693, 0.00968222356769
6.45, 2.09988990179, 1.06746525511, -4.60949390486, 0.0177798853142
6.46, 2.05383076093, 1.06763692715, -4.6072312358, 0.0160176475008
6.47, 2.00779421354, 1.06774142979, -4.60497464303, 0.00716875221777
6.48, 1.96178023429, 1.06778914167, -4.60270592176, 0.00596099439046
6.49, 1.91578904132, 1.06788607131, -4.60042558619, 0.0145704471666
6.5, 1.86982077304, 1.06805744739, -4.5981309534, 0.0187029597417
6.51, 1.82387540389, 1.06820372757, -4.59583349891, 0.0113110160052
6.52, 1.77795322727, 1.0682655463, -4.59350083518, 0.00459770251415
6.53, 1.73205426703, 1.06832431287, -4.59119157392, 0.00984691606863
6.54, 1.68617827049, 1.06846807476, -4.58891002306, 0.0184669630328
6.55, 1.64032500958, 1.06864356829, -4.58663372539, 0.0160078253618
6.56, 1.59449473056, 1.06874305489, -4.58432157791, 0.00639147238965
6.57, 1.54868751314, 1.0687844079, -4.58202017622, 0.00563046208495
6.58, 1.50290319923, 1.06888351534, -4.57973579253, 0.0151737345397
6.59, 1.45714184967, 1.06906130908, -4.57743652764, 0.0191635610011
6.6, 1.41140344434, 1.06920672913, -4.57514099172, 0.0107717706445
6.61, 1.36568794396, 1.0692609001, -4.5728633982, 0.00386491002586
6.62, 1.31999568728, 1.0693171361, -4.57050604357, 0.0100669704073
6.63, 1.27432631984, 1.06946233344, -4.56847035732, 0.0145232869868
6.64, 1.22868026244, 1.06963365587, -4.56594636067, 0.0168361005674
6.65, 1.18305663443, 1.06974668702, -4.56366844595, 0.00774078952713
6.66, 1.13745598194, 1.06979221699, -4.56136113214, 0.00509774740286
6.67, 1.09187827654, 1.06987757666, -4.55908113727, 0.013486033128
6.68, 1.04632328375, 1.07004523769, -4.55680249214, 0.01901888391
6.69, 1.00079148544, 1.07020008989, -4.55445945052, 0.0123280293529
6.7, 0.955283086739, 1.07026669039, -4.55211864379, 0.00443352087937
6.71, 0.90979799883, 1.0703164801, -4.54979914085, 0.00857077522101
6.72, 0.864335990345, 1.07045052385, -4.547497008, 0.0180245720464
6.73, 0.818897132278, 1.07063010753, -4.54517700883, 0.0169831765815
6.74, 0.773481443331, 1.07073912502, -4.54285896628, 0.00699573032032
6.75, 0.728088904391, 1.07077777704, -4.54053856957, 0.00466688964767
6.76, 0.682719678835, 1.07086451043, -4.53820989744, 0.0140559046197
6.77, 0.637373589563, 1.07102886929, -4.53591066717, 0.0173239427612
6.78, 0.592050428753, 1.07118430077, -4.53363013395, 0.0133176937016
6.79, 0.546750372529, 1.07126408339, -4.53128374263, 0.00559414269299
6.8, 0.501473650897, 1.07131562232, -4.52895838171, 0.00782780546525
6.81, 0.456220046577, 1.0714356247, -4.52666348074, 0.0164726763411
6.82, 0.410989356492, 1.07160758399, -4.52435286763, 0.0171107070865
6.83, 0.365782151898, 1.07172729543, -4.52198864624, 0.00851535917025
6.84, 0.320598530342, 1.07177634924, -4.51963838053, 0.00495543711008
6.85, 0.275438324962, 1.07185475091, -4.51729755955, 0.0125084744688
6.86, 0.230301631644, 1.07201504515, -4.51494546569, 0.0186887047259
6.87, 0.185188359842, 1.07217301795, -4.51260807163, 0.0130612675579
6.88, 0.140098715529, 1.07224664198, -4.51022295339, 0.00486076191853
6.89, 0.0950328182388, 1.0722940351, -4.50785116399, 0.00780719228394
