timestamp, prius0 x posi, prius0 y posi, prius0 x vel, prius0 y vel.
0.0, 0.0, 0.0, 0.0, 0.0
0.00999999999999, 24.9972027865, 1.00001474614, -0.211598164991, 0.00578254333844
0.02, 24.9945266695, 1.00006836164, -0.299967181204, 0.00202029730535
0.03, 24.990973985, 1.00004932536, -0.388255551058, -0.00583303881598
0.04, 24.9865459186, 0.999998423695, -0.476484921139, -0.00387043647044
0.05, 24.9812427314, 1.00001829015, -0.564726883445, 0.00543431581966
0.06, 24.9750643483, 1.00009925895, -0.652981058471, 0.00696543983119
0.07, 24.968010783, 1.00013232248, -0.741226172945, -0.00165031057715
0.08, 24.9600821665, 1.00009061202, -0.829457444606, -0.00575675661511
0.09, 24.9512785261, 1.00007600225, -0.917691340392, 0.00198346801519
0.1, 24.9415997329, 1.00015009201, -1.00594196146, 0.00911241135393
0.11, 24.93104572, 1.00022997506, -1.09419244991, 0.00399838336295
0.12, 24.9196165889, 1.00022514659, -1.18243109743, -0.00461630074027
0.13, 24.9073124585, 1.00018987937, -1.2705103667, -0.00187701965191
0.14, 24.8941361696, 1.00023525952, -1.35729574654, 0.00831631798264
0.15, 24.8800972449, 1.00034411687, -1.44303217857, 0.00949801458745
0.16, 24.8652063135, 1.00039698857, -1.52770612857, -6.0314771019e-05
0.17, 24.8494740235, 1.00037020861, -1.61132252413, -0.00412049573977
0.18, 24.832910761, 1.00037724046, -1.6939122149, 0.00461663259371
0.19, 24.8155266114, 1.00048050992, -1.77550255139, 0.0120609010487
0.2, 24.7973316189, 1.00058539333, -1.85608637358, 0.00603238575646
0.21, 24.778335892, 1.00059619019, -1.93566376471, -0.00325838562867
0.22, 24.7585494101, 1.00057702221, -2.01425248883, 0.000109994499084
0.23, 24.7379818174, 1.00064712306, -2.09188982407, 0.0110598363573
0.24, 24.7166426039, 1.00076602856, -2.16857782446, 0.0116097323988
0.25, 24.6945413073, 1.00085003669, -2.24431556471, 0.0035023784295
0.26, 24.6716889116, 1.00085299588, -2.31901161035, -0.00199152309653
0.27, 24.6481002034, 1.0008691015, -2.39280620158, 0.00477782788763
0.28, 24.6237845503, 1.00097548738, -2.46578988268, 0.0129784863067
0.29, 24.5987504392, 1.00110215465, -2.53789511231, 0.00917568149415
0.3, 24.5730067083, 1.00114668417, -2.60910108916, -0.000177520965075
0.31, 24.5465622221, 1.00114574576, -2.67942090277, 0.000846557631475
0.32, 24.519425556, 1.00121610629, -2.74888738013, 0.0110175820733
0.33, 24.4916050946, 1.00135990369, -2.81751028357, 0.0137201754566
0.34, 24.4631100615, 1.00145886387, -2.88457730722, 0.00457466427999
0.35, 24.4339559262, 1.00147082822, -2.94962319799, -0.000984976369133
0.36, 24.4041609273, 1.00150179112, -3.012851581, 0.00673265500574
0.37, 24.3737427373, 1.00163052247, -3.07433185039, 0.0152671742546
0.38, 24.3427186346, 1.0017755972, -3.13409532918, 0.0105612671617
0.39, 24.3111056272, 1.00182908663, -3.19217559832, 0.000509455553083
0.4, 24.27892029, 1.00183742066, -3.24862143602, 0.0021635143404
0.41, 24.2461785442, 1.00192618883, -3.30350169994, 0.0131905446518
0.42, 24.2128958043, 1.00207582275, -3.35685599137, 0.0146369352824
0.43, 24.1790872292, 1.00219577755, -3.4087133107, 0.00736370513003
0.44, 24.1447676354, 1.00223368727, -3.45910776885, 0.00103938227131
0.45, 24.1099513785, 1.00227281435, -3.50809026972, 0.00665995104203
0.46, 24.0746522396, 1.00239831169, -3.55571853581, 0.0152158948806
0.47, 24.0388836304, 1.00255391399, -3.60201832469, 0.0126015357724
0.48, 24.0026587543, 1.0026337054, -3.64701244507, 0.00318963097707
0.49, 23.9659905003, 1.00265917671, -3.69073728293, 0.00287712871091
0.5, 23.9288912321, 1.00274544342, -3.73324881975, 0.0125448918986
0.51, 23.891372867, 1.00290944165, -3.77458445473, 0.0163121229675
0.52, 23.8534471164, 1.0030394701, -3.81475812228, 0.00790243526338
0.53, 23.815125511, 1.00308043429, -3.85379470941, 0.00137753036489
0.54, 23.7764191833, 1.00312751327, -3.89173745043, 0.00791036126499
0.55, 23.7373387698, 1.00326897306, -3.92863628429, 0.0169106087198
0.56, 23.6978946386, 1.00343759947, -3.96450596341, 0.013453664575
0.57, 23.6580970477, 1.00352062929, -3.9993606937, 0.00324050675599
0.58, 23.617956018, 1.00354843312, -4.03322916776, 0.00346065242365
0.59, 23.5774811063, 1.00364614031, -4.06616174025, 0.014067865889
0.6, 23.5366815089, 1.00381068557, -4.09818396889, 0.0167437154233
0.61, 23.4955663145, 1.00395668882, -4.1293073478, 0.0101476211437
0.62, 23.4541444522, 1.00401751693, -4.1595479693, 0.0027434039612
0.63, 23.4124245797, 1.00406620256, -4.18893801701, 0.00720637897098
0.64, 23.3704149358, 1.00419891229, -4.2175209571, 0.0163688637362
0.65, 23.3281235204, 1.00437354952, -4.24531003383, 0.0150397112039
0.66, 23.285558271, 1.00447778275, -4.27231205489, 0.00534815928163
0.67, 23.2427269802, 1.00451653425, -4.29854706982, 0.00353730890606
0.68, 23.1996370736, 1.00460591222, -4.3240554211, 0.0128995540515
0.69, 23.1562956471, 1.00478010791, -4.34886478879, 0.0180030035654
0.7, 23.1127097069, 1.0049322733, -4.37297597938, 0.0102783699099
0.71, 23.0688862199, 1.00499139046, -4.39639969132, 0.00254134411935
0.72, 23.02483191, 1.00504234919, -4.41916368662, 0.00789408707222
0.73, 22.9805531233, 1.00518618246, -4.44130758877, 0.0176548686432
0.74, 22.9360560402, 1.00535576802, -4.46283462789, 0.0155055359602
0.75, 22.8913468277, 1.00547444753, -4.48375298766, 0.00729105976949
0.76, 22.8464315236, 1.00552849828, -4.50407568684, 0.00436935286374
0.77, 22.8013158991, 1.0056149497, -4.52383375798, 0.0118666866174
0.78, 22.7560054412, 1.00577904499, -4.54305246668, 0.0174509538154
0.79, 22.7105055567, 1.0059370746, -4.56173189652, 0.0117714740945
0.8, 22.6648216432, 1.00601456399, -4.57987783753, 0.00421568731438
0.81, 22.6189589314, 1.00607164878, -4.59751057705, 0.00752287328986
0.82, 22.572922343, 1.00620451718, -4.61466309038, 0.016390323978
0.83, 22.5267166368, 1.00638436615, -4.63134261227, 0.0160800081586
0.84, 22.4803465821, 1.00650335532, -4.64754734675, 0.00697985512409
0.85, 22.4338168998, 1.00655438658, -4.66328762768, 0.00427340376852
0.86, 22.3871320536, 1.00664495484, -4.67859257162, 0.0126808603789
0.87, 22.3402962566, 1.00681860622, -4.6934836137, 0.0183218641008
0.88, 22.2933136909, 1.00698045607, -4.70795568449, 0.0117053896703
0.89, 22.2461885712, 1.00705400837, -4.72201122665, 0.00374758898772
0.9, 22.1989249678, 1.00711012881, -4.7356681383, 0.00785107445716
0.91, 22.151526662, 1.00725070718, -4.74895766213, 0.0173719933667
0.92, 22.1039973124, 1.00743794287, -4.76188195315, 0.0164507936399
0.93, 22.0563406403, 1.00755517848, -4.77443429532, 0.006456356264
0.94, 22.0085603437, 1.0076014476, -4.78662382751, 0.00404858122964
0.95, 21.9606598692, 1.00769540947, -4.79847908512, 0.0134564647396
0.96, 21.9126424359, 1.00787818639, -4.81001840062, 0.0191289059107
0.97, 21.86451128, 1.00804287089, -4.82123081627, 0.0115170573192
0.98, 21.8162697049, 1.0081113734, -4.83211749736, 0.00319677010824
0.99, 21.7679208766, 1.00816631129, -4.84269514839, 0.00820570543628
1.0, 21.7194676861, 1.00831513228, -4.85299275359, 0.01840799276
1.01, 21.6709129665, 1.00849624184, -4.8630050176, 0.0173957740986
1.02, 21.6222595938, 1.00862965598, -4.87273235291, 0.00820593644205
1.03, 21.5735104381, 1.00868494432, -4.88217599595, 0.0040164516124
1.04, 21.5246682076, 1.00876901448, -4.89135667822, 0.0120314932066
1.05, 21.4757353764, 1.00894294202, -4.90029738897, 0.0190488314682
1.06, 21.4267144225, 1.00911829664, -4.90898546106, 0.0132967596652
1.07, 21.3776079119, 1.00920289757, -4.91742044775, 0.00422505103745
1.08, 21.3284183426, 1.00925576753, -4.92561016956, 0.00707403284844
1.09, 21.2791479567, 1.00939079521, -4.93358558891, 0.01731125081
1.1, 21.2297989029, 1.0095717759, -4.94134434159, 0.0178319070489
1.11, 21.1803734086, 1.00971880733, -4.9488809561, 0.00997286933822
1.12, 21.1308737151, 1.00978626974, -4.95619573129, 0.00444031983751
1.13, 21.081301943, 1.00986346847, -4.96330531904, 0.010666675228
1.14, 21.0316600002, 1.01002555459, -4.9702297131, 0.0184468139262
1.15, 20.9819497734, 1.01020681532, -4.97696319223, 0.0147788731145
1.16, 20.9321732492, 1.01030838069, -4.98349813868, 0.00563403595019
1.17, 20.8823323925, 1.01036381336, -4.98984188318, 0.00632420778648
1.18, 20.8324289552, 1.01048519966, -4.99601775101, 0.0159012722871
1.19, 20.7824645649, 1.01067619528, -5.00203164571, 0.0184648614563
1.2, 20.7324409294, 1.01082373252, -5.00787017141, 0.00959403955176
1.21, 20.6823598356, 1.01088587509, -5.01353404517, 0.00400317660373
1.22, 20.6322229308, 1.01096371472, -5.01904023307, 0.0111902463877
1.23, 20.5820316575, 1.011134171, -5.0244076164, 0.0193387263929
1.24, 20.5317874584, 1.01132017588, -5.02962589886, 0.0147947171504
1.25, 20.4814919034, 1.01141725297, -5.03468727038, 0.00497204889049
1.26, 20.4311465443, 1.01146865589, -5.039597374, 0.00630933056397
1.27, 20.3807527157, 1.0115954874, -5.04438203577, 0.016790919353
1.28, 20.3303116411, 1.0117805865, -5.04904227469, 0.0182029929404
1.29, 20.2798246656, 1.01193684731, -5.05356613323, 0.0111193466523
1.3, 20.2292931688, 1.01201253631, -5.05795541745, 0.00481529069882
1.31, 20.1787184555, 1.01208732367, -5.06221807811, 0.0100532511509
1.32, 20.1281016372, 1.01224437914, -5.06637516692, 0.0182682329756
1.33, 20.0774438086, 1.0124304649, -5.07041939285, 0.0157439490855
1.34, 20.02674618, 1.01254274616, -5.07434127564, 0.0065309215592
1.35, 19.9760099775, 1.01260074812, -5.07814218387, 0.00602646744612
1.36, 19.9252362453, 1.01271585648, -5.08184693465, 0.0152619985354
1.37, 19.8744259108, 1.01290581349, -5.08546009442, 0.0189224225688
1.38, 19.8235799833, 1.01306303267, -5.08896860455, 0.0107624682606
1.39, 19.7726995806, 1.0131330584, -5.09236580798, 0.0042827318614
1.4, 19.7217857262, 1.01320713423, -5.09566545537, 0.0104381239788
1.41, 19.670839243, 1.01337159959, -5.09888832696, 0.0191168812216
1.42, 19.6198609544, 1.01356257981, -5.10202289765, 0.015809359301
1.43, 19.5688518256, 1.01367051686, -5.10506227982, 0.00583734984162
1.44, 19.5178128426, 1.01372349413, -5.10800309895, 0.00587082667439
1.45, 19.4667447955, 1.01384269421, -5.1108750964, 0.0160465181896
1.46, 19.4156483717, 1.0140264385, -5.11367317623, 0.0186737150435
1.47, 19.3645243662, 1.01419265442, -5.11639190307, 0.012297613122
1.48, 19.3133736426, 1.01427560596, -5.11902555191, 0.00497757611572
1.49, 19.2621970266, 1.01434512694, -5.12157750336, 0.00915150011657
1.5, 19.210995148, 1.01449537193, -5.12407557116, 0.0180392212135
1.51, 19.1597686164, 1.01468686124, -5.12650561024, 0.0168236435064
1.52, 19.108518171, 1.0148102348, -5.12886031301, 0.00737031623886
1.53, 19.0572446005, 1.01486877402, -5.13114086441, 0.00543671760393
1.54, 19.005948576, 1.01497499538, -5.13334730218, 0.0144319967196
1.55, 18.9546308838, 1.015163538, -5.13547107791, 0.0194480163154
1.56, 18.9032924302, 1.01533137497, -5.13750090704, 0.0119848500942
1.57, 18.8519342348, 1.01540832585, -5.13942807153, 0.004344051674
1.58, 18.8005572634, 1.01547573015, -5.14126072467, 0.00938993859274
1.59, 18.7491622652, 1.01563260284, -5.14302902897, 0.0188757354156
1.6, 18.6977501675, 1.01582952226, -5.14468255949, 0.0169647154366
1.61, 18.6463220151, 1.01594887707, -5.1462432842, 0.00664246877695
1.62, 18.5948787275, 1.0160012574, -5.14771879323, 0.00512175400352
1.63, 18.5434210728, 1.01611021381, -5.14911101594, 0.0151377206429
1.64, 18.4919499131, 1.01629271025, -5.15041947323, 0.0192894501413
1.65, 18.4404660225, 1.01647058708, -5.15166079847, 0.0135977970326
1.66, 18.38897016, 1.01656037592, -5.15282287366, 0.00495190626518
1.67, 18.3374631242, 1.01662180996, -5.1538906192, 0.00795429342326
1.68, 18.2859457825, 1.01676361801, -5.15489116811, 0.0177796663472
1.69, 18.2344186769, 1.01696157076, -5.15583915927, 0.0180548900182
1.7, 18.1828824694, 1.01709661307, -5.15671439763, 0.00813454564801
1.71, 18.1313378796, 1.01715331392, -5.1575255246, 0.00451585855026
1.72, 18.0797856503, 1.01724779913, -5.15825570053, 0.0134253996867
1.73, 18.0282261214, 1.01742311952, -5.1589584011, 0.018476262151
1.74, 17.9766599906, 1.01760689223, -5.1595880948, 0.0150081973535
1.75, 17.9250879194, 1.01771121355, -5.1601518651, 0.00599287619007
1.76, 17.8735105188, 1.01777151368, -5.16065903882, 0.00689970266121
1.77, 17.8219281068, 1.01789848244, -5.16119087841, 0.0164018586833
1.78, 17.7703396215, 1.01809294906, -5.16185996558, 0.0186976145673
1.79, 17.7187437908, 1.0182422873, -5.16270701264, 0.00978772279769
1.8, 17.667137997, 1.01830758136, -5.16381967127, 0.00443425814699
1.81, 17.6155198387, 1.01839054569, -5.16512296225, 0.0117214583237
1.82, 17.5638887474, 1.01856522135, -5.16640516562, 0.0196421207658
1.83, 17.5122449925, 1.01875302301, -5.16765477541, 0.0149182031923
1.84, 17.4605890213, 1.01885184024, -5.16885406189, 0.00524143506145
1.85, 17.408921288, 1.01890737493, -5.17001251572, 0.006819714854
1.86, 17.3572420563, 1.01903908182, -5.17115132347, 0.0172123517425
1.87, 17.3055515188, 1.01922682462, -5.17226650413, 0.0183447812105
1.88, 17.2538500195, 1.01938398757, -5.17334594869, 0.0112315002459
1.89, 17.2021379652, 1.01946213675, -5.17438381961, 0.00519404845006
1.9, 17.1504157079, 1.01954151861, -5.17539041236, 0.0105322887556
1.91, 17.0986834356, 1.01970209047, -5.17638272238, 0.0184912108877
1.92, 17.0469413458, 1.0198889323, -5.17735055322, 0.0157565527763
1.93, 16.9951897765, 1.02000194559, -5.1782821766, 0.00671625536736
1.94, 16.9434291009, 1.02006332385, -5.17917871231, 0.00646691094168
1.95, 16.8916595354, 1.02018260817, -5.18005898131, 0.0156020993258
1.96, 16.839881209, 1.02037418586, -5.18092592136, 0.0189523378805
1.97, 16.7880943595, 1.02053123437, -5.18176373381, 0.0107816251651
1.98, 16.7362993462, 1.02060300792, -5.18256584201, 0.00460443004402
1.99, 16.6844964488, 1.02068123231, -5.18334410788, 0.0108656833894
2.0, 16.6326857741, 1.02084866711, -5.18411618745, 0.0192721147834
2.01, 16.5808674854, 1.02103970763, -5.18485684131, 0.0157444280745
2.02, 16.5290421411, 1.0211477812, -5.18553455687, 0.00596778877043
2.03, 16.4772103964, 1.02120374596, -5.18614472023, 0.00627304437868
2.04, 16.4253727348, 1.02132664611, -5.18671361404, 0.0163291821345
2.05, 16.3735295341, 1.02151134437, -5.18724968688, 0.01863574848
2.06, 16.3216812963, 1.02167674952, -5.18771629171, 0.0122582345656
2.07, 16.2698288349, 1.02176109846, -5.18810890244, 0.00527717646115
2.08, 16.2179727351, 1.02183453696, -5.18844726883, 0.00955357540219
2.09, 16.166113376, 1.02198725952, -5.18875670795, 0.0181269566806
2.1, 16.1142511017, 1.02217806966, -5.18902741516, 0.0166856176594
2.11, 16.0623864024, 1.02230100048, -5.18923775362, 0.00745821850827
2.12, 16.0105200544, 1.02236224684, -5.18937334745, 0.00582035786281
2.13, 15.9586524944, 1.02247186239, -5.18947951085, 0.014672165352
2.14, 15.9067840216, 1.02266074981, -5.18954341501, 0.0193357429399
2.15, 15.8549152333, 1.022827108, -5.1895509855, 0.0118908582555
2.16, 15.8030466219, 1.02290498803, -5.18951495138, 0.00460764950835
2.17, 15.7511785887, 1.02297596235, -5.18944050044, 0.0097477948733
2.18, 15.6993113899, 1.02313478186, -5.18933676917, 0.0189034794955
2.19, 15.6474454881, 1.02333041925, -5.18918505372, 0.0167704225853
2.2, 15.595581314, 1.02344894784, -5.18899606504, 0.0067094948304
2.21, 15.5437193185, 1.02350395722, -5.1887508444, 0.0054985353881
2.22, 15.491859998, 1.0236161129, -5.18846695737, 0.0153365358969
2.23, 15.440003554, 1.02380039141, -5.18816694455, 0.0182465945897
2.24, 15.3881502606, 1.02397025142, -5.18783813444, 0.0130794412772
2.25, 15.3363004547, 1.02406163146, -5.18747495854, 0.00566155838125
2.26, 15.2844544903, 1.02413252039, -5.1870670096, 0.00882852796455
2.27, 15.2326127741, 1.02427701132, -5.18663135105, 0.0174698452716
2.28, 15.1807754661, 1.0244673745, -5.18618258361, 0.0171731070237
2.29, 15.1289428247, 1.02459831668, -5.18570038414, 0.00827221413023
2.3, 15.0771151609, 1.02466248599, -5.18519308335, 0.00557483945657
2.31, 15.025292663, 1.02476472694, -5.18466434723, 0.0137407469644
2.32, 14.9734756428, 1.0249479436, -5.18409736799, 0.0192534882517
2.33, 14.9216643742, 1.02511969175, -5.1835100344, 0.0127903589576
2.34, 14.8698591388, 1.02520495161, -5.18289646798, 0.00497003547906
2.35, 14.8180602232, 1.02527263596, -5.18224480301, 0.0089266625025
2.36, 14.7662679605, 1.02542249243, -5.18156893355, 0.018217264412
2.37, 14.7144824745, 1.02561804344, -5.18088443737, 0.017336746969
2.38, 14.6627039854, 1.02574528931, -5.18016796775, 0.00756726596686
2.39, 14.6109329906, 1.02580290271, -5.17940096784, 0.00516597113514
2.4, 14.5591696837, 1.02590661677, -5.17863020403, 0.0143109580346
2.41, 14.5074140566, 1.02609687473, -5.17785921587, 0.0198446909116
2.42, 14.4556661989, 1.02626933509, -5.17706972692, 0.0123887313022
2.43, 14.4039265211, 1.02634749637, -5.17623366706, 0.00421574947678
2.44, 14.3521953227, 1.02641187184, -5.17537127374, 0.00905797460164
2.45, 14.3004728468, 1.02656762758, -5.17449180648, 0.0190081697746
2.46, 14.2487590967, 1.02675469414, -5.17362752087, 0.0180157280909
2.47, 14.1970541553, 1.02689530543, -5.17271904303, 0.00901917045843
2.48, 14.1453585164, 1.02695904852, -5.17178089796, 0.00485120074415
2.49, 14.0936722854, 1.02705028196, -5.17083441131, 0.0126449127052
2.5, 14.0419956074, 1.02722927283, -5.16987077365, 0.0195250329638
2.51, 13.9903285584, 1.02740998811, -5.16890361653, 0.0139264490621
2.52, 13.9386713215, 1.02750183609, -5.16790651092, 0.00500751268494
2.53, 13.8870243133, 1.02756192893, -5.16687187586, 0.00771636770371
2.54, 13.8353875961, 1.02770188491, -5.16584413006, 0.017711404685
2.55, 13.7837611202, 1.0279011911, -5.16481762667, 0.0183331907556
2.56, 13.7321449448, 1.02803905273, -5.16379260076, 0.00833822190709
2.57, 13.6805393103, 1.02809557668, -5.16270785358, 0.00432271402562
2.58, 13.6289445622, 1.02818719833, -5.16161929575, 0.0131531153207
2.59, 13.5773605988, 1.02836162914, -5.16054216924, 0.0185684457655
2.6, 13.5257873951, 1.02854773634, -5.15947385239, 0.0152866194186
2.61, 13.4742250076, 1.0286533315, -5.15836334974, 0.0059486484046
2.62, 13.4226739416, 1.02871117895, -5.15723587644, 0.00655256740237
2.63, 13.3711341349, 1.02883547612, -5.15610387788, 0.0162765765139
2.64, 13.3196055743, 1.02903098761, -5.15497869202, 0.0189524002716
2.65, 13.2680883172, 1.0291827853, -5.15383884326, 0.00994198900743
2.66, 13.2165827349, 1.02924725816, -5.15265733727, 0.00416612139888
2.67, 13.1650889758, 1.02932678893, -5.15147598977, 0.0114107852589
2.68, 13.113606915, 1.02949248027, -5.15005420414, 0.0164294385713
2.69, 13.0621365569, 1.02967914509, -5.14912813339, 0.0163559307393
2.7, 13.0106782023, 1.02979912942, -5.14791735088, 0.00724388594324
2.71, 12.9592320306, 1.02985960618, -5.14669758996, 0.00584456263318
2.72, 12.9077980076, 1.0299696191, -5.14549441804, 0.0146663268161
2.73, 12.8563760825, 1.03015709264, -5.14426340283, 0.0190794416932
2.74, 12.80496651, 1.03032028394, -5.14302306006, 0.0115831458983
2.75, 12.7535694158, 1.03039630449, -5.14177266752, 0.00454272992307
2.76, 12.7021848921, 1.03046764503, -5.1405082865, 0.00982295131551
2.77, 12.6508130264, 1.03062628859, -5.13924444417, 0.0187677460399
2.78, 12.5994537276, 1.03081917538, -5.13799185518, 0.0164192455029
2.79, 12.5481070175, 1.03093463861, -5.13671972626, 0.00649644958994
2.8, 12.4967732105, 1.03098897814, -5.13542498898, 0.0055373986546
2.81, 12.445452275, 1.03110156914, -5.13414678364, 0.0153286955377
2.82, 12.3941440452, 1.03128417033, -5.13286960299, 0.0179500460481
2.83, 12.3428486821, 1.03145049024, -5.13157758443, 0.0127440181307
2.84, 12.2915662559, 1.03153989629, -5.13028691352, 0.00559971130006
2.85, 12.2402967851, 1.03161125438, -5.12899266765, 0.00891199700261
2.86, 12.1890401604, 1.03175543189, -5.12771508538, 0.0173057519398
2.87, 12.1377961938, 1.03194269084, -5.12645335948, 0.0167888545365
2.88, 12.086564862, 1.03207028628, -5.12518830769, 0.00804280783274
2.89, 12.0353462726, 1.03213384503, -5.12390552564, 0.00562423542138
2.9, 11.9841406149, 1.03223656335, -5.12260362428, 0.0137192206207
2.91, 11.932947981, 1.03241781363, -5.12130182784, 0.0189160160014
2.92, 11.8817683234, 1.0325856321, -5.12000719984, 0.0124242434569
2.93, 11.8306016965, 1.03266883296, -5.11869743076, 0.00491704334067
2.94, 11.7794482984, 1.03273711068, -5.11736985952, 0.00901294362725
2.95, 11.7283080531, 1.03288653224, -5.11606066802, 0.018026467976
2.96, 11.6771808291, 1.03307857986, -5.11476020272, 0.0169046347255
2.97, 11.6260666123, 1.03320223161, -5.11345948391, 0.00732778680277
2.98, 11.5749654522, 1.03325928264, -5.11215109868, 0.00522956937161
2.99, 11.5238774546, 1.03336351438, -5.11083981812, 0.0142807409102
3.0, 11.4728028332, 1.03355152301, -5.10946472654, 0.019473638539
3.01, 11.4217422665, 1.03371969226, -5.10801918176, 0.0119951298531
3.02, 11.3706962736, 1.0337957025, -5.10655810532, 0.00416267693802
3.03, 11.3196650906, 1.03386073519, -5.10504424357, 0.00914699289379
3.04, 11.2686495174, 1.03401593249, -5.1034286461, 0.0187921779581
3.05, 11.2176507005, 1.03419918304, -5.10171175522, 0.0175544893084
3.06, 11.1666692788, 1.034336069, -5.0999566681, 0.00878313508283
3.07, 11.1157057045, 1.03439940274, -5.09812041201, 0.00493426319879
3.08, 11.0647610348, 1.0344911617, -5.09619549174, 0.0125975984878
3.09, 11.0138360258, 1.03466756543, -5.09414394517, 0.0191046500687
3.1, 10.9629326332, 1.03484360045, -5.09189419931, 0.0134993126635
3.11, 10.9120531264, 1.03493319018, -5.0893976216, 0.00495829290593
3.12, 10.8611990104, 1.03499391347, -5.08681979978, 0.00778996530388
3.13, 10.8103709356, 1.03513296342, -5.0841916031, 0.0174426627966
3.14, 10.7595694865, 1.0353278489, -5.0814907749, 0.0178144677696
3.15, 10.7087954289, 1.0354616505, -5.0787224832, 0.00808779094672
3.16, 10.6580496314, 1.03551781253, -5.07583974766, 0.00441639978314
3.17, 10.6073330621, 1.03560994061, -5.07284694896, 0.0130855039905
3.18, 10.5566472597, 1.03578528138, -5.06947288331, 0.0164329384652
3.19, 10.5059930453, 1.03595914532, -5.06653118123, 0.0143212731961
3.2, 10.4553710013, 1.03606161598, -5.06328030298, 0.00621695070332
3.21, 10.404781935, 1.03612584999, -5.05996539954, 0.00723433244052
3.22, 10.3542259178, 1.03625151418, -5.05668564041, 0.0158329706643
3.23, 10.3037023442, 1.0364369126, -5.05346050974, 0.017705174857
3.24, 10.2532108029, 1.03657983134, -5.05026927781, 0.00956497468705
3.25, 10.2027511137, 1.0366474789, -5.04710548727, 0.00490128756417
3.26, 10.152322786, 1.03673290752, -5.04399695512, 0.0116155495399
3.27, 10.1019251832, 1.03690099301, -5.04095291898, 0.0186243266122
3.28, 10.0515577028, 1.03707877948, -5.03797500655, 0.0141459995076
3.29, 10.0012197771, 1.03717547162, -5.03502927851, 0.00546681196494
3.3, 9.95091138356, 1.03723475283, -5.0320836419, 0.00709600964391
3.31, 9.90063210943, 1.0373639079, -5.02919905529, 0.0164717005795
3.32, 9.85038137121, 1.03755471693, -5.02636894982, 0.0179772397748
3.33, 9.80015875326, 1.03769503756, -5.02356714227, 0.00891711789105
3.34, 9.74996416928, 1.03775538455, -5.0207763593, 0.0043145308155
3.35, 9.69979727087, 1.0378400927, -5.01802952595, 0.0119885103071
3.36, 9.64965751182, 1.0380144281, -5.01534135735, 0.019249160682
3.37, 9.59954443636, 1.03819403791, -5.01268080866, 0.01387146371
3.38, 9.54945796437, 1.03828387747, -5.01003616468, 0.00462301081701
3.39, 9.49939781904, 1.0383378885, -5.00741879679, 0.0069845491439
3.4, 9.44936357632, 1.03847123023, -5.00484502214, 0.0171945447266
3.41, 9.39935508632, 1.03865347785, -5.00223138976, 0.0181612023233
3.42, 9.34937342885, 1.03880483619, -4.99949083683, 0.0104079832972
3.43, 9.29941980114, 1.0388744119, -4.99663137934, 0.00443336508946
3.44, 9.24949551241, 1.03894936066, -4.99357668507, 0.0103533337441
3.45, 9.19960333733, 1.03910952739, -4.9902483146, 0.0184375581183
3.46, 9.1497450963, 1.03929298076, -4.98678888998, 0.0151338916965
3.47, 9.09992239546, 1.03939729305, -4.98309434651, 0.00575892266178
3.48, 9.05013866707, 1.03945105111, -4.97906606785, 0.00595690355563
3.49, 9.00039600372, 1.03956828214, -4.97488279969, 0.0155644151603
3.5, 8.95069604406, 1.0397583731, -4.97046895954, 0.0185943452103
3.51, 8.90104221592, 1.03990819719, -4.96572439963, 0.00980795803222
3.52, 8.85143661585, 1.03996995858, -4.9608315808, 0.00372618734817
3.53, 8.80188066442, 1.04004286114, -4.95580280152, 0.0106215651765
3.54, 8.75237596329, 1.04020912805, -4.95049105087, 0.0191246926843
3.55, 8.70292662825, 1.04038186096, -4.94481669542, 0.0155310478975
3.56, 8.65353529534, 1.04049745528, -4.9388188584, 0.00711168857442
3.57, 8.60420665376, 1.04055777606, -4.93229820179, 0.00577463509198
3.58, 8.55494570059, 1.04066344851, -4.92537674867, 0.0138988409369
3.59, 8.50575504811, 1.04084067184, -4.9181436389, 0.0179935622129
3.6, 8.4566394559, 1.04099563333, -4.91046287818, 0.0110731397172
3.61, 8.40760206218, 1.04106989544, -4.90240733997, 0.00453410487373
3.62, 8.35864791274, 1.04113935071, -4.89402427292, 0.00935944776415
3.63, 8.3097810599, 1.04128906697, -4.8848327621, 0.0176074887362
3.64, 8.26100869078, 1.04147052342, -4.87501097521, 0.01546294799
3.65, 8.21233865278, 1.04158061065, -4.86454599155, 0.00628677493591
3.66, 8.16377577016, 1.04163372483, -4.85343519131, 0.00532199518725
3.67, 8.1153281148, 1.04173988776, -4.84179635887, 0.0143115419785
3.68, 8.066995933, 1.04192166902, -4.83003987661, 0.0182891312888
3.69, 8.01878679582, 1.04207441742, -4.8172060986, 0.010419206495
3.7, 7.97071044116, 1.04213972977, -4.80366521081, 0.00364510364994
3.71, 7.92277161589, 1.0422045531, -4.78956837803, 0.00933360372566
3.72, 7.87497900948, 1.04235778665, -4.77445049967, 0.0180959122245
3.73, 7.82734141671, 1.04254083643, -4.75873281813, 0.0152107728886
3.74, 7.77986235173, 1.04264319175, -4.74274640567, 0.00522916373894
3.75, 7.73254419746, 1.04268726549, -4.72656875905, 0.00474402831723
3.76, 7.68538883363, 1.04279323477, -4.71020100587, 0.0146797023062
3.77, 7.63839821302, 1.04296517301, -4.6935355398, 0.0176923624031
3.78, 7.59157688702, 1.04312319654, -4.67643595262, 0.0115560172607
3.79, 7.54492716474, 1.0431971774, -4.6593237182, 0.00389772689152
3.8, 7.49844802914, 1.0432530358, -4.64236274336, 0.0076231254711
3.81, 7.4521359929, 1.04338799597, -4.6258473598, 0.0166235582435
3.82, 7.40598724562, 1.04356762646, -4.60970453723, 0.01582263876
3.83, 7.35999798007, 1.04368115042, -4.59394775014, 0.00631254278874
3.84, 7.31416427961, 1.04372627246, -4.57858564408, 0.0038676713418
3.85, 7.26848214051, 1.04381513122, -4.56362320129, 0.0126797541072
3.86, 7.22294754609, 1.04398794635, -4.5490592994, 0.0180904418501
3.87, 7.17755668789, 1.04414396583, -4.53486270742, 0.0108815120558
3.88, 7.13230599097, 1.04420810828, -4.52102973347, 0.00285834161787
3.89, 7.08719184169, 1.04425773486, -4.50754869849, 0.00744907803794
3.9, 7.04221011013, 1.04439552365, -4.49456043644, 0.0171080016756
3.91, 6.99735577874, 1.04456311117, -4.48207237764, 0.0155716509944
3.92, 6.95262279276, 1.04468355297, -4.47025541421, 0.00746372126628
3.93, 6.9080050771, 1.04473602106, -4.45904097177, 0.00391399433058
3.94, 6.86349589243, 1.04481477647, -4.44862910951, 0.0109838310178
3.95, 6.81908435325, 1.0449714622, -4.43954457974, 0.0169564716766
3.96, 6.77475757219, 1.04512739049, -4.43151820566, 0.0117434552446
3.97, 6.7305063304, 1.04520331916, -4.42457947966, 0.00385550005808
3.98, 6.68631612352, 1.04525274673, -4.41933801986, 0.0064901859758
3.99, 6.64216957082, 1.04537455442, -4.4155183695, 0.0153907057601
4.0, 6.59805440815, 1.04554768409, -4.41332028597, 0.0157071192531
4.01, 6.55395185238, 1.04566426189, -4.41273983065, 0.0067245072826
4.02, 6.50984925836, 1.04570937196, -4.41334580888, 0.00336692096612
4.03, 6.46573580221, 1.0457879935, -4.41487803995, 0.0113897454753
4.04, 6.42160241561, 1.04595080754, -4.41728154185, 0.0175260638839
4.05, 6.37743361301, 1.04610812774, -4.42186364349, 0.0114505560784
4.06, 6.33321508943, 1.04617786532, -4.4272629111, 0.0031398871338
4.07, 6.2889388496, 1.04622386315, -4.43328192215, 0.00656553785223
4.08, 6.24459655067, 1.04635129609, -4.44072681028, 0.0161983365866
4.09, 6.20017105746, 1.04653077849, -4.44966945217, 0.0160094718094
4.1, 6.15565306012, 1.0466451344, -4.45899832168, 0.00614636382787
4.11, 6.11104184145, 1.04668484362, -4.46875838889, 0.00305631706056
4.12, 6.06632384485, 1.04676611794, -4.48028710663, 0.012102387309
4.13, 6.02148231059, 1.04693794662, -4.49319762457, 0.0183496984625
4.14, 5.97650820325, 1.04709850566, -4.50679187506, 0.0112963276063
4.15, 5.93139513649, 1.04716342923, -4.52096243385, 0.00258453583315
4.16, 5.88613708093, 1.04720815407, -4.53591312276, 0.00691159703943
4.17, 5.84072094834, 1.04734424262, -4.55237335172, 0.0173092173307
4.18, 5.79513804971, 1.04751865642, -4.5691348464, 0.0170693600748
4.19, 5.74938404318, 1.04765017766, -4.5866219488, 0.00795402024355
4.2, 5.70345478921, 1.04769919018, -4.60406647248, 0.00303201550641
4.21, 5.65735362171, 1.04777100213, -4.62102610301, 0.010754653862
4.22, 5.61108518391, 1.04793540876, -4.63752755296, 0.0184506840183
4.23, 5.56465408433, 1.04810864147, -4.65356844071, 0.0132673023571
4.24, 5.51806497037, 1.04819121602, -4.669148463, 0.00373170617766
4.25, 5.47132237445, 1.0482348778, -4.68428396898, 0.00587638720962
4.26, 5.42443051608, 1.04835847921, -4.69900920877, 0.0163772916707
4.27, 5.37739345456, 1.04853477385, -4.71332997198, 0.0177290070078
4.28, 5.33021526887, 1.04868211943, -4.72724630801, 0.0099260403743
4.29, 5.28290000979, 1.04874484003, -4.74076197314, 0.00357154856224
4.3, 5.23545156462, 1.04881072913, -4.75389773693, 0.00948917065647
4.31, 5.18787354957, 1.04896467668, -4.76668130331, 0.0180227844343
4.32, 5.14016950199, 1.04914579526, -4.77911030502, 0.0149469107302
4.33, 5.09234302054, 1.04924689692, -4.79118130675, 0.00525298187636
4.34, 5.04439765212, 1.04929382244, -4.80290419164, 0.00517738930456
4.35, 4.99633668451, 1.04940453095, -4.81430859747, 0.015079071865
4.36, 4.94816322205, 1.04959254678, -4.82540613337, 0.018557605126
4.37, 4.89988040658, 1.04974216084, -4.83618738691, 0.0096885131175
4.38, 4.85149142861, 1.04980046424, -4.84665428381, 0.00318694150444
4.39, 4.80299931075, 1.04986751708, -4.85682694831, 0.0100852286572
4.4, 4.75440681423, 1.05003103878, -4.86673214996, 0.0190750493981
4.41, 4.70571666927, 1.05020495108, -4.87636066286, 0.0157194634068
4.42, 4.65693166784, 1.05032099397, -4.88571332939, 0.00695918452315
4.43, 4.60805457163, 1.05037773951, -4.89479323273, 0.00530429647473
4.44, 4.55908795146, 1.05047997476, -4.90362516236, 0.0137329376548
4.45, 4.51003418848, 1.0506585413, -4.91222328235, 0.0183157868702
4.46, 4.46089568931, 1.05081698685, -4.92057739926, 0.0113201941442
4.47, 4.41167493969, 1.05089123817, -4.928686071, 0.00431815176048
4.48, 4.36237430541, 1.05095795323, -4.93656452853, 0.00913218856443
4.49, 4.31299592806, 1.05110831768, -4.94423659981, 0.0179227259613
4.5, 4.26354188522, 1.05129500041, -4.95169887491, 0.0160327979652
4.51, 4.21401435233, 1.05140901901, -4.95894221613, 0.0064556204504
4.52, 4.16441550681, 1.05146177908, -4.96597414086, 0.00518494189303
4.53, 4.11474732175, 1.05156821677, -4.97281573256, 0.0145441849022
4.54, 4.06501160573, 1.05175553939, -4.97947938198, 0.0190323853233
4.55, 4.01521022622, 1.05191576718, -4.98595231299, 0.0110408704818
4.56, 3.9653451428, 1.05198467105, -4.99223176559, 0.00378647497064
4.57, 3.91541820558, 1.05205062518, -4.99833210642, 0.00952147163523
4.58, 3.86543103521, 1.05220895524, -5.00427789881, 0.018869519995
4.59, 3.81538523121, 1.05238811285, -5.01005944351, 0.0168022892166
4.6, 3.76528248471, 1.05251679289, -5.015671908, 0.00808888067516
4.61, 3.71512449458, 1.05257796191, -5.02111849633, 0.00512432449802
4.62, 3.6649128117, 1.05267409703, -5.02641614266, 0.0130457402766
4.63, 3.61464882239, 1.05285119769, -5.03157868532, 0.0187721479486
4.64, 3.56433394389, 1.05302031912, -5.03659539378, 0.0126689399694
4.65, 3.51396970356, 1.05310447336, -5.04146037789, 0.00478485135357
4.66, 3.46355756422, 1.05316832551, -5.04618306874, 0.0083796461534
4.67, 3.41309878489, 1.05331218536, -5.05078820096, 0.0176471159478
4.68, 3.362594563, 1.05350402619, -5.05527079279, 0.0171453731248
4.69, 3.312046211, 1.05363072809, -5.05961844469, 0.00754184618887
4.7, 3.2614550903, 1.05368669302, -5.06383424242, 0.0048283687135
4.71, 3.21082239484, 1.05378531184, -5.06793707511, 0.0137157143857
4.72, 3.16014915759, 1.05397061352, -5.07193954295, 0.0194968286264
4.73, 3.10943647398, 1.05414188449, -5.07582725301, 0.0124131316933
4.74, 3.05868556204, 1.05422020118, -5.07959310397, 0.00413408932637
4.75, 3.00789757567, 1.05428157651, -5.0832495427, 0.00858435042566
4.76, 2.95707345565, 1.05443214678, -5.08681947186, 0.0185347170636
4.77, 2.90621411065, 1.05461582693, -5.09029260147, 0.0173084637331
4.78, 2.85532058733, 1.05475366546, -5.09364715083, 0.00911396596139
4.79, 2.80439479186, 1.0548209296, -5.09675017341, 0.00524851835385
4.8, 2.7534389474, 1.05491285883, -5.099679721, 0.0123524744422
4.81, 2.70245433541, 1.05508538307, -5.10249335818, 0.0187160438752
4.82, 2.65144229433, 1.05526022355, -5.10517386998, 0.013653644317
4.83, 2.60040410588, 1.0553538479, -5.10772994875, 0.00545911861978
4.84, 2.54934096961, 1.05541781949, -5.11016296389, 0.00787350576089
4.85, 2.49825409876, 1.055554654, -5.11248650425, 0.0170441501869
4.86, 2.44714443753, 1.05574644523, -5.11471810576, 0.0176972095474
4.87, 2.39601300908, 1.05588262575, -5.11683555236, 0.00857408767144
4.88, 2.34486113511, 1.05594408215, -5.11882547199, 0.0048379662822
4.89, 2.29368982391, 1.05603710666, -5.12072636562, 0.0128911732921
4.9, 2.24249981942, 1.05621708705, -5.1225691724, 0.0194269194717
4.91, 2.19129200412, 1.05639438381, -5.12428085306, 0.0134464419049
4.92, 2.1400675892, 1.05648220109, -5.12589793874, 0.00475778493765
4.93, 2.08882747395, 1.0565425729, -5.12742858254, 0.00793545244389
4.94, 2.03757234629, 1.0566849157, -5.12889876553, 0.0178559147336
4.95, 1.98630283782, 1.05688302091, -5.13029925107, 0.0179864617634
4.96, 1.93501974927, 1.05701641094, -5.13161316596, 0.00791173250293
4.97, 1.88372416199, 1.05707116857, -5.13281532625, 0.00438523058221
4.98, 1.83241688553, 1.05716539785, -5.13395388827, 0.0134728907326
4.99, 1.78109845365, 1.05734121215, -5.13503735622, 0.0184830308062
5.0, 1.72976951546, 1.05752397008, -5.13604888892, 0.0148191161984
5.01, 1.6784310148, 1.05762596877, -5.13696715646, 0.00577306195431
5.02, 1.62708371647, 1.05768515307, -5.13781465938, 0.00689179418722
5.03, 1.57572817634, 1.05781289485, -5.13861437149, 0.0165025845029
5.04, 1.52436486879, 1.05800767456, -5.1393568008, 0.018640655951
5.05, 1.47299460892, 1.05815531077, -5.14001508045, 0.0095584707815
5.06, 1.42161809858, 1.05821869215, -5.1406220968, 0.004317264618
5.07, 1.37023587371, 1.05830167494, -5.14114813103, 0.0118069497987
5.08, 1.3188486083, 1.05847717809, -5.14163796846, 0.0196737290893
5.09, 1.26745650408, 1.05866397299, -5.14210947639, 0.0147082941782
5.1, 1.21606023702, 1.05876026604, -5.1424768405, 0.00500059779199
5.11, 1.16466059645, 1.05881451157, -5.14278223185, 0.00679709131991
5.12, 1.11325817134, 1.05894683864, -5.14303998651, 0.0172967202138
5.13, 1.06185332267, 1.059134047, -5.14325850167, 0.0189465252148
5.14, 1.01044647145, 1.05929387459, -5.14344911014, 0.0111481724149
5.15, 0.959038145499, 1.05936709029, -5.14355877649, 0.0044716856847
5.16, 0.907628826803, 1.05944064092, -5.14364865172, 0.0102161739195
5.17, 0.856218898301, 1.05960274724, -5.14367984248, 0.0189638591449
5.18, 0.804808761217, 1.05979454158, -5.14369170692, 0.0160824923885
5.19, 0.753398772654, 1.05990611121, -5.14364159178, 0.00618037297564
5.2, 0.701989531594, 1.05996029977, -5.14355401901, 0.00578036856713
5.21, 0.65058132454, 1.06007687752, -5.14342567248, 0.0157347156084
5.22, 0.599174589255, 1.06025913237, -5.14326332836, 0.0187242536361
5.23, 0.547769667871, 1.06042805963, -5.14306411828, 0.0126843429201
5.24, 0.496366963232, 1.06051398158, -5.14281772077, 0.0051162511616
5.25, 0.444967065262, 1.06058221716, -5.14251639366, 0.00884470069411
5.26, 0.393570218519, 1.0607293302, -5.14220464006, 0.017822732938
5.27, 0.342176631181, 1.06092124448, -5.1418526562, 0.0170723778378
5.28, 0.290786851892, 1.06104795435, -5.14145325084, 0.00766960044642
5.29, 0.239401296494, 1.06110704462, -5.14100857053, 0.00526808541841
5.3, 0.188020432207, 1.06120980182, -5.14052479797, 0.0140427341147
5.31, 0.136644400376, 1.06139629214, -5.14003503463, 0.0194605783581
5.32, 0.0852733959819, 1.06156655113, -5.13951058598, 0.0123436042305
