timestamp, prius1 x posi, prius1 y posi, prius1 x vel, prius1 y vel.
0.0, 0.0, 0.0, 0.0, 0.0
0.00999999999999, 0.999985678592, -24.9966537708, 0.00227342859326, 0.233107382301
0.02, 1.00003192056, -24.9937625119, 0.00390454266119, 0.321471342036
0.03, 1.00005076082, -24.9899950408, -0.00158360702815, 0.409748509408
0.04, 1.00001882893, -24.9853521622, -0.00463064478954, 0.497988329184
0.05, 1.00000190185, -24.9798341555, 0.000318163802089, 0.586221481468
0.06, 1.00004488951, -24.9734411014, 0.00536014045771, 0.674456749142
0.07, 1.00009528172, -24.9661729417, 0.00224146853213, 0.762701006233
0.08, 1.00008918689, -24.9580295956, -0.0037663182425, 0.850948920651
0.09, 1.00005832649, -24.9490110907, -0.00243037811211, 0.939188888296
0.1, 1.00007854562, -24.9391175261, 0.00433580956471, 1.02742187432
0.11, 1.00014344951, -24.9283489037, 0.00549831426781, 1.11566089223
0.12, 1.00017397337, -24.9167051262, -0.000731689323302, 1.20391009746
0.13, 1.00015033787, -24.9041863163, -0.00369478960553, 1.2917406848
0.14, 1.00014705316, -24.8907973123, 0.00203677760715, 1.37825757263
0.15, 1.00020950567, -24.8765484615, 0.00733736323473, 1.46371587836
0.16, 1.00027657862, -24.8614502727, 0.00357787971587, 1.54813337848
0.17, 1.0002808022, -24.845513118, -0.00285852094204, 1.63151526493
0.18, 1.00026144081, -24.8287473649, -0.000965450988315, 1.71386063263
0.19, 1.00030042202, -24.811163333, 0.0064516601601, 1.79518376637
0.2, 1.00038536521, -24.7927710991, 0.00725393730177, 1.87551265405
0.21, 1.00042857305, -24.7735805071, 0.000187266225161, 1.95486221392
0.22, 1.00041313026, -24.7536013485, -0.00277891360072, 2.03323098235
0.23, 1.00042284783, -24.7328434393, 0.00367501399881, 2.11062229726
0.24, 1.00050337467, -24.7113164462, 0.00913028261171, 2.18706051771
0.25, 1.00058467616, -24.6890297668, 0.00464550064396, 2.26256931149
0.26, 1.00059643811, -24.6659954612, -0.00220254929997, 2.33702519334
0.27, 1.00058624327, -24.6422274635, 0.000290885154863, 2.41063242963
0.28, 1.00064168789, -24.6177346924, 0.00831664933377, 2.48338504066
0.29, 1.00074371, -24.5925257839, 0.00868700161444, 2.55526221991
0.3, 1.00079640792, -24.5666093639, 0.000807765282318, 2.62626481157
0.31, 1.00078677323, -24.5399941163, -0.00204589603727, 2.69638929517
0.32, 1.00080824742, -24.5126887667, 0.00521669327646, 2.76563711892
0.33, 1.00090574969, -24.4847018902, 0.0107763576161, 2.83402237131
0.34, 1.00099929161, -24.4560435811, 0.0054701962145, 2.90053027734
0.35, 1.00101596059, -24.4267304774, -0.00181766511067, 2.96514505726
0.36, 1.00101242426, -24.3967807684, 0.00131612953183, 3.02794271299
0.37, 1.00108221833, -24.366212291, 0.00997823066219, 3.08897787366
0.38, 1.0011991904, -24.3350422756, 0.0098963070341, 3.1483172024
0.39, 1.00125903586, -24.30328738, 0.00119749096269, 3.20600883476
0.4, 1.00125307323, -24.2709639029, -0.00149876697931, 3.26208199349
0.41, 1.00128463545, -24.2380878609, 0.00661127509792, 3.31657186697
0.42, 1.00139746404, -24.2046747812, 0.0122469871856, 3.36953916088
0.43, 1.00150094848, -24.1707395849, 0.00603294242184, 3.42103857655
0.44, 1.00151979514, -24.136296768, -0.00168514581722, 3.47110114212
0.45, 1.00152089929, -24.101360591, 0.00218533107344, 3.51975027683
0.46, 1.00160359009, -24.0659449919, 0.0114820270936, 3.56703058456
0.47, 1.00173323529, -24.030063355, 0.0108161387286, 3.61299926804
0.48, 1.00179678827, -23.993728579, 0.00122577745768, 3.6576932199
0.49, 1.0017913131, -23.9569533085, -0.00121463307775, 3.7011305888
0.5, 1.00183102893, -23.919750005, 0.0078517206651, 3.74333818589
0.51, 1.00195752797, -23.8821307137, 0.0135152989794, 3.78436776192
0.52, 1.00206839015, -23.8441069593, 0.00630155588721, 3.82426406098
0.53, 1.00208653068, -23.8056899467, -0.00181714153758, 3.86304729808
0.54, 1.0020902901, -23.766890752, 0.00290665681854, 3.90073100338
0.55, 1.00218470068, -23.7277202137, 0.0128666999172, 3.93735250593
0.56, 1.00232540248, -23.6881886856, 0.0115274243989, 3.97296148966
0.57, 1.00239024741, -23.6483061226, 0.00100067886207, 4.00758538092
0.58, 1.00238315141, -23.6080823226, -0.00109639952627, 4.04123278208
0.59, 1.002429931, -23.5675269884, 0.00901033873725, 4.07392301326
0.6, 1.00255680306, -23.5266494536, 0.0129421376919, 4.10570439839
0.61, 1.0026767608, -23.4854586379, 0.00806387056673, 4.13660562628
0.62, 1.00271353112, -23.4439632113, -0.000303295350975, 4.16664742407
0.63, 1.0027211114, -23.402171743, 0.00234823907133, 4.19583649093
0.64, 1.00280493793, -23.36009266, 0.0118523899844, 4.2241989138
0.65, 1.00294514619, -23.3177340087, 0.0124528006812, 4.25177642398
0.66, 1.0030274483, -23.2751034861, 0.00303571930171, 4.27859340752
0.67, 1.00303342387, -23.2322086579, -0.000686181527059, 4.3046550542
0.68, 1.00307332222, -23.1890570522, 0.00772728141032, 4.32997216521
0.69, 1.00320317494, -23.1456559469, 0.014427376922, 4.35458085569
0.7, 1.00332950485, -23.1020122323, 0.00818740173232, 4.37851432697
0.71, 1.00336352868, -23.0581325862, -0.000705643600318, 4.40178225786
0.72, 1.00337052238, -23.0140236695, 0.00272022848565, 4.42438547409
0.73, 1.00346303276, -22.9696920514, 0.0129878049003, 4.44634621846
0.74, 1.00361257271, -22.9251439531, 0.0130324738848, 4.46770249866
0.75, 1.00369471428, -22.8803852956, 0.0026216934698, 4.4884728212
0.76, 1.00370981805, -22.8354219473, 0.000318804910631, 4.50865447405
0.77, 1.00374680803, -22.7902597428, 0.0066736296498, 4.52826074519
0.78, 1.00386610529, -22.744904336, 0.0138061433959, 4.54731597858
0.79, 1.00399733908, -22.699361066, 0.00957210834967, 4.56584984758
0.8, 1.00404874691, -22.6536350771, 0.000887012890699, 4.58387124843
0.81, 1.00406130116, -22.6077315065, 0.00230851031296, 4.60137832757
0.82, 1.00414240427, -22.5616554575, 0.011666505391, 4.61838537956
0.83, 1.00428662344, -22.5154117653, 0.013420437297, 4.63492424839
0.84, 1.00438260341, -22.4690049959, 0.00450080927532, 4.65101248745
0.85, 1.00439822937, -22.422439649, -0.000273805895499, 4.66664845707
0.86, 1.00443616407, -22.3757202675, 0.00724031051585, 4.68183329871
0.87, 1.0045638558, -22.3288512525, 0.0146704990752, 4.69659261803
0.88, 1.00469945158, -22.2818367041, 0.00956180770605, 4.71095271397
0.89, 1.00474647323, -22.2346805677, 0.000273526159316, 4.72491782421
0.9, 1.00475575834, -22.1873868302, 0.0023801724297, 4.7384817125
0.91, 1.00484282918, -22.1399594773, 0.012575878795, 4.75165656977
0.92, 1.00499493511, -22.0924022408, 0.013909646589, 4.76447253491
0.93, 1.00508995282, -22.0447186118, 0.00398334239941, 4.7769432959
0.94, 1.005112875, -21.9969120738, 0.000489287053446, 4.78906120716
0.95, 1.00514538593, -21.9489861423, 0.00595129729991, 4.8008312484
0.96, 1.00526089448, -21.900944244, 0.013947856399, 4.81226908864
0.97, 1.00540081282, -21.8527895589, 0.0108940524724, 4.82339933109
0.98, 1.0054641747, -21.804525113, 0.00170244007111, 4.8342269769
0.99, 1.00547682981, -21.7561539694, 0.00172407169574, 4.84474447702
1.0, 1.00555045501, -21.707679233, 0.0111033245164, 4.85495760699
1.01, 1.00569648233, -21.6591038197, 0.014265408703, 4.86489197373
1.02, 1.00580491235, -21.6104304189, 0.00578089847319, 4.87456186262
1.03, 1.00582689092, -21.5616616852, -0.000308511567916, 4.88396191281
1.04, 1.00585804633, -21.5128003676, 0.00629837051239, 4.89308645599
1.05, 1.00598059251, -21.463849207, 0.0147478837845, 4.90194181885
1.06, 1.00612465825, -21.4148107371, 0.0108685865219, 4.9105587237
1.07, 1.00618295302, -21.3656872568, 0.00096666710365, 4.91894727079
1.08, 1.00620496143, -21.3164811314, 0.00136347122774, 4.92709228332
1.09, 1.00626740091, -21.2671948196, 0.00977276291106, 4.93499057072
1.1, 1.00640751476, -21.2178306666, 0.0145692343229, 4.94267401438
1.11, 1.00652927348, -21.1683907173, 0.00766051933828, 4.95015546123
1.12, 1.00656607082, -21.1188769809, 0.000435304995942, 4.95742264708
1.13, 1.00659231953, -21.0692916184, 0.00497838669753, 4.96448922583
1.14, 1.00670151706, -21.0196367403, 0.0138638346985, 4.97134203474
1.15, 1.00684909454, -20.9699142599, 0.0122129396383, 4.97800890636
1.16, 1.00692485749, -20.9201259406, 0.00257210136842, 4.98451467136
1.17, 1.00693719989, -20.8702736123, 0.00101435356494, 4.99081277751
1.18, 1.00700150807, -20.8203591949, 0.0103521035058, 4.9969299678
1.19, 1.00714848491, -20.7703844761, 0.0151339649899, 5.00288168798
1.2, 1.00727086863, -20.7203510325, 0.00728376599473, 5.0086884636
1.21, 1.00730578125, -20.6702603838, 0.00449945665814, 5.01436127063
1.22, 1.00733815971, -20.6201143577, 0.00437592809384, 5.01978798327
1.23, 1.00743514107, -20.5699144578, 0.012548068032, 5.02509566711
1.24, 1.00757777456, -20.5196622356, 0.0126202650357, 5.03026209129
1.25, 1.00766659412, -20.4693590309, 0.00426183155032, 5.03529365418
1.26, 1.00769043856, -20.4190062322, 0.00137640623159, 5.04017067328
1.27, 1.00774722669, -20.3686053332, 0.00890921506258, 5.0449187836
1.28, 1.00788147546, -20.318157753, 0.0144310382124, 5.04952702447
1.29, 1.00800850247, -20.2676647211, 0.00862560795757, 5.05400401595
1.3, 1.00805434912, -20.2171273756, 0.00105257208842, 5.05838514476
1.31, 1.00808029831, -20.1665470509, 0.00443845635622, 5.06261728083
1.32, 1.00818249382, -20.1159250544, 0.0133116192851, 5.06671407883
1.33, 1.00833099278, -20.065262524, 0.0128916501192, 5.07071565178
1.34, 1.00841756612, -20.0145605007, 0.00371003943663, 5.07461355382
1.35, 1.00843604112, -19.9638200564, 0.00104161912771, 5.07839922288
1.36, 1.00849462856, -19.9130423537, 0.00949561180965, 5.08208221925
1.37, 1.00863625916, -19.8622285099, 0.0150789225016, 5.08565098071
1.38, 1.00876507257, -19.8113794202, 0.00835124818751, 5.08913425074
1.39, 1.00880499048, -19.760495998, 0.000398575325362, 5.09250586568
1.4, 1.00882802786, -19.7095792458, 0.00457931452052, 5.09578351451
1.41, 1.00893591335, -19.6586302554, 0.0140847040636, 5.0989770223
1.42, 1.00908973066, -19.6076499215, 0.0130574900966, 5.10207372921
1.43, 1.00917256741, -19.5566389952, 0.00300300764457, 5.10509236207
1.44, 1.00919894445, -19.5055982913, 0.00106263906286, 5.1080257307
1.45, 1.00924718629, -19.4545287586, 0.00793751652511, 5.11086141848
1.46, 1.00937715862, -19.4034313229, 0.0146397385995, 5.11361163886
1.47, 1.00951326048, -19.352306689, 0.0098520980115, 5.11629917774
1.48, 1.0095677022, -19.3011555222, 0.00135447005184, 5.11891679686
1.49, 1.00958815641, -19.2499786063, 0.00336545197271, 5.12144817267
1.5, 1.00968013738, -19.198776803, 0.0126813742021, 5.12390093647
1.51, 1.00983090141, -19.1475508341, 0.0137629885757, 5.12628510431
1.52, 1.00992827508, -19.0963012325, 0.00462637028257, 5.1285935841
1.53, 1.00994776512, -19.0450286935, 0.000402128122232, 5.13087085664
1.54, 1.00999492358, -18.9937340319, 0.0082653653015, 5.13305432324
1.55, 1.0101306041, -18.9424179032, 0.0152002701965, 5.1351657637
1.56, 1.01026817848, -18.8910809863, 0.00958261379336, 5.13721726771
1.57, 1.01031605453, -18.8397238436, 0.000539337132966, 5.13920804094
1.58, 1.01034534648, -18.7883472196, 0.00293637901989, 5.14111625421
1.59, 1.01042428585, -18.7369519406, 0.0110115906764, 5.14294132631
1.6, 1.01056459212, -18.6855388138, 0.0135692263162, 5.14469198336
1.61, 1.01067101517, -18.6341085464, 0.00616597389843, 5.14637196102
1.62, 1.01070323734, -18.582661891, 0.00103882211758, 5.14797020682
1.63, 1.01074482497, -18.5311997404, 0.00685113372024, 5.14947632719
1.64, 1.01086517944, -18.4797229963, 0.0140322438831, 5.15089906166
1.65, 1.01100258202, -18.4282324161, 0.0105369616323, 5.15224925547
1.66, 1.0110653199, -18.3767288103, 0.00200926634491, 5.15350599351
1.67, 1.0110851475, -18.3252132854, 0.00265336179558, 5.15463855607
1.68, 1.0111659037, -18.2736871844, 0.0114786591832, 5.15563541687
1.69, 1.01131017869, -18.2221518157, 0.0137288740624, 5.15650658262
1.7, 1.01141300438, -18.1706084476, 0.00541138539483, 5.15724553056
1.71, 1.01143630459, -18.1190584957, 0.000236287850355, 5.15783343727
1.72, 1.01147443004, -18.0675035456, 0.00692427762024, 5.15826104319
1.73, 1.01159814541, -18.0159451328, 0.0144008429909, 5.15854623941
1.74, 1.01173512467, -17.9643845419, 0.0100610014692, 5.15871301462
1.75, 1.01178869524, -17.9128228895, 0.000896496136144, 5.15876987358
1.76, 1.01179993407, -17.8612612733, 0.00217324764347, 5.15871657505
1.77, 1.01188129693, -17.8097007538, 0.0118807338199, 5.15856614968
1.78, 1.01202897446, -17.758142159, 0.0138131137603, 5.15834546331
1.79, 1.01212702701, -17.7065860991, 0.00451173891202, 5.15806724928
1.8, 1.01215044446, -17.6550331607, 0.00161910061992, 5.15772533647
1.81, 1.01218471219, -17.6034839758, 0.00559071796412, 5.1573246981
1.82, 1.01229162239, -17.5519391022, 0.0128693650197, 5.15687414753
1.83, 1.01242325104, -17.5003989381, 0.0104615059501, 5.15639036532
1.84, 1.01248772033, -17.4488637858, 0.00215449176266, 5.15587517177
1.85, 1.01250368305, -17.3973339935, 0.00174893560171, 5.1553210724
1.86, 1.01257113983, -17.3458099674, 0.0100202856175, 5.15472928835
1.87, 1.01270492667, -17.2942920094, 0.0131800703988, 5.15411510088
1.88, 1.01280812563, -17.242780287, 0.0057659642434, 5.15348577342
1.89, 1.01283285324, -17.1912749683, -1.67056819784e-05, 5.15283514276
1.9, 1.01286174363, -17.1397763158, 0.00554531950845, 5.15215623102
1.91, 1.01297155945, -17.0882845836, 0.013264987161, 5.15145848963
1.92, 1.01310404215, -17.0367998827, 0.0101694939791, 5.15075456936
1.93, 1.0131612188, -16.9853222623, 0.00119648929179, 5.15004316096
1.94, 1.01316937842, -16.9338518447, 0.00128222019437, 5.14931447502
1.95, 1.0132372826, -16.8823888279, 0.0104077636211, 5.14856857681
1.96, 1.01337492987, -16.830933314, 0.0133664768142, 5.14781960909
1.97, 1.01347481431, -16.7794852885, 0.00501999022071, 5.14707268783
1.98, 1.01349039292, -16.7280447554, -0.000866097359942, 5.14632010395
1.99, 1.01351553529, -16.6766118277, 0.00561740531014, 5.14555393397
2.0, 1.01362942728, -16.6251866137, 0.0137576135486, 5.14478348641
2.01, 1.01376316854, -16.5737690849, 0.00987036572464, 5.14402003522
2.02, 1.01381270707, -16.5223591665, 0.000201873697387, 5.14326077639
2.03, 1.01381312481, -16.4709568694, 0.000864889847079, 5.14249497088
2.04, 1.01388234563, -16.4195622868, 0.0108945679744, 5.14172262011
2.05, 1.01402450187, -16.3681754146, 0.013574516277, 5.14095750505
2.06, 1.01412075399, -16.3167961427, 0.00421187431245, 5.14020322135
2.07, 1.01413983862, -16.2654244019, -0.000546308638569, 5.13945009742
2.08, 1.01415505933, -16.2140602068, 0.00389600396309, 5.13869434013
2.09, 1.01425321092, -16.1627035896, 0.0127419146752, 5.13793954442
2.1, 1.01438878842, -16.1113544741, 0.0109579636174, 5.13719690582
2.11, 1.01445169184, -16.0600127264, 0.00127166481133, 5.13646530009
2.12, 1.01445135164, -16.008678279, -0.000228359224822, 5.13573502451
2.13, 1.01450321301, -15.9573511584, 0.00908620527155, 5.13500303449
2.14, 1.01463672606, -15.9060313292, 0.0137179939687, 5.13428097424
2.15, 1.01474416361, -15.8547186503, 0.00574581428641, 5.13357371484
2.16, 1.01476377112, -15.8034129706, 0.00296902295211, 5.13289602509
2.17, 1.01478154303, -15.7521143413, 0.00295498215427, 5.13217488809
2.18, 1.01486407958, -15.7008226665, 0.0110738337451, 5.13148058135
2.19, 1.01499106665, -15.6495378817, 0.0109887997868, 5.13079949294
2.2, 1.0150633035, -15.5982598388, 0.00261575742447, 5.13013175939
2.21, 1.01507115484, -15.5469884348, -0.000179914531209, 5.12946980945
2.22, 1.0151125262, -15.4957236505, 0.00735970798044, 5.12880953445
2.23, 1.01523037011, -15.4444654361, 0.0127065418613, 5.12815938309
2.24, 1.01533941693, -15.3932136518, 0.00678612641684, 5.12752439118
2.25, 1.01536704174, -15.3419681555, -0.000723155840316, 5.12689991025
2.26, 1.01537563968, -15.2907288876, 0.00273684036832, 5.12627799475
2.27, 1.0154603408, -15.2394958276, 0.0115057920203, 5.12566171237
2.28, 1.0155897292, -15.1882688694, 0.010908080416, 5.1250598673
2.29, 1.0156561793, -15.1370478566, 0.0017128850257, 5.12447186073
2.3, 1.01565534198, -15.0858326814, -0.000827829299131, 5.12389005453
2.31, 1.01569546048, -15.0346233205, 0.00764118010499, 5.12331064822
2.32, 1.01581757892, -14.983419715, 0.0130477164885, 5.12274232734
2.33, 1.01592522707, -14.9322217195, 0.00620323377701, 5.12218921178
2.34, 1.01594392643, -14.8810291923, -0.00167802194409, 5.12164645796
2.35, 1.01594685658, -14.8298420757, 0.00260136740978, 5.12110624883
2.36, 1.01603467458, -14.778660347, 0.0120253349284, 5.12057221547
2.37, 1.01616683641, -14.7274838964, 0.0108163691656, 5.12005261172
2.38, 1.01622698507, -14.6763125708, 0.000744020078272, 5.11954620906
2.39, 1.0162302596, -14.6251462757, -0.000283389447048, 5.11904487053
2.4, 1.0162630913, -14.5739849736, 0.00613018868409, 5.11854811955
2.41, 1.01636944534, -14.5228286068, 0.0118443113182, 5.1180606986
2.42, 1.01647592483, -14.4716770513, 0.00698262610143, 5.11758664441
2.43, 1.01650666898, -14.4205321737, -0.000555038248047, 5.11561147078
2.44, 1.01651109248, -14.3694495148, 0.00180213922865, 5.10670244123
2.45, 1.01658312685, -14.3184531121, 0.0102066656128, 5.09815523515
2.46, 1.01670418794, -14.267540859, 0.0105894985361, 5.08986853682
2.47, 1.01677225272, -14.2167100673, 0.0020844202237, 5.08185073811
2.48, 1.01677177985, -14.1659581107, -0.0012438079003, 5.07408868791
2.49, 1.01680152979, -14.1152825149, 0.00623911650376, 5.06656947506
2.5, 1.01691075886, -14.0646808756, 0.012096443009, 5.05929051045
2.51, 1.01701545721, -14.0141508089, 0.00639642488343, 5.05224644253
2.52, 1.01703699382, -13.9636900132, -0.00157147125933, 5.04542585077
2.53, 1.01703444763, -13.9132963272, 0.00149730578223, 5.03881488977
2.54, 1.01710794911, -13.8629677037, 0.0105888767159, 5.03240783329
2.55, 1.01723131007, -13.812716858, 0.010532505871, 5.02142058206
2.56, 1.01729364461, -13.7626025093, 0.00113067067884, 5.00718459805
2.57, 1.01728283298, -13.7126283299, -0.00212357110602, 4.99336650415
2.58, 1.01730901982, -13.6627901023, 0.00634796360672, 4.97997846641
2.59, 1.01742193412, -13.6130835298, 0.0124711142257, 4.96702016179
2.6, 1.01752573791, -13.5635043776, 0.00583302844476, 4.95447854695
2.61, 1.01754191587, -13.5140485485, 0.00190353719905, 4.94234761646
2.62, 1.01753880401, -13.4647122004, 0.000201205878908, 4.93057220632
2.63, 1.01759439128, -13.4154915686, 0.00884168489922, 4.91917618317
2.64, 1.01770975209, -13.3663880222, 0.0106815533688, 4.90549181006
2.65, 1.01778198247, -13.3174577526, 0.00242688215362, 4.88648643616
2.66, 1.01777702056, -13.2687140088, -0.00243853460477, 4.86808473058
2.67, 1.0177888958, -13.2201513433, 0.00430222553599, 4.85025120675
2.68, 1.01788477304, -13.1717640734, 0.0114815635517, 4.83298457887
2.69, 1.01799114544, -13.1235466159, 0.006959941376, 4.8162678661
2.7, 1.0180145453, -13.0754935761, -0.00198572766859, 4.80007918949
2.71, 1.01799841837, -13.02759979, -0.000464866317818, 4.78439540401
2.72, 1.01805277767, -12.9798603186, 0.00908696466354, 4.76919878017
2.73, 1.0181705662, -12.9322948431, 0.0107015266332, 4.74824640247
2.74, 1.01823714283, -12.8849540019, 0.00142475241849, 4.72582456646
2.75, 1.0182337122, -12.837833904, -0.00228063964017, 4.70407719457
2.76, 1.0182344834, -12.7909277359, 0.00247496427748, 4.6830103669
2.77, 1.01831306513, -12.7442287843, 0.0102572564027, 4.66260855053
2.78, 1.01841862832, -12.6977305108, 0.00776238278452, 4.64285030927
2.79, 1.01845288371, -12.6514265996, -0.00111327339648, 4.6237112478
2.8, 1.01843469164, -12.6053109836, -0.00164537241325, 4.60516638282
2.81, 1.01847064769, -12.5593963927, 0.00713526915548, 4.58180017304
2.82, 1.01857754834, -12.5137360623, 0.0105682828478, 4.55622097375
2.83, 1.01865236781, -12.4683275382, 0.00269330034396, 4.5314144168
2.84, 1.01864318742, -12.4231630334, -0.00355390371993, 4.50738589886
2.85, 1.01863749986, -12.3782348726, 0.00229080178632, 4.48411491325
2.86, 1.01871782867, -12.3335356174, 0.0105453339852, 4.46157840197
2.87, 1.01882292696, -12.2890580454, 0.00731253304719, 4.43975220441
2.88, 1.01884794779, -12.2447951796, -0.00228309498287, 4.4186105541
2.89, 1.01881991489, -12.2007403039, -0.00229463253715, 4.39812742988
2.9, 1.01885482375, -12.1569340377, 0.00739911203729, 4.36960968801
2.91, 1.0189643137, -12.1134041231, 0.0106170427668, 4.34232799701
2.92, 1.01903405719, -12.0701426542, 0.0017436253488, 4.3158954961
2.93, 1.01902357173, -12.0271410989, -0.00240291665138, 4.29031042587
2.94, 1.01901205445, -11.9843911056, 0.000804635700377, 4.26555019375
2.95, 1.01907486423, -11.9418845547, 0.00900152102046, 4.24159259598
2.96, 1.01917454714, -11.8996135198, 0.00767996327769, 4.21841797737
2.97, 1.01920926964, -11.8575702629, -0.00121726116564, 4.19600747387
2.98, 1.01918366401, -11.815747487, -0.00295177320153, 4.17428584544
2.99, 1.01920300612, -11.774138818, 0.00545318572365, 4.1531177562
3.0, 1.01929836183, -11.7327381329, 0.00998516098318, 4.13267568952
3.01, 1.01937293902, -11.6915426905, 0.0028907606761, 4.11075056198
3.02, 1.01936221616, -11.6506041568, -0.0042023643362, 4.082987757
3.03, 1.01934308887, -11.6099377189, 0.000545390093024, 4.05616108124
3.04, 1.01940731391, -11.5695361371, 0.00931572634036, 4.03004445768
3.05, 1.01950760502, -11.5293922312, 0.00737338981398, 4.00463555602
3.06, 1.01953437561, -11.4894985867, -0.00231090732106, 3.97995174899
3.07, 1.01949883739, -11.4498482687, -0.00366536626539, 3.95589457409
3.08, 1.01951634066, -11.4104344744, 0.00565326512342, 3.93262637787
3.09, 1.01961475164, -11.3712505541, 0.0101501725258, 3.90996207339
3.1, 1.01968568348, -11.3322900208, 0.00207636719946, 3.88794018089
3.11, 1.01967437191, -11.2935523216, -0.003057305064, 3.86360283265
3.12, 1.01964864748, -11.2550913054, -0.00105148032376, 3.8346086075
3.13, 1.01969499901, -11.2169163949, 0.00780836994684, 3.80630113135
3.14, 1.01979102441, -11.1790198525, 0.00792976395686, 3.77890619434
3.15, 1.01982885831, -11.141394013, -0.0011455679358, 3.75221871138
3.16, 1.01979555548, -11.1040312501, -0.00442670976036, 3.72621904645
3.17, 1.01979670626, -11.0669240402, 0.00368005874628, 3.70100909646
3.18, 1.0198815388, -11.0300652431, 0.00964612675596, 3.67657852742
3.19, 1.01995844632, -10.9934480177, 0.00335331727058, 3.65269730453
3.2, 1.01994714328, -10.9570653958, -0.00492797643399, 3.62956034672
3.21, 1.01991317821, -10.9209109024, -0.00136167242716, 3.6071206466
3.22, 1.0199608903, -10.885009308, 0.0081756583148, 3.57817301945
3.23, 1.02005857379, -10.8494040577, 0.00773625670346, 3.54880719461
3.24, 1.02008927556, -10.8140883579, -0.00220613457135, 3.52030641116
3.25, 1.02005845293, -10.7790542227, -0.0040527122298, 3.4924848868
3.26, 1.02005099229, -10.7442937309, 0.00207213190918, 3.46555407438
3.27, 1.02011937484, -10.7097992423, 0.00838952681143, 3.43926846694
3.28, 1.02019463785, -10.6755633058, 0.00405684001495, 3.41375825496
3.29, 1.02019409303, -10.6415788887, -0.00394690074327, 3.38894698213
3.3, 1.02016004324, -10.60783901, -0.00230105095358, 3.3648312396
3.31, 1.02019129452, -10.5743370066, 0.00634972395493, 3.34114349769
3.32, 1.02027858746, -10.5411145844, 0.00757201008608, 3.30973751804
3.33, 1.02031713628, -10.5081974136, -0.000996893218637, 3.27962642484
3.34, 1.02028082586, -10.4755778644, -0.00522146213612, 3.25021647787
3.35, 1.02026868165, -10.4432475494, 0.00209086787618, 3.22168825325
3.36, 1.02034061632, -10.4111983361, 0.00879801586413, 3.19396931878
3.37, 1.02041553525, -10.3794223609, 0.00353757686484, 3.16707702384
3.38, 1.02040517794, -10.347912021, -0.0051510075046, 3.14088944784
3.39, 1.02036220335, -10.3166598438, -0.00275137783147, 3.11537071747
3.4, 1.02039471874, -10.2856592533, 0.00681279602875, 3.08986081623
3.41, 1.02048565885, -10.2549548673, 0.00763435403572, 3.05731602712
3.42, 1.02051841611, -10.2245685399, -0.00204173708755, 3.02594860617
3.43, 1.02048354288, -10.1944922434, -0.00503042585849, 2.99541974505
3.44, 1.02046162214, -10.1647173775, 0.000468648372888, 2.96559074345
3.45, 1.02051822606, -10.1352352359, 0.00772704590016, 2.93672516039
3.46, 1.02059314586, -10.1060377621, 0.00434727578044, 2.90865246075
3.47, 1.0205932708, -10.077116805, -0.00429870483827, 2.88144114775
3.48, 1.020548743, -10.048464755, -0.00382899390057, 2.85491305775
3.49, 1.02056465767, -10.0200740408, 0.00505780883437, 2.82910442278
3.5, 1.02064583677, -9.99193750852, 0.00752645990767, 2.80380118953
3.51, 1.02068738768, -9.96409657422, -0.000715529706626, 2.77085490436
3.52, 1.02064781784, -9.93657671734, -0.00619622414495, 2.73912179915
3.53, 1.02061990575, -9.90936967397, 0.000318750862153, 2.70827125849
3.54, 1.02067880245, -9.88246668486, 0.00808201124959, 2.67829997365
3.55, 1.02075410937, -9.85585911578, 0.00398971727776, 2.64916655444
3.56, 1.02074610922, -9.82953866658, -0.00538270305191, 2.62085786572
3.57, 1.02069249909, -9.80349710171, -0.00444618569105, 2.59336551362
3.58, 1.0207075913, -9.7777262628, 0.0053628314784, 2.56668759337
3.59, 1.02077837758, -9.75221814377, 0.00687503696234, 2.54080515268
3.6, 1.02082475717, -9.72697145772, 0.000438598013511, 2.51260806596
3.61, 1.02079493691, -9.70203911801, -0.00578591195904, 2.47997763578
3.62, 1.02075966622, -9.67742812181, -0.00129382133835, 2.44826105172
3.63, 1.02080047879, -9.65312970126, 0.0066138416395, 2.4174381402
3.64, 1.02087283862, -9.62913491173, 0.00476806568873, 2.38750654352
3.65, 1.02087959115, -9.60543481994, -0.00368356091915, 2.35846999226
3.66, 1.02083562579, -9.58202042301, -0.00417747328496, 2.33033543342
3.67, 1.02084692454, -9.55888281093, 0.00488270196199, 2.3030747942
3.68, 1.0209346056, -9.5360137781, 0.00901669464929, 2.27657668949
3.69, 1.02099840747, -9.51340622622, 0.00196558961024, 2.25074540324
3.7, 1.0209859354, -9.49109064311, -0.00369948994773, 2.21787515033
3.71, 1.02097783475, -9.46910577591, 0.00170514174511, 2.18509937939
3.72, 1.02104666381, -9.44744493993, 0.0088199472989, 2.15306281591
3.73, 1.02113086973, -9.42610062932, 0.00499026597703, 2.12177727966
3.74, 1.02113393846, -9.40506538585, -0.00433908405363, 2.09123155321
3.75, 1.0210868638, -9.38433179394, -0.00414049661042, 2.0614301658
3.76, 1.02110136627, -9.36389230104, 0.00521495230894, 2.03239521602
3.77, 1.0211872483, -9.34373911762, 0.00830899746916, 2.00414913288
3.78, 1.0212369734, -9.32386427297, 0.000176180297269, 1.97670568773
3.79, 1.02121582992, -9.30425970001, -0.00309150862394, 1.95007035117
3.8, 1.02119791763, -9.28496431603, 4.7698462866e-05, 1.91559040629
3.81, 1.02124925883, -9.2660040137, 0.00751098476511, 1.88252665679
3.82, 1.02133212332, -9.24736908044, 0.00593257701416, 1.85049326632
3.83, 1.02135187116, -9.22904955209, -0.00248232016445, 1.8194025177
3.84, 1.02131544589, -9.21103630189, -0.00403409988973, 1.7892008025
3.85, 1.02132082983, -9.19332078971, 0.00371797325155, 1.75984853681
3.86, 1.02139552469, -9.17589473561, 0.00776854603886, 1.7312975607
3.87, 1.0214496312, -9.15874989133, 0.00115858835499, 1.70355573929
3.88, 1.02142588453, -9.14187828388, -0.00519604519194, 1.67663724171
3.89, 1.02139703687, -9.12527229422, -0.000555288573167, 1.65041652292
3.9, 1.02144668844, -9.10893790327, 0.00759107736734, 1.62040530253
3.91, 1.02152871781, -9.09292857653, 0.00564224434303, 1.58749652556
3.92, 1.02154171537, -9.07724371317, -0.00335846185325, 1.55548547121
3.93, 1.02149779817, -9.06187442881, -0.00447107603675, 1.52435654502
3.94, 1.02150393344, -9.04681191383, 0.00414988521917, 1.49410800721
3.95, 1.02158354962, -9.03204748967, 0.00809247498262, 1.46471872252
3.96, 1.02163566589, -9.01757257269, 0.000480476002004, 1.43618435311
3.97, 1.02160225747, -9.00337865939, -0.00621800812162, 1.40849228516
3.98, 1.02156715901, -8.98945744019, -0.000772141777947, 1.38162051094
3.99, 1.02161821455, -8.97580082417, 0.0078594702675, 1.35554948761
4.0, 1.02169999962, -8.96241942468, 0.00523384903211, 1.32487761838
4.01, 1.02170431976, -8.94936430754, -0.00446540715059, 1.29217878181
4.02, 1.02166495073, -8.93663158294, -0.00465872601216, 1.26037364347
4.03, 1.0216593871, -8.92421235781, 0.00247437748882, 1.22945101126
4.04, 1.02172535754, -8.91209794628, 0.0073557404359, 1.19938599684
4.05, 1.02178099281, -8.90027992476, 0.00157917806611, 1.1701477069
4.06, 1.02175902754, -8.88875020435, -0.00547423024677, 1.14169940572
4.07, 1.02172024897, -8.87750107454, -0.00206726896307, 1.11400561788
4.08, 1.02175389932, -8.86652512007, 0.0061783609602, 1.08704508207
4.09, 1.02182841342, -8.85581507234, 0.00543769971378, 1.06080459095
4.1, 1.02184243477, -8.84537488757, -0.00324847473866, 1.03237091865
4.11, 1.02179400043, -8.83522467092, -0.00549347385209, 1.00358053285
4.12, 1.02178529023, -8.82535852969, 0.0025411183154, 0.975538366988
4.13, 1.02185344347, -8.81576895248, 0.0075259798587, 0.948248893931
4.14, 1.02190676158, -8.80644844801, 0.000976162096529, 0.921702298072
4.15, 1.02187609699, -8.79738969122, -0.00639891200107, 0.89587598611
4.16, 1.02183147442, -8.78858561524, -0.00227677841566, 0.870744986899
4.17, 1.02186704149, -8.78002934865, 0.0065540340593, 0.846297647107
4.18, 1.02194329435, -8.7716923066, 0.00528647340029, 0.827439998922
4.19, 1.02195099075, -8.7635330331, -0.00420658788089, 0.81000402649
4.2, 1.02189359846, -8.75554550563, -0.00615762330527, 0.793067432723
4.21, 1.02188372543, -8.74772495526, 0.00282333965288, 0.776596728078
4.22, 1.02195599026, -8.74006674962, 0.00781973083339, 0.760588675726
4.23, 1.02200732424, -8.73256627072, 0.000332171667343, 0.745038262514
4.24, 1.02197219374, -8.72521898907, -0.00270333679529, 0.729949815659
4.25, 1.02193056164, -8.71802067344, -0.00318590806423, 0.715242196478
4.26, 1.02195118973, -8.71096706702, 0.00497340894863, 0.700971343664
4.27, 1.02201996841, -8.70405405154, 0.0054253715968, 0.687114005268
4.28, 1.02203787624, -8.69727296775, -0.00281898070959, 0.675810349521
4.29, 1.02198874695, -8.69057767996, -0.00610699439113, 0.668498544905
4.3, 1.02196911721, -8.68395456968, 0.00122768891344, 0.661404526145
4.31, 1.02202758241, -8.67740127138, 0.0069958384204, 0.654530860582
4.32, 1.02208190198, -8.6709156213, 0.00144080208241, 0.647870058818
4.33, 1.02205498844, -8.66449556412, -0.00633886027715, 0.641403953565
4.34, 1.02200482758, -8.65813926123, -0.00330101333676, 0.635112272914
4.35, 1.02202940955, -8.65184500007, 0.00562339342992, 0.628993049093
4.36, 1.02210281605, -8.64561102739, 0.00553856807146, 0.623051944764
4.37, 1.02211638453, -8.63943558643, -0.00360897840541, 0.617281105567
4.38, 1.02205979659, -8.63329993737, -0.00662720272311, 0.616005333573
4.39, 1.02204037427, -8.62716409157, 0.00166742341223, 0.616229022864
4.4, 1.02210504316, -8.62102591262, 0.00754595062677, 0.616469635279
4.41, 1.02216022568, -8.61488531322, 0.00107713821599, 0.616713248378
4.42, 1.02212646741, -8.60874229731, -0.00711279733984, 0.616950936328
4.43, 1.02207228715, -8.60259697013, -0.00327746050455, 0.617176309846
4.44, 1.02210190636, -8.59644947671, 0.00636281995092, 0.617389939547
4.45, 1.02218069173, -8.59029985798, 0.00572369708544, 0.617603474204
4.46, 1.02219068016, -8.58414810878, -0.0043331953297, 0.617813448697
4.47, 1.02214042043, -8.57799426955, -0.00588308281563, 0.618016163376
4.48, 1.02211578123, -8.57183845624, 0.000379645449117, 0.618210402689
4.49, 1.02216718127, -8.56568004056, 0.00661669401843, 0.619123837628
4.5, 1.02222404048, -8.55948192195, 0.00214016786042, 0.625208965933
4.51, 1.0222049745, -8.55322523832, -0.00574575441945, 0.631030042861
4.52, 1.02215468391, -8.54691114955, -0.00384057875104, 0.636689408577
4.53, 1.02217125068, -8.54054129311, 0.00484073526773, 0.642190538249
4.54, 1.02224238125, -8.53411723955, 0.00584688541795, 0.647539003231
4.55, 1.02226381126, -8.52764043673, -0.00266301755959, 0.652743710023
4.56, 1.02221291584, -8.52111232908, -0.00655512931344, 0.657800929271
4.57, 1.02218832899, -8.51453441821, 0.000817049458335, 0.662708955325
4.58, 1.02224644379, -8.50790675108, 0.00727945342462, 0.668536419556
4.59, 1.02230582351, -8.5011920353, 0.00197218995643, 0.679035418207
4.6, 1.02228151028, -8.49437484761, -0.00640415488779, 0.68917408367
4.61, 1.02222778136, -8.48745762929, -0.00379491772776, 0.699043630879
4.62, 1.02224964567, -8.48044323262, 0.00563430713295, 0.708622160616
4.63, 1.02232724572, -8.47333436989, 0.00619232961237, 0.717946255798
4.64, 1.02234682442, -8.46613361738, -0.00321639334248, 0.727010794864
4.65, 1.02229016802, -8.4588435203, -0.00694327415569, 0.735819769596
4.66, 1.02226706935, -8.45146664375, 0.00140865180044, 0.744374581881
4.67, 1.02233323299, -8.44400546428, 0.00804614534973, 0.752690594933
4.68, 1.02239555239, -8.43646228693, 0.00180380689551, 0.760781148841
4.69, 1.02236576016, -8.4288393394, -0.00706921093966, 0.768645986673
4.7, 1.02230889858, -8.42111945956, -0.00367805033889, 0.780912118012
4.71, 1.02233702423, -8.41326830209, 0.00653272933867, 0.794011227706
4.72, 1.02242181336, -8.40528788317, 0.00655991127422, 0.806770699932
4.73, 1.02243936206, -8.39718165662, -0.00382191173321, 0.819181660865
4.74, 1.02238994164, -8.3889531216, -0.00613199635452, 0.831240855305
4.75, 1.02236230239, -8.38060576263, 0.00019752866994, 0.84295648365
4.76, 1.02241656132, -8.3721429559, 0.00728525424929, 0.85434308653
4.77, 1.02248251289, -8.3635678906, 0.00304597924712, 0.865417623235
4.78, 1.02246878642, -8.35488364157, -0.00560803141459, 0.876184012719
4.79, 1.0224163224, -8.34609121593, -0.00418772676549, 0.888031491535
4.8, 1.02243221928, -8.33715357298, 0.00512736713175, 0.904005237789
4.81, 1.02251092515, -8.32805909839, 0.00686971545134, 0.919508666036
4.82, 1.02254157306, -8.31881170819, -0.00201349445258, 0.934594551869
4.83, 1.02249218636, -8.30941562342, -0.00677616689466, 0.949257489391
4.84, 1.0224648902, -8.2998750911, 0.00070168981709, 0.963498668421
4.85, 1.02252706034, -8.29019422299, 0.00811721458521, 0.977339596644
4.86, 1.02259724693, -8.28037691743, 0.00303723971904, 0.990798081226
4.87, 1.02257918603, -8.27042694988, -0.00622409802394, 1.00388037912
4.88, 1.02252343833, -8.26034808104, -0.0041312129402, 1.01658677275
4.89, 1.02254522561, -8.25014009106, 0.00603855334756, 1.03092927793
4.9, 1.02263199069, -8.23976454052, 0.0073876364599, 1.04868948483
4.91, 1.02266209411, -8.2292141164, -0.0024896637959, 1.06595942302
4.92, 1.02260716212, -8.21849344375, -0.00717100428757, 1.08274765943
4.93, 1.02258159499, -8.20760738744, 0.00135393375234, 1.09905146581
4.94, 1.02264486593, -8.19656068201, 0.00566923438743, 1.11491994085
4.95, 1.02271589639, -8.18535781594, 0.00417969990554, 1.13029667893
4.96, 1.0227136271, -8.17400314372, -0.0047214404738, 1.14526753344
4.97, 1.02266324219, -8.16250094698, -0.0045385091388, 1.1598114945
4.98, 1.02267338044, -8.1508554612, 0.00464038677625, 1.17393957225
4.99, 1.02275349004, -8.13907073389, 0.00760429357272, 1.18767410139
5.0, 1.02279595577, -8.12714422254, -0.00071114095851, 1.20362576373
5.01, 1.02275477005, -8.11503691133, -0.00650731663603, 1.22233887642
5.02, 1.02272414847, -8.10274520332, 6.36318967483e-05, 1.24053547897
5.03, 1.02278281087, -8.0902741538, 0.00822505049062, 1.25822405976
5.04, 1.0228613173, -8.07762876683, 0.00433699241604, 1.27541934937
5.05, 1.02285589402, -8.06481389854, -0.00527076788443, 1.29213243118
5.06, 1.02280225561, -8.05183434564, -0.00450477924178, 1.30836747309
5.07, 1.02281824522, -8.03869484934, 0.00557789654384, 1.3241371723
5.08, 1.02290731196, -8.02539993867, 0.00824884711775, 1.33946615449
5.09, 1.02295045109, -8.01195392484, -0.00109435775536, 1.35436975695
5.1, 1.02291433666, -7.99836103032, -0.00463595606142, 1.36885099878
5.11, 1.02288443426, -7.98459256659, -0.000811547909554, 1.38897503725
5.12, 1.0229311613, -7.97062878393, 0.00721252157676, 1.40828702371
5.13, 1.02300978926, -7.95647457561, 0.00528857068162, 1.42707230982
5.14, 1.02302050553, -7.94213523303, -0.00352762744713, 1.44532827798
5.15, 1.0229760311, -7.92761602001, -0.00450981471505, 1.46305935633
5.16, 1.02298243603, -7.91292214142, 0.00417484017024, 1.48027800731
5.17, 1.02306263605, -7.89805860267, 0.00814711536035, 1.49700860649
5.18, 1.0231162391, -7.88303017661, 0.000671198806602, 1.51326924579
5.19, 1.02308593228, -7.86784150847, -0.00588030210138, 1.52906769438
5.2, 1.02305469621, -7.85249720174, -0.000432100868426, 1.54440955777
5.21, 1.0231089804, -7.83704875643, 0.00810536992014, 1.55065598053
5.22, 1.02319331308, -7.821534461, 0.0054676729637, 1.55708307141
5.23, 1.02320074111, -7.80595686756, -0.00412341483779, 1.56332673846
5.24, 1.02315169458, -7.7903176449, -0.00465062917445, 1.5694104069
5.25, 1.02316207502, -7.77461837375, 0.00495576014374, 1.57534290611
5.26, 1.02325027855, -7.75886048241, 0.00875950062616, 1.58114132724
5.27, 1.02330435347, -7.74304525711, 0.00026422525843, 1.58681312129
5.28, 1.02326763707, -7.72717396728, -0.00648342887057, 1.59235462772
5.29, 1.02323511465, -7.7112480054, -8.3445847342e-05, 1.5977467127
5.3, 1.0232966661, -7.69526906719, 0.00895717039497, 1.60296324049
5.31, 1.02338585992, -7.67923855595, 0.00551257570295, 1.60806570082
5.32, 1.02338856532, -7.66317631884, -0.00488231421171, 1.60763139311
5.33, 1.02334811335, -7.64714250281, -0.00511851749689, 1.60430196821
5.34, 1.02334567118, -7.63114183025, 0.00341815823536, 1.60101285036
5.35, 1.02342561374, -7.6151735486, 0.00882784160127, 1.59781853588
5.36, 1.02349072778, -7.59923669908, 0.00191944212492, 1.59472678343
5.37, 1.0234664838, -7.58333036707, -0.00596197535785, 1.59171236016
5.38, 1.02342702925, -7.56745368986, -0.00159109812869, 1.5887845878
5.39, 1.02347330333, -7.55160593118, 0.00789121960282, 1.58593364531
5.4, 1.02356390227, -7.5357862417, 0.0066372399599, 1.58315434126
5.41, 1.0235819743, -7.51999666527, -0.00348139171991, 1.57851278133
5.42, 1.02354458029, -7.50429378241, -0.0051964800421, 1.56759910087
5.43, 1.02353088589, -7.48869766769, 0.00176124551737, 1.55700610583
5.44, 1.02359789987, -7.473205845, 0.00823388408103, 1.54673469773
5.45, 1.02366867923, -7.45781542149, 0.00329078173634, 1.53672626111
5.46, 1.02365842972, -7.44252341165, -0.00498737023258, 1.52703751828
5.47, 1.02361685319, -7.42732712582, -0.00276078981109, 1.51757578875
5.48, 1.02364706081, -7.41222390105, 0.00639849496847, 1.50840013264
5.49, 1.02373324888, -7.39721112014, 0.00721636938815, 1.49948430804
5.5, 1.02376503221, -7.38228618563, -0.00186154436128, 1.49082552931
5.51, 1.02372113007, -7.36744657818, -0.00579573781343, 1.4824063957
5.52, 1.02370691531, -7.35268996407, 0.00212228829792, 1.47421906601
5.53, 1.02377971199, -7.33804522275, 0.00878426625625, 1.45921796338
5.54, 1.02385143737, -7.32355969247, 0.0029399426418, 1.44340096547
5.55, 1.02383383292, -7.30923037244, -0.00584100415418, 1.42798749469
5.56, 1.02380064527, -7.29505302077, -0.00316608984696, 1.41301173982
5.57, 1.02381801457, -7.28102344408, 0.00474671862829, 1.39842489307
5.58, 1.02389302618, -7.2671375232, 0.00686083424299, 1.38424601445
5.59, 1.02393168683, -7.25339111367, -0.000551322768956, 1.37051993799
5.6, 1.02389883947, -7.23978028977, -0.0052548285962, 1.35713391417
5.61, 1.02387857818, -7.22631981099, 0.00069606599449, 1.3387503653
5.62, 1.0239352223, -7.21306469781, 0.00746658424684, 1.31795134246
5.63, 1.02400467057, -7.20001460387, 0.00366475769909, 1.29772160724
5.64, 1.0239995949, -7.18716384326, -0.00459077439406, 1.27807727159
5.65, 1.02395583685, -7.17450689911, -0.00352138349288, 1.25894663395
5.66, 1.0239745247, -7.16203840954, 0.00517539275554, 1.24036304424
5.67, 1.02405321193, -7.14975309243, 0.00699456542869, 1.22230284438
5.68, 1.02408802374, -7.13764573992, -0.00131514133461, 1.20475661472
5.69, 1.02404632244, -7.12571131341, -0.0060419935811, 1.18769852099
5.7, 1.02402317718, -7.1139450607, 0.000852535661541, 1.17110943382
5.71, 1.02408387663, -7.1023422656, 0.00787702141573, 1.15499732901
5.72, 1.02415354138, -7.09089820676, 0.00327290805284, 1.13934724537
5.73, 1.02414078844, -7.07963276921, -0.00551492006772, 1.11793958529
5.74, 1.02409038568, -7.06859654713, -0.00383105500978, 1.09504314392
5.75, 1.02411080099, -7.0577860756, 0.00564551094981, 1.07278291593
5.76, 1.02419313692, -7.04719478669, 0.00709847449163, 1.0511901566
5.77, 1.02422372891, -7.03681602598, -0.00212383492543, 1.03025594878
5.78, 1.02417322394, -7.0266433548, -0.00677144181804, 1.00994925282
5.79, 1.02414760966, -7.0166706838, 0.00101937445547, 0.990237203673
5.8, 1.02421267306, -7.00689217384, 0.00834294116347, 0.971102028158
5.81, 1.02428263801, -6.99730213648, 0.0028490343397, 0.952525586244
5.82, 1.02426603221, -6.98789509403, -0.00191280167327, 0.934500675923
5.83, 1.0242164803, -6.97867931825, -0.00499607960186, 0.912413185103
5.84, 1.02422029338, -6.96971015526, 0.00401471589091, 0.887232356571
5.85, 1.02429591023, -6.96098935543, 0.00739001120455, 0.862719344945
5.86, 1.02433761279, -6.95251021101, -0.000721747762658, 0.838881587076
5.87, 1.0243040486, -6.94426606015, -0.0047484616178, 0.815696414726
5.88, 1.0242652955, -6.93625052274, -0.00228030203619, 0.79313911061
5.89, 1.02429454206, -6.92845744539, 0.00557569827047, 0.771189260757
5.9, 1.02436299715, -6.92088079513, 0.00490860281816, 0.749837644158
5.91, 1.02437393443, -6.91351466611, -0.00339657471208, 0.729066498254
5.92, 1.02432485562, -6.90635337347, -0.00557874774259, 0.708851172453
5.93, 1.02431356593, -6.89939147855, 0.00209462264433, 0.689172210219
5.94, 1.02437572261, -6.89262365649, 0.00686065448825, 0.670023959454
5.95, 1.0244236999, -6.88604463203, 0.000605556651676, 0.651397630816
5.96, 1.02439152554, -6.87964926805, -0.00642351600132, 0.633274471574
5.97, 1.0243462537, -6.87343265011, -0.00245915230396, 0.615633058356
5.98, 1.02437782084, -6.86739002599, 0.00599349989166, 0.598464892189
5.99, 1.02444831858, -6.86151666849, 0.00477918784744, 0.58176778815
6.0, 1.02445323528, -6.85580791419, -0.00429724581626, 0.565529377819
6.01, 1.02439590916, -6.85025927344, -0.00616083303215, 0.549729309873
6.02, 1.02438402073, -6.84486646079, 0.00242294789506, 0.534352763026
6.03, 1.02445060219, -6.83962525261, 0.00718927223177, 0.519399187042
6.04, 1.02449705573, -6.83453143219, 2.03716798015e-05, 0.504863101767
6.05, 1.02445636428, -6.82958089415, -0.00730500723012, 0.490727972104
6.06, 1.024406406, -6.82476973746, -0.00249526886536, 0.476974403888
6.07, 1.02444183101, -6.82009419558, 0.00655514319801, 0.463597331286
6.08, 1.02451528163, -6.81555049245, 0.00469373871735, 0.450597369446
6.09, 1.02451423028, -6.81113489571, -0.00520382063141, 0.43796355153
6.1, 1.02446310726, -6.80684384742, -0.00625514677462, 0.425676046724
