timestamp, prius0 x posi, prius0 y posi, prius0 x vel, prius0 y vel.
0.0, 0.0, 0.0, 0.0, 0.0
0.00999999999999, -24.9959249317, -0.999937919941, 0.230693962108, -0.00100048459943
0.02, -24.9931656279, -0.999968601467, 0.299915842952, -0.00287821560442
0.03, -24.9897225912, -0.999987622882, 0.368017663024, 0.000600099622596
0.04, -24.9855784222, -0.999967658411, 0.445121699102, 0.00320696602904
0.05, -24.9805897044, -0.999983810667, 0.532680337083, -0.00520829152366
0.06, -24.9747290255, -1.00006775406, 0.620831011229, -0.00716028121579
0.07, -24.9679928563, -1.00008670683, 0.709104622568, 0.00473035164809
0.08, -24.9603813091, -1.0000621252, 0.797360075573, 0.00159497603348
0.09, -24.9518946321, -1.00004488864, 0.885593159427, 0.000183340394725
0.1, -24.9425328761, -1.00004896422, 0.973826472533, -0.002093044067
0.11, -24.9322960213, -1.00006630925, 1.06206238174, -0.00241615811489
0.12, -24.9211840344, -1.00007649244, 1.15030143461, -0.00120762041705
0.13, -24.9091969295, -1.00007915684, 1.23833599281, -0.00115188796472
0.14, -24.896337565, -1.00009059667, 1.32544160693, -0.00249531698298
0.15, -24.8826131169, -1.00011231326, 1.41161983864, -0.00287569066248
0.16, -24.8680328667, -1.00012747455, 1.49667750079, -0.00149619635778
0.17, -24.8526073388, -1.00012815506, 1.58068768405, -0.000408985194776
0.18, -24.8363469619, -1.00012843669, 1.66366069306, -0.00128069255065
0.19, -24.8192620326, -1.00014254771, 1.74560954911, -0.00272102552311
0.2, -24.8013627089, -1.00016316881, 1.82654780203, -0.00257404013693
0.21, -24.7826590135, -1.00017511147, 1.90648950758, -0.00144483334405
0.22, -24.763160842, -1.00018163953, 1.98544835426, -0.00164066788516
0.23, -24.7428779703, -1.00019920288, 2.0634366924, -0.00321269283738
0.24, -24.7218200572, -1.00022891268, 2.14046556964, -0.00374932946421
0.25, -24.6999966657, -1.00025272991, 2.21654500511, -0.00236435060366
0.26, -24.6774191188, -1.00026175283, 2.29161681393, -0.0012184763024
0.27, -24.6540989595, -1.00026980851, 2.36576786772, -0.00203693380727
0.28, -24.6300482239, -1.00029195365, 2.43904029932, -0.00354874415676
0.29, -24.605276079, -1.00032084037, 2.51145881968, -0.00330062438848
0.3, -24.579791162, -1.0003379429, 2.58299106, -0.00170834519141
0.31, -24.5536022078, -1.00034509782, 2.65364314392, -0.00156464016879
0.32, -24.5267178979, -1.00036268457, 2.72342653019, -0.00332608202312
0.33, -24.4991468015, -1.00039565904, 2.79235058372, -0.00421923344606
0.34, -24.4708975252, -1.00042442349, 2.86012482309, -0.00282396063313
0.35, -24.4419829843, -1.00043670007, 2.92582090575, -0.00146933455285
0.36, -24.4124212875, -1.00044779159, 2.98966879033, -0.00244201389886
0.37, -24.382230536, -1.00047550149, 3.05171796004, -0.00417562508693
0.38, -24.351428416, -1.00051029136, 3.1120138806, -0.00379292348732
0.39, -24.3200321891, -1.00053079468, 3.17060093427, -0.00192423061926
0.4, -24.2880587004, -1.00053958543, 3.22752171776, -0.00172062724585
0.41, -24.2555243984, -1.00055943281, 3.28281481803, -0.00360678239976
0.42, -24.2224453591, -1.00059550361, 3.33651660292, -0.00450755729979
0.43, -24.1888373061, -1.00062636429, 3.38866175105, -0.00294445077103
0.44, -24.1547155417, -1.00063946754, 3.43930680242, -0.00154680778607
0.45, -24.1200948873, -1.00065233702, 3.48848597965, -0.00270495158643
0.46, -24.0849898848, -1.00068355251, 3.53622456797, -0.00454750312877
0.47, -24.0494148393, -1.00072149553, 3.58254438385, -0.00401805291417
0.48, -24.0133838569, -1.00074333293, 3.62746425673, -0.00199194156679
0.49, -23.9769108615, -1.00075316887, 3.67100703358, -0.00187267555565
0.5, -23.9400094608, -1.00077561311, 3.71319188391, -0.00391864985527
0.51, -23.9026932809, -1.0008147538, 3.754015645, -0.00474914845799
0.52, -23.8649758588, -1.00084686175, 3.79349701508, -0.00295869761219
0.53, -23.8268704374, -1.00085970785, 3.83167325702, -0.00151724908329
0.54, -23.7883898396, -1.00087330741, 3.86858964593, -0.0028613774333
0.55, -23.7495464207, -1.00090686316, 3.90429303347, -0.00478964198283
0.56, -23.7103520603, -1.00094643467, 3.93882937011, -0.00407188197206
0.57, -23.6708181802, -1.00096770601, 3.97224448178, -0.00186235682586
0.58, -23.630955765, -1.00097663431, 4.00458154693, -0.00184147392053
0.59, -23.590775394, -1.00099999034, 4.03587982202, -0.00407913147154
0.6, -23.5502872642, -1.00104072322, 4.0661758591, -0.00484614230876
0.61, -23.5095012033, -1.00107251631, 4.0955056292, -0.00281145394345
0.62, -23.4684266859, -1.00108344113, 4.12390436868, -0.00132643214834
0.63, -23.4270728549, -1.00109626449, 4.15140492036, -0.00287986500042
0.64, -23.3854485381, -1.00113081808, 4.17803759361, -0.00489891326368
0.65, -23.3435622557, -1.00117057517, 4.20383207931, -0.00397463206195
0.66, -23.3014222259, -1.00118971336, 4.22881845623, -0.00158009540873
0.67, -23.2590363807, -1.00119632667, 4.25302543648, -0.00168521633602
0.68, -23.2164123838, -1.0012194533, 4.27647920866, -0.00413322056227
0.69, -23.1735576384, -1.00126063791, 4.29920462385, -0.00482247560753
0.7, -23.1304792886, -1.00129078517, 4.32122715866, -0.0025276125229
0.71, -23.0871842277, -1.0012984668, 4.34257209896, -0.00101513636423
0.72, -23.0436791164, -1.00130945979, 4.36326251964, -0.00280657612492
0.73, -22.9999703952, -1.0013441109, 4.38331947983, -0.00491688963387
0.74, -22.9560642844, -1.00138300541, 4.40276418006, -0.00376411049005
0.75, -22.9119667847, -1.00139882657, 4.42161867456, -0.00118354745741
0.76, -22.867683692, -1.00140211438, 4.43990359766, -0.00144337153925
0.77, -22.823220614, -1.00142426461, 4.45763717639, -0.00411896645125
0.78, -22.7785829743, -1.00146513102, 4.47483686979, -0.00471332268084
0.79, -22.733776007, -1.00149264937, 4.49152139709, -0.00214110870284
0.8, -22.6888047632, -1.00149611744, 4.50770933468, -0.000618795723148
0.81, -22.6436741304, -1.00150459074, 4.52341687986, -0.00267750740109
0.82, -22.5983888427, -1.00153878964, 4.5386585513, -0.00487662249195
0.83, -22.5529534749, -1.00157608813, 4.55344966316, -0.00347007078939
0.84, -22.507372439, -1.00158770791, 4.56780672235, -0.000702684299627
0.85, -22.4616500004, -1.00158697401, 4.58174453375, -0.0011477416253
0.86, -22.4157902948, -1.00160771917, 4.59527552957, -0.00406696921313
0.87, -22.3697973278, -1.0016477856, 4.60841192714, -0.00454539319521
0.88, -22.3236749642, -1.00167194935, 4.62116779196, -0.00167696319894
0.89, -22.2774269337, -1.00167049489, 4.63355692644, -0.000164227125097
0.9, -22.2310568526, -1.00167603723, 4.64559046733, -0.00252024520959
0.91, -22.184568232, -1.00170949771, 4.65727820456, -0.00480252734134
0.92, -22.1379644667, -1.00174469319, 4.66863139964, -0.00311366246749
0.93, -22.0912488279, -1.00175144228, 4.67966274195, -0.00015940302259
0.94, -22.0444244817, -1.00174622523, 4.69038278121, -0.00082235320135
0.95, -21.9974945075, -1.00176537552, 4.70079969489, -0.00399980599911
0.96, -21.9504618932, -1.00180436652, 4.71092202188, -0.00433722172711
0.97, -21.9033295188, -1.00182462756, 4.72076071588, -0.00115247392827
0.98, -21.8561001626, -1.00181772935, 4.73032619121, 0.000328906186437
0.99, -21.8087765263, -1.00182013689, 4.73962582639, -0.00235523882873
1.0, -21.7613612417, -1.00185276409, 4.74866601229, -0.00471169776016
1.01, -21.7138568536, -1.00188550266, 4.75745529639, -0.00270872541127
1.02, -21.6662658094, -1.00188685467, 4.76600380198, 0.000431437766045
1.03, -21.6185904816, -1.00187685905, 4.77431891956, -0.000484571516767
1.04, -21.5708331877, -1.00189439713, 4.78240567793, -0.0039335310974
1.05, -21.5229961812, -1.00193217695, 4.79027007851, -0.00410076241762
1.06, -21.4750816288, -1.0019480982, 4.79792108905, -0.000578507476762
1.07, -21.4270916193, -1.00193535916, 4.80536670182, 0.000846943332087
1.08, -21.3790281917, -1.00193457579, 4.81261143923, -0.00219722081813
1.09, -21.3308933419, -1.00196640709, 4.81965924088, -0.00461539735235
1.1, -21.2826889975, -1.00199642863, 4.82651692161, -0.00226338418721
1.11, -21.2344170062, -1.00199194516, 4.83319292614, 0.00106009151762
1.12, -21.1860791624, -1.00197699238, 4.8396922276, -0.000147047392609
1.13, -21.1376772303, -1.00199302524, 4.84601748046, -0.00387931873706
1.14, -21.0892129292, -1.0020295477, 4.85217297228, -0.00384294849467
1.15, -21.0406879046, -1.00204075476, 4.85816650385, 3.86684668118e-05
1.16, -20.9921037399, -1.00202185955, 4.86400429596, 0.00138024769479
1.17, -20.9434619907, -1.00201793778, 4.86968862532, -0.00205699979713
1.18, -20.8947641884, -1.00204910241, 4.87522165801, -0.00452074972184
1.19, -20.8460118085, -1.00207619915, 4.88060919752, -0.00178172049862
1.2, -20.797206257, -1.00206549174, 4.88585863067, 0.00172034154909
1.21, -20.7483489035, -1.00204548675, 4.89097299334, 0.000180737712961
1.22, -20.6994411066, -1.00206021302, 4.89595310535, -0.00384503778132
1.23, -20.6504841929, -1.00209548666, 4.90080214097, -0.00356724722501
1.24, -20.6014794228, -1.00210163385, 4.9055273391, 0.000695919587248
1.25, -20.5524280056, -1.00207631965, 4.91013356696, 0.0019218047047
1.26, -20.5033311398, -1.00206939433, 4.91462125949, -0.00194278934535
1.27, -20.4541900149, -1.00210008491, 4.91899129391, -0.00443195042227
1.28, -20.4050057714, -1.00212407123, 4.92324900427, -0.00126493410664
1.29, -20.3557794857, -1.00210677475, 4.92740114844, 0.00240832709993
1.3, -20.3065122116, -1.00208168417, 4.93144911636, 0.000491354162318
1.31, -20.2572050074, -1.0020953721, 4.93539226974, -0.00383623819451
1.32, -20.2078589086, -1.00212943498, 4.93923311577, -0.00327457182033
1.33, -20.158474887, -1.00213018098, 4.94297877958, 0.00139231221269
1.34, -20.109053871, -1.00209821836, 4.94663302366, 0.002466288334
1.35, -20.0595967931, -1.00208848994, 4.95019470095, -0.00186108988455
1.36, -20.0101045888, -1.00211894298, 4.95366375179, -0.00435110429383
1.37, -19.960578147, -1.00213963408, 4.95704546139, -0.000712182776232
1.38, -19.9110182951, -1.00211538892, 4.96034624755, 0.00312169162038
1.39, -19.8614258493, -1.00208522781, 4.9635660083, 0.000778607495786
1.4, -19.8118016439, -1.0020982012, 4.96670291186, -0.0038569012026
1.41, -19.762146496, -1.00213110316, 4.96975914063, -0.00296400118635
1.42, -19.7124611581, -1.00212609402, 4.97274205336, 0.00212838190817
1.43, -19.6627463451, -1.00208727507, 4.97565442935, 0.00300933885257
1.44, -19.6130027897, -1.00207499985, 4.97849370028, -0.00181733979288
1.45, -19.563231237, -1.00210548243, 4.98125913215, -0.00427880259049
1.46, -19.5134323848, -1.00212267859, 4.98395630528, -0.000121155113613
1.47, -19.4636068694, -1.00209111879, 4.986591484, 0.00385898512409
1.48, -19.4137553262, -1.00205594333, 4.98916313039, 0.00103697215647
1.49, -19.3638784214, -1.00206857276, 4.99166841083, -0.00390992664635
1.5, -19.313976807, -1.00210036231, 4.99410945892, -0.00263323401153
1.51, -19.2640510661, -1.00208921924, 4.9964941462, 0.00290564732886
1.52, -19.2141017495, -1.00204335076, 4.99882429307, 0.00354706696311
1.53, -19.1641294384, -1.00202883581, 5.00109600599, -0.00181635002787
1.54, -19.1141347345, -1.00205963624, 5.00330808031, -0.00421449797642
1.55, -19.0641181884, -1.00207311103, 5.00546669026, 0.000511540103879
1.56, -19.0140802878, -1.00203385656, 5.00757805512, 0.00461923889563
1.57, -18.9640215293, -1.00199376094, 5.0096391857, 0.00126119522782
1.58, -18.9139424524, -1.00200645858, 5.01164639169, -0.00399745513257
1.59, -18.8638435827, -1.00203717292, 5.01360199368, -0.00227889081388
1.6, -18.8137253711, -1.00201948326, 5.01551460999, 0.00372626506011
1.61, -18.7635882404, -1.00196638362, 5.01738504806, 0.00407569677668
1.62, -18.7134326565, -1.001949985, 5.01920814448, -0.00186259780625
1.63, -18.6632591124, -1.00198140609, 5.02098238919, -0.0041567415705
1.64, -18.6130680443, -1.00199089696, 5.02271482682, 0.00119011236786
1.65, -18.5628598223, -1.00194354895, 5.02441167591, 0.00540165959054
1.66, -18.5126348356, -1.00189866527, 5.02606842839, 0.00144601913676
1.67, -18.4623935281, -1.00191188208, 5.02768065414, -0.00412106989604
1.68, -18.4121363285, -1.00194153897, 5.02925107511, -0.00189670214351
1.69, -18.3618635821, -1.00191684944, 5.0307892603, 0.00459278803606
1.7, -18.3115756108, -1.00185634797, 5.03229488305, 0.00459130854807
1.71, -18.2612727927, -1.00183847125, 5.03376154249, -0.00196041788164
1.72, -18.2109555389, -1.00187082517, 5.03518756375, -0.00410331966273
1.73, -18.1606241948, -1.00187602558, 5.03658113269, 0.00191941848653
1.74, -18.1102790359, -1.00182016354, 5.03794845439, 0.00620540690013
1.75, -18.0599203684, -1.00177066386, 5.03928339585, 0.00158598956127
1.76, -18.009548564, -1.00178488828, 5.04058088807, -0.00428191104858
1.77, -17.9591639765, -1.00181347899, 5.04184426128, -0.00148161577845
1.78, -17.9087668658, -1.00178129029, 5.04308421823, 0.00550799525729
1.79, -17.8583574731, -1.00171322859, 5.04429911612, 0.005089650587
1.8, -17.8079361101, -1.00169433088, 5.04548133981, -0.00211412033225
1.81, -17.7575031261, -1.00172793483, 5.04662917427, -0.00405131848959
1.82, -17.7070587934, -1.00172848726, 5.04775222487, 0.00270485367323
1.83, -17.6566033106, -1.00166366784, 5.04885661494, 0.00702942655129
1.84, -17.6061369188, -1.0016097678, 5.04993445301, 0.00167532145064
1.85, -17.5556599367, -1.00162552531, 5.0509801243, -0.00448072847342
1.86, -17.5051726593, -1.00165300797, 5.05199777778, -0.00102784939596
1.87, -17.454675276, -1.00161277035, 5.05299941703, 0.00647476612397
1.88, -17.404167963, -1.00153700507, 5.05398184322, 0.00556599438194
1.89, -17.3536509822, -1.00151759816, 5.05493625163, -0.00232805963631
1.9, -17.3031246368, -1.00155277041, 5.05586100151, -0.00399714152017
1.91, -17.2525891395, -1.00154825968, 5.05676741404, 0.00355228000017
1.92, -17.2020446245, -1.00147401652, 5.05766140443, 0.0078723144086
1.93, -17.1514912827, -1.00141598022, 5.05853317113, 0.00170780036289
1.94, -17.1009293943, -1.00143383344, 5.0593766438, -0.00471789492458
1.95, -17.0503592082, -1.00146012647, 5.06019701379, -0.000528910055722
1.96, -16.9997808542, -1.00141123592, 5.06100773803, 0.00749597839024
1.97, -16.9491944555, -1.00132764276, 5.06180376477, 0.00601501334622
1.98, -16.8986002376, -1.00130829707, 5.06257513529, -0.00260667264701
1.99, -16.8479984701, -1.00134535297, 5.06332039085, -0.00393649582363
2.0, -16.7973893156, -1.0013352998, 5.06405289194, 0.0044679760314
2.01, -16.7467728539, -1.00125114433, 5.0647781553, 0.00873219655012
2.02, -16.696149237, -1.0011892903, 5.06548430886, 0.00167670612297
2.03, -16.6455187188, -1.00120983929, 5.06616491649, -0.00499339051343
2.04, -16.5948815117, -1.00123481465, 5.06682645802, 2.24088606414e-05
2.05, -16.5442376935, -1.00117660956, 5.06748398012, 0.00857441962359
2.06, -16.4935873439, -1.00108508841, 5.06813022411, 0.00643067666832
2.07, -16.4429306633, -1.00106643751, 5.0687541321, -0.0029544919064
2.08, -16.3922678973, -1.00110568529, 5.06935453021, -0.00386435312546
2.09, -16.3415991655, -1.00108953975, 5.06994717764, 0.00545860197469
2.1, -16.2909245004, -1.00099496287, 5.07053692939, 0.0096066201938
2.11, -16.2402440249, -1.00092967089, 5.07110968335, 0.00157475529806
2.12, -16.1895579763, -1.00095355341, 5.07165872701, -0.00530676096213
2.13, -16.1388665377, -1.00097702943, 5.07219210711, 0.000634050441468
2.14, -16.0881697403, -1.00090878759, 5.0727265756, 0.00971270877581
2.15, -16.0374676399, -1.00082287533, 5.07325026242, 0.00738456704983
2.16, -15.986760403, -1.00078755873, 5.07375681106, -0.00110256903029
2.17, -15.9360482396, -1.00081596869, 5.07424249303, -0.00366718600661
2.18, -15.8853312645, -1.00080754863, 5.07472049831, 0.00420801993158
2.19, -15.834609488, -1.00072090353, 5.07519892694, 0.00955982998425
2.2, -15.7838829873, -1.00064459373, 5.0756647761, 0.00342206268474
2.21, -15.7331519607, -1.00065077639, 5.07611015539, -0.00404208277567
2.22, -15.6824165829, -1.00067355328, 5.07654035482, -0.000223633498134
2.23, -15.63167688, -1.00061712532, 5.07697244685, 0.00873722993078
2.24, -15.5809328609, -1.00051628364, 5.07740034712, 0.00795469321896
2.25, -15.5301846647, -1.00048047869, 5.07781089519, -0.00138274200185
2.26, -15.4794325, -1.00051121637, 5.07820168395, -0.00366474884777
2.27, -15.4286764522, -1.00049744553, 5.07858841459, 0.00515104979016
2.28, -15.3779164946, -1.00040009735, 5.07897910068, 0.0105243447219
2.29, -15.327152685, -1.00031918127, 5.07935819705, 0.00342816849173
2.3, -15.2763852177, -1.00032833459, 5.07971744148, -0.00438792830908
2.31, -15.2256142515, -1.00035047386, 5.08006350662, 0.000285910559545
2.32, -15.1748398271, -1.00028450249, 5.08039789896, 0.0098890885881
2.33, -15.1240622357, -1.00018925282, 5.08069377202, 0.00837194393434
2.34, -15.0732819275, -1.00013959309, 5.08094541489, 0.000481126362588
2.35, -15.0224993884, -1.00015594632, 5.08114238993, -0.00293008146275
2.36, -14.9717152486, -1.00014580558, 5.08127569071, 0.00407472434434
2.37, -14.920929874, -1.00005856509, 5.08138581842, 0.0099953358425
2.38, -14.8701436201, -0.999971494044, 5.08144335837, 0.00493831797467
2.39, -14.8193571686, -0.999962334498, 5.08144027347, -0.00274020515095
2.4, -14.7685709554, -0.999978571117, 5.0814029295, -9.52677865022e-05
2.41, -14.717785219, -0.999923243402, 5.08134295323, 0.00868890778082
2.42, -14.6670002156, -0.99981711305, 5.08124538733, 0.00904096402127
2.43, -14.6162165383, -0.999766067082, 5.08108941569, 0.00027002316299
2.44, -14.5654346322, -0.999784713866, 5.08089899051, -0.00297993161628
2.45, -14.514654792, -0.999770059723, 5.08067094248, 0.00493405742723
2.46, -14.4638773905, -0.999672408128, 5.08041670066, 0.0109868834829
2.47, -14.413102687, -0.999579956809, 5.08012988319, 0.00504140591124
2.48, -14.3623310364, -0.999573191614, 5.07981229445, -0.0030795312642
2.49, -14.3115627551, -0.999589382662, 5.07946280162, 0.000317707208248
2.5, -14.2607980212, -0.999525303532, 5.07909247425, 0.00980116691309
2.51, -14.2100371578, -0.999409998646, 5.07869431172, 0.00962216242385
2.52, -14.1592804812, -0.999358533762, 5.07824970104, -4.527333149e-05
2.53, -14.1085285851, -0.999380169321, 5.07775555572, -0.00305683333484
2.54, -14.0577817158, -0.999360749235, 5.07724605723, 0.00584866467446
2.55, -14.0070398641, -0.999264198993, 5.07675195949, 0.0103382068737
2.56, -13.9563032634, -0.999163231044, 5.07619727542, 0.00674059073473
2.57, -13.9055723621, -0.999138711997, 5.07561106923, -0.00168842614631
2.58, -13.8548474667, -0.999152456153, 5.07500263308, -0.000384132788297
2.59, -13.8041286792, -0.999099966574, 5.07438840561, 0.00872277469596
2.6, -13.7534160425, -0.998985286454, 5.07376071492, 0.0105542779392
2.61, -13.7027100013, -0.998916361084, 5.07307152379, 0.00196098264773
2.62, -13.6520111249, -0.998925545463, 5.07233835693, -0.0027361938176
2.63, -13.6013197798, -0.998913744917, 5.07158355877, 0.00451430868968
2.64, -13.5506357909, -0.998814505487, 5.07084666355, 0.0118171088601
2.65, -13.4999593413, -0.998706391161, 5.07008895762, 0.00697431634851
2.66, -13.449290748, -0.998683726414, 5.06926774107, -0.00204902927299
2.67, -13.3986305526, -0.998698273483, 5.06842274883, -7.91541499694e-05
2.68, -13.3479787629, -0.998637599241, 5.06758451517, 0.00984371281628
2.69, -13.2973353417, -0.998526782384, 5.06673519729, 0.0104781286832
2.7, -13.2467006128, -0.998446981886, 5.06585977643, 0.00373605664145
2.71, -13.1960747519, -0.998439660322, 5.06497354076, -0.00159823793663
2.72, -13.1454578758, -0.998427776142, 5.06406057287, 0.00366658895297
2.73, -13.0948500385, -0.998339533864, 5.06315382637, 0.0109563108551
2.74, -13.0442514019, -0.998229346264, 5.06223326379, 0.00813859111721
2.75, -12.9936619897, -0.998188836233, 5.06129586265, -0.000179372752274
2.76, -12.9430823975, -0.998193495026, 5.06023819503, -3.59777223606e-05
2.77, -12.8925141431, -0.998141657155, 5.05908931473, 0.00855952714815
2.78, -12.8419589405, -0.998023969004, 5.05756055639, 0.011389404401
2.79, -12.7914204958, -0.997940926532, 5.05571206488, 0.00365526109503
2.8, -12.74090216, -0.997936013431, 5.05363687734, -0.00177577555643
2.81, -12.6904058931, -0.997921466152, 5.05128334614, 0.0043493301439
2.82, -12.6399340308, -0.99782337238, 5.04869377437, 0.0120118904689
2.83, -12.5894898534, -0.997706181361, 5.04581069279, 0.00843617513292
2.84, -12.5390753634, -0.997667056727, 5.04276388354, -0.00052973937144
2.85, -12.4886921792, -0.997673124175, 5.03956101015, 0.000160845987654
2.86, -12.4383421273, -0.99761424614, 5.03608566254, 0.00958887047116
2.87, -12.3880282453, -0.997486717061, 5.03237941092, 0.012142107162
2.88, -12.3377527962, -0.997401511906, 5.02834954106, 0.00345982611212
2.89, -12.2875194475, -0.997399969668, 5.02398355601, -0.00201953948316
2.9, -12.2373313629, -0.997382945565, 5.01936622507, 0.00504844957473
2.91, -12.1871897046, -0.997274781755, 5.01469608532, 0.0130757034002
2.92, -12.1370951796, -0.997164506748, 5.00994143692, 0.00923281202471
2.93, -12.0870490952, -0.997109755738, 5.00495383601, 0.00128910295154
2.94, -12.0370543833, -0.997104463832, 4.99973723388, 0.000458576465542
2.95, -11.9871121906, -0.997052601721, 4.99445087415, 0.00835482719614
2.96, -11.9372234886, -0.996933848702, 4.98896717088, 0.0119408410141
2.97, -11.8873913361, -0.996839287516, 4.98321301677, 0.00517225502145
2.98, -11.8376172187, -0.996820430233, 4.97736693047, -0.000710152776936
2.99, -11.7879017555, -0.996801845464, 4.97155035743, 0.00427368182749
3.0, -11.7382467206, -0.996705560634, 4.96513618837, 0.0120063182765
3.01, -11.6886571555, -0.996582119162, 4.95855642652, 0.00961104062384
3.02, -11.639133556, -0.996528114141, 4.95194790997, 0.000968743266654
3.03, -11.5896769155, -0.996524651532, 4.94510533011, 0.000556623591496
3.04, -11.5402900017, -0.996466936535, 4.93803706055, 0.00927711448583
3.05, -11.4909752184, -0.996338787763, 4.93072711966, 0.0127049111883
3.06, -11.4417337104, -0.996241566966, 4.92332705459, 0.00503274435238
3.07, -11.3925675161, -0.996226024458, 4.91572821751, -0.00100406158818
3.08, -11.3434771714, -0.996206047966, 4.90817287369, 0.00483506566038
3.09, -11.2944624954, -0.996100770763, 4.90057737623, 0.013009178147
3.1, -11.2455234775, -0.995970610645, 4.89308751835, 0.00988615816456
3.11, -11.1966593171, -0.995918473556, 4.88550319704, 0.000538721628406
3.12, -11.1478731108, -0.995917530232, 4.87756212058, 0.000627583398618
3.13, -11.0991661953, -0.995853810667, 4.86958722119, 0.0102335409003
3.14, -11.0505398915, -0.995716148848, 4.86149616577, 0.0134460192901
3.15, -11.0019945879, -0.995616978346, 4.85338452734, 0.00479014103578
3.16, -10.9535302914, -0.995605683188, 4.84527508447, -0.00136136636518
3.17, -10.9051485917, -0.995584293105, 4.83690936098, 0.00544695327769
3.18, -10.8568502075, -0.995477346562, 4.82825025575, 0.0107627485947
3.19, -10.8086349355, -0.995344113315, 4.82028668477, 0.0112551759362
3.2, -10.7605025411, -0.995274703181, 4.81199125986, 0.0021092067073
3.21, -10.7124545418, -0.995268534084, 4.80345501499, 0.000173983021911
3.22, -10.6644918392, -0.995216457044, 4.79492489484, 0.00890761057666
3.23, -10.6166141907, -0.995083778519, 4.78643624659, 0.0138894256071
3.24, -10.5688215659, -0.994970086083, 4.77785466717, 0.00673234653023
3.25, -10.5211158865, -0.994944390168, 4.76911788336, -0.000714999110023
3.26, -10.4734976943, -0.994928519189, 4.76036119446, 0.00412981373552
3.27, -10.4259675468, -0.994825711991, 4.75144321381, 0.0134025907151
3.28, -10.3785270694, -0.994696453779, 4.74255136481, 0.0122339133212
3.29, -10.3311766951, -0.994610448535, 4.73340625554, 0.00391156011167
3.3, -10.2839173586, -0.994594547262, 4.7242361588, 0.000220669680963
3.31, -10.236750826, -0.994551685185, 4.71492546824, 0.00753207806225
3.32, -10.1896773972, -0.994427615351, 4.70557239057, 0.0138198246203
3.33, -10.1426991942, -0.994303013507, 4.69593088376, 0.00855481964044
3.34, -10.0958177546, -0.99426047809, 4.68621182006, 0.000408986359048
3.35, -10.0490334995, -0.994245686122, 4.67649850535, 0.00308809036405
3.36, -10.002346316, -0.994156068397, 4.66679448473, 0.0123409376101
3.37, -9.95575654499, -0.994012379464, 4.65694150978, 0.0127902541814
3.38, -9.90926654293, -0.993926263875, 4.64691819002, 0.00355239365252
3.39, -9.86287697613, -0.993914173941, 4.63686207355, 2.70960335011e-05
3.4, -9.8165875336, -0.993867961141, 4.62696239505, 0.00830052469244
3.41, -9.77039908153, -0.993742194515, 4.6161195603, 0.0114425883362
3.42, -9.72431628982, -0.993616729075, 4.60591069179, 0.00969128226616
3.43, -9.67834059464, -0.993558036834, 4.59518831262, 0.00199978176348
3.44, -9.63247140131, -0.99353654968, 4.58446886735, 0.00283509320239
3.45, -9.58671028343, -0.993457430336, 4.57358462464, 0.0110113279037
3.46, -9.54105887755, -0.993320349015, 4.5625895453, 0.0129803021721
3.47, -9.49551708711, -0.993221926193, 4.55165626822, 0.00535842177795
3.48, -9.4500843806, -0.993195165817, 4.5407772862, 0.000822516053143
3.49, -9.40476025774, -0.993152731504, 4.52988950865, 0.00711176266769
3.5, -9.35954565285, -0.993031482776, 4.5189899994, 0.0139006212707
3.51, -9.31443991178, -0.992899115464, 4.50801134437, 0.00983623319329
3.52, -9.26944386531, -0.99284290886, 4.49708544016, 0.00157642328829
3.53, -9.22455689791, -0.992823321215, 4.4862020169, 0.0029821876318
3.54, -9.17977869337, -0.992738040417, 4.4752670722, 0.0119121714621
3.55, -9.13511070748, -0.992592792225, 4.46422071229, 0.013546080209
3.56, -9.09055269138, -0.992493830012, 4.45327332981, 0.0050334929074
3.57, -9.04610442612, -0.992471222418, 4.44221188274, 0.000531934342403
3.58, -9.00176757676, -0.992426814044, 4.43106055932, 0.00773563553892
3.59, -8.95754175745, -0.99229678, 4.42000360316, 0.0147932027043
3.6, -8.91342631663, -0.992159620808, 4.40892253085, 0.00988422094452
3.61, -8.86942256694, -0.992106955122, 4.39768191538, 0.00105952452892
3.62, -8.82553167632, -0.992089682741, 4.38641685332, 0.00313533855061
3.63, -8.78175274664, -0.991997834576, 4.37528250542, 0.0128626828203
3.64, -8.73808443101, -0.991858569432, 4.36422850038, 0.0140012088997
3.65, -8.69452777006, -0.991745676746, 4.35306738848, 0.00682937864624
3.66, -8.65108298252, -0.991710786161, 4.34184924896, 0.000953775930166
3.67, -8.60774897769, -0.991673322846, 4.33089637516, 0.00636718414164
3.68, -8.56452298894, -0.991554945569, 4.32024115048, 0.0142262584344
3.69, -8.52140210223, -0.991411343243, 4.30986254596, 0.0114229136756
3.7, -8.47838370782, -0.991341227242, 4.29973767115, 0.00250152491111
3.71, -8.43546537638, -0.991321166423, 4.28984371428, 0.00240157156463
3.72, -8.39264476135, -0.991242631355, 4.28019560692, 0.0115039252162
3.73, -8.34991924738, -0.99109282738, 4.27080980459, 0.0147319684408
3.74, -8.3072864698, -0.990978085333, 4.26163236334, 0.00659063940856
3.75, -8.26474453448, -0.990947370894, 4.25266243041, 0.000592050929164
3.76, -8.22229096638, -0.990908823603, 4.24395731429, 0.00692049672288
3.77, -8.17992297802, -0.990781492597, 4.23553415148, 0.0152118615297
3.78, -8.13763782286, -0.990645131445, 4.22741840123, 0.012195613734
3.79, -8.09543125162, -0.990559853913, 4.21979959067, 0.00424165504315
3.8, -8.05329895519, -0.990529528664, 4.21256606402, 0.00257241330543
3.81, -8.01123657724, -0.990459075574, 4.20591808679, 0.0101881332742
3.82, -7.96923596147, -0.990318403073, 4.20018164497, 0.0145259348059
3.83, -7.92728901054, -0.990194254828, 4.19509256383, 0.00829452223466
3.84, -7.88539029703, -0.990146681539, 4.19061545233, 0.00181956413366
3.85, -7.84353286294, -0.99010749237, 4.18665183279, 0.00605838317274
3.86, -7.80171210767, -0.989992386343, 4.18346738855, 0.0141536197733
3.87, -7.75991866276, -0.989842361142, 4.18104801059, 0.0126451579274
3.88, -7.71814635491, -0.989757257122, 4.17946404313, 0.00394474788294
3.89, -7.67638305864, -0.989728948219, 4.17900208622, 0.00262133275126
3.9, -7.63462240792, -0.989652921266, 4.17881689702, 0.0111137710152
3.91, -7.59286077459, -0.989502088016, 4.17915346534, 0.0154120997241
3.92, -7.55108661735, -0.989373805463, 4.18138400181, 0.00829265235989
3.93, -7.50928840581, -0.989328578665, 4.18414438982, 0.00158369713733
3.94, -7.46745802401, -0.989287511642, 4.1876717149, 0.00667040164372
3.95, -7.42558883242, -0.989162416691, 4.19203473219, 0.0152972837438
3.96, -7.38367122114, -0.989003726451, 4.19733617034, 0.013138970272
3.97, -7.3416956596, -0.988918349908, 4.20345659322, 0.0037025835022
3.98, -7.29965659971, -0.988891009421, 4.21019280286, 0.00282131546035
3.99, -7.25754470748, -0.988807526818, 4.21800443096, 0.0122410395396
4.0, -7.2153497978, -0.988644847688, 4.22661453158, 0.0164319200995
4.01, -7.17306776283, -0.988511541522, 4.23527317051, 0.00835358945108
4.02, -7.13069185262, -0.988467689156, 4.24566995518, 0.00148423632904
4.03, -7.08820766512, -0.988423022288, 4.25676753257, 0.00747430610513
4.04, -7.04561006134, -0.988286077603, 4.26850743816, 0.0166154829047
4.05, -7.00288993601, -0.988131005904, 4.28124935856, 0.0143377642486
4.06, -6.96003794718, -0.988026073528, 4.29469509542, 0.00585978845973
4.07, -6.91704978241, -0.987984933643, 4.30849914232, 0.0032909409818
4.08, -6.87392096498, -0.987906699287, 4.32299999363, 0.0112190837258
4.09, -6.83064178437, -0.987749518378, 4.33855563913, 0.0166495094908
4.1, -6.78720172061, -0.987602034071, 4.35496715879, 0.0105550243358
4.11, -6.74359648449, -0.987536845188, 4.37160449013, 0.00309702718118
4.12, -6.69982246201, -0.987488087232, 4.38891753762, 0.00695348871886
4.13, -6.65586788771, -0.987359424006, 4.40768635106, 0.0159972759406
4.14, -6.61172173132, -0.98718568175, 4.42694551623, 0.0152609552075
4.15, -6.56738375528, -0.987076665631, 4.44591988572, 0.00594733204981
4.16, -6.52285932145, -0.987033852305, 4.46427425998, 0.00371276012221
4.17, -6.47815430915, -0.986945910983, 4.48206063169, 0.0125991713594
4.18, -6.43327418207, -0.986773752689, 4.49931167472, 0.018026246894
4.19, -6.38822439437, -0.986617666203, 4.51601028511, 0.0109542341884
4.2, -6.34301050335, -0.986551420933, 4.5321613223, 0.00316650413038
4.21, -6.29763780413, -0.986497726404, 4.54780057271, 0.00789663257302
4.22, -6.2521110607, -0.986355306032, 4.56298389135, 0.0175598703066
4.23, -6.20643486669, -0.986183362506, 4.57770013149, 0.0160724229284
4.24, -6.16061394714, -0.986056409083, 4.5919486157, 0.0082304405322
4.25, -6.11465295989, -0.985995168964, 4.60573957945, 0.00483622569624
4.26, -6.0685562378, -0.985907294863, 4.61911531163, 0.0118594579086
4.27, -6.02232771773, -0.985741974479, 4.63210829718, 0.0178291398494
4.28, -5.97597131627, -0.985576249427, 4.64470170274, 0.0128302279563
4.29, -5.92949109447, -0.985488005178, 4.6568922922, 0.00517920945345
4.3, -5.88289096773, -0.985425040878, 4.66870522943, 0.00782908346552
4.31, -5.83617441059, -0.985290365308, 4.68018840123, 0.0166417969363
4.32, -5.7893447021, -0.985104417346, 4.69134076015, 0.0170519201544
4.33, -5.74240528162, -0.984973018846, 4.7021428973, 0.0083238135516
4.34, -5.69535965731, -0.984911101241, 4.71260343878, 0.00507959358739
4.35, -5.64821099644, -0.984815861586, 4.72276454266, 0.0130010170065
4.36, -5.60096209599, -0.984637350278, 4.73265460627, 0.0190985973135
4.37, -5.5536158055, -0.984463493507, 4.74224777528, 0.0132079891443
4.38, -5.50617518651, -0.984374952279, 4.75153686394, 0.0051062802294
4.39, -5.45864317285, -0.984309346745, 4.76054566815, 0.00849864203987
4.4, -5.41102225559, -0.984163402374, 4.76932263077, 0.0180049978688
4.41, -5.363314778, -0.983965795465, 4.77785846431, 0.0178815127839
4.42, -5.31552331646, -0.983831532198, 4.78612818871, 0.00825132192447
4.43, -5.26765055424, -0.983770234484, 4.79413824121, 0.0052367191319
4.44, -5.2196988231, -0.983667936696, 4.80193257267, 0.0141435273178
4.45, -5.17167009641, -0.983488366056, 4.80953072133, 0.0186624275088
4.46, -5.12356651394, -0.983303729774, 4.81691193495, 0.0151432637162
4.47, -5.07539033119, -0.98319508626, 4.82406208216, 0.00672731810023
4.48, -5.02714380557, -0.983124905901, 4.83099724513, 0.00799664094813
4.49, -4.97882880295, -0.982988655232, 4.83776233042, 0.0171146392554
4.5, -4.93044699485, -0.982789709049, 4.84435669364, 0.0190212234736
4.51, -4.88200026731, -0.982635822533, 4.85075048394, 0.0104777775858
4.52, -4.8334906846, -0.982559982028, 4.85694362139, 0.00575447958074
4.53, -4.78492005231, -0.982463508884, 4.86297118755, 0.0129789189523
4.54, -4.73628980376, -0.982279451703, 4.86886507376, 0.020332316655
4.55, -4.68760143439, -0.982085781608, 4.87459415433, 0.015566319372
4.56, -4.63885673293, -0.981977133243, 4.88014173753, 0.00654989368137
4.57, -4.59005746345, -0.981905987419, 4.88552359288, 0.00847494727275
4.58, -4.54120497277, -0.981759846032, 4.89078798521, 0.018406636844
4.59, -4.49230044623, -0.981563120787, 4.89592295501, 0.019115025222
4.6, -4.443345352, -0.981396563725, 4.90090789605, 0.0124380180328
4.61, -4.39434124846, -0.981302414092, 4.90573689185, 0.00706548012541
4.62, -4.34528955396, -0.981204271571, 4.91043659573, 0.0122804618583
4.63, -4.29619133949, -0.981029749602, 4.91503967425, 0.0196211064535
4.64, -4.24704768188, -0.980832408292, 4.91952264447, 0.0168998748062
4.65, -4.19785993218, -0.980704188559, 4.9238647553, 0.00859117163495
4.66, -4.14862948601, -0.980621559158, 4.92807579253, 0.00866687529004
4.67, -4.09935739478, -0.980482875829, 4.9321969409, 0.017256474085
4.68, -4.05004450426, -0.980277777563, 4.93623120257, 0.0201838159265
4.69, -4.00069187795, -0.980106404686, 4.94014459138, 0.0125137896885
4.7, -3.95130081182, -0.980013166272, 4.94393156283, 0.00703065127683
4.71, -3.90187241022, -0.979910988331, 4.94762129014, 0.0130991435045
4.72, -3.85240741145, -0.979725190655, 4.95124766743, 0.0208255895305
4.73, -3.8029065954, -0.979519291508, 4.95478071995, 0.0173551802431
4.74, -3.75337106109, -0.979390914867, 4.95819792447, 0.00838888489056
4.75, -3.70380195135, -0.979308279042, 4.96150987399, 0.00900041536982
4.76, -3.65420002925, -0.979161148254, 4.96476198503, 0.0184327209082
4.77, -3.60456586108, -0.978944654472, 4.96795301094, 0.0210948125989
4.78, -3.55490028021, -0.978769549483, 4.97104432301, 0.0124697856433
4.79, -3.50520437752, -0.978678217272, 4.97403040691, 0.00693082992308
4.8, -3.45547902176, -0.978572077234, 4.97694394629, 0.01395051726
4.81, -3.40572467963, -0.97838266395, 4.97922769303, 0.0187168412856
4.82, -3.35594198986, -0.978172045662, 4.98261770138, 0.0189137656358
4.83, -3.30613175453, -0.978024075779, 4.98532718858, 0.0102210663672
4.84, -3.25629493118, -0.977933566887, 4.98794838288, 0.00879783437266
4.85, -3.20643215376, -0.977795983394, 4.99052181689, 0.0172820753627
4.86, -3.15654380012, -0.977582886355, 4.99305778402, 0.0217005719124
4.87, -3.10663045801, -0.977391271042, 4.99551714434, 0.0146459103605
4.88, -3.05669301271, -0.977282928649, 4.99788878477, 0.00784726554299
4.89, -3.00673221924, -0.977179863332, 5.00019733795, 0.0128462887617
4.9, -2.95674843551, -0.976992755995, 5.00248328781, 0.021549152916
4.91, -2.90674201512, -0.976770924065, 5.004718542, 0.01949816986
4.92, -2.85671366411, -0.976622123072, 5.00687322272, 0.0100145704504
4.93, -2.80666421142, -0.976532471579, 5.00895298671, 0.00900059458343
4.94, -2.75659412043, -0.976387453369, 5.01100356223, 0.0184117972226
4.95, -2.70650359314, -0.976174491874, 5.01302652231, 0.0210590333918
4.96, -2.65639314351, -0.975974543046, 5.01499213042, 0.0163505032746
4.97, -2.60626343932, -0.975847347701, 5.01688510746, 0.00944219590403
4.98, -2.55611513149, -0.975739203419, 5.01872350881, 0.0124146274114
4.99, -2.50594851218, -0.97556188227, 5.02054596849, 0.0205560732402
5.0, -2.45576380293, -0.975340751722, 5.02233556511, 0.0203834248714
5.01, -2.40556152919, -0.975174375141, 5.02406039918, 0.0121156411031
5.02, -2.35534238733, -0.975070199939, 5.02572140271, 0.00959615885303
5.03, -2.30510679096, -0.974930288421, 5.02735597351, 0.0172664704561
5.04, -2.25485486755, -0.974713960885, 5.02898072727, 0.0225166839369
5.05, -2.2045869232, -0.974507319737, 5.03055634396, 0.0165685287515
5.06, -2.15430358867, -0.97438094845, 5.03206730843, 0.00928893789475
5.07, -2.10400542213, -0.974270913455, 5.03353382856, 0.0129930592152
5.08, -2.0536925859, -0.974083677723, 5.0349984525, 0.0217453366066
5.09, -2.00336519073, -0.973852791546, 5.03643869887, 0.021026222243
5.1, -1.95302369581, -0.973684974467, 5.0378202399, 0.0119419478075
5.11, -1.90266873633, -0.973582068514, 5.03914500899, 0.00969960087032
5.12, -1.85230062074, -0.973435917614, 5.04045551069, 0.0182899236705
5.13, -1.80191935904, -0.973208089965, 5.04176694404, 0.0235655937093
5.14, -1.75152518263, -0.972995859537, 5.04303419704, 0.01668507391
5.15, -1.70111867901, -0.972871285459, 5.04424201749, 0.00906144116415
5.16, -1.65070033531, -0.972759537333, 5.04541375695, 0.0135994154984
5.17, -1.60027020162, -0.972561889547, 5.04659601426, 0.0229806802189
5.18, -1.54982833348, -0.972334859388, 5.04775464383, 0.0222032665475
5.19, -1.49937509558, -0.972148310046, 5.04886925611, 0.0139555145252
5.2, -1.44891102912, -0.972033828196, 5.04993213596, 0.00990634977498
5.21, -1.39843644784, -0.971895437185, 5.05097891672, 0.0170595565261
5.22, -1.34795131742, -0.971674489676, 5.05203595336, 0.0236971038812
5.23, -1.29745574342, -0.971449042147, 5.05306205746, 0.018752269732
5.24, -1.24695020511, -0.971305294957, 5.05403557957, 0.0103987175921
5.25, -1.19643517893, -0.97119279474, 5.05497231443, 0.0127211795923
5.26, -1.14591072096, -0.971006650851, 5.05592039813, 0.0221036050679
5.27, -1.09537676389, -0.970762840523, 5.05686416855, 0.0230061127466
5.28, -1.04483359742, -0.970573722874, 5.05776185217, 0.013830968477
5.29, -0.994281764838, -0.970460966649, 5.05861080599, 0.00990221137487
5.3, -0.943721513527, -0.970317362165, 5.05945191465, 0.0180201834962
5.31, -0.893152704696, -0.970092623154, 5.05964818298, 0.021523053289
5.32, -0.84257548485, -0.969863798554, 5.06113835439, 0.0201586165715
5.33, -0.791990187026, -0.969701278574, 5.06192554213, 0.0122308788471
5.34, -0.741397252421, -0.969579996404, 5.0626777385, 0.0126548063269
5.35, -0.690796761228, -0.969402458254, 5.06343789634, 0.0209781816537
5.36, -0.640188608925, -0.969162862698, 5.06420291, 0.0234606267521
5.37, -0.589572977948, -0.968958683566, 5.0649315766, 0.0159091410269
5.38, -0.538950333835, -0.968828784515, 5.06561648137, 0.0109187354345
5.39, -0.488320940562, -0.968686941621, 5.06628948723, 0.0170293848104
5.4, -0.437684685641, -0.968464419178, 5.06698335345, 0.0242658592061
5.41, -0.387041546694, -0.968225885842, 5.06765986497, 0.020582346258
5.42, -0.336392130118, -0.968063295383, 5.06822530986, 0.0120402836065
5.43, -0.285737600366, -0.967941779923, 5.06870965207, 0.0130087786047
5.44, -0.235078377541, -0.967755835463, 5.06915723317, 0.022125424643
5.45, -0.184414812066, -0.967505350318, 5.06958377477, 0.0243128275254
5.46, -0.133747338104, -0.967297863836, 5.06993436438, 0.0158435647742
5.47, -0.0830767635784, -0.967169822701, 5.07021607711, 0.0108379835891
