timestamp, prius1 x posi, prius1 y posi, prius1 x vel, prius1 y vel.
0.0, 0.0, 0.0, 0.0, 0.0
0.00999999999999, -1.00002459892, 24.9970125341, -0.00120686177916, -0.21867019777
0.02, -1.00001783428, 24.9942649679, 0.0034697164326, -0.307037747477
0.03, -0.999983463019, 24.9906410129, 0.0036911156641, -0.395322350369
0.04, -0.99997845382, 24.9861416037, -0.00105114225037, -0.483564672791
0.05, -1.00001177498, 24.9807670051, -0.00289652316622, -0.571805679457
0.06, -1.00002792509, 24.9745173058, 0.00133947956546, -0.660042383725
0.07, -0.999999058454, 24.9673925362, 0.00466040794952, -0.748278932684
0.08, -0.999972617108, 24.9593926499, 0.00144249526862, -0.836522260405
0.09, -0.999993120241, 24.9505175964, -0.00305441762929, -0.92476881058
0.1, -1.00002721571, 24.9407674036, -0.00131564255861, -1.01300895518
0.11, -1.0000181383, 24.9301421352, 0.0038556505083, -1.10124419058
0.12, -0.999980597114, 24.9186417801, 0.0038354997021, -1.18948536052
0.13, -0.999977347388, 24.9062662969, -0.00142849017607, -1.27750630236
0.14, -1.00001457821, 24.8930191443, -0.00317601869738, -1.36420680636
0.15, -1.00003040229, 24.878910335, 0.00161211087242, -1.44983979914
0.16, -0.999997598081, 24.8639504997, 0.00502240478362, -1.53442026308
0.17, -0.999970125142, 24.848150074, 0.00129161528899, -1.61796635444
0.18, -0.999994053396, 24.8315193579, -0.00345049877561, -1.70048634794
0.19, -1.00003000378, 24.8140686103, -0.00126393397032, -1.78198236299
0.2, -1.00001769542, 24.7958080014, 0.00430475426, -1.86246950924
0.21, -0.999976893291, 24.7767474927, 0.00394731528821, -1.94197122166
0.22, -0.999975703955, 24.7568968627, -0.00185173473343, -2.02050106673
0.23, -1.00001696455, 24.7362658277, -0.00344829253883, -2.09806042603
0.24, -1.0000321364, 24.7148640724, 0.00193147574735, -2.17465547897
0.25, -0.999995121643, 24.6927011269, 0.00538704921704, -2.25030797479
0.26, -0.999966977911, 24.66978818, 0.00107615793249, -2.32493015084
0.27, -0.999994907971, 24.6461397306, -0.00388655946586, -2.39867671091
0.28, -1.000032647, 24.6217650249, -0.00116910775729, -2.47158010809
0.29, -1.00001652745, 24.5966727373, 0.00481025926779, -2.54359665706
0.3, -0.999972257602, 24.5708715942, 0.00404843336186, -2.61473347176
0.31, -0.999973453667, 24.5443702496, -0.0023099490936, -2.68500275042
0.32, -1.00001878198, 24.5171773189, -0.00369121574894, -2.75440277377
0.33, -1.00003269641, 24.489301402, 0.00232346118487, -2.82293824197
0.34, -0.999991010987, 24.4607519939, 0.00576072214001, -2.88981593691
0.35, -0.999962572705, 24.4315448857, 0.000789821594079, -2.95472656626
0.36, -0.999995236091, 24.4016982063, -0.00438890104393, -3.01782595945
0.37, -1.00003504434, 24.3712297825, -0.00107885958028, -3.07915302711
0.38, -1.00001497395, 24.3401570201, 0.00532307818486, -3.13876138119
0.39, -0.999967388029, 24.3084967569, 0.00410440538533, -3.19671120918
0.4, -0.999971557121, 24.2762653132, -0.00283317617977, -3.25304885098
0.41, -1.00002130585, 24.2434786397, -0.00394405738891, -3.30780502293
0.42, -1.00003371324, 24.2101523514, 0.00275268743162, -3.36101910451
0.43, -0.999987037197, 24.1763015773, 0.00614710754999, -3.41274696463
0.44, -0.999958463558, 24.1419409118, 0.000462732919685, -3.46303827482
0.45, -0.999996256306, 24.1070845529, -0.00491842716357, -3.51192525707
0.46, -1.0000380467, 24.0717464204, -0.000950268466645, -3.55943411964
0.47, -1.00001352413, 24.0359400746, 0.00588273286537, -3.60560921784
0.48, -0.999962514338, 23.9996785792, 0.00413853075956, -3.65050135751
0.49, -0.999970161081, 23.9629745724, -0.00341402413916, -3.69414628616
0.5, -1.00002467036, 23.9258404258, -0.00419785364952, -3.73656457991
0.51, -1.00003523355, 23.8882882688, 0.00323789371865, -3.77778554949
0.52, -0.999983174821, 23.8503298257, 0.00654809843031, -3.81785666774
0.53, -0.999954759029, 23.8119763752, 8.19026110641e-05, -3.85681810923
0.54, -0.999998200061, 23.7732389008, -0.00547840722738, -3.89469169313
0.55, -1.00004185814, 23.7341282086, -0.000775161032625, -3.93149395259
0.56, -1.00001233784, 23.6946548273, 0.0064894042416, -3.96726215013
0.57, -0.99995787408, 23.6548288612, 0.00413966696543, -4.00203952216
0.58, -0.999969595407, 23.6146600728, -0.00405644923624, -4.03585289938
0.59, -1.00002916103, 23.574158051, -0.00444274703183, -4.06871344826
0.6, -1.000037443, 23.5333322251, 0.00378460770396, -4.10064334598
0.61, -0.999979630279, 23.4921916813, 0.00695552974605, -4.13168419749
0.62, -0.999951773971, 23.4507451275, -0.000364713667086, -4.16186879355
0.63, -1.0000014598, 23.4090010569, -0.0060726494669, -4.19121049644
0.64, -1.00004685844, 23.366967867, -0.000549845867031, -4.21971817461
0.65, -1.00001176891, 23.3246537387, 0.00714272133863, -4.2474241359
0.66, -0.999953867101, 23.2820664806, 0.0040998353935, -4.27436589018
0.67, -0.999970331475, 23.2392136263, -0.00476577917199, -4.30056309025
0.68, -1.00003524542, 23.1961026109, -0.00467454933368, -4.3260191714
0.69, -1.00004074653, 23.1527407747, 0.00439810365038, -4.35075109229
0.7, -0.999976798085, 23.1091351583, 0.00736575870063, -4.37479635169
0.71, -0.999949967203, 23.0652924753, -0.000884692396084, -4.39818190052
0.72, -1.00000653111, 23.02121929, -0.00670113380302, -4.42091411077
0.73, -1.00005349551, 22.9769221371, -0.000267748100751, -4.44299576512
0.74, -1.00001221803, 22.9324073791, 0.00784364240359, -4.46445593213
0.75, -0.999950933592, 22.8876810429, 0.00401144120112, -4.48532779331
0.76, -0.999972877666, 22.8427489335, -0.00554670484807, -4.50562514488
0.77, -1.0000434209, 22.7976168197, -0.00488821869402, -4.52534496548
0.78, -1.00004557406, 22.7522904263, 0.0050838508492, -4.54450054735
0.79, -0.999975101871, 22.7067752066, 0.00777444628431, -4.56312664311
0.8, -0.999949834307, 22.661076326, -0.00148609205264, -4.58124552905
0.81, -1.00000179204, 22.6151988675, -0.00567977522355, -4.5988553472
0.82, -1.00005367428, 22.5691478996, -0.00162352114871, -4.61596281952
0.83, -1.00002685832, 22.5229283687, 0.00676873792514, -4.632585057
0.84, -0.999964803258, 22.476544956, 0.0050411680787, -4.64875218628
0.85, -0.999971674894, 22.4300021358, -0.00410930741375, -4.66447741575
0.86, -1.00003795582, 22.3833043547, -0.00546480167653, -4.67975641303
0.87, -1.00005418251, 22.3364560633, 0.00339706030635, -4.69459478672
0.88, -0.999993037101, 22.2894615142, 0.00776375243012, -4.70902140955
0.89, -0.999956866386, 22.2423247, 0.000191035944612, -4.72305754401
0.9, -1.00000812165, 22.1950495193, -0.00682494627914, -4.73670409612
0.91, -1.00006358201, 22.1476399142, -0.00149625322933, -4.74995484026
0.92, -1.00003140743, 22.1000997539, 0.00746179737678, -4.76282896615
0.93, -0.99996540472, 22.052432646, 0.00503736025457, -4.77535401957
0.94, -0.999977378839, 22.004642024, -0.004912360484, -4.78753947309
0.95, -1.00005030699, 21.9567313359, -0.00582354300227, -4.79937644409
0.96, -1.0000644192, 21.9087040673, 0.00401032301181, -4.81086834984
0.97, -0.999996583213, 21.8605635179, 0.00825475731775, -4.82204321988
0.98, -0.999961078384, 21.8123127467, -0.000347120581472, -4.83291952371
0.99, -1.00001203894, 21.7639547623, -0.00423126973411, -4.84345435092
1.0, -1.00006664105, 21.7154926384, -0.0024651645745, -4.85375826574
1.01, -1.00004866378, 21.6669293799, 0.00609504606264, -4.86372969613
1.02, -0.999986849326, 21.6182677975, 0.00554872993907, -4.8734309118
1.03, -0.999985969624, 21.5695105334, -0.00337604811738, -4.88287174856
1.04, -1.00005050291, 21.5206602365, -0.00584341512303, -4.89204413008
1.05, -1.00007499504, 21.4717196182, 0.00242274815282, -4.90094605372
1.06, -1.00001924136, 21.4226912648, 0.00774484810493, -4.90960024703
1.07, -0.999977098798, 21.3735775409, 0.00110991287299, -4.91802541007
1.08, -1.00002138433, 21.3243807486, -0.00655156143651, -4.92621875851
1.09, -1.00008104971, 21.2751032678, -0.00239272765901, -4.93417058561
1.1, -1.00005786746, 21.2257474684, 0.00682506776785, -4.9418919837
1.11, -0.999991117418, 21.1763155129, 0.00567852471326, -4.94940722796
1.12, -0.999994187219, 21.1268094157, -0.00410308685538, -4.95672410334
1.13, -1.00006535261, 21.077231229, -0.00625545187719, -4.96383028079
1.14, -1.00008837844, 21.0275830898, 0.00299296993605, -4.97072322068
1.15, -1.00002568484, 20.9778670096, 0.00832004905938, -4.977425824
1.16, -0.999983045039, 20.9280847902, 0.000690913134872, -4.98395417059
1.17, -1.00002647002, 20.8782381979, -0.0039672590499, -4.99026514067
1.18, -1.0000857987, 20.8283290926, -0.00342614876543, -4.99646429403
1.19, -1.00007695589, 20.7783593179, 0.00550495738193, -5.00244410209
1.2, -1.00001323369, 20.7283305704, 0.00634378069057, -5.00826389595
1.21, -1.00000220324, 20.6782443925, -0.00249214576302, -5.01393274786
1.22, -1.00006509179, 20.6281023498, -0.00635034843809, -5.019439876
1.23, -1.00009938963, 20.5779061035, 0.00133913172495, -5.02477985147
1.24, -1.00004873732, 20.527657244, 0.00787413394387, -5.02996911502
1.25, -0.999998579379, 20.4773571648, 0.00222700194932, -5.03502646354
1.26, -1.00003521742, 20.4270072002, -0.00633113103503, -5.03994844159
1.27, -1.00010073275, 20.3766087864, -0.00348738877395, -5.04472080814
1.28, -1.00008751974, 20.3261634001, 0.00621488893717, -5.04935000719
1.29, -1.00001826367, 20.2756723452, 0.00658199403844, -5.05385772245
1.3, -1.00001032222, 20.2251367817, -0.00317658643802, -5.05825238184
1.31, -1.00008025589, 20.1745579153, -0.00685665894224, -5.0625211754
1.32, -1.00011401804, 20.1239370717, 0.00184767173985, -5.06665446385
1.33, -1.00005616448, 20.0732754993, 0.00854453963341, -5.07067251218
1.34, -1.00000425039, 20.0225742465, 0.00192002534952, -5.07459182116
1.35, -1.0000397324, 19.971834328, -0.00380537002107, -5.07836898691
1.36, -1.00010596578, 19.9210568674, -0.00463636257188, -5.08210436094
1.37, -1.00010766365, 19.8702430184, 0.00491005479859, -5.08568832185
1.38, -1.00004055971, 19.8193938169, 0.00736933797359, -5.08917880015
1.39, -1.00001769367, 19.7685101432, -0.00154700301465, -5.09258407859
1.4, -1.00008005139, 19.7175929004, -0.0070760615955, -5.09589324873
1.41, -1.00012622944, 19.6666431211, 0.000126196380871, -5.09909581572
1.42, -1.00008011977, 19.6156618113, 0.00820588519144, -5.10220457275
1.43, -1.00001936233, 19.5646497838, 0.00357442834809, -5.10523980348
1.44, -1.00004778761, 19.5136077841, -0.00621741601089, -5.10819893776
1.45, -1.00010770449, 19.4625366897, -0.00540198702392, -5.11106530617
1.46, -1.00012366156, 19.4114373977, 0.00336991477368, -5.11384057904
1.47, -1.00006328993, 19.3603107437, 0.00764940232627, -5.11654067297
1.48, -1.00002800655, 19.3091573962, 0.000129857995056, -5.11917936705
1.49, -1.00007917468, 19.2579780248, -0.00678219395174, -5.12174571381
1.5, -1.00013411464, 19.2067734273, -0.00147135818549, -5.12422777107
1.51, -1.00010225301, 19.1555444175, 0.00737429991464, -5.12663326442
1.52, -1.0000372807, 19.1042916342, 0.00493520297235, -5.12898290625
1.53, -1.00004965149, 19.0530156269, -0.00490414018016, -5.13127812274
1.54, -1.0001219739, 19.00171704, -0.0057555041508, -5.1335007561
1.55, -1.00013571687, 18.9503966316, 0.00399275061236, -5.13564736154
1.56, -1.00006852693, 18.899055051, 0.00815689373163, -5.13773740084
1.57, -1.000033715, 18.8476927807, -0.000381139604024, -5.13978378404
1.58, -1.00008437341, 18.7963103273, -0.00418276566515, -5.14173579488
1.59, -1.00013819191, 18.74490833, -0.00240505133918, -5.14369635925
1.6, -1.00012009667, 18.6934874219, 0.00605497043172, -5.14555895982
1.61, -1.00005889195, 18.6420481144, 0.00548218330031, -5.14737837446
1.62, -1.00005812019, 18.5905908215, -0.00334173285069, -5.14915551583
1.63, -1.00012185928, 18.5391160164, -0.00575897865238, -5.15088018877
1.64, -1.00014589657, 18.4876242934, 0.0024134497436, -5.15254310333
1.65, -1.00009081296, 18.4361161794, 0.0076366369071, -5.15416196806
1.66, -1.00004950929, 18.3845920482, 0.00106146816905, -5.15574632917
1.67, -1.0000935712, 18.33305226, -0.00648552961779, -5.15729162716
1.68, -1.00015249862, 18.2814973127, -0.00234585249071, -5.15878021362
1.69, -1.00012945691, 18.2299277467, 0.00675479658885, -5.16021966334
1.7, -1.000063559, 18.178343939, 0.00560031824433, -5.16162988412
1.71, -1.00006672625, 18.1267461751, -0.00405840749074, -5.16300980554
1.72, -1.00013696074, 18.0751348224, -0.00615599913035, -5.16434752895
1.73, -1.00015944057, 18.0235103824, 0.00298591278432, -5.16563140451
1.74, -1.00009741469, 17.9718732728, 0.00821809408567, -5.16688294132
1.75, -1.00005549343, 17.920223751, 0.000660114788734, -5.16811309259
1.76, -1.00009850638, 17.8685620809, -0.00389616368886, -5.16927368675
1.77, -1.00015699688, 17.8168886614, -0.00337159774793, -5.17046667574
1.78, -1.00014827484, 17.7652039151, 0.00543152714476, -5.17157944361
1.79, -1.00008550983, 17.713508158, 0.00625386932101, -5.17266910068
1.8, -1.0000747013, 17.6618015923, -0.00245293525811, -5.17373976321
1.81, -1.00013668109, 17.6100844783, -0.00624755746175, -5.17477884646
1.82, -1.00017037555, 17.5583572127, 0.0013394174216, -5.17577319821
1.83, -1.0001203563, 17.5066201489, 0.00777279802176, -5.17674039392
1.84, -1.00007091355, 17.4548734861, 0.00220049547486, -5.17769234992
1.85, -1.00010704945, 17.4031173954, -0.00623673130275, -5.17862519855
1.86, -1.00017158485, 17.3513521818, -0.00342283829738, -5.17951911924
1.87, -1.00015849393, 17.2995782195, 0.00613786200202, -5.18037786853
1.88, -1.00009023142, 17.2477957435, 0.00648951991899, -5.1812216088
1.89, -1.0000824895, 17.1960048766, -0.00313488075039, -5.18205416699
1.9, -1.00015149807, 17.1442058137, -0.00675621884215, -5.18285992802
1.91, -1.0001848063, 17.0923988985, 0.00182703027792, -5.18362709571
1.92, -1.00012779244, 17.04058442, 0.00843027157585, -5.18437523134
1.93, -1.00007663726, 16.9887625014, 0.0019011001315, -5.1851149459
1.94, -1.00011952494, 16.9369332484, -0.00702215909046, -5.18584028162
1.95, -1.00017464044, 16.885096932, -0.00397447068332, -5.18653231084
1.96, -1.00017424819, 16.8332538296, 0.00466843041886, -5.18719720272
1.97, -1.00011333406, 16.7814041493, 0.0066186869328, -5.18784811081
1.98, -1.00009461733, 16.7295479756, -0.00154959396465, -5.18849398315
1.99, -1.00015201777, 16.6776854381, -0.00631379449328, -5.18912061488
2.0, -1.00019224449, 16.6258168013, 0.000389188110973, -5.18971612839
2.01, -1.00014915059, 16.5739423202, 0.00751128379169, -5.19029255968
2.02, -1.00009548908, 16.5220620935, 0.00306894129491, -5.19086513558
2.03, -1.00012321883, 16.4701761811, -0.0056861318729, -5.19142879789
2.04, -1.00018929684, 16.4182847663, -0.00412909739664, -5.19196539984
2.05, -1.00018536197, 16.3663881219, 0.00533085784429, -5.19247712673
2.06, -1.00011867373, 16.3144864021, 0.00693616353195, -5.19298128539
2.07, -1.00010215032, 16.2625796355, -0.00216368557039, -5.1934842627
2.08, -1.00016658958, 16.2106679117, -0.00688206898034, -5.19397248417
2.09, -1.00020730344, 16.1587514712, 0.000794687158845, -5.1944302992
2.1, -1.00015746391, 16.1068305297, 0.00820626141695, -5.19487451604
2.11, -1.00010121014, 16.0549051392, 0.00287479105347, -5.19531898438
2.12, -1.00013511491, 16.0029753142, -0.00647205164888, -5.19575987955
2.13, -1.00019244481, 15.9510412296, -0.00478610318972, -5.19617514236
2.14, -1.00020202401, 15.8991030859, 0.00382150449234, -5.19656937894
2.15, -1.00014228472, 15.8471610303, 0.00715621205037, -5.19695859123
2.16, -1.00011390706, 15.7952150764, -0.000521275222747, -5.19734918071
2.17, -1.00016697354, 15.7432652657, -0.00652455429323, -5.19772861487
2.18, -1.00021573597, 15.6913117811, -0.00074798116872, -5.19808470393
2.19, -1.00018010393, 15.6393548211, 0.00732730554616, -5.19842732319
2.2, -1.00012041564, 15.5873944351, 0.00415312122206, -5.19876945803
2.21, -1.00013864787, 15.5354306099, -0.00514776081119, -5.1991120919
2.22, -1.00020781017, 15.483463447, -0.00506616766734, -5.19943757172
2.23, -1.00021471754, 15.4314931641, 0.00445204074077, -5.19973869491
2.24, -1.00014866001, 15.3795198711, 0.00758407027582, -5.20003948711
2.25, -1.00012138648, 15.3275435473, -0.00106045289866, -5.20034393052
2.26, -1.00018164556, 15.2755642071, -0.00717735806463, -5.20064088235
2.27, -1.0002320107, 15.2235820232, -0.000443997801659, -5.20091536641
2.28, -1.00018982806, 15.1715971792, 0.00807513253836, -5.20117546297
2.29, -1.00012647223, 15.1196096843, 0.00407634546747, -5.20144329251
2.3, -1.00015032039, 15.0676194987, -0.00594845584981, -5.20171230745
2.31, -1.00021083355, 15.0156267264, -0.00519487594698, -5.20196325215
2.32, -1.0002284699, 14.9636315287, 0.00294023079049, -5.20219736332
2.33, -1.00017280156, 14.9116340172, 0.00728048984323, -5.20242741128
2.34, -1.00013767787, 14.8596341671, 0.000411163390026, -5.20266413298
2.35, -1.00018437685, 14.8076319699, -0.00634165604071, -5.202894605
2.36, -1.0002378917, 14.75562755, -0.00163918972826, -5.20310945812
2.37, -1.00021034693, 14.7036210783, 0.00684004822774, -5.20330834288
2.38, -1.00014851499, 14.6516125727, 0.00489518909466, -5.20351528327
2.39, -1.0001577788, 14.5996019834, -0.00440247355215, -5.20372314561
2.4, -1.00022610574, 14.5475893565, -0.00557701881875, -5.20392188284
2.41, -1.00024196156, 14.4955748694, 0.00350542599563, -5.20409846896
2.42, -1.00017988767, 14.4435830263, 0.00777311255842, -5.19807453769
2.43, -1.00014495627, 14.3916687861, -5.09055598496e-05, -5.19012902207
2.44, -1.00019866591, 14.3398330266, -0.00704595256849, -5.18237660324
2.45, -1.0002547111, 14.2880737595, -0.00144368202327, -5.1748250883
2.46, -1.00022114446, 14.2363889624, 0.0075906733186, -5.16747982869
2.47, -1.00015491778, 14.1847764981, 0.00492868412954, -5.16035149304
2.48, -1.00016895999, 14.1332342246, -0.00517265250733, -5.15343320224
2.49, -1.00022916234, 14.0817601906, -0.00580037818497, -5.14669992971
2.5, -1.00025649338, 14.0303525704, 0.00195511020991, -5.14014466585
2.51, -1.00020436233, 13.9790095685, 0.00756670620341, -5.13377291821
2.52, -1.00016049085, 13.9277427167, 0.00150836391045, -5.12304153402
2.53, -1.000200559, 13.8766109025, -0.00626414637757, -5.1088678383
2.54, -1.00026067963, 13.8256190045, -0.00273633087384, -5.09504474245
2.55, -1.00024207818, 13.7747634435, 0.00638087304615, -5.08159326956
2.56, -1.00017649084, 13.7240404024, 0.00585180753531, -5.06852799984
2.57, -1.0001752985, 13.6734460539, -0.0036176673828, -5.05584085451
2.58, -1.00024383154, 13.6229767677, -0.00628711362917, -5.0435045674
2.59, -1.00027031243, 13.572629161, 0.00246321731885, -5.03149751004
2.6, -1.00021149467, 13.522399887, 0.00814868862038, -5.01982963764
2.61, -1.00016671398, 13.4722946819, 0.00114344809575, -5.00478701986
2.62, -1.00020572351, 13.4223714146, -0.00373985382029, -4.98554182826
2.63, -1.0002657933, 13.3726375422, -0.00379499491703, -4.96687229162
2.64, -1.00026164935, 13.3230881565, 0.00505701189886, -4.94866978777
2.65, -1.00019906521, 13.2737181272, 0.00651550355089, -4.93098498395
2.66, -1.00018387104, 13.2245223267, -0.00202743027663, -4.91380719045
2.67, -1.00024440722, 13.1754958308, -0.00641132476881, -4.89710822188
2.68, -1.00028226716, 13.1266339992, 0.000809613506652, -4.88086275218
2.69, -1.00023534067, 13.0779322998, 0.00772415301329, -4.86507055559
2.7, -1.00018282986, 13.0293861828, 0.00269093049855, -4.84973195341
2.71, -1.0002149036, 12.9809911946, -0.00604942302983, -4.83482989571
2.72, -1.00028159677, 12.9327799177, -0.00394454936068, -4.81269625568
2.73, -1.00027367522, 12.884792811, 0.00577200089202, -4.79049985294
2.74, -1.00020458226, 12.8370245991, 0.0068966907628, -4.76890754889
2.75, -1.00019140792, 12.7894691237, -0.00268245705636, -4.74793155775
2.76, -1.00024810915, 12.7421203932, -0.00546109466683, -4.72753922138
2.77, -1.00029062439, 12.6949727088, -0.000449190426932, -4.70770667194
2.78, -1.00025708503, 12.6480205395, 0.00673209432685, -4.68842244204
2.79, -1.00020385093, 12.6012583965, 0.0036440077311, -4.66968466638
2.8, -1.00022197686, 12.5546808979, -0.00471690349851, -4.6514761485
2.81, -1.00028432239, 12.5083014263, -0.00439929622387, -4.6283882714
2.82, -1.00028883456, 12.4621737715, 0.00423285223986, -4.60301274785
2.83, -1.00022874359, 12.4162963939, 0.00682143077123, -4.5783181394
2.84, -1.00020579814, 12.3706623575, -0.00111015836538, -4.55432274244
2.85, -1.00026132755, 12.3252647847, -0.00643559120144, -4.53100320668
2.86, -1.00030559319, 12.2800971171, -0.000161320418291, -4.50832376208
2.87, -1.00026607187, 12.2351530044, 0.00739983743775, -4.48627602876
2.88, -1.00020973155, 12.1904261363, 0.00354797342861, -4.46485534963
2.89, -1.0002331144, 12.1459103321, -0.00545110170018, -4.44404293511
2.9, -1.00030060319, 12.1015997047, -0.00457556284867, -4.42380304542
2.91, -1.00030206246, 12.0575335668, 0.00484679598224, -4.39566219872
2.92, -1.00023597387, 12.0137426014, 0.00723478380938, -4.36845462516
2.93, -1.00021372193, 11.9702198642, -0.00157253644472, -4.34199910802
2.94, -1.00026401646, 11.9269578782, -0.00542657137856, -4.31628033835
2.95, -1.00031335882, 11.8839494157, -0.00153430733879, -4.29127322338
2.96, -1.00028826053, 11.8411874658, 0.0063568406765, -4.26696012263
2.97, -1.00023055892, 11.7986651008, 0.0046523655065, -4.24333570924
2.98, -1.00023827008, 11.7563755186, -0.0039737793885, -4.22038172419
2.99, -1.00030144993, 11.7143121986, -0.00516900818132, -4.19806370462
3.0, -1.00031677056, 11.6724689201, 0.00322503065569, -4.17635772133
3.01, -1.00025936395, 11.6308395662, 0.00727570248209, -4.15526213773
3.02, -1.00022621732, 11.5894180604, 8.52482581614e-05, -4.13476887548
3.03, -1.0002757744, 11.5482434441, -0.00652983018915, -4.10639592578
3.04, -1.00032832466, 11.5073463813, -0.00134391872401, -4.0789445497
3.05, -1.00029691954, 11.4667200657, 0.00715499104745, -4.05223394632
3.06, -1.0002344819, 11.4263569504, 0.00469336680314, -4.02628087303
3.07, -1.00024723414, 11.3862495591, -0.00478669927696, -4.00106483206
3.08, -1.00031696078, 11.3463907343, -0.00548141455244, -3.97654608144
3.09, -1.00032925724, 11.306773653, 0.00395488085074, -3.95269889426
3.1, -1.00026409204, 11.2673916008, 0.00784802720107, -3.92952178494
3.11, -1.00023131629, 11.2282379124, -0.000460454692627, -3.90700493312
3.12, -1.00028062393, 11.1893305589, -0.00397488552501, -3.8788777399
3.13, -1.00033169855, 11.1507184195, -0.00221307882761, -3.849498185
3.14, -1.0003135827, 11.1123964528, 0.00585824672487, -3.82086608445
3.15, -1.0002550335, 11.0743566583, 0.00520627076722, -3.79304000657
3.16, -1.00025498318, 11.0365910422, -0.00324788938556, -3.76600468449
3.17, -1.00031602268, 10.9990918965, -0.00545163949463, -3.73972260231
3.18, -1.0003381409, 10.9618518621, 0.00241998580629, -3.71416306519
3.19, -1.00028487117, 10.9248637414, 0.00732602274968, -3.689320189
3.2, -1.00024584024, 10.8881204053, 0.000950259919818, -3.66518388598
3.21, -1.00028851448, 10.8516149266, -0.00620207390844, -3.64172679018
3.22, -1.00034434299, 10.8153541278, -0.00213164742831, -3.61436435193
3.23, -1.00032133007, 10.7793923785, 0.00654191311347, -3.58401072343
3.24, -1.00025826272, 10.7437298939, 0.00531421550369, -3.55448250667
3.25, -1.00026203367, 10.708358417, -0.00393877537036, -3.52578375106
3.26, -1.00032925323, 10.6732698062, -0.00582224749896, -3.49788376179
3.27, -1.00034976589, 10.6384562568, 0.00298107668073, -3.4707511125
3.28, -1.00028978556, 10.6039101228, 0.00788200749563, -3.44437999259
3.29, -1.00025018571, 10.5696238306, 0.000563318940217, -3.41875909825
3.3, -1.00029950006, 10.5355900284, -0.00689657080041, -3.3938586914
3.31, -1.00035812188, 10.5018017197, -0.00197100850575, -3.36964100516
3.32, -1.00032921625, 10.4682521504, 0.00731695729718, -3.3460940348
3.33, -1.00026120367, 10.4349657372, 0.00542882030351, -3.31619244712
3.34, -1.0002691582, 10.4019855543, -0.0046706757868, -3.28585519825
3.35, -1.00032864822, 10.369304608, -0.00607945352467, -3.25633084903
3.36, -1.00036061119, 10.3369147165, 0.00146505097063, -3.22761920252
3.37, -1.00030996079, 10.3048078097, 0.00774796114057, -3.19971168232
3.38, -1.00026096917, 10.2729758916, 0.00213714353088, -3.17259688554
3.39, -1.00029688322, 10.2414111781, -0.00616299274544, -3.14624616121
3.4, -1.00035992654, 10.2101062415, -0.00327039365422, -3.1206201865
3.41, -1.000345652, 10.1790724521, 0.00617680348514, -3.09032279692
3.42, -1.00027765525, 10.148361422, 0.00639799724743, -3.05795944185
3.43, -1.00027039338, 10.117969493, -0.00315628618216, -3.02647881149
3.44, -1.00032504763, 10.0878878925, -0.0058623881356, -2.99586863039
3.45, -1.00036584144, 10.0581080287, -2.58141380976e-05, -2.96610566293
3.46, -1.00032758336, 10.0286215349, 0.00711131635291, -2.9371725371
3.47, -1.00027356971, 9.99942014748, 0.0034536235161, -2.90905955735
3.48, -1.00029503202, 9.97049578955, -0.00505866823313, -2.88174123676
3.49, -1.00035818139, 9.94184072284, -0.00422603690494, -2.85517857782
3.5, -1.00035854594, 9.91344752732, 0.00473546551432, -2.82934807138
3.51, -1.00029530973, 9.88531715594, 0.00688185030139, -2.80074595224
3.52, -1.00027503988, 9.85750326858, -0.00154052678073, -2.76814826303
3.53, -1.00033337537, 9.83001060833, -0.00648524311091, -2.73644024763
3.54, -1.00037449332, 9.80283060169, 0.000368554131447, -2.70559547981
3.55, -1.00033006163, 9.77595461432, 0.0077131201133, -2.67561246732
3.56, -1.00027427307, 9.74937407084, 0.00320798677495, -2.64648061519
3.57, -1.00030178491, 9.72308060148, -0.00578519786054, -2.61817134865
3.58, -1.00036905283, 9.69706620033, -0.00424495839677, -2.59064353749
3.59, -1.00036484449, 9.67132318515, 0.00545342108933, -2.56387470576
3.6, -1.00029594405, 9.64584397275, 0.00715860758193, -2.53786146402
3.61, -1.00027799942, 9.62062401851, -0.00214488906314, -2.51060705467
3.62, -1.00033154433, 9.59571344269, -0.00540482510233, -2.47772940719
3.63, -1.0003762642, 9.57112609799, -0.000828568032337, -2.44580162928
3.64, -1.00034526911, 9.54685356532, 0.00667097136713, -2.41474769412
3.65, -1.0002892511, 9.52288703836, 0.00413556284122, -2.38457316508
3.66, -1.00030247641, 9.49921785095, -0.00436918570545, -2.35525244853
3.67, -1.00036474053, 9.47583768262, -0.00467522006874, -2.32674472186
3.68, -1.00037306539, 9.45273855859, 0.00389201499782, -2.29902277391
3.69, -1.00031322059, 9.42991264697, 0.00709418118149, -2.2720803652
3.7, -1.00028534826, 9.40735221185, -0.000560582079374, -2.24590333108
3.71, -1.00033780801, 9.38504976443, -0.00641022378622, -2.22045951068
3.72, -1.00038483221, 9.36304518922, -0.000589106132711, -2.1870531229
3.73, -1.00034812638, 9.34136566201, 0.00734438221452, -2.15492063665
3.74, -1.00028867354, 9.32000291648, 0.00408253672521, -2.12367631279
3.75, -1.00030687457, 9.29894805697, -0.00509872082619, -2.09331450756
3.76, -1.00037453372, 9.27819247781, -0.00488779554871, -2.06379440081
3.77, -1.0003797353, 9.2577279259, 0.00455435402335, -2.03508782796
3.78, -1.00031339976, 9.2375462851, 0.0075298264676, -2.00718941368
3.79, -1.00028653958, 9.21763953621, -0.00108875588825, -1.98008423627
3.8, -1.00033814544, 9.19799993172, -0.00379810999325, -1.95369946137
3.81, -1.00038308281, 9.17862007886, -0.00140741095747, -1.92811466815
3.82, -1.00035950446, 9.15947101404, 0.00603778037193, -1.90811672966
3.83, -1.00030440582, 9.14051089941, 0.0045499410823, -1.88958438514
3.84, -1.00031013242, 9.12173325294, -0.00354893577271, -1.87159947392
3.85, -1.00036867792, 9.103132885, -0.00478335352692, -1.85411343576
3.86, -1.00038314416, 9.08470493705, 0.00305430200006, -1.83710393459
3.87, -1.00032892238, 9.06644462908, 0.00695686050894, -1.820572657
3.88, -1.00029646083, 9.04834718764, 0.000278783378369, -1.80451521738
3.89, -1.00034141483, 9.03040798697, -0.00595489335877, -1.78890947604
3.9, -1.00039039978, 9.01262266388, -0.00126402149017, -1.77372793797
3.91, -1.00036183049, 8.99498701049, 0.00668613624001, -1.75896562634
3.92, -1.00030295893, 8.97748385833, 0.00457872537747, -1.74838684975
3.93, -1.00031290945, 8.9600679988, -0.00422441625246, -1.74015626376
3.94, -1.00037703637, 8.94273315372, -0.00506027640874, -1.73217286972
3.95, -1.00038930115, 8.92547704935, 0.00364126245871, -1.72440391889
3.96, -1.00032880353, 8.9082975118, 0.00743493966519, -1.71685483227
3.97, -1.00029657609, 8.89119230827, -0.000156005850252, -1.70952888921
3.98, -1.00034809156, 8.8741592884, -0.00658585090759, -1.70241007934
3.99, -1.00039911324, 8.85719650728, -0.00102981253739, -1.69547669489
4.0, -1.00036458134, 8.84030210164, 0.00741610113373, -1.68873205667
4.01, -1.00030163283, 8.82347411224, 0.00459612527532, -1.68218692062
4.02, -1.00031628428, 8.80670662209, -0.00495692170668, -1.67783562546
4.03, -1.0003861609, 8.78995585041, -0.00531995196929, -1.67741559062
4.04, -1.0003955985, 8.7732094874, 0.00430556953921, -1.67699875521
4.05, -1.00032828544, 8.75646716311, 0.00793129751317, -1.67660643449
4.06, -1.00029663112, 8.73972863515, -0.000655957119349, -1.67623759194
4.07, -1.00034728163, 8.72299373561, -0.00393680292692, -1.67584078594
4.08, -1.00039662319, 8.70626244196, -0.00190949558288, -1.67551844623
4.09, -1.00037570174, 8.68953473511, 0.00608893096909, -1.67516246507
4.1, -1.00031684727, 8.67281049263, 0.00511260899537, -1.67482490218
4.11, -1.00031850584, 8.65608951697, -0.00338102829493, -1.67450663851
4.12, -1.00037942699, 8.63937169844, -0.0052722558773, -1.67419228936
4.13, -1.00039878662, 8.62262417149, 0.00274080506231, -1.67993045613
4.14, -1.00034373429, 8.60582305134, 0.00738057295334, -1.68526968165
4.15, -1.00030593244, 8.58896914072, 0.000770888922224, -1.69048630215
4.16, -1.00034986136, 8.57206378928, -0.00618886461386, -1.69556071154
4.17, -1.00040388917, 8.55510849713, -0.00181704957831, -1.70047985346
4.18, -1.00037802667, 8.53810476924, 0.00676438895367, -1.7052547115
4.19, -1.00031488816, 8.52105392909, 0.00519528673968, -1.70990562861
4.2, -1.00032059401, 8.50395718551, -0.00407528683061, -1.71443685398
4.21, -1.00038761857, 8.48681580819, -0.00562004782352, -1.71883521787
4.22, -1.00040519359, 8.46963116098, 0.00331213366404, -1.72309715637
4.23, -1.0003435393, 8.45238742639, 0.00790733396782, -1.73158043849
4.24, -1.00030552328, 8.43504721706, 0.0003516191361, -1.74130827021
4.25, -1.00035628338, 8.4176109618, -0.00687936646332, -1.75078959868
4.26, -1.00041296677, 8.4000813229, -0.00162990950627, -1.75999397756
4.27, -1.00038113796, 8.38246101982, 0.00752976310065, -1.76893351414
4.28, -1.00031336141, 8.36475255127, 0.0052605428246, -1.77763362201
4.29, -1.00032366423, 8.34695826651, -0.0048351284306, -1.78610132466
4.3, -1.00038299947, 8.3290805722, -0.00515018673488, -1.79432349497
4.31, -1.00040759343, 8.3111218911, 0.0019187769441, -1.80230598481
4.32, -1.00035878558, 8.2930839919, 0.00713032990069, -1.81061359086
4.33, -1.0003170102, 8.27493295609, 0.00159788029019, -1.824103423
4.34, -1.00035300438, 8.25665074101, -0.00566925033298, -1.83708730726
4.35, -1.00040857866, 8.2382405292, -0.00248239908703, -1.84970988432
4.36, -1.00039122822, 8.21970596571, 0.00603419610308, -1.86197144451
4.37, -1.00032925079, 8.201050515, 0.00564710850409, -1.87389746256
4.38, -1.00032662959, 8.18227745647, -0.00316972878026, -1.88550052669
4.39, -1.00038963723, 8.1633900532, -0.0057648820867, -1.8967748444
4.4, -1.00041433757, 8.14439160875, 0.00234640653038, -1.90772045599
4.41, -1.00035919596, 8.12528528598, 0.00773486955375, -1.91836114897
4.42, -1.00031613968, 8.10607401702, 0.00127825834862, -1.92871658191
4.43, -1.00035858876, 8.08673360928, -0.00639211732518, -1.94427183739
4.44, -1.0004176794, 8.06723710076, -0.00241487052088, -1.9597073147
4.45, -1.00039522395, 8.04758839742, 0.00676243635488, -1.97472075902
4.46, -1.00032823982, 8.02779167053, 0.00580077063282, -1.98932441642
4.47, -1.00032934052, 8.00785094706, -0.00387322099456, -2.00352997119
4.48, -1.00039888079, 7.98777023497, -0.006171866769, -2.01733272424
4.49, -1.0004221524, 7.9675535684, 0.00291435621901, -2.03073498929
4.5, -1.00036000322, 7.94720480571, 0.00833237341341, -2.04376461655
4.51, -1.00031615661, 7.92671253503, 0.000892644619362, -2.06049250552
4.52, -1.00036559195, 7.90604050898, -0.00713517930273, -2.07851291131
4.53, -1.00042794093, 7.88519081044, -0.00227777881744, -2.09603802718
4.54, -1.00039952864, 7.86416842277, 0.00756529231093, -2.11306822399
4.55, -1.00032728384, 7.8429781357, 0.00592706074275, -2.12963177909
4.56, -1.00033275233, 7.82162452621, -0.00465245649953, -2.14574368516
4.57, -1.00039457091, 7.80011216153, -0.00648910637816, -2.16139777494
4.58, -1.0004303371, 7.77844556795, 0.00129354659285, -2.17660195431
4.59, -1.00037809315, 7.75662913674, 0.00819799872094, -2.19137997241
4.6, -1.00032432716, 7.73466698092, 0.00254401914526, -2.20575733301
4.61, -1.00035993343, 7.71256307423, -0.00640787607644, -2.21973955497
4.62, -1.00042743044, 7.69032142001, -0.00369303921221, -2.23331862527
4.63, -1.00041466121, 7.66794599764, 0.00635632002417, -2.24650763057
4.64, -1.00034231589, 7.64546495563, 0.00697068678969, -2.25313365725
4.65, -1.00033169229, 7.62293681709, -0.0030695298552, -2.25748676132
4.66, -1.00038876251, 7.60036599861, -0.00630315964971, -2.26168179148
4.67, -1.00043389917, 7.57775390666, -0.000274277651475, -2.2657450344
4.68, -1.00039449108, 7.55510178741, 0.00754332278513, -2.2696924068
4.69, -1.0003354134, 7.53241069858, 0.00390915704888, -2.27354100905
4.7, -1.00035612742, 7.50968162226, -0.00529007719524, -2.27729068235
4.71, -1.00042400008, 7.4869156328, -0.00471701277041, -2.28092634379
4.72, -1.0004265458, 7.46411388517, 0.00485592856773, -2.28444835761
4.73, -1.00035897831, 7.4413085315, 0.00750095714281, -2.28085377519
4.74, -1.00033434612, 7.41855012048, -0.0013755068724, -2.27608904577
4.75, -1.00039577852, 7.39583884836, -0.00707623795063, -2.27142914317
4.76, -1.00044258248, 7.37317359794, 3.32712724434e-05, -2.26688233135
4.77, -1.00039670981, 7.35055317969, 0.00825678016605, -2.26246101063
4.78, -1.00033442976, 7.32797626754, 0.00377741518279, -2.2581760812
4.79, -1.0003610892, 7.30544152994, -0.00610840091622, -2.25401999836
4.8, -1.00042103199, 7.28294782267, -0.00547049456694, -2.2499697826
4.81, -1.00043762046, 7.26049408314, 0.00334022843841, -2.24602229272
4.82, -1.00037646752, 7.23812626214, 0.00780137092264, -2.23352780426
4.83, -1.0003393037, 7.21587727206, 0.000293613992547, -2.2217395004
4.84, -1.00038964834, 7.19374458244, -0.00679611972134, -2.21026280728
4.85, -1.0004452345, 7.17172507907, -0.00156172965511, -2.19909307348
4.86, -1.00041343322, 7.14981570217, 0.00744358273652, -2.18823084806
4.87, -1.00034679461, 7.12801332534, 0.0051366213372, -2.17768334375
4.88, -1.00035749354, 7.10631483916, -0.00481445497553, -2.16744149711
4.89, -1.00041563209, 7.084717346, -0.00576015691181, -2.15747820337
4.9, -1.00044424693, 7.06321810302, 0.00174231613933, -2.14778287396
4.91, -1.00039333309, 7.04181442639, 0.00758136263677, -2.13835879436
4.92, -1.00034725625, 7.02051698673, 0.00185775126689, -2.12466086166
4.93, -1.00038404785, 6.99938382946, -0.00603511387412, -2.10760233937
4.94, -1.00044401943, 6.97841901174, -0.00289018651354, -2.09097606033
4.95, -1.00042743681, 6.95761816042, 0.00622036626409, -2.07479950772
4.96, -1.00036140151, 6.93697669066, 0.00607927383245, -2.05908537933
4.97, -1.00035671947, 6.91649002674, -0.00325124065181, -2.04382287081
4.98, -1.00042324034, 6.89615380477, -0.00626788941756, -2.02898321315
4.99, -1.00045130995, 6.87596392766, 0.00222342259299, -2.01454417078
5.0, -1.00039380416, 6.8559163661, 0.00817259526306, -2.00051006702
5.01, -1.00034657017, 6.8360070516, 0.0015195001977, -1.98688142782
5.02, -1.00039005835, 6.816225635, -0.00678686749125, -1.97623561437
5.03, -1.00044040329, 6.7965256529, -0.00339446336354, -1.96908499867
5.04, -1.00043625965, 6.77689616303, 0.00476391456197, -1.96214593131
5.05, -1.00037782099, 6.75733499918, 0.0061704064457, -1.95541308521
5.06, -1.00036258806, 6.73784013821, -0.00168906193, -1.948878411
5.07, -1.00041745846, 6.71840968534, -0.00579215211592, -1.94252475479
5.08, -1.00045207753, 6.69904192781, 0.000821804730612, -1.93633594092
5.09, -1.00040844031, 6.67973518531, 0.00724228894346, -1.93031872929
5.1, -1.00035904951, 6.66048768685, 0.0026566645803, -1.92448089471
5.11, -1.00038752329, 6.64129768244, -0.00543217520218, -1.91881295486
5.12, -1.0004482402, 6.62214651934, -0.00350587611807, -1.91763091233
5.13, -1.00044049536, 6.60299427983, 0.0054025958308, -1.9179413035
5.14, -1.00037675261, 6.58383880645, 0.00644406366928, -1.91827227516
5.15, -1.00036387267, 6.56467998999, -0.00228057526238, -1.91860794216
5.16, -1.00042530262, 6.54551787644, -0.00629428146917, -1.91893102086
5.17, -1.00046001864, 6.52635266101, 0.00123897370045, -1.91923073825
5.18, -1.00040995057, 6.50718450599, 0.00788292707933, -1.91952131534
5.19, -1.00035845477, 6.48801341861, 0.0024405189354, -1.9198159112
5.2, -1.00039291073, 6.46883938229, -0.00616281741423, -1.92010900453
5.21, -1.00045790506, 6.44966251682, -0.00353583086346, -1.92038228707
5.22, -1.00044558765, 6.43049644315, 0.00613613861265, -1.91608868163
5.23, -1.00037600433, 6.41140195978, 0.00671390863314, -1.90817414845
5.24, -1.00036585567, 6.39238555709, -0.002945533709, -1.9004602438
