timestamp, prius1 x posi, prius1 y posi, prius1 x vel, prius1 y vel.
0.0, 0.0, 0.0, 0.0, 0.0
0.00999999999999, 0.999841578997, -25.0637155763, 0.00211045907829, 0.12954660973
0.02, 0.999902515826, -25.0623621861, 0.00891701264562, 0.145798998802
0.03, 0.999958695907, -25.0608437509, 0.00239242729379, 0.162486188535
0.04, 0.999919730164, -25.0591525478, -0.00669727200203, 0.180430231968
0.05, 0.999867654363, -25.0572783504, -0.00367592884404, 0.199013376685
0.06, 0.999871773796, -25.0552165172, 0.0051487501923, 0.217893511628
0.07, 0.999938553905, -25.052963626, 0.00728562199676, 0.237194266023
0.08, 0.999963597824, -25.0505103645, -0.00096009870308, 0.257941186718
0.09, 0.999910955939, -25.0478485607, -0.0058897944933, 0.278920109757
0.1, 0.999875044765, -25.0449751965, 0.000899943469064, 0.300208078378
0.11, 0.999924603784, -25.0418819984, 0.00829228767211, 0.322790658967
0.12, 0.999986466707, -25.0385623081, 0.00389513031968, 0.345595382915
0.13, 0.999965892935, -25.0350125813, -0.00504208092698, 0.368743547043
0.14, 0.999905607918, -25.0312246564, -0.00353276279817, 0.393236859463
0.15, 0.999916487568, -25.0271914606, 0.00615535186686, 0.417783138726
0.16, 0.999992460556, -25.0229115124, 0.00794172211222, 0.442577672748
0.17, 1.00001857658, -25.0183821179, -0.00124953721914, 0.467639701907
0.18, 0.999962191464, -25.013595725, -0.00611340720888, 0.493886457354
0.19, 0.999929369122, -25.0085464398, 0.00167384604392, 0.520270729647
0.2, 0.999989310883, -25.0032323525, 0.00934468722611, 0.546843145165
0.21, 1.00005730393, -24.997648162, 0.00406033005229, 0.574391362938
0.22, 1.00003417785, -24.9917862601, -0.00546019923127, 0.602245125188
0.23, 0.999972749322, -24.9856475875, -0.00323268103307, 0.629992566144
0.24, 0.999991969456, -24.979228278, 0.00730716402635, 0.658172766
0.25, 1.0000782031, -24.972521311, 0.00866796918799, 0.687397700751
0.26, 1.00010580698, -24.9655165194, -0.0015103427579, 0.717690906972
0.27, 1.00005840584, -24.9582088115, -0.0045681193153, 0.748032183065
0.28, 1.00002600838, -24.950591975, 0.000843131153574, 0.779456661045
0.29, 1.000075927, -24.9426607977, 0.00865429159614, 0.810933625557
0.3, 1.00014815787, -24.9344103707, 0.00544854430108, 0.84341039795
0.31, 1.00014435957, -24.9258273995, -0.00351865569646, 0.877201830508
0.32, 1.0000928116, -24.916906656, -0.0032150748235, 0.911021612286
0.33, 1.00010344424, -24.9076473596, 0.00612060627231, 0.94493815592
0.34, 1.00018457446, -24.8980486074, 0.00904348168584, 0.978893329551
0.35, 1.0002270632, -24.8881040416, 0.000614776608204, 1.01399817586
0.36, 1.00018555581, -24.8778087375, -0.00512503056736, 1.04909971945
0.37, 1.0001558843, -24.8671620959, 0.00160608941404, 1.08441888003
0.38, 1.00021666316, -24.8561569017, 0.00982475757992, 1.12066189438
0.39, 1.00029690633, -24.8447893599, 0.00584038765521, 1.15697065914
0.4, 1.00029270325, -24.8330588915, -0.00375764201857, 1.19315587575
0.41, 1.00024104114, -24.8209605602, -0.00287296301821, 1.23042326884
0.42, 1.00026027964, -24.8084901456, 0.00731372877845, 1.26774060864
0.43, 1.00035285353, -24.7956470237, 0.00995199219752, 1.30489164903
0.44, 1.00039895293, -24.7824263842, 0.000560503387283, 1.34312254788
0.45, 1.00035557254, -24.7688241382, -0.00520152160654, 1.38132561562
0.46, 1.00033022021, -24.7548345045, 0.0025073051751, 1.42057719767
0.47, 1.00040335649, -24.7404535588, 0.0111346590051, 1.45956672678
0.48, 1.000492661, -24.7256774782, 0.00629045738767, 1.49953646075
0.49, 1.00048791242, -24.7105021544, -0.0040560414266, 1.53942535612
0.5, 1.00045072421, -24.6949283958, -0.00243652346447, 1.57930489457
0.51, 1.00046469476, -24.6789564216, 0.00634062069997, 1.61922031535
0.52, 1.00055244687, -24.6625806028, 0.0102267878164, 1.6598179484
0.53, 1.0006123139, -24.6457940699, 0.00263420105577, 1.7013301409
0.54, 1.00058846711, -24.6285929899, -0.00376762928141, 1.74284065491
0.55, 1.00056589258, -24.61097795, 0.00190006695177, 1.78407890293
0.56, 1.00062998629, -24.5929510553, 0.010441553578, 1.82519715114
0.57, 1.00072308599, -24.5745136205, 0.0076520104814, 1.86616431959
0.58, 1.00073882153, -24.5556612754, -0.00187083824606, 1.90808202569
0.59, 1.0006998994, -24.536385309, -0.00215492797667, 1.95088881068
0.6, 1.00072236754, -24.5166828713, 0.00756688940512, 1.99342720686
0.61, 1.00082243671, -24.4965558179, 0.0112609453901, 2.03604021185
0.62, 1.00088738786, -24.4759982125, 0.00272129759122, 2.07927616035
0.63, 1.00086250647, -24.4550102095, -0.00381992658985, 2.12223199334
0.64, 1.00084411586, -24.4335889286, 0.0027758020527, 2.16595181949
0.65, 1.00092066916, -24.4117297907, 0.0118057218309, 2.21007963623
0.66, 1.00102384011, -24.3894256446, 0.00823337353642, 2.25454069054
0.67, 1.00104044103, -24.366677683, -0.00203616334469, 2.29881929043
0.68, 1.00100186812, -24.3434881017, -0.00176262010442, 2.34287044106
0.69, 1.0010340394, -24.319853436, 0.00892351334036, 2.38775507254
0.7, 1.00113387395, -24.2957716138, 0.0111403215771, 2.43237037855
0.71, 1.00121082216, -24.2712449957, 0.00471247332551, 2.47674509736
0.72, 1.0012060011, -24.2462697271, -0.00223829801097, 2.52198767803
0.73, 1.00119204041, -24.2208437888, 0.00230092206204, 2.56702568376
0.74, 1.00125984186, -24.1949690301, 0.0110552942638, 2.6117057415
0.75, 1.00136594466, -24.168642643, 0.00952113196864, 2.65724496321
0.76, 1.00140301483, -24.141862624, 0.000213886757097, 2.70249896334
0.77, 1.00137891009, -24.114625585, -0.0012535544743, 2.74856338721
0.78, 1.00140577409, -24.086929822, 0.00787164240985, 2.79436765001
0.79, 1.00151341828, -24.0587717475, 0.0125680561737, 2.84093197266
0.8, 1.00159775297, -24.0301498858, 0.00499890871071, 2.88716001653
0.81, 1.00159328845, -24.0010670364, -0.00220906786391, 2.93312724737
0.82, 1.00158375482, -23.9715212299, 0.00317368678838, 2.97977399763
0.83, 1.00166423406, -23.9415099707, 0.0124787881012, 3.02618688242
0.84, 1.00178157405, -23.9110384015, 0.0102510651566, 3.07238989225
0.85, 1.00182087635, -23.8801040642, 0.000148126335567, 3.11836044731
0.86, 1.0017974373, -23.8487055298, -0.00088280446726, 3.1650118271
0.87, 1.00183360804, -23.8168365359, 0.00920250671973, 3.21240580643
0.88, 1.0019551827, -23.7844966878, 0.0137919196649, 3.25935850505
0.89, 1.00204613412, -23.7516819457, 0.00518490754009, 3.30719480882
0.9, 1.00204094514, -23.7183909027, -0.00226684627126, 3.35473867059
0.91, 1.00203574732, -23.684626287, 0.00410554992293, 3.40188247073
0.92, 1.00212986002, -23.6503859268, 0.0140001211329, 3.44979414922
0.93, 1.00224402657, -23.6156627329, 0.0112315749771, 3.49846065595
0.94, 1.00230195486, -23.5804570162, 0.00237466640278, 3.54637327143
0.95, 1.00229491918, -23.5447793186, -4.83687140005e-05, 3.59292603219
0.96, 1.00232863757, -23.50864287, 0.00831797217, 3.63816410698
0.97, 1.00244375386, -23.4720605569, 0.0137524311101, 3.68213802515
0.98, 1.00254614364, -23.435044761, 0.00718026717053, 3.72489493453
0.99, 1.0025624973, -23.3976075156, -0.000452328407165, 3.76646073761
1.0, 1.00256392974, -23.3597606673, 0.00377409493245, 3.80685054693
1.01, 1.00264921311, -23.321515791, 0.0131105289681, 3.84610269537
1.02, 1.00277918031, -23.282883991, 0.0120573006057, 3.88426707388
1.03, 1.00283986536, -23.2438759687, 0.00229754958821, 3.92137588018
1.04, 1.00283260705, -23.204502224, 0.000167005384764, 3.95744089111
1.05, 1.00287403826, -23.1647731115, 0.009499784553, 3.99248203275
1.06, 1.00300219818, -23.124698628, 0.0149268417886, 4.02654561255
1.07, 1.00311100884, -23.08428833, 0.0073350855793, 4.05967073645
1.08, 1.00312579513, -23.0435515146, -0.000664096228982, 4.09187386318
1.09, 1.0031294145, -23.0024973853, 0.00444787962907, 4.12316106277
1.1, 1.00322602287, -22.9611349445, 0.0144329909578, 4.15356531972
1.11, 1.00336631416, -22.919472777, 0.0126684147672, 4.18313073009
1.12, 1.00342742387, -22.8775191343, 0.00198583196354, 4.21188176683
1.13, 1.00343233359, -22.8352821674, 0.0010552124996, 4.23981996738
1.14, 1.00347096318, -22.7927699005, 0.00853192172145, 4.26696538824
1.15, 1.00359094069, -22.7499900987, 0.0146318555311, 4.2933513407
1.16, 1.0037081497, -22.7069501644, 0.00901594048976, 4.31901189745
1.17, 1.00374197693, -22.6636572762, 0.000967280035511, 4.34396085563
1.18, 1.00375103549, -22.6201185533, 0.00402182184033, 4.3681997785
1.19, 1.00383736562, -22.5763409933, 0.0133333984556, 4.39175140165
1.2, 1.00397569166, -22.532331263, 0.0134200626852, 4.41465314133
1.21, 1.00405344735, -22.4880957375, 0.00402374612241, 4.43692669811
1.22, 1.00405831241, -22.4436406958, 0.000814257838946, 4.45857325299
1.23, 1.00410089049, -22.3989723948, 0.0093682991386, 4.47959899171
1.24, 1.00423113531, -22.3540968701, 0.0155964995974, 4.50003738501
1.25, 1.00435316059, -22.3090198247, 0.00903097876945, 4.51991800205
1.26, 1.0043836113, -22.2637467922, 0.000528557914585, 4.539248608
1.27, 1.00439202687, -22.2182833097, 0.00438971440231, 4.55802456275
1.28, 1.00448692399, -22.1726348355, 0.0144318836363, 4.57626590318
1.29, 1.00463406496, -22.1268065214, 0.0139327641117, 4.59400731604
1.3, 1.00471124707, -22.0808032672, 0.00358757265399, 4.61126571558
1.31, 1.00472617274, -22.0346299489, 0.0014464072813, 4.62803473819
1.32, 1.0047633835, -21.9882914149, 0.00817311547545, 4.6443230514
1.33, 1.00488385455, -21.9417923663, 0.0152025819204, 4.66015354462
1.34, 1.00501355811, -21.8951372233, 0.0106394033614, 4.67555359021
1.35, 1.0050617383, -21.848330245, 0.00197545475632, 4.69053077799
1.36, 1.00507329525, -21.8013757059, 0.00372451777812, 4.70507807032
1.37, 1.0051559812, -21.7542778604, 0.0131973425454, 4.71920724562
1.38, 1.00530043776, -21.7070407218, 0.0146497789639, 4.73294878431
1.39, 1.00539368056, -21.6596680673, 0.00552675246176, 4.74631923398
1.4, 1.0054070081, -21.6121636334, 0.000998303308702, 4.75931386261
1.41, 1.00544589916, -21.5645312151, 0.00879964628646, 4.77192908827
1.42, 1.00557525661, -21.5167744807, 0.0160965124591, 4.7841900317
1.43, 1.0057094799, -21.4688968249, 0.0106322417652, 4.79612175673
1.44, 1.00575345189, -21.420901516, 0.00139044986578, 4.80772772367
1.45, 1.00576225229, -21.3727918821, 0.00385511312773, 4.81899640849
1.46, 1.00585151103, -21.3245712595, 0.0141538086673, 4.82993837014
1.47, 1.00600411537, -21.276242749, 0.015142157673, 4.84058318497
1.48, 1.00609640888, -21.2278092379, 0.00501120947142, 4.85094442517
1.49, 1.00611803933, -21.1792736279, 0.00139688005019, 4.8610114664
1.5, 1.00614918439, -21.1306388582, 0.00739839726082, 4.87078471413
1.51, 1.00626751865, -21.0819078013, 0.0156480945118, 4.88027989487
1.52, 1.00640919139, -21.0330830932, 0.0122141065333, 4.88952168398
1.53, 1.00646989175, -20.9841672337, 0.00266830355657, 4.89851503276
1.54, 1.0064795833, -20.9351627815, 0.00294950858567, 4.90724712256
1.55, 1.00655476139, -20.8860723492, 0.0128001569942, 4.915721552
1.56, 1.00670427391, -20.8368983674, 0.0158621523286, 4.92396495348
1.57, 1.00681234009, -20.7876430537, 0.00686958284544, 4.9319922063
1.58, 1.00684283527, -20.7383086223, 0.00239823296578, 4.939793102
1.59, 1.00686985113, -20.6888973591, 0.00614641397199, 4.94736579847
1.6, 1.00697495354, -20.6394115143, 0.0147145274536, 4.95471895267
1.61, 1.00711885582, -20.5898531438, 0.0133887268779, 4.96187650691
1.62, 1.0071958955, -20.54022416, 0.00421808449634, 4.96884495947
1.63, 1.00721083532, -20.4905265203, 0.00247013665432, 4.9756123365
1.64, 1.00727305075, -20.4407622665, 0.0112434163824, 4.98217618364
1.65, 1.00741468605, -20.3909333129, 0.0160057942938, 4.98855927619
1.66, 1.00753510981, -20.3410413681, 0.0086802362097, 4.9947775866
1.67, 1.00756752782, -20.291088105, 0.00136893003241, 5.00082571275
1.68, 1.00759193621, -20.2410753107, 0.00636801856407, 5.00668992598
1.69, 1.00770350968, -20.1910047696, 0.015538818569, 5.01238309576
1.7, 1.00785285172, -20.1408780563, 0.0135448764674, 5.01792836559
1.71, 1.0079262469, -20.0906966165, 0.00354499086947, 5.02333019723
1.72, 1.00794956236, -20.0404619846, 0.00299338706505, 5.02857208217
1.73, 1.0080053164, -19.9901757427, 0.00990705020904, 5.03365701258
1.74, 1.00813485316, -19.9398393928, 0.015311623701, 5.03859980392
1.75, 1.00825966932, -19.8894542593, 0.00997738895263, 5.04341622304
1.76, 1.00830755323, -19.8390216168, 0.00267218156091, 5.04810323459
1.77, 1.00833425577, -19.7885428386, 0.00563517467089, 5.05264762992
1.78, 1.00843229028, -19.7380193273, 0.0141002425062, 5.05705657525
1.79, 1.00857609684, -19.6874523196, 0.0139402486549, 5.06135058594
1.8, 1.00866273825, -19.6368429208, 0.00527022715141, 5.06553589094
1.81, 1.00868345013, -19.5861922855, 0.00250454747165, 5.06959999746
1.82, 1.00874022551, -19.5355016773, 0.0104177454412, 5.0735362772
1.83, 1.00887650442, -19.4847722778, 0.0159253203056, 5.07736341068
1.84, 1.00900298666, -19.4340050837, 0.00972230050741, 5.08109644221
1.85, 1.00904520156, -19.3832010578, 0.0020278510945, 5.08473043581
1.86, 1.00906898694, -19.3323612851, 0.00574787627336, 5.08824948734
1.87, 1.00917255516, -19.2814872696, 0.0148709321903, 5.09159115725
1.88, 1.00932197283, -19.2305804349, 0.0141619880962, 5.09480792856
1.89, 1.00940565693, -19.1796421624, 0.00463906284596, 5.09788759542
1.9, 1.00942043624, -19.1286736985, 0.00214275716272, 5.10084481732
1.91, 1.00947901854, -19.0776765792, 0.0110172587371, 5.103631499
1.92, 1.00962274027, -19.0266521079, 0.0165737892742, 5.10631011407
1.93, 1.00975066001, -18.9756013736, 0.00940393631433, 5.10888565551
1.94, 1.0097864896, -18.9245255674, 0.00132817624675, 5.11133407181
1.95, 1.00982094554, -18.8734259012, 0.00532103841204, 5.11366513506
1.96, 1.00991257767, -18.8223034273, 0.0134220991613, 5.11589391924
1.97, 1.01005434144, -18.7711591663, 0.0142353336664, 5.11802580704
1.98, 1.01014873408, -18.7199941799, 0.00624191302375, 5.12004507805
1.99, 1.01017594072, -18.668809638, 0.00270491216853, 5.12193835459
2.0, 1.01022870265, -18.6176066891, 0.009654176143, 5.12373078702
2.01, 1.01035859395, -18.5663864412, 0.0156147934549, 5.12540146334
2.02, 1.01048850002, -18.5151498251, 0.0105361587043, 5.12700594477
2.03, 1.01053976944, -18.4638975314, 0.00275017122918, 5.12853832209
2.04, 1.01056440706, -18.4126303703, 0.00528365959391, 5.12998223324
2.05, 1.0106602271, -18.3613495988, 0.0140891021286, 5.13127170867
2.06, 1.0108072587, -18.3100562187, 0.0144768080134, 5.13250184532
2.07, 1.01089907573, -18.2587508155, 0.00563931204949, 5.13367575294
2.08, 1.01092002225, -18.2074342193, 0.00225429465955, 5.13474417388
2.09, 1.01097332077, -18.1561073377, 0.0101216242574, 5.13573500288
2.1, 1.0111098399, -18.1047708738, 0.0162404534706, 5.13666456702
2.11, 1.01124154878, -18.0534255417, 0.0102842918727, 5.13751191304
2.12, 1.01128683157, -18.002071973, 0.00204602780201, 5.13830905558
2.13, 1.01130780411, -17.9507107902, 0.00532271090948, 5.13903685987
2.14, 1.01140869897, -17.8993428658, 0.0148417547806, 5.13966539184
2.15, 1.01156138531, -17.847969014, 0.0147098456101, 5.14022101842
2.16, 1.01165012284, -17.7965897984, 0.00496902181044, 5.1407383383
2.17, 1.011664427, -17.7452056773, 0.0018055435231, 5.14120233267
2.18, 1.01171877095, -17.6938174435, 0.0106682116158, 5.14156781375
2.19, 1.01186255359, -17.6424257681, 0.0168962064819, 5.14189203249
2.2, 1.0119957705, -17.5910309938, 0.00995962705314, 5.14218629812
2.21, 1.01204226986, -17.5396334682, 0.00459771439082, 5.14239118513
2.22, 1.01206300256, -17.4882341141, 0.00422661676508, 5.14256598735
2.23, 1.01214931825, -17.4368336526, 0.0135443219613, 5.14265612633
2.24, 1.01229962504, -17.3854324477, 0.0154583700608, 5.14271259826
2.25, 1.01240299466, -17.3340309724, 0.0065928329198, 5.14271255104
2.26, 1.0124251321, -17.2826296505, 0.00163428182801, 5.14268181438
2.27, 1.01246756127, -17.231228903, 0.00898321747242, 5.14260148142
2.28, 1.01259960749, -17.1798293383, 0.01652650183, 5.14245197535
2.29, 1.01274122324, -17.1284313352, 0.0115709023476, 5.14228412399
2.3, 1.01279468675, -17.077035101, 0.00221385181584, 5.14209490401
2.31, 1.01282296432, -17.025640984, 0.00416593630523, 5.14186257686
2.32, 1.01289895815, -16.9742497506, 0.0120228731982, 5.14152588483
2.33, 1.01303816169, -16.9228619644, 0.0150442149782, 5.14117104529
2.34, 1.0131484311, -16.8714777766, 0.00800862692086, 5.14080844387
2.35, 1.0131842831, -16.8200977207, 0.0025393264908, 5.14034734643
2.36, 1.01322434441, -16.7687224099, 0.00784597041015, 5.13985954801
2.37, 1.01334160506, -16.7173519319, 0.0152153552134, 5.1393818016
2.38, 1.01348059787, -16.6659863435, 0.0122821033844, 5.13885846097
2.39, 1.01354818813, -16.6146263234, 0.00378009854249, 5.13829017093
2.4, 1.01356939727, -16.5632721257, 0.00388120319882, 5.13769579412
2.41, 1.01364768672, -16.5119240431, 0.0125867423412, 5.13706913483
2.42, 1.01379253012, -16.4605826668, 0.0154213140522, 5.13636237663
2.43, 1.01390164615, -16.4092483238, 0.00749975232718, 5.13565853694
2.44, 1.01393078893, -16.3579210829, 0.00193098766079, 5.1349409183
2.45, 1.01396927584, -16.3066014553, 0.0081146891782, 5.13413360979
2.46, 1.01409243944, -16.2552900571, 0.0158899556575, 5.13330436803
2.47, 1.0142346799, -16.2039869452, 0.0122011505004, 5.13247575705
2.48, 1.01429702568, -16.1526921084, 0.00303658643103, 5.13164423676
2.49, 1.01431286969, -16.1014058814, 0.00368420697198, 5.13075889963
2.5, 1.01439442273, -16.050128629, 0.0132521084543, 5.12984804651
2.51, 1.0145455686, -15.9988604882, 0.0158212179418, 5.12893993248
2.52, 1.01465324256, -15.9476013317, 0.00693234389102, 5.12802380083
2.53, 1.01467524538, -15.8963517612, 0.00130927231425, 5.12704677535
2.54, 1.01471253559, -15.8451120791, 0.0084561163884, 5.12604724871
2.55, 1.01484233274, -15.7938824962, 0.016616851734, 5.12502647176
2.56, 1.01498778445, -15.74266324, 0.0120727774555, 5.12398858774
2.57, 1.01504421409, -15.6914543278, 0.00223053540636, 5.12295504328
2.58, 1.01506812709, -15.6402558521, 0.00294103936328, 5.12190506391
2.59, 1.01513558251, -15.5890681264, 0.0117269894214, 5.120805488
2.6, 1.01528013565, -15.5378914024, 0.0161097006382, 5.11970583017
2.61, 1.01540024804, -15.486725588, 0.00860581763704, 5.11861885871
2.62, 1.01543333956, -15.4355710423, 0.00159296710647, 5.11745839976
2.63, 1.01546177597, -15.3844281562, 0.0068495169172, 5.11628325119
2.64, 1.01557725158, -15.3332970742, 0.0157766468927, 5.11510071579
2.65, 1.01572680459, -15.2821777625, 0.013418088416, 5.11392766363
2.66, 1.01579911389, -15.2310703046, 0.00352697429313, 5.11273174303
2.67, 1.01582441969, -15.1799748479, 0.00336203611902, 5.11152685674
2.68, 1.01588453402, -15.1288914947, 0.0102982137154, 5.11031162579
2.69, 1.01601582202, -15.0778206865, 0.0152777014695, 5.10902313813
2.7, 1.0161388467, -15.0267626414, 0.00975579416896, 5.10775503722
2.71, 1.01618617028, -14.9757172433, 0.00279689502147, 5.1064922862
2.72, 1.0162161168, -14.9246845271, 0.00604790006669, 5.10521920048
2.73, 1.01631723765, -14.8736647785, 0.0142395594752, 5.10390449841
2.74, 1.01646001851, -14.8226581001, 0.0136767162777, 5.10260273479
2.75, 1.01654425926, -14.771664553, 0.00513639665488, 5.10127896349
2.76, 1.01656618759, -14.7206844042, 0.00281666100445, 5.09992119786
2.77, 1.01662672351, -14.6697178763, 0.0107396404295, 5.098555146
2.78, 1.01676384279, -14.6187650059, 0.0157862899315, 5.0971931533
2.79, 1.01688746195, -14.567826046, 0.00940215796821, 5.09577715531
2.8, 1.01692836136, -14.5169011475, 0.00209782466598, 5.09437415715
2.81, 1.0169549417, -14.4659903229, 0.00611522659352, 5.09296307989
2.82, 1.01706094079, -14.4150936353, 0.0149254510706, 5.09154968957
2.83, 1.01720831877, -14.3642111252, 0.0137926441647, 5.09012313381
2.84, 1.01728868319, -14.3133428086, 0.00443232972088, 5.08870712925
2.85, 1.01730413137, -14.2624886617, 0.00240953399513, 5.08729301378
2.86, 1.01736592775, -14.2116491061, 0.0112713999523, 5.08579836289
2.87, 1.0175095597, -14.1608244175, 0.0163278453745, 5.08431701059
2.88, 1.01763358879, -14.1100143916, 0.00899710713698, 5.08286020743
2.89, 1.01766754402, -14.0592189003, 0.00136728810561, 5.08141090649
2.9, 1.01769097034, -14.008438075, 0.00624726498636, 5.07991018756
2.91, 1.01780264066, -13.9576722985, 0.0156819160342, 5.07842072727
2.92, 1.01795480646, -13.9069215293, 0.0138794609676, 5.07691314812
2.93, 1.018030664, -13.8561858932, 0.00365722887784, 5.07539197113
2.94, 1.01805377234, -13.805465423, 0.00210503410864, 5.07387513921
2.95, 1.01810322003, -13.7547601673, 0.00965349813439, 5.07235248389
2.96, 1.01823670904, -13.704070495, 0.0161456155711, 5.07076678882
2.97, 1.01837008009, -13.6533963803, 0.0105909202754, 5.06922419052
2.98, 1.01841754542, -13.6027377358, 0.00208938643658, 5.06768073674
2.99, 1.01843593892, -13.5520945431, 0.0048536388215, 5.06613381879
3.0, 1.01853198408, -13.5014670321, 0.0144578125495, 5.064549602
3.01, 1.01868381957, -13.4508552458, 0.0148675443738, 5.06298723771
3.02, 1.01877527455, -13.4002589571, 0.00521295515874, 5.06144740032
3.03, 1.0188012701, -13.3496784306, 0.00317139224897, 5.05983680229
3.04, 1.01884713025, -13.299113965, 0.00843311928806, 5.05823399385
3.05, 1.01896637418, -13.2485655084, 0.0149852930878, 5.0566380452
3.06, 1.01909871533, -13.1980329039, 0.0114148069544, 5.05505700113
3.07, 1.01916007419, -13.1475163736, 0.0035192810754, 5.0534277494
3.08, 1.01918390755, -13.0970160941, 0.00446605214982, 5.0518030519
3.09, 1.01926730165, -13.0465320678, 0.0128317689657, 5.05018219427
3.1, 1.01940898114, -12.9960643632, 0.0146805244103, 5.04854272251
3.11, 1.0195095443, -12.945612908, 0.00676806078515, 5.04692425533
3.12, 1.01953669068, -12.8951777539, 0.0022009649376, 5.04528599756
3.13, 1.01958084661, -12.844759187, 0.00871077144976, 5.04360848858
3.14, 1.0197055413, -12.7943573311, 0.0155702038971, 5.04194244694
3.15, 1.01984006684, -12.743972007, 0.0112381432709, 5.04029778951
3.16, 1.01989576002, -12.6936032042, 0.00278382902517, 5.03863599833
3.17, 1.0199146909, -12.6432511711, 0.00432532918836, 5.03694900458
3.18, 1.02000151388, -12.5929160053, 0.0134689570437, 5.03526639793
3.19, 1.0201487193, -12.5425975696, 0.0149794632586, 5.03360355614
3.2, 1.02024708667, -12.4922957451, 0.00616594383867, 5.03193743244
3.21, 1.02026732346, -12.4420105666, 0.00164129756305, 5.03027708863
3.22, 1.02031087715, -12.3917418248, 0.00908696601743, 5.02864891794
3.23, 1.02044192831, -12.3414897264, 0.0162218342397, 5.02695866733
3.24, 1.02057874234, -12.2912545113, 0.0110275725059, 5.02526574654
3.25, 1.02062826466, -12.2410359702, 0.00200554447752, 5.02360900022
3.26, 1.02064233119, -12.1908341403, 0.00423197717005, 5.02193593889
3.27, 1.02073336928, -12.1406492473, 0.0141901542295, 5.02022828884
3.28, 1.02088652893, -12.0904813011, 0.0152748489251, 5.01854440326
3.29, 1.02098219157, -12.0403301075, 0.00548987524262, 5.01686521522
3.3, 1.02100892279, -11.9901960517, 0.00185779385714, 5.01512254219
3.31, 1.02104291256, -11.9400794595, 0.00750544403363, 5.01337498229
3.32, 1.02116113577, -11.889980317, 0.0155953916621, 5.01163812993
3.33, 1.02130363785, -11.8398984093, 0.0124379286515, 5.00992707087
3.34, 1.02136819772, -11.7898338617, 0.00311861813834, 5.00816915038
3.35, 1.0213814912, -11.7397867903, 0.00316216771334, 5.00642234103
3.36, 1.02145680694, -11.6897572246, 0.0126762015499, 5.00467493683
3.37, 1.02160525317, -11.6397448446, 0.0158345587256, 5.00298302277
3.38, 1.02171511239, -11.5897495315, 0.00719477739457, 5.00125635901
3.39, 1.02174528952, -11.5397716623, 0.00436405694666, 4.99946050151
3.4, 1.02178057983, -11.4898113271, 0.00659170431903, 4.99774800564
3.41, 1.02188467238, -11.4398686654, 0.0141922880057, 4.99597164967
3.42, 1.02202225951, -11.3899435859, 0.0128697458186, 4.99421242435
3.43, 1.02209925623, -11.3400361405, 0.00465848443968, 4.99245623412
3.44, 1.02212142174, -11.2901462724, 0.0032082403117, 4.99067554018
3.45, 1.02218667419, -11.2402743283, 0.0110783220715, 4.98889605498
3.46, 1.02232228029, -11.1904203108, 0.0152092141745, 4.98708946094
3.47, 1.02243765081, -11.1405843513, 0.00856854375318, 4.98528796208
3.48, 1.02247436577, -11.0907663597, 0.00210978423011, 4.98348356694
3.49, 1.0225050273, -11.0409663937, 0.00668001525311, 4.98168405878
3.5, 1.02261376847, -10.9911845035, 0.0148127035543, 4.97987904697
3.51, 1.0227550132, -10.9414207096, 0.0128884934401, 4.97806794523
3.52, 1.0228275844, -10.8916748643, 0.00394643887361, 4.97628483977
3.53, 1.02284371094, -10.8419464441, 0.00287092185985, 4.97457592472
3.54, 1.0229107075, -10.7922346706, 0.0116224660787, 4.97304825081
3.55, 1.0230523954, -10.742536004, 0.0156725740796, 4.97184940628
3.56, 1.0231674402, -10.6928477248, 0.00811443966089, 4.97094912259
3.57, 1.02319729699, -10.6431670487, 0.00143279069198, 4.97031875545
3.58, 1.02322547961, -10.5934859736, 0.00686895356546, 4.97097727672
3.59, 1.02333997074, -10.543796929, 0.0155349578695, 4.97194627114
3.6, 1.02348537145, -10.494095946, 0.0129135326924, 4.97332161574
3.61, 1.02355328206, -10.4443702533, 0.00320965480694, 4.97675707201
3.62, 1.02356347996, -10.3946056645, 0.00259557452632, 4.98112023996
3.63, 1.02363332343, -10.3447954036, 0.0123116345018, 4.98589299565
3.64, 1.02378238131, -10.2949290022, 0.0162400342021, 4.9922363613
3.65, 1.02389755166, -10.2450008296, 0.00767208055834, 4.99834978567
3.66, 1.02392867714, -10.1950123629, 0.00412882191002, 5.00425593516
3.67, 1.02395884687, -10.1449653569, 0.00602417143401, 5.01006507373
3.68, 1.02406034457, -10.0948615407, 0.0142927711385, 5.01566528452
3.69, 1.02420273783, -10.0447024835, 0.0135456247333, 5.02111770352
3.7, 1.02428467189, -9.99448961949, 0.00486804082368, 5.02642860352
3.71, 1.02430447575, -9.94422443056, 0.0026938773934, 5.031585947
3.72, 1.02436495979, -9.89390849314, 0.0108124416685, 5.03658517038
3.73, 1.02450259657, -9.84354328227, 0.0157823187748, 5.04144643309
3.74, 1.02462492275, -9.79313008383, 0.00918844438197, 5.04618475929
3.75, 1.02466350118, -9.74267015121, 0.00190856838757, 5.05079479428
3.76, 1.02468944821, -9.69216485342, 0.00616840763515, 5.05526236052
3.77, 1.02479662158, -9.64161557578, 0.0150537578763, 5.05959756566
3.78, 1.02494423976, -9.59102351722, 0.0137148658303, 5.06382176866
3.79, 1.0250228454, -9.54038975417, 0.00422462804072, 5.06793927533
3.8, 1.02503697616, -9.48971543407, 0.00238354455528, 5.07193538077
3.81, 1.02509977319, -9.43900181721, 0.0114494954299, 5.07580492016
3.82, 1.02524485888, -9.38825005631, 0.0164035796828, 5.07956898186
3.83, 1.02536824546, -9.33746111362, 0.00883911978406, 5.08324218231
3.84, 1.02540049601, -9.286635937, 0.00124747403561, 5.0868163527
3.85, 1.02542411694, -9.23577561372, 0.00638942885547, 5.09027556025
3.86, 1.02553784343, -9.18488125109, 0.0158900312958, 5.09363045798
3.87, 1.02569090554, -9.13395375943, 0.0138562230663, 5.09690341258
3.88, 1.02576551971, -9.08299393536, 0.0035043062649, 5.1000968238
3.89, 1.02578804196, -9.03200268719, 0.00215633200764, 5.10319273671
3.9, 1.02583929549, -8.98098098473, 0.00991064712615, 5.10618983367
3.91, 1.02597496038, -8.9299297554, 0.0162872249854, 5.10910273896
3.92, 1.02610831205, -8.87884974047, 0.0104946329549, 5.11194760968
3.93, 1.02615475343, -8.82774164155, 0.00204268783617, 5.11471931547
3.94, 1.02617413338, -8.7766062894, 0.00507675000914, 5.11740088107
3.95, 1.02627298077, -8.72544457568, 0.0147331720478, 5.11999728398
3.96, 1.02642629209, -8.67425722522, 0.0148961934554, 5.12253038343
3.97, 1.02651704018, -8.62304482957, 0.00511729169601, 5.12500573615
3.98, 1.02654309579, -8.57180806291, 0.0033008810461, 5.12740535973
3.99, 1.02659153249, -8.52054770169, 0.00876253331916, 5.12972807794
4.0, 1.0267135394, -8.46926447518, 0.0151735654015, 5.13198284866
4.01, 1.02684628195, -8.41795896378, 0.0113610765568, 5.13418572878
4.02, 1.02690714684, -8.3666316938, 0.00353640662006, 5.13633410162
4.03, 1.02693269699, -8.31528329473, 0.00476416045117, 5.13841316982
4.04, 1.02701955841, -8.26391447164, 0.0131620697947, 5.14042351009
4.05, 1.02716313935, -8.21252580418, 0.0147442624485, 5.14238417622
4.06, 1.02726339637, -8.16111774242, 0.00672046253374, 5.14430176794
4.07, 1.02729118212, -8.10969077751, 0.00239556715261, 5.14616469773
4.08, 1.02733864416, -8.058245533, 0.00911170958247, 5.14796127971
4.09, 1.0274666729, -8.00678260212, 0.0158015911073, 5.14970566348
4.1, 1.02760191035, -7.95530240988, 0.0112108727806, 5.1514136064
4.11, 1.02765748754, -7.90380533586, 0.00285179778328, 5.15308097183
4.12, 1.02767880027, -7.85229188157, 0.00469799912557, 5.15469103709
4.13, 1.02776978553, -7.80076262909, 0.0138578996657, 5.15624524334
4.14, 1.02791929319, -7.74921802257, 0.0150697192764, 5.15776337767
4.15, 1.02801760435, -7.69765837525, 0.0061488710707, 5.15925214687
4.16, 1.02803896932, -7.6460840582, 0.00189942656032, 5.16069698256
4.17, 1.02808654303, -7.5944955892, 0.00955790541402, 5.16208586028
4.18, 1.0282214693, -7.54289344785, 0.0164900728126, 5.16343494722
4.19, 1.02835924351, -7.49127793536, 0.0110207170079, 5.16475969257
4.2, 1.02840896828, -7.43964931629, 0.00211835709152, 5.16605479143
4.21, 1.02842603048, -7.38800799635, 0.00467458336105, 5.16730099032
4.22, 1.0285218582, -7.33635446474, 0.0146296610206, 5.16850155703
4.23, 1.028677642, -7.28468905762, 0.0153845549054, 5.16967740962
4.24, 1.02877343949, -7.23301197996, 0.00549914401577, 5.17083399614
4.25, 1.02880178489, -7.18132352628, 0.0021781262812, 5.17195361617
4.26, 1.02884043513, -7.12962409649, 0.00803455516357, 5.17303012412
4.27, 1.02896295142, -7.07791409187, 0.0158916985279, 5.17407218574
4.28, 1.02910661055, -7.02619375131, 0.0124511337226, 5.17509701281
4.29, 1.02917171884, -6.97446324959, 0.00327981967657, 5.17610270382
4.3, 1.02918862454, -6.92272288136, 0.00366991668043, 5.17707072661
4.31, 1.02926927527, -6.87097305263, 0.0131552505395, 5.1779988141
4.32, 1.02942057763, -6.81921405139, 0.01595775779, 5.17890697209
4.33, 1.02953075844, -6.76744601846, 0.00723288573217, 5.17980354456
4.34, 1.02955498299, -6.7156691367, 0.00142771677478, 5.18067538481
4.35, 1.02959204973, -6.66388375175, 0.00835219955552, 5.18150678294
4.36, 1.02972110539, -6.61209020538, 0.0166239381278, 5.18231128096
4.37, 1.02986817923, -6.56028865742, 0.0123502467067, 5.18310643588
4.38, 1.02992758738, -6.50847920952, 0.00248608638991, 5.18388903169
4.39, 1.02995341614, -6.45666211864, 0.00357685095463, 5.18463823178
4.4, 1.0300236392, -6.40483769227, 0.0116592219348, 5.18535651795
4.41, 1.03016455738, -6.35300617773, 0.0156418822516, 5.18605780946
4.42, 1.03028248888, -6.30116767818, 0.00870421155532, 5.18675205704
4.43, 1.03032042543, -6.24932231122, 0.00229289281309, 5.18742968463
4.44, 1.03035465014, -6.19747033939, 0.00718323869457, 5.18807480999
4.45, 1.03046913369, -6.14561205357, 0.0153788517964, 5.18869597018
4.46, 1.03061449084, -6.09374758877, 0.0131509435341, 5.18931048023
4.47, 1.0306884512, -6.04187700337, 0.00404981576295, 5.1899180856
4.48, 1.03070676672, -5.99000046324, 0.0032342142528, 5.19050106033
4.49, 1.03077905651, -5.938118259, 0.0122427728434, 5.19105421836
4.5, 1.03092632285, -5.88623058793, 0.0161180933294, 5.19159619742
4.51, 1.03104391905, -5.83433749626, 0.00824287792077, 5.19213663494
4.52, 1.03107504531, -5.78243905558, 0.00163458677818, 5.19266427234
4.53, 1.03110717267, -5.73053549836, 0.00741945709917, 5.19316180674
4.54, 1.03122780865, -5.67862707966, 0.016125794339, 5.1936399951
4.55, 1.03137735419, -5.62671388306, 0.0131599948927, 5.19411683631
4.56, 1.03144645499, -5.57479591904, 0.00329404444362, 5.19459116391
4.57, 1.03147330678, -5.52287333953, 0.00305141796473, 5.1950425635
4.58, 1.03153425709, -5.47094636203, 0.0106837502805, 5.19547063391
4.59, 1.03167126427, -5.41901516906, 0.0158765514302, 5.19588786632
4.6, 1.0317976007, -5.36707979256, 0.00980411931247, 5.19630591819
4.61, 1.03184265784, -5.31514025946, 0.00245687242877, 5.19671717249
4.62, 1.03187102218, -5.2631967403, 0.00614617966934, 5.19710417763
4.63, 1.03197656461, -5.21124946229, 0.0148900725717, 5.19747232395
4.64, 1.0321251689, -5.15929850656, 0.014072188099, 5.1978397338
4.65, 1.03220962054, -5.10734385896, 0.0048848745316, 5.19820844294
4.66, 1.03222842936, -5.05538559844, 0.00260284377378, 5.19856140853
4.67, 1.03229042384, -5.00342394561, 0.0111986186642, 5.19888992102
4.68, 1.03243393083, -4.95145905387, 0.0164329407732, 5.19921132758
4.69, 1.03256096403, -4.89949091602, 0.00943249978305, 5.19953737168
4.7, 1.03259932141, -4.84751952893, 0.00173791474258, 5.19985895596
4.71, 1.0326244709, -4.79554504911, 0.00626032731068, 5.20015710677
4.72, 1.03273557496, -4.74356768663, 0.0156482110557, 5.20043905307
4.73, 1.0328892044, -4.69158748842, 0.0142001292027, 5.20072404983
4.74, 1.03296959701, -4.63960440694, 0.00415037036352, 5.20101315002
4.75, 1.03299578783, -4.58761851908, 0.00301094788096, 5.20128620694
4.76, 1.0330502747, -4.53562999734, 0.00977802366485, 5.20153975154
4.77, 1.03318117153, -4.48363917951, 0.0157100654779, 5.20175140306
4.78, 1.03331231468, -4.43164638525, 0.0106892734591, 5.20193494812
4.79, 1.03336540129, -4.37965191393, 0.00294176988747, 5.20208562177
4.8, 1.03339173024, -4.32765638254, 0.0054211004449, 5.20215140082
4.81, 1.03348852613, -4.27566036524, 0.0141623952578, 5.20217923543
4.82, 1.03363636473, -4.22366439037, 0.0145761236288, 5.20214574618
4.83, 1.03372957997, -4.17166871021, 0.00580653686529, 5.20211810224
4.84, 1.03375224536, -4.11967387984, 0.00241240261854, 5.20198444337
4.85, 1.03380670495, -4.06768059525, 0.0102011528081, 5.20180940891
4.86, 1.03394381473, -4.01568922449, 0.0162972755558, 5.20160495852
4.87, 1.03407644147, -3.96370012699, 0.0104100814556, 5.20135340869
4.88, 1.03412328161, -3.91171364034, 0.00221158556881, 5.2010807766
4.89, 1.03414565147, -3.85973019714, 0.00542863636924, 5.20073758981
4.9, 1.03424720246, -3.80775044405, 0.014884288731, 5.20035700067
4.91, 1.03440045593, -3.755774772, 0.0147915068618, 5.19992601524
4.92, 1.03449045954, -3.70380342863, 0.00512528682372, 5.19948626254
4.93, 1.03450633224, -3.6518366067, 0.00194418025085, 5.1990215198
4.94, 1.03456160056, -3.59987482752, 0.0107213318904, 5.19848426192
4.95, 1.03470575107, -3.54791850703, 0.0169364595585, 5.19792956361
4.96, 1.03483977999, -3.49596773631, 0.0100794309814, 5.19737270976
4.97, 1.03488777523, -3.44402279595, 0.00475192009518, 5.19672543131
4.98, 1.0349097502, -3.39208405915, 0.00431378847807, 5.19613127613
4.99, 1.03499651996, -3.3401518135, 0.0135666254247, 5.19546694594
5.0, 1.03514722772, -3.28822625366, 0.0155272676286, 5.19479442735
5.01, 1.03525176476, -3.23630760555, 0.00674009727758, 5.19408892109
5.02, 1.03527537004, -3.18439626809, 0.00176097140221, 5.1933293568
5.03, 1.03531856903, -3.13249265186, 0.00901962190987, 5.19254768593
5.04, 1.03545082396, -3.08059714126, 0.0165531724333, 5.1917152414
5.05, 1.0355931415, -3.02870991883, 0.0116809550002, 5.19088673372
5.06, 1.03564800455, -2.97683117337, 0.00235937829858, 5.19002047582
5.07, 1.03567738666, -2.92496135629, 0.00423702675737, 5.18910176642
5.08, 1.035753667, -2.87310082905, 0.0120313576176, 5.18816397867
5.09, 1.03589315393, -2.82124970618, 0.0151041473003, 5.18722224725
5.1, 1.0360045182, -2.76940797102, 0.00814936578282, 5.18628473901
5.11, 1.0360417495, -2.71757582616, 0.00265395999787, 5.18530547991
5.12, 1.03608244172, -2.66575356572, 0.00786810384269, 5.1843047107
5.13, 1.03619979392, -2.61394136974, 0.0152327575824, 5.18329721237
5.14, 1.03633943111, -2.56213920047, 0.0123881826674, 5.18227353491
5.15, 1.03640837754, -2.51034761669, 0.00392073454129, 5.18120405228
5.16, 1.03643063094, -2.458566786, 0.00394443768579, 5.1801202383
5.17, 1.03650914194, -2.40679687848, 0.01258886924, 5.17902531824
5.18, 1.03665424374, -2.35503810107, 0.0154813922291, 5.1778975268
5.19, 1.03676446552, -2.3032905215, 0.0076397749446, 5.17678153016
5.2, 1.03679492017, -2.25155412218, 0.00203343424582, 5.17565962629
5.21, 1.03683386164, -2.19982922149, 0.00811581149406, 5.17448774148
5.22, 1.03695690167, -2.14811607081, 0.0158877639221, 5.17330744244
5.23, 1.03709963356, -2.09641465165, 0.0122962234656, 5.17214289498
5.24, 1.03716322824, -2.04472521835, 0.003164432906, 5.17091471584
5.25, 1.03717993485, -1.99304807646, 0.00372447454789, 5.1696800752
5.26, 1.03726146958, -1.94138332667, 0.0132335615761, 5.16843439231
5.27, 1.03741274548, -1.88973103045, 0.015876879739, 5.16719499604
5.28, 1.03752156221, -1.83809124042, 0.00708128385681, 5.16593422552
5.29, 1.03754491942, -1.78646402323, 0.00141250759681, 5.16467623089
5.3, 1.03758262699, -1.73484943661, 0.0084508182895, 5.16340649705
5.31, 1.03771224741, -1.68324798782, 0.0166124336281, 5.16206096932
5.32, 1.03785823393, -1.63165986788, 0.0121767168908, 5.16073515732
5.33, 1.03791599604, -1.58008490896, 0.00236359226983, 5.15941996053
5.34, 1.03794073523, -1.52852317435, 0.00297284651088, 5.15809706082
5.35, 1.03800804558, -1.47697490132, 0.0116941380792, 5.1567301219
5.36, 1.03815261324, -1.42544024897, 0.0161564979279, 5.15537300339
5.37, 1.03827379911, -1.37391906974, 0.0087478846273, 5.15403432067
5.38, 1.03830817876, -1.32241161764, 0.00168719146096, 5.15263154377
5.39, 1.0383369079, -1.27091821153, 0.00683255571519, 5.15122214594
5.4, 1.03845216663, -1.2194389305, 0.0157761191008, 5.14980280229
5.41, 1.0386023338, -1.16797392258, 0.0135311974239, 5.14837105558
5.42, 1.03867602017, -1.11652311716, 0.00365891673509, 5.14696162385
5.43, 1.0387020486, -1.06508663075, 0.00337722578027, 5.14551219645
5.44, 1.03876186342, -1.01366464058, 0.0102553655061, 5.14406063962
5.45, 1.03889316727, -0.962257297935, 0.0153344016395, 5.14258294599
5.46, 1.03901740489, -0.910864640567, 0.00991186498853, 5.14112382413
5.47, 1.03906606897, -0.859486508153, 0.00289008342088, 5.13967594437
5.48, 1.03909623753, -0.808123007092, 0.00602206602875, 5.13819216594
5.49, 1.03919709135, -0.756774402205, 0.0142399770904, 5.13670542132
5.5, 1.039340597, -0.705440592505, 0.0138067911118, 5.13523002878
5.51, 1.03942638449, -0.654121419998, 0.00528072842087, 5.13377778092
5.52, 1.03944907377, -0.602816887089, 0.00282691207004, 5.13229832669
5.53, 1.03950919904, -0.551527230947, 0.0106827327795, 5.130808141
5.54, 1.03964624326, -0.500252449229, 0.0158371105973, 5.1293258586
5.55, 1.03977105939, -0.448992571742, 0.00955866129355, 5.1278265475
5.56, 1.03981326725, -0.397747588698, 0.00218360920351, 5.12634367253
5.57, 1.03983994287, -0.346517597772, 0.00607451327022, 5.12482174917
5.58, 1.0399455473, -0.295302873776, 0.0149166168462, 5.12330050063
5.59, 1.04009363371, -0.244103437675, 0.0139262179515, 5.12176449383
5.6, 1.04017558324, -0.192919258292, 0.00457968024942, 5.12024729887
5.61, 1.04019179334, -0.141750231107, 0.00241819749684, 5.11873274681
5.62, 1.04025317053, -0.0905966764276, 0.0112155591264, 5.11715096619
