timestamp, prius1 x posi, prius1 y posi, prius1 x vel, prius1 y vel.
0.0, 0.0, 0.0, 0.0, 0.0
0.00999999999999, -1.00002850391, 25.1150035867, 0.0059033669818, -0.114781589728
0.02, -0.9999642235, 25.1138325066, 0.00612418899019, -0.124351071413
0.03, -0.999956662849, 25.1125641447, -0.00280052737834, -0.134415461436
0.04, -1.00001952235, 25.1111909849, -0.00604531284465, -0.145115434468
0.05, -1.0000484751, 25.1097105426, 0.00194213906537, -0.155871654645
0.06, -0.999994207157, 25.1081216662, 0.00796122240279, -0.166886404133
0.07, -0.999946278064, 25.106420393, 0.001851169194, -0.178246335058
0.08, -0.999985394248, 25.1046050642, -0.00635072090869, -0.189694739443
0.09, -1.00004751089, 25.102674906, -0.00290294865916, -0.201210318689
0.1, -1.00002861555, 25.1006282114, 0.00663871195017, -0.213191189358
0.11, -0.999958887749, 25.098458276, 0.00633962904313, -0.225644502737
0.12, -0.999954558733, 25.0961635818, -0.00348138838922, -0.238122824824
0.13, -1.00002418138, 25.093743157, -0.0065022263056, -0.250966556536
0.14, -1.00005212701, 25.091190647, 0.00249159200873, -0.264345759563
0.15, -0.999990565384, 25.0885042032, 0.00861777205805, -0.277763533521
0.16, -0.999941265497, 25.085683208, 0.00150688389167, -0.291261210695
0.17, -0.999979250431, 25.0827269993, -0.00376679902859, -0.304841411669
0.18, -1.00004153146, 25.079632667, -0.00399975716326, -0.318791431318
0.19, -1.00003734906, 25.0763994657, 0.00532227428141, -0.332639767261
0.2, -0.999970195856, 25.073027171, 0.00707601785968, -0.346763608439
0.21, -0.999951237903, 25.069509613, -0.00184571337406, -0.361523099007
0.22, -1.00001287727, 25.0658445613, -0.00665931989683, -0.376275183462
0.23, -1.00005275588, 25.0620320327, 0.000793220785153, -0.391096657313
0.24, -1.00000316607, 25.0580689738, 0.00822564909325, -0.406382663735
0.25, -0.999945553677, 25.0539517041, 0.00312640208086, -0.421832273167
0.26, -0.999976469263, 25.0496799919, -0.00616541836685, -0.437270478999
0.27, -1.00004552947, 25.045253895, -0.00412417919538, -0.452791859153
0.28, -1.00003727846, 25.0406709952, 0.00604616677184, -0.468539352014
0.29, -0.999964006685, 25.0359307659, 0.00739620227416, -0.484264417982
0.3, -0.999947589303, 25.0310331397, -0.00251298789585, -0.500100617059
0.31, -1.00000453585, 25.0259755927, -0.00556006215575, -0.516150795401
0.32, -1.00004821068, 25.0207577852, -0.000447353861059, -0.532162071978
0.33, -1.00001261662, 25.0153800497, 0.00713579279743, -0.548217088913
0.34, -0.999954978269, 25.0098401822, 0.00406662702659, -0.564485504066
0.35, -0.999971240757, 25.0041378335, -0.00470599404739, -0.580718729565
0.36, -1.00003513125, 24.9982733921, -0.00456721122011, -0.596909594288
0.37, -1.00003986533, 24.9922469395, 0.00442553182433, -0.613288791982
0.38, -0.999976083342, 24.9860534295, 0.0073193625561, -0.630117171642
0.39, -0.999949449762, 24.9796918794, -0.000874144563541, -0.646910721192
0.4, -1.00000535092, 24.9731629227, -0.00660489000409, -0.663597455847
0.41, -1.00005133409, 24.9664653416, -0.000193949333881, -0.680564903441
0.42, -1.00000979399, 24.9595983846, 0.00782668531338, -0.697533673861
0.43, -0.999948793861, 24.9525621378, 0.00398875981826, -0.714433537252
0.44, -0.999970448331, 24.9453562891, -0.00547219562022, -0.731636153812
0.45, -1.00003985908, 24.937975694, -0.0047696889418, -0.749177193292
0.46, -1.00004125957, 24.9304202307, 0.00510907412007, -0.766617413224
0.47, -0.999970991303, 24.9226901803, 0.00773432240386, -0.784195513931
0.48, -0.999945772084, 24.914783306, -0.00144519071847, -0.801873755259
0.49, -1.00000885863, 24.9067001129, -0.00722474704164, -0.819459344844
0.5, -1.00005589423, 24.8984413569, 0.000172065216725, -0.83707403466
0.51, -1.0000074656, 24.8900053874, 0.00857682242181, -0.854767032511
0.52, -0.999943130319, 24.8813926007, 0.00386404134985, -0.87252521948
0.53, -0.999970732627, 24.8726006, -0.00628267249451, -0.890549801366
0.54, -1.00003181271, 24.863628807, -0.00550948513564, -0.908581665649
0.55, -1.00004735038, 24.8544753968, 0.00358009365798, -0.926780860308
0.56, -0.999983594765, 24.845140639, 0.00804330106071, -0.944906389149
0.57, -0.999945645052, 24.8356231492, 0.00026058395817, -0.963252254237
0.58, -0.99999738973, 24.8259204238, -0.0069249577402, -0.981933208427
0.59, -1.00005325788, 24.816031781, -0.00143810340371, -1.00046338676
0.6, -1.00001912814, 24.8059584448, 0.00775103279128, -1.01887997726
0.61, -0.999950407077, 24.7957012496, 0.00524645092656, -1.03731941543
0.62, -0.999961816511, 24.7852583044, -0.00496537985942, -1.05593632793
0.63, -1.00002096279, 24.7746299697, -0.00579467317142, -1.07440306526
0.64, -1.00004877485, 24.7638170712, 0.0019487039849, -1.09301711144
0.65, -0.999995529457, 24.7528150702, 0.00781562592539, -1.11203390467
0.66, -0.999948516553, 24.741623536, 0.00185251949618, -1.13093168291
0.67, -0.999986417778, 24.7302436406, -0.0061480268635, -1.14970735451
0.68, -1.00004679456, 24.7186762623, -0.00279403105344, -1.16852295964
0.69, -1.00002826613, 24.7069196981, 0.00650239744297, -1.18745378027
0.7, -0.999960196404, 24.6949745815, 0.0062108244796, -1.20623394417
0.71, -0.999955899087, 24.6828420703, -0.00336724835262, -1.22504955557
0.72, -1.00002372987, 24.6705180076, -0.00631463968759, -1.24439012342
0.73, -1.00005093891, 24.6580017001, 0.00245366393505, -1.26346861149
0.74, -0.999990857828, 24.6452944434, 0.00843020587117, -1.28273369573
0.75, -0.999942734216, 24.6323937494, 0.00149195235165, -1.30205210788
0.76, -0.999987709102, 24.6193005384, -0.00693590806317, -1.32123787166
0.77, -1.00003811241, 24.6060162639, -0.00331073085619, -1.34027325695
0.78, -1.00003230577, 24.5925419047, 0.00499751040987, -1.35941158192
0.79, -0.999972100984, 24.5788731192, 0.00628634581359, -1.37897728
0.8, -0.999957131912, 24.5650093315, -0.00178321333458, -1.39842623241
0.81, -1.00001308329, 24.5509516094, -0.00583026530031, -1.41784685111
0.82, -1.00004692736, 24.5366986112, 0.00102149428928, -1.43739290185
0.83, -1.00000104955, 24.5222505192, 0.00746540370325, -1.45696394538
0.84, -0.999950786214, 24.5076059253, 0.00264514058852, -1.47658967782
0.85, -0.999980433195, 24.4927655802, -0.00555747035718, -1.49619769973
0.86, -1.00004162184, 24.477728278, -0.00342533446945, -1.5158908476
0.87, -1.00003198463, 24.4624949541, 0.00566772627687, -1.53541266955
0.88, -0.999966268233, 24.4470669156, 0.00655847374176, -1.55491932323
0.89, -0.99995381396, 24.4314429195, -0.00240803537967, -1.57449551225
0.9, -1.00001656761, 24.4156238414, -0.00635115702597, -1.59395418522
0.91, -1.00005045766, 24.3996109505, 0.00145402035921, -1.61337529104
0.92, -0.999997917567, 24.3834010438, 0.00811908165029, -1.63319755139
0.93, -0.999945588466, 24.3669938988, 0.00240579651904, -1.65284744897
0.94, -0.999981444219, 24.3503912438, -0.00631050058577, -1.67236360174
0.95, -1.00004691987, 24.3335931964, -0.00344403196543, -1.69195451666
0.96, -1.00003245253, 24.3165984059, 0.00642584532655, -1.71160237488
0.97, -0.999960834241, 24.2994087041, 0.00682085890459, -1.73095127541
0.98, -0.999951402891, 24.2820268069, -0.00309715345072, -1.75009770754
0.99, -1.00002123886, 24.2644537163, -0.00685500651044, -1.76918829333
1.0, -1.00005447271, 24.2466902376, 0.00198411777302, -1.78812927063
1.01, -0.999994519236, 24.2287387445, 0.00880958103418, -1.80680795372
1.02, -0.99994037726, 24.2106017781, 0.00209591424236, -1.82527487624
1.03, -0.999975041262, 24.1922806322, -0.00374242587977, -1.84350220914
1.04, -1.00004115959, 24.1737768833, -0.00460045290208, -1.86179735622
1.05, -1.0000417389, 24.1550918367, 0.00510579068367, -1.87994609242
1.06, -0.999972285554, 24.1362246661, 0.00761999014621, -1.89817271111
1.07, -0.999947711981, 24.1171756666, -0.00144013839688, -1.91626946262
1.08, -1.00000983672, 24.0979474063, -0.00707482029284, -1.93398789576
1.09, -1.00005561206, 24.0785409668, 0.000242758774429, -1.95190900468
1.1, -1.00000752628, 24.0589572063, 0.00846645662619, -1.96949983924
1.11, -0.999944432556, 24.0391987685, 0.00376872618336, -1.98688949546
1.12, -0.999971988397, 24.0192670828, -0.0061940770652, -2.00413994244
1.13, -1.00003172258, 23.999163685, -0.00537479783389, -2.02123842695
1.14, -1.00004674212, 23.9788902203, 0.00354440104107, -2.03812375289
1.15, -0.999984139907, 23.9584494434, 0.00789518249243, -2.05474429612
1.16, -0.999947078024, 23.9378432912, 0.000247745874225, -2.07116314202
1.17, -0.999997947851, 23.9170745337, -0.00678181857262, -2.08727325221
1.18, -1.00005262223, 23.8961460291, -0.00137940765538, -2.10321009138
1.19, -1.00001898817, 23.8750578543, 0.00761992876312, -2.11911421188
1.2, -0.999951686538, 23.8538121771, 0.00513663725761, -2.13472189877
1.21, -0.99996306873, 23.832411726, -0.00487007967409, -2.15010481226
1.22, -1.00003542213, 23.8108584363, -0.00573531824303, -2.16528797298
1.23, -1.00004821588, 23.7891543563, 0.00417549498284, -2.18024468703
1.24, -0.99997873073, 23.7673022139, 0.00840645124068, -2.19491075383
1.25, -0.999942161511, 23.745304701, -0.000272593541593, -2.20935081145
1.26, -0.999988509768, 23.7231636383, -0.00583749341208, -2.22359590731
1.27, -1.00004913457, 23.7008815812, -0.00282307309611, -2.23755919353
1.28, -1.00003006594, 23.678461302, 0.0066113914472, -2.2512521491
1.29, -0.999960784152, 23.6559050917, 0.00630535636406, -2.26480996445
1.3, -0.999956299359, 23.6332134841, -0.00342082132348, -2.27827249136
1.31, -1.00002507183, 23.6103885967, -0.00641749347166, -2.29147111682
1.32, -1.00005265299, 23.5874329735, 0.00247910145339, -2.3044552486
1.33, -0.999991665279, 23.5643481384, 0.0085431731587, -2.31729278452
1.34, -0.999942758926, 23.5411361488, 0.00151060863466, -2.32987742026
1.35, -0.999980186976, 23.5177991716, -0.00368661142747, -2.34231789106
1.36, -1.0000418271, 23.4943374265, -0.0039708529629, -2.35480270119
1.37, -1.00003793875, 23.4707519198, 0.00525110114384, -2.36709369555
1.38, -0.999971510561, 23.4470446509, 0.00702315252122, -2.37916354001
1.39, -0.999952488356, 23.4232177194, -0.00179407531159, -2.39105224177
1.4, -1.00001339073, 23.3992724122, -0.00659287302396, -2.40283863036
1.41, -1.0000530845, 23.3752099121, 0.000760978432981, -2.41447177689
1.42, -1.0000041906, 23.3510321884, 0.00814150729703, -2.42590385351
1.43, -0.9999470288, 23.3267405875, 0.00312391739073, -2.43723456002
1.44, -0.999977418199, 23.3023367596, -0.00608889137697, -2.44835494494
1.45, -1.00004589929, 23.2778228308, -0.00410599397492, -2.45926096577
1.46, -1.00003802332, 23.2532007919, 0.00596664467254, -2.47003057132
1.47, -0.999965501478, 23.2284711047, 0.00734198646029, -2.48074447579
1.48, -0.999948996517, 23.2036352144, -0.00246225760692, -2.49127509182
1.49, -1.00000530478, 23.178694845, -0.00550976186181, -2.50166991892
1.5, -1.00004882923, 23.153651162, -0.000475437950879, -2.51191592892
1.51, -1.00001381282, 23.1285059147, 0.00706252253926, -2.52201260674
1.52, -0.999956585494, 23.1032600372, 0.00405677944766, -2.53202243366
1.53, -0.999972481037, 23.0779148846, -0.00464900101757, -2.54189158273
1.54, -1.00003587111, 23.0524714813, -0.00454698973438, -2.55165091373
1.55, -1.00004084566, 23.026931426, 0.0043624876952, -2.56123058513
1.56, -0.999977717681, 23.0012962745, 0.0072616836567, -2.57069956658
1.57, -0.99995116414, 22.9755667218, -0.00084578365226, -2.58008759113
1.58, -1.00000644733, 22.9497441297, -0.00654335605226, -2.58930829185
1.59, -1.00005215782, 22.9238300412, -0.000214940572642, -2.59843721754
1.6, -1.00001122289, 22.8978245247, 0.00774082259447, -2.60754983558
1.61, -0.999950771651, 22.871728561, 0.00396722134257, -2.61653283176
1.62, -0.999972050063, 22.8455434942, -0.00540907691888, -2.62537102726
1.63, -1.00004090026, 22.8192707494, -0.00474623929303, -2.63409377688
1.64, -1.00004251078, 22.7929110974, 0.00504604076984, -2.64273409202
1.65, -0.999972893227, 22.7664656766, 0.00767579090159, -2.65125501425
1.66, -0.99994774067, 22.7399357688, -0.00141751504827, -2.65960955641
1.67, -1.00001025156, 22.7133218142, -0.00717167031128, -2.66807939098
1.68, -1.00005708211, 22.6866239071, 0.000146299942782, -2.67640911149
1.69, -1.00000922938, 22.659843338, 0.00849791233316, -2.68463922753
1.7, -0.999945355737, 22.6329804918, 0.00384793196867, -2.69286268417
1.71, -0.99997258581, 22.6060355235, -0.00622500085028, -2.70103970236
1.72, -1.0000332731, 22.5790094952, -0.00548556621414, -2.7090824244
1.73, -1.00004889037, 22.5519035914, 0.00353462503771, -2.71704125122
1.74, -0.99998566538, 22.5247182684, 0.00798689464178, -2.72494396133
1.75, -0.99994787728, 22.4974543921, 0.00027021200767, -2.73275537999
1.76, -0.999999200109, 22.4701128624, -0.00688179799183, -2.74051799439
1.77, -1.00005482157, 22.442693413, -0.00145100270185, -2.74829201023
1.78, -1.00002110475, 22.415196872, 0.00768323818119, -2.75594208855
1.79, -0.999952861674, 22.3876243063, 0.00521731793498, -2.76350092934
1.8, -0.999964056289, 22.3599765624, -0.00492090714759, -2.77100048001
1.81, -1.00002283191, 22.3322538969, -0.00576714142819, -2.77846660846
1.82, -1.00005059502, 22.3044571367, 0.00191798205197, -2.78584318347
1.83, -0.999997801694, 22.2765865903, 0.00775770789039, -2.79322436044
1.84, -0.99995105618, 22.2486422309, 0.00184607897678, -2.80057670601
1.85, -0.999988632897, 22.2206248691, -0.00610800527123, -2.80780843076
1.86, -1.00004868883, 22.1925354052, -0.00279366987134, -2.81504333356
1.87, -1.00003046201, 22.1643739203, 0.0064396419589, -2.82219393693
1.88, -0.999962922054, 22.1361412756, 0.0061682240843, -2.82930125358
1.89, -0.999958542715, 22.1078374975, -0.00333286170972, -2.83639560905
1.9, -1.00002584433, 22.0794632036, -0.0062775148736, -2.84342847707
1.91, -1.00005301927, 22.0510186552, 0.00241169107524, -2.85042657267
1.92, -0.99999356165, 22.0225045998, 0.00835439198557, -2.85733538453
1.93, -0.999945743166, 21.99392177, 0.00149471209601, -2.86420339004
1.94, -0.999990203135, 21.9652701941, -0.00687490000226, -2.87105891427
1.95, -1.00004034379, 21.9365504428, -0.00330644603824, -2.87787192935
1.96, -1.00003477703, 21.9077626182, 0.00493920007733, -2.88464782947
1.97, -0.999975126949, 21.8789073993, 0.00623637496968, -2.89137417622
1.98, -0.999960134089, 21.8499848004, -0.00175214892824, -2.89809805401
1.99, -1.00001552004, 21.8209953603, -0.00578620833903, -2.90474559352
2.0, -1.0000492589, 21.7919398292, 0.000983411364908, -2.91136313835
2.01, -1.00000400318, 21.7628176027, 0.00738385063613, -2.9180373978
2.02, -0.999954167821, 21.7336289729, 0.00263355426612, -2.92464729504
2.03, -0.999983351735, 21.7043745596, -0.00549213187406, -2.93121520177
2.04, -1.00004397317, 21.6750543796, -0.00341047644604, -2.9377990535
2.05, -1.0000346817, 21.6456683622, 0.00558488821196, -2.94436306457
2.06, -0.999969728388, 21.6162170526, 0.00649450021484, -2.95086172434
2.07, -0.999957248781, 21.5867010299, -0.0023655934443, -2.95732664679
2.08, -1.00001926059, 21.5571202333, -0.00628956199829, -2.96379323301
2.09, -1.00005297503, 21.5274753477, 0.00141196316752, -2.97013862623
2.1, -1.0000011927, 21.4977670776, 0.00802235810701, -2.97652938491
2.11, -0.999949335732, 21.4679944577, 0.00239814958686, -2.98293480637
2.12, -0.999984640375, 21.4381583218, -0.00623639536743, -2.98928365432
2.13, -1.0000495204, 21.4082588498, -0.00343314305591, -2.99557647126
2.14, -1.00003550949, 21.3782967442, 0.00633044056235, -3.00185848093
2.15, -0.999964688507, 21.3482711802, 0.00676326206783, -3.00821926796
2.16, -0.999955076903, 21.3181823325, -0.00303742797475, -3.01451483394
2.17, -1.00001208407, 21.2880308324, -0.00513313807791, -3.02077314164
2.18, -1.00004884073, 21.2578166716, 0.000238969679429, -3.02702595273
2.19, -1.00001082925, 21.2275404054, 0.00690950969506, -3.03319774693
2.2, -0.999959518879, 21.1972026255, 0.00326973620953, -3.03935200161
2.21, -0.999980502578, 21.1668030567, -0.00476763827642, -3.04555166124
2.22, -1.00003961355, 21.1363414749, -0.0037921969006, -3.05172020941
2.23, -1.0000379788, 21.1058185426, 0.00473250538759, -3.05783596151
2.24, -0.999976998699, 21.0752345453, 0.00661105819414, -3.06398637953
2.25, -0.999957911665, 21.0445884783, -0.00144704988093, -3.070194994
2.26, -1.00001356875, 21.0138806715, -0.00609337991367, -3.07633514473
2.27, -1.00005182288, 20.9831117073, 0.000546788455274, -3.08247539486
2.28, -1.00000797548, 20.9522807959, 0.00753576094424, -3.08867640934
2.29, -0.999954162095, 20.9213882358, 0.00311440038632, -3.09478513937
2.3, -0.999980691171, 20.8904347844, -0.00549497420229, -3.10087675696
2.31, -1.00004455929, 20.8594205512, -0.00390974422518, -3.10699247208
2.32, -1.00003913994, 20.8283447192, 0.00541241076884, -3.11314740518
2.33, -0.999972239125, 20.7972076705, 0.00694115450841, -3.11923776206
2.34, -0.999955184927, 20.7660097223, -0.00204270359967, -3.12537507559
2.35, -1.00001767763, 20.7347499268, -0.00663938146047, -3.13155200169
2.36, -1.00005625013, 20.7034287825, 0.0009612196712, -3.13764966938
2.37, -1.00000564236, 20.6720469679, 0.00822435921825, -3.14371134944
2.38, -0.999949273064, 20.6406043206, 0.00292132797929, -3.14979063257
2.39, -0.999981863426, 20.6091011661, -0.00626427408546, -3.15581290047
2.4, -1.00005042731, 20.577538174, -0.00397731428469, -3.16176009323
2.41, -1.00004044691, 20.5459161294, 0.00617303263235, -3.16763835047
2.42, -0.999967240133, 20.5142343692, 0.00726498198692, -3.17368041362
2.43, -0.99995271552, 20.4824925563, -0.00270825260628, -3.17965295815
2.44, -1.00000851016, 20.4506912389, -0.00640284756685, -3.18560807193
2.45, -1.00005646277, 20.4188302684, -0.000600363447575, -3.19156115015
2.46, -1.00001842552, 20.3869100643, 0.00762817479103, -3.19748168508
2.47, -0.999956050126, 20.3549304281, 0.00436238507454, -3.20342245698
2.48, -0.999973351085, 20.3228915688, -0.00513105335857, -3.20934814466
2.49, -1.00004251748, 20.2907933219, -0.00503038702172, -3.21527601479
2.5, -1.00004805006, 20.2586362047, 0.00468371605707, -3.22112756757
2.51, -0.999979265835, 20.2264205734, 0.00785510344109, -3.22703086196
2.52, -0.999950270477, 20.1941453113, -0.000979650599676, -3.23299827697
2.53, -1.00000246866, 20.1618107057, -0.00386091564208, -3.23885932774
2.54, -1.00004884548, 20.1294173123, -0.00148772382731, -3.24478558092
2.55, -1.00002469458, 20.0969649795, 0.00624763188638, -3.25066264409
2.56, -0.999967019106, 20.0644540938, 0.0048154986053, -3.25651797665
2.57, -0.999971651937, 20.0318844917, -0.00356569790155, -3.26235746507
2.58, -1.00003167191, 19.9992572037, -0.00495597836333, -3.26811976339
2.59, -1.00004697966, 19.9665716433, 0.00311404064691, -3.27396902066
2.6, -0.999990774083, 19.9338278699, 0.00725437814949, -3.27976980243
2.61, -0.999956022129, 19.9010264164, 0.000418473078599, -3.2854817354
2.62, -1.00000148756, 19.8681670697, -0.00611359554052, -3.29139178024
2.63, -1.00005225215, 19.8352488873, -0.00136401386711, -3.29722445912
2.64, -1.00002303748, 19.8022726366, 0.00690972028809, -3.30303060275
2.65, -0.999961403151, 19.769238089, 0.00485309312175, -3.30887248712
2.66, -0.999970353528, 19.7361448072, -0.00426943645818, -3.31475853532
2.67, -1.00003624995, 19.7029929864, -0.00526638285246, -3.32058527478
2.68, -1.00004943804, 19.6697831677, 0.00370124753262, -3.32640522728
2.69, -0.999986766241, 19.6365145562, 0.00774745094119, -3.33227322049
2.7, -0.999952183365, 19.6031878559, -2.96249953301e-05, -3.33807357109
2.71, -1.00000443781, 19.5698029919, -0.0067786718058, -3.34387753133
2.72, -1.00005743307, 19.5363604597, -0.00114197654767, -3.34962383968
2.73, -1.00002213988, 19.502860215, 0.00765645687859, -3.35540668702
2.74, -0.999956246995, 19.4693024132, 0.00487253149648, -3.3611378767
2.75, -0.999970005873, 19.4356873967, -0.0050263791818, -3.36688878055
2.76, -1.00004189643, 19.4020142193, -0.00554524345109, -3.37272213025
2.77, -1.00005225671, 19.3682831056, 0.00437459863517, -3.37848321165
2.78, -0.999982556756, 19.3344945768, 0.00825719122062, -3.3842297232
2.79, -0.999948495557, 19.3006483126, -0.000544075835068, -3.39000385418
2.8, -0.999996094008, 19.2667445922, -0.00580922211627, -3.39572131364
2.81, -1.00005460397, 19.2327839588, -0.0025353829408, -3.40141053869
2.82, -1.00003355359, 19.1987661837, 0.00666049159025, -3.40715279981
2.83, -0.999965823938, 19.1646908089, 0.00601269532836, -3.41290432422
2.84, -0.99996396579, 19.1305581221, -0.0035863417122, -3.41861538042
2.85, -1.00003210052, 19.096368697, -0.00618811138891, -3.42423069532
2.86, -1.00005680607, 19.0621220639, 0.00271659068774, -3.43006011516
2.87, -0.999995540383, 19.0278176486, 0.00837256389076, -3.43583486566
2.88, -0.999949562088, 18.9934553083, 0.00119590332648, -3.44161499346
2.89, -0.999996412775, 18.959035324, -0.00698795998147, -3.44738559667
2.9, -1.00004542665, 18.9245575662, -0.00303482565304, -3.45314944025
2.91, -1.00003699158, 18.8900224429, 0.00514831092383, -3.45886177601
2.92, -0.999977519078, 18.8554303487, 0.00602992869662, -3.46458765965
2.93, -0.999965487994, 18.8207802798, -0.00203341713642, -3.47040213719
2.94, -1.00002167855, 18.7860723413, -0.00567147883757, -3.47616561469
2.95, -1.00005266576, 18.7513072178, 0.00130846981428, -3.48182095374
2.96, -1.00000566214, 18.7164851919, 0.00737496660112, -3.48758356513
2.97, -0.999958045298, 18.6816056335, 0.0022978500589, -3.49333909933
2.98, -0.999989769465, 18.6466683771, -0.00559865112937, -3.49909288304
2.99, -1.00004899838, 18.6116738517, -0.00310642271064, -3.50481653125
3.0, -1.00003665784, 18.5766219602, 0.00579436395145, -3.51054499175
3.01, -0.999972104222, 18.5415130319, 0.00625353306941, -3.5162263589
3.02, -0.999962868172, 18.5063474233, -0.00266156371125, -3.52190205774
3.03, -1.00002559194, 18.4711248251, -0.00614842847701, -3.52760069631
3.04, -1.00005626282, 18.4358455391, 0.00175946492676, -3.53326666106
3.05, -1.00000273585, 18.4005092882, 0.0079930869583, -3.53899533801
3.06, -0.999953424496, 18.3651155829, 0.00203012863869, -3.54472910496
3.07, -0.999991376498, 18.3296647851, -0.00633116433181, -3.55041175728
3.08, -1.00005455107, 18.2941573549, -0.00309085270008, -3.55608325695
3.09, -1.00003727706, 18.2585930329, 0.00654006054761, -3.5617910819
3.1, -0.999967118617, 18.222971428, 0.00648137274486, -3.56751469332
3.11, -0.999961076506, 18.1872927336, -0.00334795121453, -3.57322974393
3.12, -1.00003064432, 18.1515566383, -0.0066174651264, -3.57899106874
3.13, -1.00006041036, 18.1157628294, 0.00229909729479, -3.58475241075
3.14, -0.999999621266, 18.0799117147, 0.00865272866173, -3.59045627687
3.15, -0.999948800869, 18.0440037259, 0.00170106706909, -3.59612815273
3.16, -0.999985603599, 18.0080392536, -0.00377731472579, -3.6017429371
3.17, -1.00004913554, 17.9720174608, -0.00420267767646, -3.6075558462
3.18, -1.00004656986, 17.9359383561, 0.0052349621772, -3.61325045776
3.19, -0.999978784339, 17.8998024755, 0.00723669069683, -3.6189343996
3.2, -0.999958049952, 17.8636094605, -0.00172132197024, -3.62465181752
3.21, -1.00001984099, 17.8273596097, -0.00680026587071, -3.63029712593
3.22, -1.00006165613, 17.7910535492, 0.000602681365352, -3.63592231789
3.23, -1.00001263923, 17.7546910641, 0.00828733425516, -3.64156140209
3.24, -0.999953332635, 17.718272318, 0.00332213573498, -3.64719713269
3.25, -0.999983181608, 17.6817969113, -0.00618213092228, -3.65286867524
3.26, -1.00004005181, 17.6452651182, -0.0049301847134, -3.65850075342
3.27, -1.0000515978, 17.6086767973, 0.00368584669433, -3.66415053336
3.28, -0.999990864919, 17.5720322176, 0.00747110625826, -3.66977642264
3.29, -0.999958045449, 17.5353311672, -5.86156281013e-05, -3.67539605356
3.3, -1.0000084879, 17.4985738463, -0.00646818212595, -3.68108796171
3.31, -1.00005872754, 17.4617597156, -0.000978151793934, -3.68671919736
3.32, -1.00002411303, 17.4248895309, 0.00741521054607, -3.69230551217
3.33, -0.999961068983, 17.3879635508, 0.00464133906482, -3.6979235115
3.34, -0.999974946839, 17.3509806832, -0.00484656694006, -3.70362633549
3.35, -1.00004387461, 17.3139410788, -0.00524023793132, -3.70927565449
3.36, -1.00005300568, 17.2768452153, 0.0043059795858, -3.71490827818
3.37, -0.999985805795, 17.2396928085, 0.007929828236, -3.72056195537
3.38, -0.999953815016, 17.2024841043, -0.000584346390506, -3.72616580951
3.39, -1.0000035035, 17.1652194693, -0.00381405032205, -3.73175150891
3.4, -1.00005216124, 17.1278979761, -0.00188107970033, -3.73748999329
3.41, -1.00003139886, 17.0905198145, 0.00605931144519, -3.74312908245
3.42, -0.99997260698, 17.053085442, 0.0051472229993, -3.74873526394
3.43, -0.999973450732, 17.0155951165, -0.00326560578076, -3.75436118357
3.44, -1.00003336056, 16.978047871, -0.00519564803324, -3.76006797218
3.45, -1.00005252735, 16.9404438878, 0.0027234237548, -3.76571575317
3.46, -0.999997762208, 16.9027838009, 0.00736446257559, -3.77126872089
3.47, -0.999959599768, 16.8650676638, 0.000849471235061, -3.77698096375
3.48, -1.00000246685, 16.8272941699, -0.00608121614902, -3.78270160194
3.49, -1.00005584688, 16.7894638504, -0.00179460107723, -3.78834734205
3.5, -1.00003017926, 16.7515773464, 0.00672978183701, -3.79396177712
3.51, -0.999967091056, 16.7136344196, 0.00522959388523, -3.79960884357
3.52, -0.999971962385, 16.6756352438, -0.00396253388986, -3.80521079903
3.53, -1.00003798159, 16.6375801074, -0.0055470690423, -3.81084572299
3.54, -1.00005537912, 16.5994682315, 0.00329103825943, -3.81651177426
3.55, -0.999994033324, 16.5613000146, 0.0078922023861, -3.82211769694
3.56, -0.999955631964, 16.523075916, 0.000434918749121, -3.82770747275
3.57, -1.00000525584, 16.4847957914, -0.00676976619434, -3.83329844063
3.58, -1.00006126354, 16.4464600819, -0.00161414319663, -3.83884855919
3.59, -1.0000296877, 16.4080688062, 0.00748548100164, -3.84439359213
3.6, -0.999962000202, 16.3696222314, 0.00529435237339, -3.84993150229
3.61, -0.999971378228, 16.3311201347, -0.00471202873065, -3.8554726284
3.62, -1.0000296539, 16.2925629562, -0.00507835106033, -3.86095215544
3.63, -1.00005408045, 16.2539513311, 0.00189220662352, -3.86639094041
3.64, -1.00000558935, 16.2152846557, 0.00711269366513, -3.87192823695
3.65, -0.999963679434, 16.1765628786, 0.00164657688974, -3.87741534677
3.66, -0.999998573491, 16.1377864857, -0.00552805256809, -3.8828513478
3.67, -1.000052835, 16.0989559745, -0.00239875167507, -3.8882632089
3.68, -1.0000354106, 16.0600713077, 0.00597574922184, -3.8936626138
3.69, -0.999974087134, 16.021132894, 0.00560193129478, -3.89901431431
3.7, -0.999971038229, 15.9821412639, -0.00305867652834, -3.90428461023
3.71, -1.00003247561, 15.9430962535, -0.00561151811743, -3.9097101562
3.72, -1.00005634511, 15.9039972503, 0.00234919639095, -3.91508375299
3.73, -1.0000018115, 15.8648448783, 0.00764536776447, -3.92038498721
3.74, -0.999959066723, 15.8256391151, 0.00131455726317, -3.92575434767
3.75, -1.00000023964, 15.7863799244, -0.00621843317855, -3.93107678184
3.76, -1.00005780683, 15.747067896, -0.00232445343563, -3.93632270918
3.77, -1.00003536029, 15.707703691, 0.00668357187015, -3.94154400435
3.78, -0.999969152752, 15.6682865253, 0.00574916766553, -3.94687890511
3.79, -0.999969715021, 15.628816284, -0.003742109839, -3.95215661867
3.8, -1.00003748164, 15.5892934058, -0.00600471905379, -3.95744725579
3.81, -1.00005989066, 15.5497171134, 0.00290847741206, -3.96280108373
3.82, -0.999998477906, 15.5100875824, 0.00822795233219, -3.96809932963
3.83, -0.999954971342, 15.4704052546, 0.000935129200936, -3.97336062546
3.84, -1.00000294919, 15.4306704679, -0.00694246028045, -3.978611074
3.85, -1.00006360915, 15.3908831257, -0.00218385310651, -3.9838494916
3.86, -1.00003529547, 15.3510437033, 0.00746810643976, -3.98903360296
3.87, -0.999963980863, 15.3111524057, 0.0058676420969, -3.99426981804
3.88, -0.999968824207, 15.2712081751, -0.00450232479799, -3.9995704519
3.89, -1.00002877008, 15.2312112781, -0.0063043377909, -4.00480600468
3.9, -1.00006349307, 15.1911622617, 0.00129992753969, -4.01003069192
3.91, -1.00001195388, 15.1510603989, 0.00808697096109, -4.01533492006
3.92, -0.999958638951, 15.1109056991, 0.00257364942379, -4.02060044168
3.93, -0.999992820773, 15.0706985761, -0.00620838218188, -4.02581825193
3.94, -1.00005850287, 15.0304394586, -0.00357712886654, -4.03103718642
3.95, -1.00004567691, 14.9901277646, 0.00627205359489, -4.03629420121
3.96, -0.999974280743, 14.9497637673, 0.00690231557801, -4.04150152339
3.97, -0.999963155052, 14.9093478956, -0.00292186911455, -4.04668512108
3.98, -1.00002014851, 14.8688801996, -0.00522926467178, -4.05182871713
3.99, -1.00005837393, 14.8283612856, 9.3421864241e-05, -4.05697702348
4.0, -1.00002083476, 14.7877908701, 0.00696007880915, -4.06210467672
4.01, -0.999968158033, 14.7471693483, 0.00343643991611, -4.06721728532
4.02, -0.99998817679, 14.7064965843, -0.00476183939149, -4.07233181499
4.03, -1.00004834204, 14.6657730233, -0.00396070308179, -4.07737871444
4.04, -1.00004805147, 14.6249994373, 0.00466731404153, -4.08232262105
4.05, -0.9999864723, 14.5841755824, 0.00675667686368, -4.0874340126
4.06, -0.999965849394, 14.5433009738, -0.00133557158439, -4.09248795389
4.07, -1.00002160329, 14.5023760884, -0.00620462645463, -4.09750508873
4.08, -1.00006146655, 14.4614010189, 0.000391220015287, -4.10250733028
4.09, -1.00001810862, 14.4203762242, 0.00759166326851, -4.10745557749
4.1, -0.999962833968, 14.379302215, 0.00329038279882, -4.11234925336
4.11, -0.999988379905, 14.3381789234, -0.00549550693639, -4.11732185808
4.12, -1.00005343234, 14.2970058913, -0.00409330281067, -4.12228358378
4.13, -1.0000494412, 14.2557836053, 0.00534696752024, -4.12717760502
4.14, -0.999981848136, 14.2145125847, 0.00710158688549, -4.13205709433
4.15, -0.999963137466, 14.1731920974, -0.00192597947895, -4.13703746398
4.16, -1.00002580193, 14.1318221032, -0.0067675246714, -4.14196225885
4.17, -1.00006616274, 14.0904032055, 0.000793142412764, -4.14682264128
4.18, -1.00001601514, 14.0489359993, 0.00829486744122, -4.15164067918
4.19, -0.999958003813, 14.007420351, 0.00311230302775, -4.15649434014
4.2, -0.999989598527, 13.9658563679, -0.00627559846822, -4.16132421579
4.21, -1.00004503953, 13.9242439855, -0.00410036023803, -4.16617518833
4.22, -1.00005096087, 13.8825829969, 0.00385655665267, -4.171027966
4.23, -0.99999429223, 13.8408737597, 0.00669698346887, -4.17582697953
4.24, -0.99996859868, 13.7991166625, -0.000499070195419, -4.18061662952
4.25, -1.00001735339, 13.7573114767, -0.00583606068962, -4.18544138377
4.26, -1.00005980162, 13.7154579659, -0.00031843104197, -4.19026615919
4.27, -1.00002428181, 13.6735565537, 0.00699071968742, -4.19502326807
4.28, -0.999968881194, 13.6316076873, 0.00382298057402, -4.199775899
4.29, -0.999986297721, 13.5896111233, -0.00469639214916, -4.20454086986
4.3, -1.00004865496, 13.5475671971, -0.00435888335438, -4.20925069198
4.31, -1.00005198841, 13.5054764332, 0.00444490143629, -4.21393031356
4.32, -0.999989571892, 13.463338656, 0.00707270394516, -4.21865245847
4.33, -0.999965105281, 13.4211534551, -0.00101493540003, -4.22339430186
4.34, -1.00002052025, 13.3789210765, -0.00642755338855, -4.22808819385
4.35, -1.0000642738, 13.336642024, -1.95370126078e-05, -4.23274962434
4.36, -1.0000226434, 13.2943162468, 0.00767438409929, -4.2374165594
4.37, -0.999964040498, 13.2519439502, 0.00373196123747, -4.24205540722
4.38, -0.999986738646, 13.2095253437, -0.0054341225318, -4.24669704348
4.39, -1.0000542617, 13.1670602996, -0.00452703535425, -4.25132084418
4.4, -1.00005404702, 13.1245493495, 0.00513443156942, -4.2558847521
4.41, -0.999985222703, 13.0819924638, 0.00747194512506, -4.26050115656
4.42, -0.9999622629, 13.0393894896, -0.0015874568665, -4.26512532587
4.43, -1.00002476561, 12.9967401671, -0.00703139306326, -4.26974823399
4.44, -1.00006941615, 12.9540449361, 0.000356925606975, -4.27431051873
4.45, -1.00002089443, 12.9113042275, 0.00841564737188, -4.2788823079
4.46, -0.999959076314, 12.868517196, 0.00359571067382, -4.28353372587
4.47, -0.999987737375, 12.8256838314, -0.00623580013363, -4.28815943039
4.48, -1.00004690821, 12.7828039559, -0.0052392306588, -4.29286049473
4.49, -1.00006052719, 12.7398765941, 0.00362750850907, -4.29761937972
4.5, -0.999998239884, 12.6969019283, 0.00775793903033, -4.30232202413
4.51, -0.999962868094, 12.6538803838, 8.83623561918e-05, -4.30699579383
4.52, -1.00001410023, 12.6108122791, -0.00671726030773, -4.31164964868
4.53, -1.00006725819, 12.5676974995, -0.00121690557103, -4.3163317001
4.54, -1.00003285558, 12.5245358114, 0.00758430092101, -4.32101613573
4.55, -0.999966950028, 12.4813273865, 0.00493711890098, -4.32569839312
4.56, -0.999979672905, 12.4380719535, -0.00492227424806, -4.33039531795
4.57, -1.0000511675, 12.3947698153, -0.00557281790064, -4.33504128033
4.58, -1.00006239213, 12.3514215399, 0.00426426020069, -4.33964710557
4.59, -0.99999334791, 12.3080265379, 0.00824932920142, -4.34435915423
4.6, -0.999958597395, 12.2645845842, -0.000431829740139, -4.34904213718
4.61, -1.00000527482, 12.2210960586, -0.00576410456794, -4.35367181569
4.62, -1.00006416727, 12.1775613913, -0.00263447740282, -4.35829275087
4.63, -1.00004418666, 12.1339805351, 0.00657919412863, -4.36288273573
4.64, -0.999976403704, 12.0903536166, 0.00608791257559, -4.36750054117
4.65, -0.999973465987, 12.046680921, -0.00348675792554, -4.37208171797
4.66, -1.00004134968, 12.0029618466, -0.0062360492737, -4.37673855579
4.67, -1.00006711363, 11.9591965271, 0.00259273529187, -4.38133794098
4.68, -1.00000648642, 11.9153854262, 0.00837863758203, -4.38589889817
4.69, -0.999959644025, 11.8715288399, 0.00132193211275, -4.3904504007
4.7, -1.00000557427, 11.8276265416, -0.00695616112645, -4.39501923031
4.71, -1.00005521583, 11.7836788742, -0.00315688589722, -4.39953058163
4.72, -1.00004792054, 11.739686223, 0.00507502343778, -4.40405113235
4.73, -0.999988216536, 11.6956477958, 0.00612604900756, -4.40864619783
4.74, -0.999974975784, 11.651563585, -0.0019309312861, -4.41320821349
4.75, -1.00003102747, 11.6074338513, -0.00573972125318, -4.4177711405
4.76, -1.00006324108, 11.5632585003, 0.00117601706554, -4.42231033754
4.77, -1.00001681327, 11.5190379708, 0.0073969848452, -4.42682197462
4.78, -0.999968173691, 11.4747720249, 0.00243480814173, -4.43137900589
4.79, -0.999999000737, 11.4304606799, -0.0055793091199, -4.43592724488
4.8, -1.00005900528, 11.3861032724, -0.00324440610706, -4.44055989945
4.81, -1.00004787512, 11.3416998582, 0.00572360721182, -4.44513634169
4.82, -0.999982969483, 11.2972508628, 0.00636627411004, -4.44968808637
4.83, -0.999972410569, 11.2527560387, -0.00255572414479, -4.45428663453
4.84, -1.00003507684, 11.2082154987, -0.0062316228707, -4.45883257948
4.85, -1.00006710917, 11.1636297455, 0.00161877081837, -4.46335012156
4.86, -1.00001413315, 11.1189986105, 0.0080261841696, -4.46790922678
4.87, -0.999963652501, 11.074321624, 0.00218010897094, -4.47250159779
4.88, -1.00000068005, 11.0295989287, -0.00631852656309, -4.47704966313
4.89, -1.00006477012, 10.9848309878, -0.00324498278044, -4.48156917773
4.9, -1.00004879394, 10.9400178124, 0.00646990737579, -4.48606298931
4.91, -0.9999781646, 10.8951597555, 0.00661172261913, -4.4905944335
4.92, -0.999970670298, 10.8502560796, -0.00323767478699, -4.49517163265
4.93, -1.00004026605, 10.8053065071, -0.006717312383, -4.49975226233
4.94, -1.00007154455, 10.7603114481, 0.00214925921902, -4.50427333456
4.95, -1.00001126834, 10.7152713763, 0.00869934065093, -4.50875933555
4.96, -0.999959113315, 10.6701864914, 0.00186488236696, -4.51326931045
4.97, -0.999994981327, 10.625055927, -0.00377719762702, -4.51781374937
4.98, -1.00005958946, 10.579879822, -0.00437127090519, -4.5223815951
4.99, -1.00005835419, 10.5346587643, 0.00517176158846, -4.52682858518
5.0, -0.999989957088, 10.489393289, 0.00738271488746, -4.53132072121
5.01, -0.999967693727, 10.4440826845, -0.001612261672, -4.53581344336
5.02, -1.00002962296, 10.398727309, -0.00691618459598, -4.54027604144
5.03, -1.00007307133, 10.3533274696, 0.000447871871415, -4.54474624243
5.04, -1.00002450125, 10.3078824452, 0.00834852126122, -4.54927451316
5.05, -0.999963715287, 10.2623923115, 0.00349631055654, -4.55376708973
5.06, -0.999992633508, 10.2168573404, -0.0061891204527, -4.55825844769
5.07, -1.00005074292, 10.1712773662, -0.00511403760718, -4.56275214302
5.08, -1.0000636672, 10.1256526618, 0.00362831147669, -4.5672228813
5.09, -1.00000217704, 10.0799830695, 0.00763499866869, -4.57171157464
5.1, -0.999967728716, 10.0342686738, 5.08075407972e-05, -4.57620077617
5.11, -1.00001843181, 9.98850917095, -0.00660399021855, -4.58071273919
5.12, -1.00007046338, 9.9427048386, -0.00113981784077, -4.58517049283
5.13, -1.00003620498, 9.89685624031, 0.00749634307154, -4.58957631896
5.14, -0.999971482157, 9.85096277299, 0.00482904550713, -4.59412400784
5.15, -0.999984462706, 9.80502403634, -0.00486981201614, -4.5986368251
5.16, -1.00005482637, 9.75904039668, -0.00544365945929, -4.60310624127
5.17, -1.00006540283, 9.71301226757, 0.00425382460393, -4.60755838755
5.18, -0.999997285287, 9.66693949305, 0.00811484963088, -4.61201479183
5.19, -0.999963514687, 9.62082228768, -0.000469386502728, -4.6164429543
5.2, -1.00001356113, 9.57466082435, -0.00397145562797, -4.62086337556
5.21, -1.00006419159, 9.52845431745, -0.00205369198074, -4.62541352671
5.22, -1.00004374487, 9.48220298728, 0.00615589244702, -4.62986985455
5.23, -0.999983084273, 9.43590713972, 0.00535093806301, -4.63435251485
5.24, -0.999983009321, 9.3895658574, -0.00329951681124, -4.63891462106
5.25, -1.00004454723, 9.34317916739, -0.00541911433376, -4.64343705918
5.26, -1.0000652349, 9.29674752902, 0.00267759403401, -4.64792427688
5.27, -1.00000936307, 9.25027083116, 0.00757236909348, -4.65243159882
5.28, -0.999969303666, 9.2037491689, 0.000962924635016, -4.65693404708
5.29, -1.00001268362, 9.15718225025, -0.00625856914153, -4.66146271345
5.3, -1.00006820387, 9.11057031728, -0.0019752071472, -4.66595598604
5.31, -1.00004277612, 9.06391333398, 0.00684474047576, -4.67045601408
5.32, -0.99997762599, 9.01721148963, 0.00544826066166, -4.67493071041
5.33, -0.99998157103, 8.970465037, -0.00400803568727, -4.67940011691
5.34, -1.00004941357, 8.92367330025, -0.00579155358195, -4.68394960457
5.35, -1.00006842818, 8.8768364154, 0.00324923109432, -4.68842357087
5.36, -1.00000578466, 8.82995513406, 0.00812654780937, -4.69286651558
5.37, -0.999965308498, 8.78302930663, 0.000553021778205, -4.69733301442
5.38, -1.00001558697, 8.73605859672, -0.00697317086819, -4.70182208937
5.39, -1.0000739712, 8.68904319979, -0.0018079741179, -4.70629259354
