timestamp, prius1 x posi, prius1 y posi, prius1 x vel, prius1 y vel.
0.0, 0.0, 0.0, 0.0, 0.0
0.00999999999999, 0.999937896243, -30.02664255, -0.00594235996698, 0.127770262967
0.02, 0.999908247709, -30.0252897248, 0.00182260304092, 0.147530770565
0.03, 0.999962891289, -30.0237375635, 0.00820371942533, 0.167536291269
0.04, 1.0000157032, -30.0219824156, 0.00249645412087, 0.188290885111
0.05, 0.999982619156, -30.0200063, -0.0058612061591, 0.211474830494
0.06, 0.999922964978, -30.0177977033, -0.00281897893607, 0.23467242819
0.07, 0.999942500707, -30.0153544493, 0.00680107100639, 0.25887584211
0.08, 1.00001650511, -30.012662035, 0.0070043451433, 0.284344899786
0.09, 1.00002875467, -30.009708436, -0.00266388831602, 0.310866451635
0.1, 0.999965458238, -30.0064884309, -0.00604621021909, 0.337611007672
0.11, 0.999940436897, -30.0029930407, 0.00274148937461, 0.366073705513
0.12, 1.00000590985, -29.9992078088, 0.00920729909129, 0.39545727591
0.13, 1.0000634874, -29.9951219378, 0.00250331341658, 0.426082163543
0.14, 1.00002721375, -29.9907287287, -0.006224947625, 0.457283065606
0.15, 0.999968167656, -29.9860124713, -0.00228007662738, 0.490292080115
0.16, 0.999997852535, -29.9809657783, 0.00804131726992, 0.523561837949
0.17, 1.00008148336, -29.9755809918, 0.00758237282284, 0.557665208087
0.18, 1.00009400507, -29.9698537426, -0.00296749176869, 0.59257286811
0.19, 1.00004279754, -29.9637626173, -0.005175859635, 0.629619866742
0.2, 1.00001445697, -29.957297064, 0.00173359342765, 0.66773414526
0.21, 1.00007173411, -29.9504497534, 0.00898449405656, 0.705714738936
0.22, 1.00013910481, -29.9432132578, 0.00437638086212, 0.745872163329
0.23, 1.00012343799, -29.9355744599, -0.00447260699464, 0.785998919451
0.24, 1.00007028533, -29.9275341332, -0.00268633165678, 0.826510337951
0.25, 1.00009010704, -29.9190791248, 0.0070521890101, 0.868540602524
0.26, 1.0001738267, -29.9102054528, 0.0086226052565, 0.910085727719
0.27, 1.00020590622, -29.9009102179, -0.000652851231749, 0.952902222091
0.28, 1.00015647232, -29.8911880099, -0.0052890067829, 0.995807458376
0.29, 1.00013307369, -29.8810329615, 0.00269930701936, 1.03937718298
0.3, 1.0002028917, -29.87043802, 0.0102753205298, 1.0836123133
0.31, 1.00027883755, -29.8594024321, 0.00478357069969, 1.1274091585
0.32, 1.00026280669, -29.8479180684, -0.00468151415178, 1.17318379839
0.33, 1.00021078267, -29.8359782329, -0.00213513200025, 1.21870989439
0.34, 1.00024172163, -29.8235843765, 0.00849314400691, 1.26404508153
0.35, 1.00033837443, -29.8107374813, 0.0095851923472, 1.30970350087
0.36, 1.00037392692, -29.7974260466, -0.000737344142668, 1.35640112647
0.37, 1.00033558298, -29.7836490877, -0.00349526130423, 1.40281808587
0.38, 1.00031533112, -29.769408482, 0.00215092390077, 1.44954844965
0.39, 1.0003777821, -29.7546926164, 0.00982501828833, 1.49729518847
0.4, 1.00046003319, -29.7395006465, 0.0063563880519, 1.54476483546
0.41, 1.00046535396, -29.7238412438, -0.00251890333745, 1.59087867515
0.42, 1.00042558448, -29.70771498, -0.00188263478355, 1.63900102553
0.43, 1.00045014723, -29.6910999662, 0.00751200099345, 1.68789653226
0.44, 1.00054376689, -29.6739976937, 0.0101719328919, 1.73659530253
0.45, 1.00059641631, -29.6564046861, 0.00161444357274, 1.78599625579
0.46, 1.0005660222, -29.6383148787, -0.00386126903514, 1.83569619122
0.47, 1.00055060903, -29.6197301417, 0.00313666401823, 1.88489210242
0.48, 1.0006262324, -29.6006488384, 0.0112224213708, 1.93508362407
0.49, 1.00071860727, -29.581068029, 0.00693537959556, 1.98509312407
0.5, 1.00072513641, -29.560984187, -0.00260590635157, 2.03546258892
0.51, 1.00068708098, -29.5403987734, -0.00131888617323, 2.08543068273
0.52, 1.00072281157, -29.519315332, 0.0089727131823, 2.13525270445
0.53, 1.00083015828, -29.4977302128, 0.0112617597656, 2.18573193781
0.54, 1.00088784326, -29.475637353, 0.00168397156771, 2.23660969931
0.55, 1.00085709233, -29.4530379826, -0.00375038160974, 2.28709355097
0.56, 1.00084840456, -29.4299294462, 0.0042966794436, 2.3385553374
0.57, 1.00093848841, -29.4063039279, 0.0126961844982, 2.39047615252
0.58, 1.00104121343, -29.3821560163, 0.00751040370717, 2.44300559411
0.59, 1.00104901448, -29.3574801714, -0.00267248369672, 2.49587294781
0.6, 1.00101301857, -29.3322785319, -0.000714000259414, 2.54802357747
0.61, 1.00106038977, -29.3065569505, 0.0104858186913, 2.60000300062
0.62, 1.00116696326, -29.2803164529, 0.0119617334888, 2.65232873382
0.63, 1.00124270791, -29.2535458185, 0.00405178487393, 2.7055535087
0.64, 1.00123154384, -29.2262459509, -0.00252740143953, 2.75809168953
0.65, 1.00122302461, -29.1984229935, 0.00351598458374, 2.81005811714
0.66, 1.00130562567, -29.1700738196, 0.0124326464469, 2.86355614633
0.67, 1.00141786498, -29.1411897069, 0.0094273716925, 2.91713666267
0.68, 1.0014487501, -29.1117669641, -0.000516712472756, 2.97113306223
0.69, 1.00142341041, -29.0818056109, -0.000674504551468, 3.02532128169
0.7, 1.00146352401, -29.0512965184, 0.00957147420842, 3.07998820654
0.71, 1.00158460113, -29.0202420338, 0.013343357993, 3.13500262933
0.72, 1.00166782621, -28.9886347686, 0.00432290340417, 3.19037904605
0.73, 1.00165721354, -28.9564725048, -0.00241640959842, 3.24555353248
0.74, 1.00165495362, -28.9237636245, 0.00464043625181, 3.30003334848
0.75, 1.00174774327, -28.890513972, 0.00911957841998, 3.35342088376
0.76, 1.00186377529, -28.856737606, 0.0111081448726, 3.40540073423
0.77, 1.00191713429, -28.8224492568, 0.00174040607782, 3.45590296739
0.78, 1.00190477064, -28.7876631799, -0.000371658729295, 3.50498695305
0.79, 1.00193891292, -28.7523934172, 0.0086174572558, 3.5526834684
0.8, 1.0020572285, -28.7166535536, 0.0139511385314, 3.59904818723
0.81, 1.00215795752, -28.6804566388, 0.00671694688517, 3.64412983973
0.82, 1.0021682383, -28.643815364, -0.00103046917121, 3.68795500511
0.83, 1.00216712019, -28.6067422249, 0.00383712883638, 3.73053990566
0.84, 1.00225560036, -28.5692494229, 0.013514040141, 3.77192603186
0.85, 1.00238717239, -28.5313486599, 0.0119263140048, 3.81216561394
0.86, 1.00244312018, -28.49305122, 0.00164585018955, 3.85129183791
0.87, 1.00243065733, -28.4543681799, -0.000111840778927, 3.889316827
0.88, 1.00247325103, -28.415310459, 0.00988491917868, 3.92626260307
0.89, 1.00260525591, -28.3758885907, 0.0151605847967, 3.9621784246
0.9, 1.00271238104, -28.3361126483, 0.00684640086354, 3.99710469815
0.91, 1.00272920676, -28.295992447, 0.002191394863, 4.03101587929
0.92, 1.00273438084, -28.2555376865, 0.00337517600558, 4.06404673982
0.93, 1.00281402468, -28.2147578273, 0.0127180320272, 4.09610544922
0.94, 1.00294768449, -28.1736619539, 0.0130895699791, 4.12727602116
0.95, 1.0030228122, -28.1322587876, 0.00376692273219, 4.15758721594
0.96, 1.0030238153, -28.0905568839, 0.000307202241945, 4.18704706688
0.97, 1.00306018969, -28.0485647126, 0.00871636612953, 4.21566757715
0.98, 1.00318485543, -28.006290466, 0.0151668586901, 4.24348789022
0.99, 1.00330405833, -27.9637419438, 0.00883939745218, 4.27054379756
1.0, 1.00333214289, -27.9209267132, 0.000206974993899, 4.29684934348
1.01, 1.00333569788, -27.8778522854, 0.00379749005513, 4.32240551956
1.02, 1.00342458776, -27.8345260417, 0.0138963216508, 4.34723710149
1.03, 1.00356803621, -27.7909550069, 0.0137083044602, 4.37138407075
1.04, 1.00364363301, -27.7471458986, 0.00342509629866, 4.39486894994
1.05, 1.00365556308, -27.7031053553, 0.00100837368104, 4.41769081515
1.06, 1.00368713755, -27.6588399391, 0.00757423481267, 4.43986268604
1.07, 1.00380273175, -27.6143560228, 0.0148597794612, 4.46141167932
1.08, 1.00393066839, -27.5696596517, 0.0105598720471, 4.48237011872
1.09, 1.00397749552, -27.5247566599, 0.00173737461727, 4.50275061234
1.1, 1.00398480214, -27.4796528499, 0.00317751970449, 4.52255047743
1.11, 1.0040619664, -27.4343539661, 0.0127202739989, 4.54178497333
1.12, 1.00420355673, -27.3888654738, 0.0145236973027, 4.56048860337
1.13, 1.00429623718, -27.3431925588, 0.00545896930083, 4.57868248305
1.14, 1.0043072058, -27.2973403217, 0.000606339519815, 4.59636619019
1.15, 1.00434091901, -27.2513138846, 0.00825333617387, 4.61353933278
1.16, 1.00446614655, -27.2051182117, 0.0158454896781, 4.6302301802
1.17, 1.00459962429, -27.1587579579, 0.0106542604251, 4.64646772084
1.18, 1.0046431012, -27.1122376107, 0.00122085586119, 4.66225957216
1.19, 1.00464819916, -27.0655616805, 0.00335675233179, 4.67759738297
1.2, 1.00473256042, -27.0187346589, 0.0137545228489, 4.69249415524
1.21, 1.00488328279, -26.9717607738, 0.0151261320271, 4.70698278323
1.22, 1.00497607163, -26.9246440024, 0.00503689256568, 4.72108059817
1.23, 1.00499613145, -26.8773883007, 0.00106685086683, 4.7347803537
1.24, 1.0050226496, -26.8299976359, 0.00690852997219, 4.74808452683
1.25, 1.0051376228, -26.7824758867, 0.0154899973803, 4.76101131217
1.26, 1.00527959434, -26.7348266649, 0.0123397185775, 4.77358869695
1.27, 1.00534063718, -26.6870534138, 0.00256078226875, 4.78582481215
1.28, 1.00534702819, -26.6391596063, 0.00248064982247, 4.79770938836
1.29, 1.00541770868, -26.5911487513, 0.0124558860972, 4.80924748878
1.3, 1.00556609136, -26.5430241538, 0.0159320515768, 4.82046850553
1.31, 1.00567546995, -26.4947888754, 0.00696269963481, 4.83139039877
1.32, 1.00570475743, -26.4464459458, 0.00208634516145, 4.84200563503
1.33, 1.00572726219, -26.3979984471, 0.00567076270353, 4.85231372369
1.34, 1.00582935108, -26.3494494111, 0.0146093423208, 4.86232508455
1.35, 1.00597420599, -26.3008016508, 0.0135813774677, 4.87206644862
1.36, 1.00605208233, -26.2520578074, 0.00414100795034, 4.8815471341
1.37, 1.00606386618, -26.2032205453, 0.00200864978088, 4.89075678265
1.38, 1.00612177597, -26.1542926016, 0.0109340753271, 4.89969393565
1.39, 1.00626286288, -26.1052765696, 0.0161460834734, 4.90838359042
1.4, 1.00638523814, -26.0561748112, 0.00882360596651, 4.91684427081
1.41, 1.00641668417, -26.0069896625, 0.00105997427249, 4.92505605621
1.42, 1.00643664166, -25.9577241738, 0.00590946242819, 4.93291037706
1.43, 1.00654561135, -25.9083818523, 0.015493832567, 4.94043895752
1.44, 1.00669656513, -25.8589657113, 0.0137955432605, 4.94769273935
1.45, 1.00677114738, -25.809478542, 0.00347967396175, 4.9546525979
1.46, 1.00679180214, -25.7599230358, 0.00181317642459, 4.96136832167
1.47, 1.0068384134, -25.710301679, 0.00942151170018, 4.96781590754
1.48, 1.00697053857, -25.6606175236, 0.016092848736, 4.97395420373
1.49, 1.00710362362, -25.6108733179, 0.0105545438548, 4.97983203262
1.5, 1.00714985992, -25.5610714267, 0.00189627201467, 4.98547209073
1.51, 1.00716580175, -25.5112146828, 0.00460929334834, 4.99083466681
1.52, 1.00726012961, -25.4613054003, 0.0143730728388, 4.99598720072
1.53, 1.00741191612, -25.4113458143, 0.0149067716593, 5.00090659079
1.54, 1.00750331165, -25.3613379264, 0.00514877478584, 5.00563790264
1.55, 1.00752780275, -25.3112838903, 0.0029737224821, 5.01015295852
1.56, 1.0075717207, -25.2611859308, 0.00828735886489, 5.01443565705
1.57, 1.00769050297, -25.2110460689, 0.0150241525807, 5.01851932715
1.58, 1.00782354492, -25.1608666244, 0.0114785608456, 5.02237474679
1.59, 1.007884639, -25.1106493608, 0.00341592281791, 5.02608468873
1.6, 1.00790683783, -25.060395878, 0.00429577791056, 5.02961101988
1.61, 1.00798925669, -25.0101081917, 0.0128218155223, 5.03292980862
1.62, 1.00813171011, -24.959788496, 0.0148055950968, 5.03603842316
1.63, 1.00823310153, -24.9094383121, 0.00678844662562, 5.03903575437
1.64, 1.00825943847, -24.8590589029, 0.00206037270952, 5.04186346596
1.65, 1.00830229042, -24.8086524093, 0.00863450917635, 5.04447665712
1.66, 1.00842730107, -24.7582204515, 0.0156908616628, 5.04694707073
1.67, 1.00856330833, -24.7077648, 0.0113710057934, 5.04924445604
1.68, 1.00861933193, -24.6572868893, 0.0027313201444, 5.0513746275
1.69, 1.00863712295, -24.6067884756, 0.00420598894385, 5.05332658293
1.7, 1.00872359007, -24.5562720601, 0.0135288726941, 5.05497676377
1.71, 1.00887230287, -24.5057407898, 0.0151748091394, 5.05627947567
1.72, 1.0089720955, -24.4551987496, 0.00623360665355, 5.05720030307
1.73, 1.0089919031, -24.4046492621, 0.00153255563037, 5.05778300477
1.74, 1.00903454327, -24.3540948634, 0.00905547414019, 5.05814972717
1.75, 1.00916646589, -24.3035392452, 0.0164010099064, 5.05808279864
1.76, 1.00930530332, -24.2529848514, 0.0112047097588, 5.05791023568
1.77, 1.00935545033, -24.2024330823, 0.00196841063357, 5.05751747219
1.78, 1.00938293419, -24.1518867875, 0.00420661041301, 5.0568247919
1.79, 1.00945955015, -24.1013487574, 0.0120386988413, 5.0559100321
1.8, 1.00959729712, -24.0508205393, 0.0147607562276, 5.05485221733
1.81, 1.00970396906, -24.0003038708, 0.00764933470901, 5.05362186646
1.82, 1.00973762294, -23.949800628, 0.00246019497336, 5.05216319408
1.83, 1.00977815894, -23.8993130193, 0.00793901458195, 5.05051549758
1.84, 1.00989534366, -23.8488423372, 0.0150760395196, 5.04874999266
1.85, 1.01003129693, -23.7983906332, 0.0118840690523, 5.04678146141
1.86, 1.01009540203, -23.7479589662, 0.00353277753777, 5.04469603018
1.87, 1.01011597855, -23.6975486485, 0.00394277535958, 5.0425203618
1.88, 1.0101949853, -23.6471607474, 0.0125920381272, 5.04022738316
1.89, 1.01033804122, -23.5967963711, 0.0150881238071, 5.03782944188
1.9, 1.01044309748, -23.546456014, 0.00710437690274, 5.03540582271
1.91, 1.01046992332, -23.4961404212, 0.00185580320057, 5.03289319759
1.92, 1.01050893856, -23.445850668, 0.00820383458715, 5.03025236423
1.93, 1.01063176164, -23.3955874427, 0.01570487492, 5.02759189773
1.94, 1.01077043302, -23.3453506076, 0.0117520272876, 5.02497101607
1.95, 1.01082896401, -23.2951397803, 0.00277318348093, 5.0223951956
1.96, 1.01084414714, -23.2449548297, 0.00374804036966, 5.01976129228
1.97, 1.01092631603, -23.1947964725, 0.0132331881203, 5.0171150715
1.98, 1.01107524998, -23.1446645503, 0.0154353371974, 5.01446497739
1.99, 1.01117838871, -23.0945587819, 0.00650098569098, 5.01188978964
2.0, 1.01119788679, -23.0444792112, 0.00122997570329, 5.00923434445
2.01, 1.01123571545, -22.9944261106, 0.00854287583688, 5.00654706087
2.02, 1.01136494281, -22.9444002781, 0.0163913393853, 5.00381119045
2.03, 1.01150630756, -22.8944018273, 0.0115703916186, 5.00107882102
2.04, 1.01155853078, -22.8444305014, 0.00194490938041, 4.998380883
2.05, 1.0115817169, -22.7944861644, 0.00301195286589, 4.99566255098
2.06, 1.01164982046, -22.7445693327, 0.0117003954692, 4.99290202283
2.07, 1.01179186741, -22.6946802206, 0.0156791725336, 4.99012426011
2.08, 1.01190698054, -22.6448186898, 0.00813422725679, 4.98736836082
2.09, 1.01193739694, -22.5949847414, 0.00151352480791, 4.98461976079
2.1, 1.01196642309, -22.5451782361, 0.00693867124189, 4.98187759279
2.11, 1.01208118111, -22.4953990748, 0.0155196609169, 4.97914280484
2.12, 1.01222619055, -22.4456473, 0.0128650113114, 4.97640148788
2.13, 1.01229389982, -22.3959229571, 0.00321665455684, 4.9736631299
2.14, 1.01230450863, -22.3462258933, 0.00264264396165, 4.9709367307
2.15, 1.01237453797, -22.2965562952, 0.0122829826978, 4.9681749477
2.16, 1.01252279602, -22.246914431, 0.0161194877708, 4.96538784183
2.17, 1.01263685707, -22.1973004121, 0.00757817487148, 4.96261328588
2.18, 1.01267143225, -22.1477140136, 0.00242630825976, 4.95985042268
2.19, 1.01269444052, -22.0981553675, 0.00549696728198, 4.95706824101
2.2, 1.0127944829, -22.0486246954, 0.0144773211197, 4.95426215719
2.21, 1.01294085685, -21.9991224061, 0.0139578751613, 4.95140304435
2.22, 1.01302372879, -21.949648469, 0.0046128237724, 4.94857050382
2.23, 1.01303768846, -21.9002032233, 0.00195965584596, 4.94567936247
2.24, 1.01309291817, -21.850786772, 0.0105743554683, 4.94281440756
2.25, 1.01323221336, -21.8013988566, 0.0161830284942, 4.93995615055
2.26, 1.01335774951, -21.7520397621, 0.00927973510961, 4.93706651814
2.27, 1.01339282955, -21.7027093347, 0.00122712835416, 4.9342169058
2.28, 1.01342478987, -21.6534076129, 0.00494325667779, 4.93133475918
2.29, 1.01351171219, -21.6041345733, 0.0129208464371, 4.92846787634
2.3, 1.01364949052, -21.5548902296, 0.0139477063233, 4.92561343311
2.31, 1.01374225433, -21.5056743807, 0.00613318840255, 4.9227332624
2.32, 1.01376771361, -21.4564875309, 0.00242252555547, 4.91982884781
2.33, 1.01381612882, -21.4073298861, 0.00911680294792, 4.91689498305
2.34, 1.01394076214, -21.3582016606, 0.0151526619749, 4.91395519767
2.35, 1.01406761919, -21.3091025923, 0.0103484682174, 4.91105977983
2.36, 1.01411740659, -21.2600322773, 0.00256791182135, 4.90818936824
2.37, 1.01413875233, -21.2109910547, 0.0048155905593, 4.90525922836
2.38, 1.0142289557, -21.1619789872, 0.0135051661175, 4.90236672607
2.39, 1.01437132449, -21.1129957486, 0.0141357664492, 4.89946348354
2.4, 1.01446105242, -21.0640417117, 0.00548560213985, 4.89655041326
2.41, 1.01447969276, -21.0151164984, 0.00190581927681, 4.89369977325
2.42, 1.01452786831, -20.9662196819, 0.00950356120813, 4.89082436071
2.43, 1.01465841748, -20.9173521473, 0.0157187044442, 4.88788916433
2.44, 1.01478661754, -20.8685137082, 0.0100576459817, 4.88500540076
2.45, 1.01482996468, -20.8197042056, 0.00180881067908, 4.88209837577
2.46, 1.0148469156, -20.7709236648, 0.00477136471847, 4.87919258831
2.47, 1.01494138856, -20.7221725266, 0.0141864459383, 4.8762504933
2.48, 1.01508888677, -20.6734505535, 0.0143308657121, 4.87335449639
2.49, 1.01517521093, -20.6247576196, 0.00478092418699, 4.87044840466
2.5, 1.01518670854, -20.5760938919, 0.00139280227373, 4.86739912764
2.51, 1.01523519051, -20.5274630065, 0.00997422285831, 4.86392761425
2.52, 1.01537237198, -20.4788695603, 0.0163255940004, 4.8597319377
2.53, 1.01550172688, -20.4303232909, 0.0097024836927, 4.85480259241
2.54, 1.015545858, -20.3818302821, 0.00428910597018, 4.84817549818
2.55, 1.01556177605, -20.3334176381, 0.00358441032919, 4.8397023289
2.56, 1.01564078579, -20.2850963254, 0.0127998849063, 4.82945695203
2.57, 1.01578510043, -20.2368875459, 0.0149956168802, 4.81761510593
2.58, 1.01588515395, -20.1888049062, 0.00629397657099, 4.80434555761
2.59, 1.01590309954, -20.1408633585, 0.00105137637162, 4.7892284938
2.6, 1.01593794779, -20.0930796383, 0.00812500723512, 4.77270102465
2.61, 1.01606228859, -20.0454718087, 0.015855180837, 4.75448526717
2.62, 1.01619862814, -19.9980483334, 0.0111017917237, 4.73561612661
2.63, 1.0162469784, -19.9508203125, 0.00159556556461, 4.715272661
2.64, 1.01626652007, -19.9038052209, 0.00262097200411, 4.69355319759
2.65, 1.0163297538, -19.8570103902, 0.0110995099622, 4.67099709795
2.66, 1.01646508793, -19.8104450907, 0.014965431319, 4.64717374883
2.67, 1.01657377032, -19.7641266082, 0.00754731733592, 4.62239006262
2.68, 1.01659917229, -19.7180583628, 0.00102663424114, 4.5967161427
2.69, 1.01662280493, -19.6722526844, 0.00629415639028, 4.57019638095
2.7, 1.01672995659, -19.6267117971, 0.0146565580634, 4.54358569922
2.71, 1.01686638111, -19.5814490431, 0.0120239573949, 4.51493769704
2.72, 1.01692675902, -19.5364725835, 0.00253498680053, 4.48634885203
2.73, 1.01694475118, -19.4917817718, 0.001995386743, 4.4576699849
2.74, 1.01699243437, -19.4473786713, 0.00912420322451, 4.42880032958
2.75, 1.01711336761, -19.4032630481, 0.0142984318608, 4.40029674942
2.76, 1.01722640443, -19.3594311426, 0.0086565937047, 4.37183313292
2.77, 1.01726119918, -19.3158838211, 0.00139467950608, 4.34353752785
2.78, 1.01727665727, -19.2726170419, 0.00458944775014, 4.31576639966
2.79, 1.01736456401, -19.2296292324, 0.0130133626956, 4.287715431
2.8, 1.01749587597, -19.1869192817, 0.0125061988932, 4.26006172886
2.81, 1.01756716196, -19.1444863406, 0.00367680745559, 4.23242796267
2.82, 1.01757314492, -19.1023274519, 0.00112883216201, 4.20513596535
2.83, 1.01761748228, -19.0604422811, 0.00919272127541, 4.17766983909
2.84, 1.01774058094, -19.0188314021, 0.0144415689149, 4.15042814894
2.85, 1.01785046888, -18.9774920217, 0.00791757608376, 4.12335314369
2.86, 1.01787481731, -18.9364209141, 0.000286851524154, 4.09666513847
2.87, 1.01788291758, -18.8956153287, 0.0042744154567, 4.07035567956
2.88, 1.01797206754, -18.8550717287, 0.0133509300898, 4.04408470705
2.89, 1.01810447179, -18.8147900676, 0.0122643294623, 4.01809449167
2.9, 1.01816809898, -18.7747660677, 0.00258134304471, 3.99244880707
2.91, 1.01817724816, -18.7349988221, 0.00110849345663, 3.96689164458
2.92, 1.01821006257, -18.6954837087, 0.0073991323927, 3.94189960579
2.93, 1.01831705027, -18.6562170818, 0.0133804351419, 3.91725148866
2.94, 1.01842744944, -18.6171943142, 0.00879402786149, 3.89311118485
2.95, 1.01846247583, -18.5784100696, 0.00107926384042, 3.86955744756
2.96, 1.01846780398, -18.5398581607, 0.00306667565993, 3.84659164092
2.97, 1.01853923534, -18.5015333296, 0.0115432167792, 3.82413851295
2.98, 1.01866260513, -18.4634304784, 0.0123101600758, 3.80220281539
2.99, 1.01873549863, -18.4255440136, 0.00386833501786, 3.78083825699
3.0, 1.01873773106, -18.3878683504, 0.00016802468353, 3.76003210492
3.01, 1.01876691436, -18.3503989193, 0.00746131983612, 3.73959693931
3.02, 1.01887665825, -18.3131307, 0.0136478160733, 3.71976448316
3.03, 1.01898559555, -18.2760576565, 0.00824112173639, 3.70054085024
3.04, 1.01901159194, -18.2391739495, 6.29766197116e-05, 3.68187472716
3.05, 1.01900981781, -18.2024739649, 0.00274601183911, 3.66377966191
3.06, 1.01908272288, -18.1659522615, 0.0119554395316, 3.64620480054
3.07, 1.01920871749, -18.1296035338, 0.0122785087664, 3.62917895019
3.08, 1.01927606284, -18.0934222961, 0.00295873272899, 3.61268650274
3.09, 1.01926898057, -18.0574034168, -0.000570316201165, 3.59668381607
3.1, 1.01929607952, -18.0215421521, 0.00769354410974, 3.58115684215
3.11, 1.01941018442, -17.9858338481, 0.0140490462176, 3.56607112599
3.12, 1.01951843801, -17.9502744565, 0.00772321796214, 3.55134985094
3.13, 1.0195356073, -17.914860591, -0.000924051143394, 3.53695552047
3.14, 1.01954092844, -17.8795892518, 0.00197908884887, 3.52282614858
3.15, 1.01959900413, -17.8444578702, 0.0102745776636, 3.50897733565
3.16, 1.01971547707, -17.8094632235, 0.0121880367891, 3.49546757838
3.17, 1.01979153564, -17.7746019594, 0.00432221110119, 3.4822697994
3.18, 1.019793908, -17.739871448, -0.00033279902567, 3.46932877297
3.19, 1.01981210567, -17.7052690807, 0.00606349052082, 3.45663910936
3.2, 1.01991036224, -17.6707920926, 0.0129399246982, 3.44423131339
3.21, 1.02001915826, -17.6364378132, 0.00869608827906, 3.4320843291
3.22, 1.02004952637, -17.6022039299, 0.000224164336566, 3.42016167982
3.23, 1.02004225046, -17.5680878599, 0.00163952774569, 3.40850514659
3.24, 1.02010185876, -17.5340872799, 0.0107302130783, 3.39705151053
3.25, 1.02022212632, -17.5002002603, 0.0123235690361, 3.38580825229
3.26, 1.02029440751, -17.4664242849, 0.00356605700353, 3.37481633681
3.27, 1.02028829624, -17.4327571342, -0.00105063421322, 3.36402886178
3.28, 1.02030429973, -17.3991971209, 0.00628323952655, 3.35340337518
3.29, 1.02040739661, -17.3657420637, 0.0134466936383, 3.34303882994
3.3, 1.0205171055, -17.3323893512, 0.00835474642344, 3.33293018263
3.31, 1.02053998928, -17.2991368021, -0.000686521017655, 3.32296306659
3.32, 1.02052646897, -17.2659832038, 0.00140667138594, 3.3131703003
3.33, 1.02058890414, -17.2329264401, 0.0113179317129, 3.3035803109
3.34, 1.02071386051, -17.1999644272, 0.0125001601182, 3.29421118894
3.35, 1.02078227245, -17.1670954498, 0.00277544350036, 3.28497604659
3.36, 1.02078135942, -17.1343179929, -0.000962443711068, 3.27590673294
3.37, 1.02078660715, -17.1016302138, 0.00459254784425, 3.26702651007
3.38, 1.02087583588, -17.0690302881, 0.0127192018122, 3.25832047738
3.39, 1.02099015693, -17.0365168401, 0.00965225842123, 3.24974141056
3.4, 1.02102687412, -17.0040884082, 0.00030466435998, 3.24131021232
3.41, 1.02101141913, -16.9717433636, 0.000229688613343, 3.23304084195
3.42, 1.0210571536, -16.9394806231, 0.00971311547522, 3.22487149419
3.43, 1.02117648018, -16.9072986477, 0.0129654414184, 3.21687808139
3.44, 1.02125804852, -16.8751956518, 0.00437071705842, 3.20905636948
3.45, 1.02126342185, -16.8431701784, -0.000230111514181, 3.20138843753
3.46, 1.02126190685, -16.811220353, 0.00308720822757, 3.19390101801
3.47, 1.02133551477, -16.7793454316, 0.0115619690404, 3.18642653372
3.48, 1.02144987049, -16.7475443804, 0.0106108990096, 3.17909837378
3.49, 1.02150066972, -16.7158161842, 0.00162310986248, 3.17187380617
3.5, 1.02148809373, -16.6841594773, -0.000483571408977, 3.16477834914
3.51, 1.02151859864, -16.6525732824, 0.00794152674021, 3.15777347258
3.52, 1.02162800804, -16.6210571637, 0.012914874294, 3.1507809018
3.53, 1.02171994842, -16.5896100723, 0.00597984480257, 3.14396466984
3.54, 1.02172531525, -16.5582306966, -0.00145000562578, 3.13722930761
3.55, 1.02171898657, -16.5269180152, 0.00307604872147, 3.13060167282
3.56, 1.0217967676, -16.4956714535, 0.0121728719614, 3.12401720543
3.57, 1.02191470523, -16.4644902136, 0.0106040149319, 3.11754104455
3.58, 1.02196029708, -16.4333730063, 0.000791098726421, 3.11118751595
3.59, 1.02195411668, -16.40231919, -0.000170550658405, 3.10488049013
3.6, 1.02197613467, -16.3713278183, 0.0064175681347, 3.09869693928
3.61, 1.02207179094, -16.3403977227, 0.0120724393554, 3.0926091372
3.62, 1.02216666132, -16.3095280399, 0.00712593875854, 3.0866057284
3.63, 1.02218578221, -16.2787182082, -0.000332335894873, 3.08065221544
3.64, 1.02217981059, -16.2479676137, 0.00215411694024, 3.0747622192
3.65, 1.02224235155, -16.2172753975, 0.010584957128, 3.06896313077
3.66, 1.02235341473, -16.1866408376, 0.0108723953615, 3.06321806555
3.67, 1.02241084032, -16.1560635401, 0.00235974709721, 3.05751900478
3.68, 1.02240045837, -16.1255428888, -0.000833596210917, 3.0519017052
3.69, 1.0224216459, -16.0950783511, 0.00674650496266, 3.04629053136
3.7, 1.02252246483, -16.064669341, 0.0125526985342, 3.04079204103
3.71, 1.02261785597, -16.0343148084, 0.00676455726197, 3.03537315902
3.72, 1.02263007125, -16.004014149, -0.00111873067589, 3.03004033198
3.73, 1.0226195222, -15.9737666941, 0.00209001828516, 3.02472626706
3.74, 1.02268593166, -15.9435718457, 0.0112082405724, 3.01952385377
3.75, 1.02280141477, -15.913428752, 0.0109960812332, 3.01434211373
3.76, 1.0228548979, -15.8833373932, 0.00162138943213, 3.00920243621
3.77, 1.0228372291, -15.8532969796, -0.00135127943647, 3.00414150053
3.78, 1.02285858107, -15.8233070851, 0.00718871934509, 2.99909302
3.79, 1.02296551586, -15.7933674361, 0.0130946976153, 2.99409120837
3.8, 1.02306146007, -15.7634774403, 0.00636477677378, 2.9891793763
3.81, 1.02306631565, -15.7336362312, -0.00193424320816, 2.98431157559
3.82, 1.02306495331, -15.7038436936, 0.00151908657011, 2.97946926443
3.83, 1.02311817866, -15.6740993441, 0.00965746001244, 2.97466214154
3.84, 1.0232252025, -15.6444029316, 0.0110002262925, 2.96989285797
3.85, 1.02328856462, -15.614753755, 0.00312417717284, 2.96518789585
3.86, 1.02328204661, -15.5851513984, -0.000931270999679, 2.9605280242
3.87, 1.0232961986, -15.5555955373, 0.0057040975284, 2.95589868405
3.88, 1.02338839258, -15.5260856158, 0.0120698000933, 2.95132711311
3.89, 1.02348571858, -15.4966211183, 0.00743201660774, 2.94683172912
3.9, 1.02350505832, -15.4672012015, -0.000632439948415, 2.94237489037
3.91, 1.02349262604, -15.4378259754, 0.0013433606096, 2.93792141214
3.92, 1.02354881903, -15.4084949854, 0.0102282368901, 2.93350891795
3.93, 1.02366046237, -15.3792081542, 0.0111975658027, 2.92911611609
3.94, 1.023720765, -15.3499648037, 0.00245854451406, 2.92480872484
3.95, 1.02370703821, -15.3207639223, -0.00149902970059, 2.92059805073
3.96, 1.02372049386, -15.2916059512, 0.00605749175961, 2.91625029007
3.97, 1.02381849793, -15.2624909994, 0.0126418413544, 2.91198771516
3.98, 1.0239172491, -15.2334182486, 0.00714239277556, 2.90780321378
3.99, 1.02392993876, -15.2043872802, -0.001430595965, 2.90361072132
4.0, 1.02391264268, -15.1753983314, 0.00125395643603, 2.89943265964
4.01, 1.02397283251, -15.1464504262, 0.0109003394826, 2.8954084841
4.02, 1.02408966595, -15.1175417613, 0.0114057340808, 2.89158563613
4.03, 1.02414657422, -15.0886700704, 0.00174004002064, 2.88799016818
4.04, 1.0241372696, -15.059833394, -0.000408397879705, 2.88457390773
4.05, 1.02414711571, -15.0310302481, 0.00483379009282, 2.88128480568
4.06, 1.02423085033, -15.002259051, 0.0114801997557, 2.87819920667
4.07, 1.02432853825, -14.973517404, 0.00796089129169, 2.87533820198
4.08, 1.0243549932, -14.9448033041, -1.66195525437e-05, 2.87268618032
4.09, 1.02434293595, -14.916114976, 0.000847163502838, 2.8701916301
4.1, 1.0243903268, -14.887449385, 0.00926633827531, 2.86809851144
4.11, 1.02449696119, -14.858804156, 0.0112176792055, 2.86618425696
4.12, 1.02456292512, -14.830176547, 0.00328670793649, 2.86452904761
4.13, 1.02455464561, -14.8015647798, -0.0013916299302, 2.86304115658
4.14, 1.02456264648, -14.7729650957, 0.00510104258095, 2.86207504989
4.15, 1.02465178393, -14.74437401, 0.0120688172742, 2.86136180645
4.16, 1.02475172888, -14.7157875467, 0.00779395064092, 2.8611784277
4.17, 1.02477256112, -14.6871995499, -0.000748601553557, 2.86160043357
4.18, 1.02475565151, -14.6586053391, 0.000718803357434, 2.8623367775
4.19, 1.02480666659, -14.6300029154, 0.00993132822936, 2.86338883019
4.2, 1.02491910474, -14.6013864075, 0.0115454782229, 2.86500560107
4.21, 1.02498310081, -14.5727526372, 0.00270649565154, 2.86685458612
4.22, 1.0249681212, -14.5440994192, -0.00192380490377, 2.86892834896
4.23, 1.02497588915, -14.5154232926, 0.00552644637764, 2.87144131168
4.24, 1.02507193685, -14.4867202217, 0.012780144937, 2.87429339244
4.25, 1.02517469949, -14.4579866328, 0.00763420900888, 2.87748936279
4.26, 1.02518982114, -14.4292204041, -0.00147990101176, 2.88077951122
4.27, 1.02516850364, -14.4004184768, 0.000674398393178, 2.88477704781
4.28, 1.02522432535, -14.3715745366, 0.010727341589, 2.88904894124
4.29, 1.02534358019, -14.3426870111, 0.0119356834781, 2.89354781252
4.3, 1.02540572664, -14.313752531, 0.00210811322391, 2.89847566942
4.31, 1.02539598268, -14.2847662907, -0.000774351072718, 2.90377714188
4.32, 1.02540067217, -14.2557267109, 0.00437578238562, 2.90914952493
4.33, 1.02548369995, -14.2266315255, 0.0117875135497, 2.91494573045
4.34, 1.02558727086, -14.1974762418, 0.00863762967312, 2.92104903153
4.35, 1.02561757579, -14.1682596087, 3.63307246966e-05, 2.92720783659
4.36, 1.02560221965, -14.1389816708, 0.000334029272025, 2.9335096709
4.37, 1.02564618234, -14.1096380268, 0.0092197225756, 2.94018087288
4.38, 1.02575686401, -14.0802275406, 0.0119301438545, 2.9468861858
4.39, 1.02582976967, -14.0507486194, 0.00380206357322, 2.95384145037
4.4, 1.02582202227, -14.021200068, -0.00169168323429, 2.96085173051
4.41, 1.02582566557, -13.9915802986, 0.00474724254371, 2.96809396856
4.42, 1.02591556802, -13.96188729, 0.0125531977678, 2.97548023403
4.43, 1.02602319919, -13.9321194171, 0.00863489813201, 2.98305745547
4.44, 1.0260490639, -13.9022750944, -0.000618144710876, 2.99072191878
4.45, 1.02602940711, -13.8723543838, 0.000259773283514, 2.99831468144
4.46, 1.02607794833, -13.8423578403, 0.0100199444172, 3.00593830932
4.47, 1.02619614146, -13.8122850606, 0.0124374367605, 3.01354607711
4.48, 1.02626854475, -13.7821364717, 0.00332523695871, 3.02108764292
4.49, 1.0262546584, -13.7519132001, -0.00219708494332, 3.02848506965
4.5, 1.02625848004, -13.7216162677, 0.00523902192383, 3.03584590148
4.51, 1.02635646151, -13.6912459655, 0.0134128306864, 3.04313798452
4.52, 1.02646841339, -13.6608034247, 0.00860220743483, 3.05028502409
4.53, 1.02648929846, -13.6302899313, -0.00132450041324, 3.05736915538
4.54, 1.02647901146, -13.599705797, -0.000351547227394, 3.06439804076
4.55, 1.02651476023, -13.5690518031, 0.00861928617107, 3.07133110479
4.56, 1.02662750643, -13.5383291641, 0.0128329540356, 3.07812591347
4.57, 1.02671339614, -13.5075387141, 0.00510438213999, 3.08491573123
4.58, 1.02671176831, -13.4766804257, -0.00178850475238, 3.09167403915
4.59, 1.0267080207, -13.4457553146, 0.00376038349322, 3.09827987527
4.6, 1.02679289209, -13.4147644474, 0.0126865686358, 3.10482127561
4.61, 1.02691000132, -13.3837081518, 0.0100486490278, 3.11138495668
4.62, 1.02694782662, -13.3525867062, 8.42898720101e-05, 3.11784918271
4.63, 1.02694011662, -13.321401268, 0.000200980723762, 3.12418946272
4.64, 1.02696976236, -13.2901530452, 0.0073044078413, 3.13042884607
4.65, 1.02707025157, -13.2588423841, 0.0120949166765, 3.13665482156
4.66, 1.02716004379, -13.2274699868, 0.00636378837359, 3.14278177521
4.67, 1.02717390483, -13.1960365108, -0.000447905424103, 3.14885403637
4.68, 1.02717303978, -13.1645425459, 0.00308970602017, 3.15491862667
4.69, 1.02724469658, -13.1329882695, 0.0112491287478, 3.16089721348
4.7, 1.02735598733, -13.1013746477, 0.010404082046, 3.16681130006
4.71, 1.02740686438, -13.0697017509, 0.00181831674141, 3.17271550484
4.72, 1.02739701203, -13.0379699625, -0.000216801284726, 3.17859632821
4.73, 1.02742834491, -13.0061800307, 0.00786348799961, 3.18435579494
4.74, 1.02753565718, -12.9743329536, 0.0126862078241, 3.19004900451
4.75, 1.02762680199, -12.9424288897, 0.00608721796028, 3.19571990163
4.76, 1.02763516987, -12.9104684156, -0.00103828425651, 3.20135023355
4.77, 1.02763216295, -12.8784521002, 0.00328445399935, 3.20690702562
4.78, 1.02770985829, -12.8463803521, 0.0120359435652, 3.21241144157
4.79, 1.02782656944, -12.8142540267, 0.0105916114884, 3.21781917659
4.8, 1.02787434985, -12.7820738194, 0.0012044743128, 3.22321028539
4.81, 1.02785917456, -12.7498399374, -0.00049004980288, 3.22853075034
4.82, 1.02789313611, -12.7175532063, 0.00852484407881, 3.23379916941
4.83, 1.02800803666, -12.6852142325, 0.0133160538941, 3.23896966638
4.84, 1.02810035394, -12.6528236123, 0.00575467171377, 3.244133775
4.85, 1.02810265076, -12.6203812011, -0.00166594706096, 3.24933532867
4.86, 1.02809766818, -12.5878871603, 0.00353899490088, 3.25445433052
4.87, 1.02818216358, -12.5553424065, 0.0128907474141, 3.25950133533
4.88, 1.02830445612, -12.5227470449, 0.0107467585562, 3.26455760366
4.89, 1.02834845394, -12.4901014916, 0.000513000668815, 3.26955145186
4.9, 1.02834205472, -12.4574062629, -0.000677182329322, 3.27448316839
4.91, 1.02836479629, -12.4246621818, 0.00701061246701, 3.27934154485
4.92, 1.0284704415, -12.391869461, 0.0132124962125, 3.28418461217
4.93, 1.02857288949, -12.3590288542, 0.00743354023635, 3.28894142647
4.94, 1.02858970643, -12.3261408242, -0.000832051742088, 3.29366567304
4.95, 1.02858085219, -12.2932057937, 0.00225849106834, 3.29832505782
4.96, 1.0286506834, -12.2602242674, 0.0117467780469, 3.30299482234
4.97, 1.02877335147, -12.2271961967, 0.0118038690954, 3.30762070509
4.98, 1.02883377626, -12.1941221646, 0.0021662183814, 3.31220232307
4.99, 1.0288193577, -12.1610022002, -0.00114688593596, 3.31678511157
5.0, 1.02884318295, -12.1278369199, 0.00756827994866, 3.32126334061
5.01, 1.0289563482, -12.0946269233, 0.013908547515, 3.32575011612
5.02, 1.02906083603, -12.0613721634, 0.00716884360199, 3.3302124331
5.03, 1.02907141965, -12.0280730436, -0.00155130282549, 3.33461461139
5.04, 1.02907284617, -11.9947303364, 0.00178872683117, 3.33895034524
5.05, 1.02913065496, -11.9613441298, 0.0103288219693, 3.34329512921
5.06, 1.02924637587, -11.9279147817, 0.0119675362654, 3.34759446601
5.07, 1.0293181911, -11.8944424654, 0.00380569311834, 3.35188258114
5.08, 1.02931608275, -11.8609273028, -0.000624951533158, 3.35616659327
5.09, 1.02933376194, -11.8273695098, 0.00619909357385, 3.36040366516
5.1, 1.02943355788, -11.7937694382, 0.0130362912925, 3.36461082046
5.11, 1.02954100508, -11.7601276008, 0.0083886135701, 3.36879527736
5.12, 1.02956739056, -11.7264435848, -0.000137049994402, 3.37301583881
5.13, 1.02955863133, -11.6927177471, 0.00171673623881, 3.37717400727
5.14, 1.0296207295, -11.6589504951, 0.0110539733209, 3.38128960235
5.15, 1.0297427061, -11.6251423914, 0.0123244081626, 3.38533796539
5.16, 1.02981279535, -11.5912939317, 0.00324793939031, 3.38940453489
5.17, 1.02980437394, -11.5574046934, -0.00110819584846, 3.393446569
5.18, 1.02982240794, -11.5234754409, 0.00667986508323, 3.39744641256
5.19, 1.02992953081, -11.4895059351, 0.0137716194068, 3.40147048151
5.2, 1.03003992166, -11.45549642, 0.00823230840464, 3.40545075468
5.21, 1.03006070671, -11.4214473804, -0.000849522775974, 3.40936477114
5.22, 1.03004793908, -11.3873591678, 0.00172358480491, 3.41330521683
5.23, 1.03011529639, -11.3532316911, 0.0118756981707, 3.4172086956
5.24, 1.03024405172, -11.3190654951, 0.0126860940998, 3.4210479309
5.25, 1.03031199044, -11.2848612913, 0.00262639800038, 3.42479667457
5.26, 1.0303108352, -11.2506206874, -0.000801134639533, 3.42833731565
5.27, 1.03032027256, -11.2163457514, 0.0051951440939, 3.43167050519
5.28, 1.03041543095, -11.1820382781, 0.0132195255741, 3.43483186006
5.29, 1.03053213414, -11.1477002871, 0.00969799465573, 3.43779717538
5.3, 1.03056856346, -11.1133335397, 0.000331930223567, 3.44058650242
5.31, 1.0305558439, -11.0789395769, 0.000743577556671, 3.44323463745
5.32, 1.03060836212, -11.0445201692, 0.0104412253428, 3.44567098394
5.33, 1.03073305073, -11.010077434, 0.0132969408082, 3.44791691249
5.34, 1.03081565405, -10.975612925, 0.00437817621537, 3.45003810543
5.35, 1.03082243759, -10.9411280704, 0.000114239781203, 3.45197656702
5.36, 1.03082695926, -10.9066248529, 0.00386540667688, 3.45374092453
5.37, 1.03090803634, -10.8721046804, 0.0121931846374, 3.45535059135
5.38, 1.03102595644, -10.8375690122, 0.0107696870242, 3.45684473475
5.39, 1.03107776776, -10.8030190463, 0.00179640768395, 3.45821312927
5.4, 1.03106957803, -10.7684560754, 0.000200446170144, 3.45945838776
5.41, 1.03110844351, -10.7338814419, 0.00880695238054, 3.46055562399
5.42, 1.03122435492, -10.6992962717, 0.0133434113447, 3.46154845042
5.43, 1.0313183405, -10.6647019537, 0.00609685582517, 3.46240033671
5.44, 1.03132632117, -10.6300996762, -0.000976187922608, 3.46315767582
5.45, 1.03132754632, -10.5954902193, 0.00401044860792, 3.46381562745
5.46, 1.03141419046, -10.560874936, 0.0129201995036, 3.46433312095
5.47, 1.03153659522, -10.5262549865, 0.0108365956897, 3.46475064274
5.48, 1.03158401373, -10.4916313208, 0.0010588402613, 3.4650808518
5.49, 1.03156960064, -10.4570049243, -0.000132306817656, 3.46530142671
5.5, 1.03161073386, -10.422377266, 0.00943810385397, 3.46533836215
5.51, 1.03173368225, -10.3877496327, 0.0138879220037, 3.46531700033
5.52, 1.03182766385, -10.3531223518, 0.00563138414996, 3.4652356556
5.53, 1.03183645028, -10.3184967131, 0.00162849692779, 3.46496357399
5.54, 1.03183873528, -10.2838738518, 0.00306569343778, 3.46469880678
5.55, 1.03191156365, -10.2492545576, 0.0116067130874, 3.46428800398
5.56, 1.03203037878, -10.2146394969, 0.0114086372567, 3.46386375343
5.57, 1.0320910974, -10.1800292564, 0.0026244720518, 3.46330885875
5.58, 1.03208515839, -10.1454248244, -0.000158487808898, 3.46270204794
5.59, 1.03211581483, -10.1108269515, 0.00784746926839, 3.46200480359
5.6, 1.03222672838, -10.0762370024, 0.0133885833188, 3.46113681365
5.61, 1.03232738546, -10.0416557113, 0.00708371609647, 3.46027337143
5.62, 1.03234268635, -10.0070833184, -0.000692811248384, 3.45935010771
5.63, 1.03233952024, -9.97252126728, 0.00308824807358, 3.45822349352
5.64, 1.03241708314, -9.93797053721, 0.0123015339706, 3.45708438443
5.65, 1.03254071751, -9.90343124873, 0.0115472316343, 3.45593688932
5.66, 1.0325975943, -9.8689039935, 0.0019035708717, 3.45468419011
5.67, 1.03258486929, -9.83438971976, -0.000599394953193, 3.45332107709
5.68, 1.03261662773, -9.79988929269, 0.00838363635155, 3.45193186511
5.69, 1.03273434374, -9.76540291425, 0.0139716445117, 3.45050177759
5.7, 1.032835733, -9.73093068405, 0.00669196017152, 3.44911100637
5.71, 1.03285194971, -9.69648645805, 0.00186135580314, 3.44286623588
5.72, 1.0328486309, -9.66213672225, 0.00198729339319, 3.43186035081
5.73, 1.03291113206, -9.62791434633, 0.0109039695856, 3.41570029404
5.74, 1.03303096619, -9.59392350317, 0.012109715709, 3.38812754708
5.75, 1.03310064989, -9.56021710989, 0.0033276355646, 3.35917150555
5.76, 1.03310561349, -9.52682613575, 0.000642099549169, 3.32344064974
5.77, 1.03311998683, -9.49383373876, 0.00480232810759, 3.28113826958
5.78, 1.03320232523, -9.46127334379, 0.0114370248961, 3.23693089083
5.79, 1.03330518793, -9.42916640171, 0.00891316432833, 3.1897498696
5.8, 1.03334390444, -9.39755147344, 0.00115375444347, 3.1389901112
5.81, 1.03333854384, -9.36648525174, 0.000955167650188, 3.08030326875
5.82, 1.03338239377, -9.33602541638, 0.00864485512366, 3.01770353286
5.83, 1.03348550158, -9.30621183623, 0.0111761712221, 2.95171656485
5.84, 1.03355612615, -9.27708821281, 0.00394178671705, 2.88298901318
5.85, 1.03355253053, -9.24865785025, -0.0013437937707, 2.81395793782
5.86, 1.03355556442, -9.22092795267, 0.00415762591454, 2.74422253729
5.87, 1.03363538832, -9.19390862122, 0.0112518092151, 2.67336769418
5.88, 1.03373225136, -9.16759142259, 0.00781064427582, 2.60338335256
5.89, 1.03375537686, -9.14196386759, -0.000622937035657, 2.534249748
5.9, 1.03373542828, -9.11701687505, -0.000103910001981, 2.46595686616
5.91, 1.03377420931, -9.09274208668, 0.00846189455898, 2.39849291578
5.92, 1.0338746303, -9.06913123357, 0.0106273422774, 2.33186553068
5.93, 1.03393417691, -9.0461758517, 0.00245110544042, 2.26647912179
5.94, 1.03392630798, -9.02386294358, -0.00118277362995, 2.20309102205
5.95, 1.03391673473, -9.00217486532, 0.00205495421718, 2.14146533662
5.96, 1.03397342107, -8.9810942288, 0.00922435391344, 2.08155578465
5.97, 1.03406076035, -8.960604016, 0.00780732724071, 2.02333079023
5.98, 1.03408885708, -8.94068761087, -0.000140164049811, 1.96674388808
5.99, 1.03406400607, -8.92132895156, -0.00154984540063, 1.9117340453
6.0, 1.03408005564, -8.9025125429, 0.00592347164518, 1.85825075715
6.01, 1.0341623783, -8.88422326065, 0.00973926175835, 1.80626598079
6.02, 1.03422393754, -8.86644627335, 0.00326327806067, 1.75574705578
6.03, 1.03420947956, -8.84916717775, -0.00295084892378, 1.70664390185
6.04, 1.03418908628, -8.83237211223, 0.00140670107534, 1.65890151697
6.05, 1.03424284996, -8.81604763943, 0.00909429167109, 1.61248869539
6.06, 1.0343264377, -8.80018056062, 0.00711601573251, 1.56738390076
6.07, 1.03434326776, -8.78475797467, -0.00150341445831, 1.52355050086
6.08, 1.03430588972, -8.76976744203, -0.00252751188589, 1.48093625938
6.09, 1.03431706287, -8.75519699436, 0.00580265772033, 1.43950109185
6.1, 1.03439876441, -8.7410349216, 0.00955063308467, 1.39922843243
6.11, 1.034453705, -8.72726970278, 0.00221417067848, 1.36009504271
6.12, 1.03442660811, -8.71389016143, -0.00418832884647, 1.32205852019
6.13, 1.0343979834, -8.70088558607, 0.00101394757093, 1.28507172438
6.14, 1.03445145771, -8.6882455958, 0.00921081139306, 1.24911391193
6.15, 1.03453324474, -8.6759599472, 0.00657055422366, 1.21417295902
6.16, 1.0345399524, -8.66401861316, -0.00276207776704, 1.18021955673
6.17, 1.03450540235, -8.65241197878, -0.00325105494217, 1.14720713781
6.18, 1.03450000694, -8.64113076377, 0.00374216830664, 1.11510789673
6.19, 1.03456638404, -8.63016592595, 0.00880383789349, 1.08390701373
6.2, 1.03462485519, -8.61950853781, 0.00325492884466, 1.05359064684
6.21, 1.03460649638, -8.60914991327, -0.00386662850241, 1.02412709046
6.22, 1.03456929882, -8.59908174379, -0.000714730563124, 0.995475869617
6.23, 1.0346032026, -8.58929601563, 0.00753721115408, 0.967618077479
6.24, 1.03467951829, -8.5797848106, 0.00702544565612, 0.94054814348
6.25, 1.03469690559, -8.5705403401, -0.00163040604015, 0.914246433312
6.26, 1.03465035469, -8.56155511698, -0.00411467651413, 0.888675741778
6.27, 1.03464152612, -8.55282200106, 0.00379973123027, 0.863806387924
6.28, 1.03470993324, -8.54433400007, 0.00894279963888, 0.839634052152
6.29, 1.03476531288, -8.53608416853, 0.00254048398402, 0.816150740129
6.3, 1.03473688995, -8.52806575406, -0.00492352331393, 0.793328922717
6.31, 1.03469275805, -8.52027234222, -0.000993515081816, 0.771132143634
6.32, 1.03472813748, -8.51269775771, 0.00789535029474, 0.749548290217
6.33, 1.03480580365, -8.50533585286, 0.00682522378191, 0.72857808531
6.34, 1.03481613487, -8.49818055921, -0.00264678560236, 0.708206121487
6.35, 1.03477365226, -8.49122609115, -0.00404777228271, 0.688396790945
6.36, 1.03475390865, -8.48446691601, 0.00204886801292, 0.669131446957
6.37, 1.03480651251, -8.47789763849, 0.00791835223033, 0.650403505232
6.38, 1.03486306555, -8.47151288181, 0.00351302504555, 0.632210552098
6.39, 1.03484645814, -8.46530739212, -0.004013004172, 0.614532849055
6.4, 1.03480048514, -8.4592761859, -0.00213211738495, 0.597339384085
6.41, 1.03481862679, -8.45341450014, 0.00613171947331, 0.580617406203
6.42, 1.03488785688, -8.44771759262, 0.0069518105369, 0.564370233265
6.43, 1.0349085092, -8.44218074833, -0.00123993232993, 0.548589060664
6.44, 1.0348601707, -8.43679944835, -0.00489334093967, 0.533246845282
6.45, 1.03483757257, -8.43156944179, 0.00217658253698, 0.518319821324
6.46, 1.03489358217, -8.42648657043, 0.0082551000583, 0.503809624754
6.47, 1.03494950646, -8.42154664284, 0.00305424850674, 0.489717574708
6.48, 1.0349248688, -8.4167455628, -0.00493092981829, 0.476026078125
6.49, 1.03487267085, -8.41207948625, -0.00237757235155, 0.462705856288
6.5, 1.03489292223, -8.4075447579, 0.00660035283418, 0.449748574706
6.51, 1.0349653945, -8.40313769594, 0.00698912372572, 0.437162020657
6.52, 1.03498132019, -8.39885461316, -0.00206065583885, 0.424939837542
6.53, 1.03492453517, -8.39469200204, -0.00555359472827, 0.413056073024
6.54, 1.03490048078, -8.39064660557, 0.00245805487624, 0.401489552176
6.55, 1.03496130158, -8.38671521925, 0.00870202651939, 0.39024669598
6.56, 1.03501713766, -8.38289456634, 0.00260660946231, 0.379331817698
6.57, 1.03498446244, -8.37918144625, -0.00583888977047, 0.368728566198
6.58, 1.03494007859, -8.37557291777, -0.00309383276191, 0.358408937865
6.59, 1.03494584868, -8.37206613364, 0.00494737299109, 0.348370104304
6.6, 1.03500920194, -8.36865826862, 0.00695380545102, 0.338617516901
6.61, 1.0350345909, -8.36534645588, -0.000612285994271, 0.329149476642
6.62, 1.0349880435, -8.36212795394, -0.00525084053762, 0.319945839801
6.63, 1.03495552921, -8.35900023969, 0.000857240869471, 0.310986052781
6.64, 1.03500078722, -8.35596085839, 0.00762848604834, 0.30227423882
6.65, 1.03505773546, -8.35300727779, 0.00365368555244, 0.293817545693
6.66, 1.03503908009, -8.35013699553, -0.00461056174716, 0.285605175586
6.67, 1.03498266717, -8.34734770337, -0.00338780771983, 0.277612605285
6.68, 1.03499032701, -8.34463725602, 0.00543558489806, 0.269832642793
6.69, 1.03505790409, -8.34200345813, 0.00714416802116, 0.262276869107
6.7, 1.03508020237, -8.3394440553, -0.00129245971931, 0.254945043231
6.71, 1.03502588426, -8.33695691226, -0.00590770520243, 0.247817092536
6.72, 1.03499161047, -8.33454010709, 0.00110853381621, 0.24087360767
6.73, 1.03504203074, -8.33219175956, 0.00817464922722, 0.234122331553
6.74, 1.03510045662, -8.32990988219, 0.00338226630924, 0.227572575308
6.75, 1.03507506788, -8.3276925068, -0.00544875956355, 0.221213939428
6.76, 1.03501298088, -8.32553785953, -0.00357853331574, 0.215021698143
6.77, 1.03502377217, -8.32344431651, 0.00605089142128, 0.208991329604
6.78, 1.03509644268, -8.32141017178, 0.00737606450121, 0.203137486133
6.79, 1.03511558296, -8.31943364217, -0.0020042785991, 0.197460876956
6.8, 1.03506525325, -8.31751307614, -0.00489831271836, 0.191938568901
6.81, 1.03502644051, -8.31564699359, -0.000198799600718, 0.186560817789
6.82, 1.03506219434, -8.3138339523, 0.00701389042576, 0.181328731182
6.83, 1.03511983492, -8.31207242212, 0.00423334941495, 0.176253435689
6.84, 1.0351081698, -8.3103608581, -0.00407826531437, 0.171328922154
6.85, 1.03505050108, -8.30869786804, -0.00408457727519, 0.166534079768
6.86, 1.03504772953, -8.30708220936, 0.00437296762489, 0.161861510013
6.87, 1.03511022409, -8.30551258427, 0.00721835747232, 0.157324470109
6.88, 1.03513865077, -8.30398760256, -0.000459160220937, 0.152926928018
6.89, 1.03508885442, -8.30250594949, -0.0059679786842, 0.148653174475
6.9, 1.03504718623, -8.30106649782, -2.43898224852e-05, 0.144484701772
6.91, 1.03508788375, -8.29966816382, 0.0075975646, 0.140428895899
6.92, 1.03514800807, -8.2983097403, 0.00409242272426, 0.136498193361
6.93, 1.03513061723, -8.29698999938, -0.00486447255328, 0.132686555908
6.94, 1.03506707834, -8.29570787143, -0.00434130747408, 0.128972043448
6.95, 1.03506686061, -8.29446243179, 0.00496456466987, 0.125348993313
6.96, 1.03513498901, -8.29325267529, 0.00756306524231, 0.121833287914
6.97, 1.03516157546, -8.29207748979, -0.0010544998259, 0.118429482463
6.98, 1.03510433473, -8.29093584173, -0.00662454264242, 0.11512096482
6.99, 1.03506100052, -8.28982689074, 0.000261844157146, 0.111889231417
7.0, 1.03510774686, -8.28874982278, 0.00827025046456, 0.108744532971
7.01, 1.03517067883, -8.28770367746, 0.00393693154328, 0.105700780801
7.02, 1.03514717257, -8.28668747066, -0.00568824075711, 0.102751551858
