timestamp, prius0 x posi, prius0 y posi, prius0 x vel, prius0 y vel.
0.0, 0.0, 0.0, 0.0, 0.0
0.00999999999999, 24.9964776935, 1.00001691744, -0.238192240417, -0.000632648143972
0.02, 24.9935345511, 1.00001231824, -0.326562450385, 0.00132059589536
0.03, 24.9897152858, 1.00003075671, -0.414834691487, 0.00328563212261
0.04, 24.9850206807, 1.00005513997, -0.50306841206, 0.00263537136655
0.05, 24.9794509496, 1.00006430349, -0.59130012136, 0.000946192833532
0.06, 24.9730061289, 1.00006684886, -0.679536446283, 0.00144764703377
0.07, 24.965686203, 1.00008638858, -0.767777881265, 0.00369124408858
0.08, 24.9574911476, 1.00012160548, -0.8560204432, 0.00423618620476
0.09, 24.9484209679, 1.00014763351, -0.944259949219, 0.00240434059559
0.1, 24.938475689, 1.00015739569, -1.03249752002, 0.00152288804118
0.11, 24.9276553106, 1.00017428887, -1.12073776288, 0.00344939715543
0.12, 24.9159597998, 1.00021409559, -1.20898239968, 0.0054255379958
0.13, 24.9033894019, 1.00025895144, -1.29674027856, 0.00462821676923
0.14, 24.8899492904, 1.00028757605, -1.38320686818, 0.00291045190169
0.15, 24.8756498079, 1.00031099363, -1.46861588741, 0.00365684749756
0.16, 24.8605015106, 1.0003538893, -1.55297762687, 0.00608712606246
0.17, 24.8445148305, 1.00041260902, -1.6363014638, 0.00651437256216
0.18, 24.8277001019, 1.00046039889, -1.71859594457, 0.00452445374438
0.19, 24.8100675552, 1.0004917216, -1.79987445392, 0.00374201494302
0.2, 24.7916272669, 1.00053186987, -1.88015441794, 0.00583034889517
0.21, 24.7723891543, 1.00059509901, -1.95944868178, 0.00767280191638
0.22, 24.7523630304, 1.00066061912, -2.03776484223, 0.00652439544593
0.23, 24.7315586303, 1.00070703975, -2.11511221484, 0.00462967852796
0.24, 24.7099855663, 1.00074839759, -2.19150699919, 0.00553193406093
0.25, 24.6876533049, 1.00081121442, -2.26696543121, 0.00813343652488
0.26, 24.6645744121, 1.00088998539, -2.34135962094, 0.00843193161404
0.27, 24.6407623918, 1.00095544523, -2.4149282385, 0.00618446568439
0.28, 24.6162259685, 1.00100315818, -2.48764306096, 0.00542507808872
0.29, 24.5909738104, 1.00106143406, -2.55947569633, 0.00775608886661
0.3, 24.5650146337, 1.00114425381, -2.63042715212, 0.0096054530024
0.31, 24.5383571409, 1.00122745704, -2.70050381325, 0.00814398569152
0.32, 24.511009967, 1.00128869952, -2.76971294776, 0.00606271115706
0.33, 24.482981638, 1.00134510793, -2.83803074201, 0.00714984036232
0.34, 24.4542826973, 1.00142538353, -2.9044055209, 0.00996003665583
0.35, 24.424930152, 1.0015216567, -2.96890209876, 0.0100782273695
0.36, 24.3949421277, 1.00160171337, -3.0315927174, 0.00752645530584
0.37, 24.3643363413, 1.00166271309, -3.09252943701, 0.0068113669892
0.38, 24.3331300141, 1.00173644729, -3.15176677307, 0.00942618782463
0.39, 24.301339868, 1.00183641778, -3.2093517679, 0.0112817092484
0.4, 24.2689821963, 1.00193465398, -3.26532445128, 0.00947282965619
0.41, 24.2360728963, 1.00200782357, -3.3197256972, 0.00719083402991
0.42, 24.2026274232, 1.00207646036, -3.3726058713, 0.00847441842918
0.43, 24.1686607501, 1.00217122274, -3.42401126151, 0.0114419724459
0.44, 24.1341874229, 1.00228149396, -3.47397955087, 0.0113380503418
0.45, 24.0992216312, 1.00237239347, -3.52254530376, 0.00847656918075
0.46, 24.063777194, 1.00244290007, -3.5697498016, 0.00780692220455
0.47, 24.0278675015, 1.00252816717, -3.61563732364, 0.0106838055047
0.48, 23.9915055309, 1.00264105905, -3.66024434776, 0.0125194528395
0.49, 23.9547039268, 1.00275002994, -3.70360060722, 0.0103809214871
0.5, 23.9174750325, 1.00283123988, -3.74573845139, 0.00795550819276
0.51, 23.8798308337, 1.00290872131, -3.78669796629, 0.00947609383065
0.52, 23.8417829268, 1.00301484656, -3.82651558815, 0.0126205357056
0.53, 23.8033425796, 1.0031360128, -3.86521903374, 0.012284705057
0.54, 23.7645208012, 1.00323458157, -3.9028334414, 0.00911501002987
0.55, 23.7253283191, 1.00331164712, -3.93939178717, 0.00852845185054
0.56, 23.6857755146, 1.00340590095, -3.97493004727, 0.0117003241285
0.57, 23.6458724405, 1.00352926145, -4.00947590238, 0.0135050314992
0.58, 23.6056289049, 1.00364627369, -4.0430504258, 0.0110112735888
0.59, 23.5650544969, 1.00373275869, -4.07567822448, 0.00845512025873
0.6, 23.5241585224, 1.00381663632, -4.10739238921, 0.0102527048376
0.61, 23.4829499691, 1.00393195167, -4.13822177281, 0.013584540082
0.62, 23.4414375731, 1.00406171229, -4.16818632892, 0.0129903124513
0.63, 23.399629888, 1.00416543643, -4.19730391392, 0.00950424058102
0.64, 23.3575352525, 1.00424672078, -4.22560140416, 0.00903649319904
0.65, 23.3151617207, 1.00434801174, -4.25310856616, 0.0125349265429
0.66, 23.2725170817, 1.00447995495, -4.27984631229, 0.0142933070716
0.67, 23.2296089477, 1.00460284754, -4.3058290693, 0.011416642971
0.68, 23.1864447743, 1.00469238299, -4.33107578391, 0.00874507594893
0.69, 23.1430317864, 1.00478077994, -4.35561460054, 0.0108616563352
0.7, 23.0993769435, 1.00490367637, -4.37946869322, 0.0143878705639
0.71, 23.0554870105, 1.0050402427, -4.4026521221, 0.0135030995511
0.72, 23.0113686276, 1.0051470836, -4.42517732351, 0.00969101805485
0.73, 22.9670282686, 1.00523072956, -4.44706696811, 0.00937966418451
0.74, 22.9224721656, 1.00533759729, -4.46834632446, 0.0132351200242
0.75, 22.8777063328, 1.00547668949, -4.48903114474, 0.0149266061131
0.76, 22.8327366597, 1.00560370716, -4.50913075492, 0.0116362314148
0.77, 22.7875689258, 1.00569447195, -4.52866001366, 0.00886654542707
0.78, 22.7422087181, 1.00578593918, -4.54764349566, 0.0113457783342
0.79, 22.6966614036, 1.00591521507, -4.56609839947, 0.015067695842
0.8, 22.6509322341, 1.0060571419, -4.58402823409, 0.0138551837955
0.81, 22.6050264729, 1.00616538352, -4.60143041206, 0.00970655796714
0.82, 22.558949358, 1.00624982431, -4.61831490366, 0.00958282148848
0.83, 22.5127060026, 1.00636100046, -4.63469626644, 0.0138142042346
0.84, 22.4663014013, 1.00650590235, -4.6505810587, 0.0154110871418
0.85, 22.4197405104, 1.00663534904, -4.66597060715, 0.0116745873514
0.86, 22.3730282532, 1.00672555158, -4.68087264548, 0.00881830579394
0.87, 22.3261694376, 1.00681856647, -4.69530371999, 0.0116902334931
0.88, 22.2791687438, 1.00695283121, -4.70927101383, 0.0156021409153
0.89, 22.2320308062, 1.00709841638, -4.72277395423, 0.0140156595576
0.9, 22.1847603613, 1.00720599331, -4.735787552, 0.00951438747346
0.91, 22.1373624408, 1.00728932984, -4.74829204464, 0.00961624411331
0.92, 22.0898421732, 1.00740327846, -4.76028619651, 0.0142464061096
0.93, 22.0422046352, 1.00755236492, -4.77177635765, 0.0157154169639
0.94, 21.9944547993, 1.00768220382, -4.78277516903, 0.011497674749
0.95, 21.9465974495, 1.0077697498, -4.79330862388, 0.00857592266259
0.96, 21.8986370529, 1.00786261003, -4.8034142454, 0.0118831348646
0.97, 21.8505777339, 1.00800034431, -4.81311999529, 0.0159767565799
0.98, 21.8024233871, 1.00814776672, -4.82244221241, 0.0139785563921
0.99, 21.7541777661, 1.00825264038, -4.83139486737, 0.00912374791829
1.0, 21.7058444385, 1.00833314901, -4.84000378926, 0.00950492372886
1.01, 21.6574267169, 1.00844867361, -4.8482937511, 0.0145712644481
1.02, 21.6089277165, 1.00860072262, -4.85627652171, 0.0158776820436
1.03, 21.560350474, 1.00872925816, -4.86395675443, 0.0111374813923
1.04, 21.5116979526, 1.00881243123, -4.87134720187, 0.00818497856092
1.05, 21.4629729434, 1.00890404232, -4.87847068016, 0.0119964429546
1.06, 21.4141780438, 1.00904453487, -4.88534029087, 0.0162747742582
1.07, 21.3653157624, 1.00919271408, -4.89195905237, 0.013807870736
1.08, 21.3163885878, 1.00929342071, -4.8983302402, 0.0085913084406
1.09, 21.2673989144, 1.0093699848, -4.90447173319, 0.00931253688291
1.1, 21.2183489575, 1.00948651586, -4.91040050837, 0.0148493733904
1.11, 21.1692408071, 1.00964087984, -4.91612129401, 0.0159541550995
1.12, 21.1200765395, 1.0097669956, -4.92163284385, 0.0106540991285
1.13, 21.0708582074, 1.00984469053, -4.9269438681, 0.00770562977753
1.14, 21.0215877302, 1.00993450009, -4.93207349822, 0.0120780007244
1.15, 20.9722668736, 1.01007744066, -4.93703021243, 0.0165312515861
1.16, 20.9228973587, 1.01022565038, -4.94181270867, 0.0135409640582
1.17, 20.8734809262, 1.01032113861, -4.94642083133, 0.00796021297201
1.18, 20.8240192513, 1.01039307955, -4.95087027969, 0.00908194769488
1.19, 20.7745138569, 1.01051045115, -4.95517470956, 0.0151176856067
1.2, 20.7249661742, 1.01066680959, -4.95933522613, 0.0159736823751
1.21, 20.6753776551, 1.01078965982, -4.96334733339, 0.010073862587
1.22, 20.6257497549, 1.01086105791, -4.96721792434, 0.00716841620476
1.23, 20.5760838141, 1.01094883684, -4.97096417017, 0.0121600335069
1.24, 20.5263810437, 1.01109421042, -4.97459142873, 0.0167722192905
1.25, 20.4766426399, 1.01124194736, -4.9780954952, 0.0131976031556
1.26, 20.4268698442, 1.01133136901, -4.98147413553, 0.00725213438703
1.27, 20.3770638488, 1.01139825618, -4.98474210644, 0.00883974902668
1.28, 20.3272257091, 1.01151656512, -4.98791072811, 0.0154005329358
1.29, 20.2773564118, 1.0116748, -4.99097850957, 0.0159529166655
1.3, 20.2274569898, 1.01179368779, -4.99393870427, 0.00941139636816
1.31, 20.1775284951, 1.01185814493, -4.99679741611, 0.00659336465821
1.32, 20.1275718754, 1.01194388549, -4.99957066668, 0.0122648804487
1.33, 20.077587964, 1.01209187203, -5.00226145627, 0.0170137092341
1.34, 20.0275776023, 1.0122387562, -5.00486346599, 0.0127878963227
1.35, 19.9775416942, 1.01232137477, -5.00737320778, 0.00648020780936
1.36, 19.927481103, 1.01238294484, -5.00980526075, 0.00860482638943
1.37, 19.8773965636, 1.01250247292, -5.01216916707, 0.015714414901
1.38, 19.8272887598, 1.01266258819, -5.01446148328, 0.0159004608078
1.39, 19.7771584398, 1.01277688747, -5.01667383938, 0.00867396519628
1.4, 19.727006381, 1.01283386619, -5.01881225898, 0.00599420631817
1.41, 19.6768332602, 1.01291772092, -5.02089208908, 0.0124088460144
1.42, 19.6266396512, 1.01306863217, -5.02291444245, 0.017265276387
1.43, 19.5764261526, 1.01321434146, -5.02487139784, 0.0123155929248
1.44, 19.5261934384, 1.01328947313, -5.02675877997, 0.00565218037251
1.45, 19.475942145, 1.01334558035, -5.02859149562, 0.00839136304334
1.46, 19.4256727847, 1.01346674592, -5.03037761761, 0.0160708195637
1.47, 19.3753858323, 1.0136288144, -5.03211217279, 0.0158195348521
1.48, 19.3250818418, 1.01373791831, -5.03378558461, 0.0078640576039
1.49, 19.2747614011, 1.01378694533, -5.03540430555, 0.00538086842524
1.5, 19.2244249983, 1.0138691902, -5.0369832735, 0.0126045224349
1.51, 19.1740730257, 1.01402342894, -5.03852200672, 0.0175321464021
1.52, 19.1237059151, 1.01416765491, -5.04001131745, 0.0117801675195
1.53, 19.0733241825, 1.01423463051, -5.04144675504, 0.00477249424988
1.54, 19.0229283055, 1.01428521759, -5.04284389255, 0.00821083439654
1.55, 18.9725186397, 1.01440854614, -5.04420948463, 0.0164780307224
1.56, 18.9220955144, 1.01457267391, -5.04553731641, 0.0157096616568
1.57, 18.8716593498, 1.01467596008, -5.04681688963, 0.00698107766421
1.58, 18.8212106018, 1.01471660098, -5.04805547293, 0.00476115509015
1.59, 18.7707496245, 1.01479761472, -5.04926771644, 0.0128623343315
1.6, 18.7202766821, 1.01495564863, -5.05045172757, 0.0178166019327
1.61, 18.6697920907, 1.01509806591, -5.05159727639, 0.0111781697314
1.62, 18.6192962567, 1.01515620663, -5.05269995444, 0.00384365894906
1.63, 18.5687895449, 1.01520128916, -5.05377622422, 0.00807331294938
1.64, 18.5182721987, 1.01532739626, -5.05483156854, 0.0169422777222
1.65, 18.4677444449, 1.015493698, -5.05585873349, 0.0155677325304
1.66, 18.4172066109, 1.01559050464, -5.0568465006, 0.00602244092595
1.67, 18.3666590598, 1.01562234961, -5.05780326335, 0.00414184661552
1.68, 18.3161020485, 1.01570260361, -5.05874340094, 0.0131915187355
1.69, 18.2655357495, 1.01586494812, -5.05966372692, 0.0181188310912
1.7, 18.2149603981, 1.01600519223, -5.06055312068, 0.0105040719214
1.71, 18.1643763237, 1.0160537942, -5.06140747778, 0.00286715408339
1.72, 18.1137838101, 1.01609345401, -5.0622442887, 0.00798832126803
1.73, 18.0631830183, 1.01622303591, -5.06306774084, 0.0174684420065
1.74, 18.0125741025, 1.01639161687, -5.06386969096, 0.0153886505181
1.75, 17.9619573254, 1.01648122572, -5.06463835093, 0.00498428006968
1.76, 17.9113329807, 1.01651782199, -5.06538517363, 0.00431916167686
1.77, 17.8607012485, 1.01658844011, -5.06611899524, 0.0115565825636
1.78, 17.8100622623, 1.01673568919, -5.06683919589, 0.0171128922175
1.79, 17.7594161866, 1.01687691483, -5.06753653585, 0.0114369851249
1.8, 17.7087632726, 1.01693724851, -5.06820576297, 0.00380181519903
1.81, 17.6581037504, 1.01697578025, -5.06886051776, 0.00693948611926
1.82, 17.6074377461, 1.01708884807, -5.06950651097, 0.0157374630938
1.83, 17.5567653643, 1.01724876432, -5.07013716498, 0.0154477244684
1.84, 17.506086797, 1.01734799279, -5.07074217208, 0.00633404438033
1.85, 17.4554022809, 1.01737841192, -5.07132710203, 0.00349227422699
1.86, 17.4047119694, 1.0174469234, -5.07190530245, 0.011771216486
1.87, 17.3540159374, 1.01759793593, -5.07247424529, 0.017417885689
1.88, 17.3033143078, 1.01773747897, -5.07302411171, 0.0108278832307
1.89, 17.252607293, 1.01778853708, -5.07354986891, 0.00280341291738
1.9, 17.2018961791, 1.0178208634, -5.07369267071, 0.0067466740652
1.91, 17.1511860521, 1.01793656148, -5.0735313417, 0.0162202792582
1.92, 17.1004782614, 1.01809900211, -5.07315619046, 0.0153380777603
1.93, 17.0497771909, 1.01819172699, -5.07215471554, 0.00533775687175
1.94, 16.9990882577, 1.01821269272, -5.07078755342, 0.00279659443923
1.95, 16.9484146852, 1.01827994807, -5.06910647456, 0.0120814254141
1.96, 16.8977591989, 1.01843544871, -5.06717004631, 0.0177534196899
1.97, 16.8471242257, 1.01857297666, -5.06493752226, 0.0101385571495
1.98, 16.7965150948, 1.01862191629, -5.06224776738, 0.00505249562726
1.99, 16.7459356586, 1.01865148001, -5.05900304931, 0.00542048845891
2.0, 16.6953885676, 1.01875011788, -5.05564993591, 0.0146349770906
2.01, 16.6448767119, 1.01890671682, -5.0518794887, 0.01569725064
2.02, 16.5944042261, 1.01901018775, -5.04785560486, 0.00659326527337
2.03, 16.5439735964, 1.01903591156, -5.04351831076, 0.00236152592105
2.04, 16.4935884562, 1.01908879859, -5.03871617333, 0.010139373915
2.05, 16.4432529807, 1.01922945037, -5.03365386391, 0.0170182428637
2.06, 16.392969242, 1.01937132254, -5.02838325261, 0.0113290972047
2.07, 16.3427388831, 1.01942344957, -5.02296465091, 0.00233999598894
2.08, 16.2925635578, 1.0194433489, -5.0173812735, 0.00502406954269
2.09, 16.2424451168, 1.01954319861, -5.01160968422, 0.0150400535342
2.1, 16.1923861909, 1.01970223071, -5.00542785798, 0.0156102304877
2.11, 16.1423903697, 1.01979909149, -4.99903939524, 0.00553166871848
2.12, 16.0924589539, 1.01982581036, -4.99254255956, 0.00311890154609
2.13, 16.0425935661, 1.01987213929, -4.98585627334, 0.00864552026513
2.14, 15.9927963823, 1.01999595395, -4.97883388512, 0.0155939378704
2.15, 15.9430709789, 1.02013383058, -4.97157762396, 0.0118206562785
2.16, 15.8934187448, 1.02019619509, -4.96419975987, 0.00338872336652
2.17, 15.8438412237, 1.02021792894, -4.95655281952, 0.00430315133377
2.18, 15.7943422214, 1.02030218248, -4.94860652099, 0.0131376137453
2.19, 15.7449229632, 1.02044817914, -4.94059513707, 0.0151095837878
2.2, 15.6955844183, 1.02055060811, -4.93247036697, 0.00670175341103
2.21, 15.6463280485, 1.02057464515, -4.92407553551, 0.00177919128382
2.22, 15.5971569011, 1.02061587879, -4.91550456066, 0.00860637629407
2.23, 15.5480720373, 1.02074207466, -4.90683031788, 0.0158657521099
2.24, 15.4990745311, 1.02087876553, -4.8979478792, 0.0112841609926
2.25, 15.4501677143, 1.02093173844, -4.88878595623, 0.00227477760126
2.26, 15.4013527915, 1.02094492164, -4.87956842835, 0.00381092631762
2.27, 15.35263009, 1.02102931416, -4.87033754524, 0.0134584629491
2.28, 15.3040001666, 1.02117765113, -4.86093623576, 0.015076329688
2.29, 15.2554663086, 1.0212743038, -4.85121969632, 0.00572001384315
2.3, 15.2070298253, 1.02128758579, -4.84145695472, 0.000838228414701
2.31, 15.1586919019, 1.02132468122, -4.83144086728, 0.00865237294163
2.32, 15.1104552833, 1.02145411992, -4.82127735244, 0.0162076465106
2.33, 15.062320511, 1.02158978061, -4.81107372137, 0.0107139284415
2.34, 15.014287577, 1.02163271574, -4.80082924998, 0.00109611503995
2.35, 14.9663585264, 1.0216506825, -4.7904527816, 0.00278786487995
2.36, 14.9185330648, 1.02171818457, -4.7799609532, 0.0116262410891
2.37, 14.8708137871, 1.02185619424, -4.76930680948, 0.0149371305272
2.38, 14.8232012028, 1.02196079036, -4.75862296279, 0.00694955662036
2.39, 14.7756952982, 1.02198134895, -4.74795283938, 0.000797796242659
2.4, 14.7282963268, 1.02200680623, -4.73724783689, 0.00678125659186
2.41, 14.681004724, 1.02211887104, -4.72638976555, 0.0150116050687
2.42, 14.633822684, 1.02225443121, -4.71541661864, 0.0116003999605
2.43, 14.5867508247, 1.02230884392, -4.70435862627, 0.00199277278368
2.44, 14.5397891683, 1.02231117137, -4.69336456921, 0.00214521844689
2.45, 14.4929386105, 1.02237794737, -4.68208140541, 0.011929217343
2.46, 14.4462019192, 1.02251888179, -4.67067291542, 0.0150049927748
2.47, 14.3995790712, 1.02261848575, -4.65930473765, 0.00600301929123
2.48, 14.3530713198, 1.02263575762, -4.64772037122, 0.00303699730255
2.49, 14.3066804454, 1.02265936434, -4.63597059393, 0.00556617483013
2.5, 14.2604061822, 1.02275441577, -4.62429114118, 0.0133160492652
2.51, 14.2142490883, 1.02288187657, -4.61255563751, 0.0116871231371
2.52, 14.1682100489, 1.02294505896, -4.60060630001, 0.00315702295689
2.53, 14.1222912707, 1.02295264614, -4.58857175337, 0.0018487337873
2.54, 14.0764927075, 1.02300620479, -4.57656371302, 0.0100299839563
2.55, 14.0308147458, 1.02313121478, -4.56437494417, 0.014052908139
2.56, 13.9852595417, 1.0232327555, -4.55208720726, 0.00699385264878
2.57, 13.9398270811, 1.02325278995, -4.53982135401, 0.000440613704275
2.58, 13.894518234, 1.02326849332, -4.52731598349, 0.0053460947065
2.59, 13.849334879, 1.02336513441, -4.51478023164, 0.0136187120062
2.6, 13.804276708, 1.02349274631, -4.50227718869, 0.0113275814192
2.61, 13.7593434672, 1.02354764675, -4.48979241686, 0.00206591682226
2.62, 13.7145348347, 1.02354572368, -4.4773482066, 0.00119216703992
2.63, 13.6698502701, 1.02359800218, -4.46497511892, 0.0102730583271
2.64, 13.6252890989, 1.02372584087, -4.4526657619, 0.0141641746922
2.65, 13.580852286, 1.02382328276, -4.44005433112, 0.00615074475463
2.66, 13.5365423462, 1.02383274457, -4.42736019443, -0.000584715561502
2.67, 13.4923589629, 1.02384278125, -4.41473131742, 0.00522882773521
2.68, 13.4483019214, 1.02394199968, -4.40210750885, 0.0140020997489
2.69, 13.4043710455, 1.02407008988, -4.38939734127, 0.0109610235594
2.7, 13.3605685148, 1.02411636211, -4.37652817831, 0.000934581634929
2.71, 13.3168944565, 1.0241048618, -4.36369890317, 0.000567959665522
2.72, 13.2733477115, 1.02415658706, -4.35113516506, 0.0106064779557
2.73, 13.2299257137, 1.0242749242, -4.33866752122, 0.0131325299158
2.74, 13.1866310378, 1.02437456544, -4.32579511348, 0.0071062106298
2.75, 13.1434643596, 1.02439334021, -4.31288026247, -9.19598749146e-05
2.76, 13.1004273047, 1.02439735041, -4.29987510687, 0.00375889870607
2.77, 13.0575213968, 1.02447854173, -4.28680859151, 0.0123574031053
2.78, 13.0147449014, 1.02460030146, -4.27390717582, 0.0112689511321
2.79, 12.9720982218, 1.02465649704, -4.26078648969, 0.00208344870207
2.8, 12.9295832544, 1.02464856255, -4.24762491795, 2.20556501734e-05
2.81, 12.8871998267, 1.02468519873, -4.23448997704, 0.00863272206845
2.82, 12.8449465711, 1.02480165551, -4.22164845164, 0.0135801738296
2.83, 12.802819801, 1.02489897881, -4.20917969053, 0.00640374459971
2.84, 12.7608211969, 1.02490784888, -4.19592358175, -0.00111729725849
2.85, 12.7189557694, 1.02490569802, -4.18259551776, 0.0035818611976
2.86, 12.6772233061, 1.0249893726, -4.16932894364, 0.0127872497864
2.87, 12.6356230802, 1.02511262938, -4.15613570787, 0.0110270010265
2.88, 12.5941546141, 1.02516109862, -4.14297546089, 0.000994064147758
2.89, 12.5528177821, 1.0251433031, -4.12971737129, -0.000675115610514
2.9, 12.5116146713, 1.02517869619, -4.11632659205, 0.00892777956321
2.91, 12.4705452008, 1.02529897621, -4.10298928689, 0.0138112391898
2.92, 12.4296096076, 1.02539307202, -4.08947884178, 0.0056014553999
2.93, 12.3888099433, 1.02539904317, -4.07595807625, 0.00106968583792
2.94, 12.3481458359, 1.02539416226, -4.06236060311, 0.00228838701857
2.95, 12.3076159172, 1.0254608718, -4.04910688466, 0.011177849508
2.96, 12.2672168063, 1.02557748899, -4.0361856128, 0.0112760515225
2.97, 12.2269453022, 1.02563567317, -4.02356419821, 0.00217642023751
2.98, 12.1867985065, 1.02562249247, -4.0112389482, -0.00107345091815
2.99, 12.1467736326, 1.02564406452, -3.99916563691, 0.0070358043455
3.0, 12.1068681, 1.02574945099, -3.98737348091, 0.0130265218978
3.01, 12.0670790687, 1.02584706191, -3.97585633987, 0.00671031517956
3.02, 12.0274038728, 1.02585596093, -3.96459771629, -0.00158413304889
3.03, 11.9878397753, 1.02584216965, -3.95361850941, 0.00197824637702
3.04, 11.9483845247, 1.02591054961, -3.94283475176, 0.0115899672507
3.05, 11.9090359294, 1.02602921, -3.93228187304, 0.0111347339622
3.06, 11.8697915986, 1.02608050151, -3.92197105419, 0.00113184023415
3.07, 11.8306491374, 1.02605717088, -3.91191336951, -0.00184779769398
3.08, 11.7916058774, 1.02607673287, -3.90211971182, 0.00728722593358
3.09, 11.7526594029, 1.02617609383, -3.89254663359, 0.0111021389098
3.1, 11.7138082459, 1.02627197042, -3.8829944099, 0.00745858695956
3.11, 11.6750530246, 1.02629128195, -3.87336004735, -0.000727155686936
3.12, 11.6363946535, 1.02627608953, -3.86363447576, 0.00092691259339
3.13, 11.5978345502, 1.02632768547, -3.8536368075, 0.00979750571064
3.14, 11.5593757105, 1.02643656514, -3.84346348473, 0.0110556848295
3.15, 11.521019035, 1.02649624684, -3.83321048548, 0.0023919269916
3.16, 11.4827658608, 1.02648036244, -3.82269087372, -0.00187544773279
3.17, 11.4446190915, 1.02648854641, -3.81201180745, 0.00545852076027
3.18, 11.4065792235, 1.02658139177, -3.80131198032, 0.0122422673191
3.19, 11.3686469064, 1.02667776166, -3.7905217204, 0.00699241037103
3.2, 11.3308234214, 1.02668849167, -3.77947484172, -0.00173394634972
3.21, 11.2931113266, 1.02666614664, -3.76831190616, 0.000592421307413
3.22, 11.2555109676, 1.02671924251, -3.75713206544, 0.0102213458332
3.23, 11.2180224591, 1.02683098303, -3.74594098297, 0.0110403948861
3.24, 11.1806468384, 1.02688509678, -3.73449151021, 0.0014542533231
3.25, 11.1433868012, 1.0268593972, -3.72290411039, -0.0026831247177
3.26, 11.10624247, 1.02686482314, -3.71134151779, 0.00562419106703
3.27, 11.0692137979, 1.02696153313, -3.69977594747, 0.0125991406612
3.28, 11.0323009356, 1.02705681034, -3.6881865909, 0.00642391196835
3.29, 10.9955046149, 1.02705798115, -3.67638803281, -0.00282472590149
3.3, 10.9588274703, 1.02704157483, -3.66444328731, -0.000303532254778
3.31, 10.9222694928, 1.02707877242, -3.65254280915, 0.00845285790786
3.32, 10.8858304959, 1.02718037812, -3.64064933236, 0.0108949167241
3.33, 10.8495110545, 1.02724248199, -3.62855716555, 0.00271570911935
3.34, 10.8133131667, 1.02722486616, -3.6164092051, -0.0026089915001
3.35, 10.7772371166, 1.02721982905, -3.60420307709, 0.00385436403589
3.36, 10.7412832185, 1.02729968109, -3.59199115694, 0.0114114677777
3.37, 10.7054522377, 1.0273947382, -3.57955798711, 0.00730331864258
3.38, 10.6697460852, 1.02740778319, -3.56707788027, -0.0018448641876
3.39, 10.6341646419, 1.02737690955, -3.55461767757, -0.000823426281597
3.4, 10.5987088346, 1.02741422265, -3.54190925038, 0.00879670787055
3.41, 10.563380457, 1.02751870481, -3.52918216363, 0.0109363910281
3.42, 10.5281794195, 1.02757576537, -3.51645276974, 0.00179406265788
3.43, 10.4931052315, 1.0275477155, -3.50379277825, -0.00353572241251
3.44, 10.4581576884, 1.02753864178, -3.49113795701, 0.00391723352751
3.45, 10.4233363467, 1.02762215848, -3.47854362027, 0.011821023307
3.46, 10.3886407374, 1.0277170132, -3.46598697528, 0.0068185642393
3.47, 10.3540702317, 1.02772068068, -3.45344492138, -0.00297685699291
3.48, 10.3196270994, 1.02769480071, -3.44060082728, -0.00183128014588
3.49, 10.2853112163, 1.02771552617, -3.42806537479, 0.00701713779915
3.5, 10.2511181459, 1.02781048958, -3.41604746888, 0.0108951023188
3.51, 10.2170424105, 1.0278763989, -3.4046096398, 0.00310058755117
3.52, 10.183078132, 1.02785609615, -3.39370823182, -0.00354740369244
3.53, 10.1492201418, 1.02783562826, -3.38333940272, 0.00208117307959
3.54, 10.1154628769, 1.02790238649, -3.37360733793, 0.010711590447
3.55, 10.0817997018, 1.02799816979, -3.36445702237, 0.00781730567663
3.56, 10.048225088, 1.02801425591, -3.35593401726, -0.00200454244093
3.57, 10.0147324824, 1.02797325702, -3.34798156346, -0.00243402082255
3.58, 9.9813170389, 1.02799372594, -3.34048962725, 0.0073891500217
3.59, 9.94797436046, 1.02809259893, -3.33342345482, 0.0110897085422
3.6, 9.91469898602, 1.02815477316, -3.32710892137, 0.00226930419191
3.61, 9.88148322117, 1.02813205874, -3.32138489213, -0.00122263332589
3.62, 9.84832300107, 1.02811046447, -3.31600172093, 0.000950139824856
3.63, 9.81521444425, 1.02816125404, -3.31102589163, 0.00914571555381
3.64, 9.78215402469, 1.02825029948, -3.30637985874, 0.00804240708253
3.65, 9.74913833199, 1.02827630302, -3.30207257119, -0.000741010102202
3.66, 9.71616335139, 1.02824140316, -3.2982801627, -0.00264503626472
3.67, 9.6832232773, 1.02824967437, -3.29508167826, 0.00561709161618
3.68, 9.65031314046, 1.02833408718, -3.29227909803, 0.01029856173
3.69, 9.61742763938, 1.0283996998, -3.29008864447, 0.00340296143636
3.7, 9.584562158, 1.02838085106, -3.28826922949, -0.00373939374555
3.71, 9.55171250023, 1.02835214213, -3.28700585823, 0.000819892240981
3.72, 9.51887347851, 1.02840575027, -3.28598660715, 0.00960791502665
3.73, 9.48604058881, 1.02849675633, -3.28572016926, 0.00787273050591
3.74, 9.45320929281, 1.02851604327, -3.28586281487, -0.001706124745
3.75, 9.42037383671, 1.02847251752, -3.28645888453, -0.00322515113944
3.76, 9.38753084544, 1.02848045283, -3.28736707596, 0.00598805434043
3.77, 9.35467614538, 1.02856937603, -3.28886239074, 0.0106074093336
3.78, 9.32180428542, 1.02863276755, -3.29072528587, 0.00272631375469
3.79, 9.28891201853, 1.02860452879, -3.29292085709, -0.00467502191057
3.8, 9.25599659116, 1.02857101282, -3.29536612852, 0.000809089102909
3.81, 9.22305285075, 1.0286286616, -3.2986901378, 0.0101725870853
3.82, 9.1900732208, 1.02872205324, -3.30241733075, 0.0076929457624
3.83, 9.15705479274, 1.02873420259, -3.30642642585, -0.00271733740148
3.84, 9.12399534039, 1.02869652613, -3.31063383595, -0.00367889173068
3.85, 9.09089176669, 1.02869064545, -3.31533129197, 0.00421212172394
3.86, 9.05773868289, 1.02876741914, -3.32043049442, 0.010192700398
3.87, 9.02453350026, 1.02883765021, -3.32575146024, 0.00407774752908
3.88, 8.99127347782, 1.02882082896, -3.33149820412, -0.00413225424534
3.89, 8.95795358836, 1.02878070985, -3.3376222183, -0.000729568852248
3.9, 8.92457060405, 1.02882107891, -3.34419840676, 0.00876018248189
3.91, 8.89111875837, 1.02891187449, -3.35138080909, 0.00843157396362
3.92, 8.85759302878, 1.02893716571, -3.3588772357, -0.00138481884015
3.93, 8.82399032171, 1.02888853282, -3.36683684858, -0.00441609051607
3.94, 8.7903064262, 1.02888121769, -3.37503974954, 0.00452552232819
3.95, 8.75654002861, 1.02896284887, -3.38335109524, 0.0106013011606
3.96, 8.72268983136, 1.02903194473, -3.39179696629, 0.00348147097111
3.97, 8.68875419916, 1.02900567559, -3.40053862834, -0.0051477440307
3.98, 8.65472888362, 1.02897325685, -3.40962199579, -0.0014434259372
3.99, 8.62061221478, 1.02899902601, -3.41881484184, 0.00706538309295
4.0, 8.58640357993, 1.02907979041, -3.42802999097, 0.00827133823675
4.01, 8.55210087115, 1.0291132377, -3.43770416292, -5.73053132106e-05
4.02, 8.51769965744, 1.02907406088, -3.44763733956, -0.00415538907783
4.03, 8.48319828119, 1.02905803732, -3.45772868537, 0.00289232458749
4.04, 8.44859393074, 1.02912335064, -3.46830838228, 0.00941042886751
4.05, 8.41388099839, 1.02919208898, -3.47946276698, 0.00437307754235
4.06, 8.37905357664, 1.02917857106, -3.49121545876, -0.00401445025319
4.07, 8.34410626052, 1.02913325461, -3.50331408508, -0.0017723742158
4.08, 8.30903632555, 1.02916058255, -3.51586041801, 0.00749892764899
4.09, 8.27383853707, 1.02924439558, -3.52890270597, 0.00829232033808
4.1, 8.23850719321, 1.02927278379, -3.54242296548, -0.000931861410105
4.11, 8.20303879722, 1.02922438296, -3.55642333788, -0.00490701345722
4.12, 8.16742857114, 1.02920606032, -3.57067827897, 0.00310455840935
4.13, 8.13167452648, 1.02927571448, -3.58515817963, 0.00982352106165
4.14, 8.09577427614, 1.02934395489, -3.60006172131, 0.00386967485463
4.15, 8.05972139781, 1.02932156182, -3.61567473679, -0.00502727578103
4.16, 8.02351039173, 1.02926948943, -3.63156724609, -0.00202491810069
4.17, 7.98713903163, 1.02929926885, -3.64790038754, 0.00800963903648
4.18, 7.95059787235, 1.0293863591, -3.66544640208, 0.00829169753615
4.19, 7.91387913982, 1.02940918116, -3.68330830945, -0.00186382995258
4.2, 7.87697900897, 1.02935125989, -3.70186429653, -0.00565726558338
4.21, 7.83989052042, 1.02933101057, -3.72082712908, 0.00337417858808
4.22, 7.80260986699, 1.0294054504, -3.74045807413, 0.0102561146105
4.23, 7.76512961049, 1.02947289476, -3.76055638687, 0.00329892585622
4.24, 7.72744510024, 1.02944906093, -3.78133434559, -0.00270953130569
4.25, 7.68955032117, 1.02939379709, -3.80249878439, -0.00343067923659
4.26, 7.65144410424, 1.02940602138, -3.82369946277, 0.00644590933321
4.27, 7.61312383826, 1.02948835919, -3.84545904938, 0.00881768471547
4.28, 7.57458285754, 1.02952333744, -3.86784355067, -0.00051225694342
4.29, 7.53581253071, 1.02947020502, -3.89120606001, -0.00614333630238
4.3, 7.49680777391, 1.02943494576, -3.91463353775, 0.00139711785404
4.31, 7.45756931842, 1.02949493731, -3.93793577766, 0.00963540818914
4.32, 7.41809767485, 1.02956828454, -3.96137831291, 0.00465968002525
4.33, 7.37839038504, 1.02954845905, -3.98502284092, -0.00546533747197
4.34, 7.33844678782, 1.02949679538, -4.00853161889, -0.00448358538032
4.35, 7.29826933156, 1.02949171138, -4.03188852248, 0.00459300268934
4.36, 7.25785952346, 1.02956418988, -4.05493268794, 0.00878782236324
4.37, 7.21722084592, 1.02960853679, -4.07771446883, 0.00086327977538
4.38, 7.17635601323, 1.02956354836, -4.10011503578, -0.00615781727315
4.39, 7.13526940012, 1.02951632076, -4.12210774403, -0.000533639267081
4.4, 7.09396514728, 1.02955871103, -4.14363074938, 0.00846632255884
4.41, 7.05244821758, 1.02963296612, -4.16469788506, 0.00569219342064
4.42, 7.01072239069, 1.0296259529, -4.18540276986, -0.00447808767056
4.43, 6.96879189474, 1.02955828409, -4.20562092744, -0.0051657132496
4.44, 6.92666202843, 1.0295523042, -4.22528745361, 0.0049081783617
4.45, 6.88433898553, 1.02962830156, -4.24420564177, 0.00894073521879
4.46, 6.84183152855, 1.02966842628, -4.26220047949, -3.77524900812e-05
4.47, 6.79914793923, 1.02962432939, -4.27946781377, -0.0055621848893
4.48, 6.75629635476, 1.02956778, -4.29581253981, -0.00231385879667
4.49, 6.71328683495, 1.02959217578, -4.31102751692, 0.00710130557284
4.5, 6.67013033687, 1.02966468932, -4.32532092184, 0.00647132066798
4.51, 6.6268345983, 1.02966961285, -4.33888720892, -0.00342225471808
4.52, 6.58340725975, 1.02960179971, -4.35157577926, -0.00620867241946
4.53, 6.53985834821, 1.02957754886, -4.36333558453, 0.00285921348102
4.54, 6.49619513044, 1.02964138775, -4.37444874682, 0.00868829564711
4.55, 6.45242440459, 1.02968980747, -4.38487363909, 0.00132871761542
4.56, 6.40855361453, 1.02965055805, -4.39429822781, -0.00381177635022
4.57, 6.36459076118, 1.02958935299, -4.40334734637, -0.00381007133708
4.58, 6.32054153901, 1.02959508044, -4.41171435021, 0.0053722482351
4.59, 6.27641271572, 1.02966077308, -4.41922860654, 0.00676571767427
4.6, 6.2322125052, 1.02967599207, -4.42608554639, -0.0022148667871
4.61, 6.18794639536, 1.02961217079, -4.43242310254, -0.00675075406828
4.62, 6.14361976611, 1.0295722917, -4.43811553014, 0.000784354307437
4.63, 6.09923941156, 1.02962024233, -4.44335213903, 0.00787940432425
4.64, 6.05480811014, 1.02967268145, -4.44824036783, 0.00250906324667
4.65, 6.01033096251, 1.02963635512, -4.45246044787, -0.00660290527081
4.66, 5.96581482262, 1.02956467608, -4.45612768573, -0.00429773689531
4.67, 5.92126444389, 1.02957079348, -4.45933754167, 0.005706576212
4.68, 5.87668398216, 1.02963848399, -4.46215321024, 0.00665343908118
4.69, 5.83207847368, 1.02964694673, -4.46430830289, -0.00329322514263
4.7, 5.78745377615, 1.0295838656, -4.46604495125, -0.00603618252638
4.71, 5.74281356479, 1.02953669158, -4.46742198833, -0.00079793358673
4.72, 5.6981615391, 1.02956710477, -4.46842822577, 0.00640914635625
4.73, 5.65350185267, 1.0296154485, -4.46888925057, 0.00300978568656
4.74, 5.60883951647, 1.0295894155, -4.46905506805, -0.00556586876508
4.75, 5.56417776436, 1.02951916053, -4.46877001357, -0.00508364775295
4.76, 5.51952055951, 1.02950903721, -4.46816023921, 0.00375314378993
4.77, 5.47487099373, 1.02956354867, -4.46725430382, 0.00616570866172
4.78, 5.43023248666, 1.02957781957, -4.46587460113, -0.00210560205898
4.79, 5.38560986891, 1.02951183564, -4.46415000326, -0.00743175473756
4.8, 5.34100607979, 1.02945905431, -4.46212553897, -0.000873014809241
4.81, 5.29642403869, 1.02949185812, -4.45982126947, 0.00670779515961
4.82, 5.25186630053, 1.02953936486, -4.45727345643, 0.00249907528063
4.83, 5.20733592473, 1.02950391163, -4.45428077346, -0.00670714609238
4.84, 5.16283755864, 1.0294247398, -4.45095203157, -0.00560864651955
4.85, 5.11837334854, 1.02941468846, -4.44744186636, 0.00408857574324
4.86, 5.07394483455, 1.02947187032, -4.44377822302, 0.00617081086324
4.87, 5.0295563814, 1.02948064828, -4.43950229292, -0.00307394549953
4.88, 4.98521140333, 1.02941576379, -4.43506533043, -0.00674069175301
4.89, 4.94091170586, 1.0293551785, -4.43045040783, -0.00250366699933
4.9, 4.89665984852, 1.02937048217, -4.42543516163, 0.00529624390008
4.91, 4.85245996246, 1.02941498464, -4.42014046904, 0.00313255854512
4.92, 4.80831365612, 1.0293908003, -4.41471549243, -0.00562010927636
4.93, 4.76422322824, 1.02931284483, -4.40890013436, -0.00645756828718
4.94, 4.72019292738, 1.02928599693, -4.40278700925, 0.00211455054106
4.95, 4.67622419746, 1.02933055132, -4.39657689054, 0.00579829719959
4.96, 4.63231902602, 1.02934647391, -4.39001078883, -0.00176724441315
4.97, 4.58848121875, 1.02927922475, -4.38319082006, -0.00814244794692
4.98, 4.5447120433, 1.0292124092, -4.37627667517, -0.00265614728073
4.99, 4.50101170399, 1.02922987586, -4.36950319669, 0.00563907636988
5.0, 4.45737728198, 1.02927469658, -4.36312342386, 0.0027720353915
5.01, 4.41380361302, 1.02924223037, -4.35740035828, -0.00670148954385
5.02, 4.37028270029, 1.02915513135, -4.35257638431, -0.00705591319809
5.03, 4.32680532736, 1.02912771377, -4.3486857966, 0.00243044293157
5.04, 4.2833629142, 1.0291755921, -4.34548206188, 0.00593583689079
5.05, 4.23994949254, 1.02918740458, -4.34286122216, -0.00262171562097
5.06, 4.19655944008, 1.02911758529, -4.34059329303, -0.00583204303885
5.07, 4.15318773298, 1.02904913482, -4.33930780273, -0.00386672585161
5.08, 4.10982587075, 1.02904967161, -4.33867318979, 0.00397430020029
5.09, 4.06646650064, 1.02908693561, -4.33886397783, 0.00293232913384
5.1, 4.0231010758, 1.0290638895, -4.33988292732, -0.005480350998
5.11, 3.97972197642, 1.02898234265, -4.3414802974, -0.0073352781204
5.12, 3.93632458532, 1.02894174034, -4.34351246595, 0.000537647960507
5.13, 3.89290446872, 1.02897382454, -4.34613497582, 0.00501113767631
5.14, 3.84945476602, 1.02898796871, -4.34930724223, -0.00157568725173
5.15, 3.80597159433, 1.0289213314, -4.35282300891, -0.00841739488781
5.16, 3.76245155509, 1.02884498346, -4.3566707103, -0.00409713291449
5.17, 3.71889102135, 1.02884695522, -4.36102821454, 0.0042727974108
5.18, 3.67528455625, 1.02888456073, -4.3656421129, 0.00261757701298
5.19, 3.63163085404, 1.02885366491, -4.37066275904, -0.00654083502029
5.2, 3.58792307631, 1.0287625368, -4.3764288441, -0.00802228239959
5.21, 3.54415490758, 1.02872027946, -4.38262693094, 0.000753655663843
5.22, 3.50032373193, 1.02875520072, -4.38904141059, 0.00515250592542
5.23, 3.45642623194, 1.02876562314, -4.39597657539, -0.00238507456274
5.24, 3.4124559442, 1.02868836652, -4.4035750605, -0.00948061263717
5.25, 3.36840654886, 1.02860570813, -4.41178692933, -0.00428195879235
5.26, 3.32427244181, 1.02860985078, -4.42039521209, 0.0046511151041
5.27, 3.28005081673, 1.02864817484, -4.42939898483, 0.00228958456249
5.28, 3.23573771608, 1.02860879832, -4.4386421106, -0.00768336872775
5.29, 3.19132936417, 1.02850751248, -4.44827238793, -0.0087331092147
5.3, 3.14682502909, 1.02846376796, -4.45806105005, 0.00100952880984
5.31, 3.10222046396, 1.02850180923, -4.46820455732, 0.00529417424018
5.32, 3.05751387871, 1.02850806428, -4.47846729145, -0.00326983045327
5.33, 3.01270399319, 1.02842752577, -4.4886260794, -0.00724806266888
5.34, 2.96778870975, 1.02834197694, -4.49963567577, -0.00562729991519
5.35, 2.92276385166, 1.02832815283, -4.51066974731, 0.00291211930073
5.36, 2.87762834055, 1.02835857317, -4.52177745878, 0.00243455338239
5.37, 2.83238126024, 1.02832835182, -4.53298285082, -0.00651843689779
5.38, 2.78702007611, 1.02823158769, -4.54464343085, -0.00915479000001
5.39, 2.74153991951, 1.02817322955, -4.55677545928, -0.00101182030794
5.4, 2.69593744425, 1.02819479028, -4.56904415433, 0.00435008863717
5.41, 2.65021050515, 1.02820342979, -4.58171996052, -0.00222777964181
5.42, 2.6043558951, 1.02812533831, -4.59451619316, -0.00999875566719
5.43, 2.55837268493, 1.02803020138, -4.60754347356, -0.00601830251419
5.44, 2.51225736691, 1.02801686744, -4.62082407037, 0.0031755535167
5.45, 2.46601010381, 1.02804769308, -4.63387063684, 0.00212852349033
5.46, 2.41963416921, 1.02800920027, -4.64655627604, -0.00767472646727
5.47, 2.37313332357, 1.02790139556, -4.65886274432, -0.0100126331621
5.48, 2.32651140455, 1.02783997823, -4.67078586619, -0.00089280817515
5.49, 2.27977224278, 1.02786403891, -4.68233266067, 0.00448914850705
5.5, 2.23291944803, 1.02786885284, -4.6935285518, -0.00307973758182
5.51, 2.18595633961, 1.02778729595, -4.70414524546, -0.00784110193405
5.52, 2.13888621183, 1.02768803174, -4.71494526701, -0.00750994667802
5.53, 2.09171232809, 1.0276557201, -4.7251651973, 0.00139146899189
5.54, 2.04443791468, 1.02767895952, -4.73506932383, 0.00234428400817
5.55, 1.99706595086, 1.0276501653, -4.74468569434, -0.00650220970987
5.56, 1.94959921515, 1.02754620938, -4.75402894343, -0.0105570406727
5.57, 1.90204049627, 1.02746898899, -4.76309153885, -0.0030014744857
5.58, 1.85439262673, 1.02747654033, -4.77187519981, 0.00360353571219
5.59, 1.80665829013, 1.02748460999, -4.78039835078, -0.00196241421243
5.6, 1.75883991089, 1.02740559018, -4.7886880064, -0.0106507759895
5.61, 1.710939845, 1.02729575133, -4.79674021731, -0.00800946102031
5.62, 1.66296053428, 1.02726345491, -4.80454857046, 0.00166846558119
5.63, 1.61490439927, 1.02728794245, -4.81212046546, 0.00215427636006
5.64, 1.56677361885, 1.02725176046, -4.81948414216, -0.00762279031332
5.65, 1.51857019602, 1.02713636478, -4.82665035904, -0.0115068218549
5.66, 1.47029619416, 1.0270552375, -4.83360621625, -0.00293501535982
5.67, 1.42195376117, 1.02706563791, -4.84035070991, 0.00384662889093
5.68, 1.37354490334, 1.02707122676, -4.84690188094, -0.00269021133808
5.69, 1.32507137166, 1.02698109304, -4.85328630102, -0.0118799828524
5.7, 1.27653490143, 1.02687639081, -4.85949180364, -0.00899718204431
5.71, 1.22793732224, 1.02682709154, -4.86551608221, -0.000229068070806
5.72, 1.17928045998, 1.02684003282, -4.87136108644, 0.00186501105037
5.73, 1.13056595859, 1.02681060185, -4.87704983167, -0.00646510678714
5.74, 1.08179528533, 1.02670248057, -4.88259531015, -0.011502857259
5.75, 1.03296995707, 1.02661008297, -4.88798412564, -0.00480497994632
5.76, 0.984091599755, 1.0266023687, -4.89321199283, 0.00251755417852
5.77, 0.935161753172, 1.02660639714, -4.89829180952, -0.0019297008342
5.78, 0.886181723752, 1.02652725109, -4.9032489496, -0.0109679324605
5.79, 0.837152766971, 1.02640719816, -4.90807695712, -0.00958128763757
5.8, 0.788076271564, 1.02635731889, -4.91276332243, 3.08725201366e-05
5.81, 0.738953668098, 1.02637204881, -4.91731053733, 0.00177907233352
5.82, 0.689786184032, 1.0263362918, -4.92174336633, -0.00750456420618
5.83, 0.640574876506, 1.02621681753, -4.92607291763, -0.0125022829514
5.84, 0.591320888068, 1.02611973537, -4.93028147665, -0.00481004124687
5.85, 0.542025499914, 1.02611479076, -4.93436332662, 0.00281523463212
5.86, 0.492689902975, 1.02611737176, -4.93833204671, -0.00253900321974
5.87, 0.443315042787, 1.02602780576, -4.94221435178, -0.0121856016132
5.88, 0.393901853474, 1.02591229468, -4.94599665991, -0.0106580624141
5.89, 0.344451398093, 1.02584481198, -4.94967184574, -0.00187739393961
5.9, 0.294964790846, 1.02584863215, -4.95323751374, 0.00160263166703
5.91, 0.245442995938, 1.02582069587, -4.9567141051, -0.00627276689454
5.92, 0.195886791195, 1.02570844597, -4.9601167802, -0.012563844547
5.93, 0.146297014468, 1.02559921809, -4.96342848268, -0.00675363679085
5.94, 0.0966746605133, 1.0255761408, -4.96664041501, 0.00155132206586
