timestamp, prius0 x posi, prius0 y posi, prius0 x vel, prius0 y vel.
0.0, 0.0, 0.0, 0.0, 0.0
0.00999999999999, -24.9955617492, -1.00002964896, 0.269017618914, 0.00154498441237
0.02, -24.9923143392, -1.00000399985, 0.357349586056, 0.00393791117548
0.03, -24.9881911958, -0.999986415815, 0.445597330743, 0.000571329446541
0.04, -24.9831928416, -1.00001198304, 0.533832991213, -0.00324351796355
0.05, -24.9773193687, -1.00004581052, 0.622075050013, -0.00127046399456
0.06, -24.9705707732, -1.00003981235, 0.710318738461, 0.00317083759915
0.07, -24.9629470541, -1.00001307393, 0.798559847321, 0.0025585560806
0.08, -24.9544482155, -1.00002090356, 0.886799412039, -0.00226618056705
0.09, -24.9450742594, -1.00006247544, 0.975040163351, -0.00336780416262
0.1, -24.9348251862, -1.00008119277, 1.06328244256, 0.00107372029714
0.11, -24.9237009977, -1.00005895501, 1.15152403911, 0.0035734880017
0.12, -24.9117016907, -1.00004754717, 1.23976668366, -0.000256594224246
0.13, -24.8988282652, -1.00008316989, 1.32704188552, -0.00427863553112
0.14, -24.8850884999, -1.00012555352, 1.41314582411, -0.00192453549383
0.15, -24.870493013, -1.00012398402, 1.4981943566, 0.00281418002083
0.16, -24.8550523468, -1.00010211, 1.5821930018, 0.0018816697696
0.17, -24.838776916, -1.00011940768, 1.66515580813, -0.00338014237626
0.18, -24.8216770002, -1.00017180456, 1.74709799936, -0.00432402526148
0.19, -24.803762756, -1.00019724375, 1.82803203424, 0.000611103094965
0.2, -24.7850442192, -1.0001788861, 1.90796786507, 0.00313035275793
0.21, -24.7655312988, -1.00017432225, 1.98691743587, -0.00116593371873
0.22, -24.7452337753, -1.00022024485, 2.06489513877, -0.00530682597151
0.23, -24.7241613109, -1.00027041529, 2.14191425535, -0.00245740859184
0.24, -24.7023234541, -1.00027181161, 2.21798470612, 0.00260448758441
0.25, -24.6797300155, -1.0002536176, 2.29307533098, 0.0012866699912
0.26, -24.6563953784, -1.00027966983, 2.36716129233, -0.00442621434643
0.27, -24.6323307837, -1.00034169781, 2.44044334214, -0.00511883105756
0.28, -24.6075447373, -1.00037179513, 2.51285684666, 0.000370264733124
0.29, -24.5820459711, -1.0003554152, 2.58438076977, 0.00283452693986
0.3, -24.5558432401, -1.00035680906, 2.65502253369, -0.0020228903306
0.31, -24.5289452187, -1.00041253296, 2.72479551795, -0.00627209200271
0.32, -24.5013604705, -1.0004694956, 2.79371100572, -0.00286180855738
0.33, -24.4730976016, -1.00047250684, 2.86147836136, 0.00252075833258
0.34, -24.4441694908, -1.0004570974, 2.92717634189, 0.000753918601235
0.35, -24.4145941368, -1.00049135214, 2.99103660904, -0.00540998847846
0.36, -24.384389502, -1.00056203901, 3.05311474775, -0.00578825407333
0.37, -24.353573108, -1.00059532004, 3.11345981979, 0.000277555220058
0.38, -24.3221620214, -1.00057970083, 3.17211691519, 0.00262536420576
0.39, -24.2901728447, -1.00058650797, 3.22913249515, -0.0028475267281
0.4, -24.2576217216, -1.00065154433, 3.28455399133, -0.00716999385486
0.41, -24.2245243592, -1.00071419919, 3.33842679525, -0.00313632899599
0.42, -24.1908960396, -1.00071746361, 3.39079251125, 0.00256007762802
0.43, -24.1567516186, -1.0007038333, 3.44169130426, 0.000293228341588
0.44, -24.1221055273, -1.00074575074, 3.49116599417, -0.00634738824389
0.45, -24.086971793, -1.00082438167, 3.53925888667, -0.00635787973924
0.46, -24.0513640555, -1.00085948646, 3.58600804398, 0.000341975626664
0.47, -24.0152955779, -1.00084311473, 3.63144788015, 0.0025504368645
0.48, -23.9787792473, -1.00085433203, 3.67561499881, -0.00359522038323
0.49, -23.9418275845, -1.00092794923, 3.71854774359, -0.0079824279501
0.5, -23.9044527639, -1.00099512492, 3.76028199068, -0.003263900451
0.51, -23.8666666249, -1.00099707862, 3.80084865072, 0.00275179149653
0.52, -23.8284806763, -1.00098410018, 3.84027823342, -8.55710266474e-05
0.53, -23.7899060965, -1.00103307794, 3.87860452977, -0.00722338898365
0.54, -23.7509537516, -1.00111874394, 3.91586101948, -0.00680257380252
0.55, -23.7116342085, -1.00115415636, 3.95207688458, 0.000569543778346
0.56, -23.6719577435, -1.00113567706, 3.98727781074, 0.00258052931029
0.57, -23.6319343395, -1.00115067472, 4.02149232596, -0.00430117023421
0.58, -23.591573695, -1.00123238204, 4.05475097381, -0.00872200063239
0.59, -23.5508852412, -1.00130296415, 4.08708186961, -0.00325061742641
0.6, -23.5098781509, -1.00130221442, 4.11850801776, 0.0030677213872
0.61, -23.4685613409, -1.00128911678, 4.14905253657, -0.000423265298541
0.62, -23.4269434695, -1.00134495517, 4.17874232296, -0.00807676606505
0.63, -23.385032954, -1.00143708654, 4.20760406604, -0.00715302251148
0.64, -23.3428379806, -1.0014715924, 4.23565998198, 0.000928630088386
0.65, -23.3003665121, -1.00145000286, 4.26292891329, 0.00267690529539
0.66, -23.2576262815, -1.00146854879, 4.2894332144, -0.00500466823139
0.67, -23.2146248009, -1.00155819435, 4.31519745756, -0.00941767855177
0.68, -23.1713693764, -1.00163130219, 4.34024374011, -0.00311717648464
0.69, -23.1278671152, -1.00162666919, 4.36458882274, 0.00348432023866
0.7, -23.0841249259, -1.00161294186, 4.38825011922, -0.000747444537193
0.71, -23.0401495145, -1.00167568803, 4.4112492768, -0.00892879461253
0.72, -22.995947401, -1.00177386477, 4.43360777295, -0.00742038084648
0.73, -22.9515249275, -1.00180634446, 4.45534233762, 0.00140838125017
0.74, -22.9068882643, -1.00178079214, 4.47646643776, 0.00282022211299
0.75, -22.8620434013, -1.00180286294, 4.49699773525, -0.00572665769491
0.76, -22.8169961564, -1.00190045659, 4.51695624854, -0.0100816541092
0.77, -22.7717521892, -1.00197528987, 4.53635940933, -0.00287056057427
0.78, -22.7263170066, -1.00196568946, 4.55521899971, 0.00398797188159
0.79, -22.6806959615, -1.00195100036, 4.57354804271, -0.00107870363375
0.8, -22.6348942466, -1.00202088747, 4.59136421159, -0.00979517402958
0.81, -22.5889169122, -1.00212478856, 4.60868499685, -0.00761100937389
0.82, -22.5427688715, -1.00215417834, 4.62552276931, 0.00200124833986
0.83, -22.4964549059, -1.00212393465, 4.64188675216, 0.00299355669324
0.84, -22.4499796546, -1.00214969178, 4.65779106872, -0.00648535555783
0.85, -22.4033476228, -1.00225537372, 4.67325227886, -0.0107225495613
0.86, -22.3565631945, -1.00233117611, 4.68828416981, -0.00251413255758
0.87, -22.309630637, -1.00231558979, 4.70289452779, 0.00456759350785
0.88, -22.2625540973, -1.00229976491, 4.7170930085, -0.00143566479498
0.89, -22.2153375961, -1.00237718938, 4.73089429606, -0.0106887685077
0.9, -22.1679850448, -1.0024865603, 4.74431284609, -0.00772767439142
0.91, -22.1205002497, -1.00251182082, 4.75735752377, 0.00270248423262
0.92, -22.0728869164, -1.0024907874, 4.77003436511, 0.00275187486858
0.93, -22.0251486372, -1.00250841031, 4.78235496668, -0.00511051076881
0.94, -21.977288902, -1.00260337728, 4.79433213714, -0.0102885336796
0.95, -21.9293111062, -1.00268599865, 4.80597727268, -0.00397499159983
0.96, -21.8812185547, -1.00268554559, 4.81729635885, 0.00344316147232
0.97, -21.8330144617, -1.00266964893, 4.82829590214, -0.000501413878279
0.98, -21.7847019415, -1.0027332693, 4.83898726957, -0.00939230135057
0.99, -21.7362840231, -1.00283958944, 4.84938232816, -0.00839439639369
1.0, -21.6877636547, -1.00287934734, 4.85948848968, 0.00100675242254
1.01, -21.6391437074, -1.00285317285, 4.86930952504, 0.00315206497467
1.02, -21.5904269652, -1.00287265378, 4.87885369017, -0.00571361050488
1.03, -21.5416161298, -1.00297487225, 4.88813228218, -0.0109049271249
1.04, -21.4927138311, -1.00305860707, 4.89715456366, -0.0036366033684
1.05, -21.4437226307, -1.00305183706, 4.9059239286, 0.00411168883525
1.06, -21.3946450229, -1.00303344406, 4.91444415365, -0.000702110612478
1.07, -21.3454834223, -1.00310343831, 4.92272559762, -0.0102210677221
1.08, -21.2962401746, -1.00321528863, 4.93077857818, -0.00855747834396
1.09, -21.2469175641, -1.00325131433, 4.93860813146, 0.00169745441899
1.1, -21.1975178169, -1.00321936004, 4.94621576212, 0.0034282798309
1.11, -21.1480430901, -1.00324194919, 4.95360824585, -0.00645463897544
1.12, -21.0984954737, -1.00334043876, 4.96079606179, -0.0099114111724
1.13, -21.0488770073, -1.00342869065, 4.967784693, -0.0049199363068
1.14, -20.9991896746, -1.00343608894, 4.97457818377, 0.00300983036448
1.15, -20.9494354076, -1.00341797311, 4.98117873062, 0.000178817423102
1.16, -20.8996160757, -1.0034742147, 4.98759345681, -0.00886665633083
1.17, -20.8497334944, -1.00358175007, 4.99383132854, -0.00906212899026
1.18, -20.7997894329, -1.00363098053, 4.99989693883, 8.25751365204e-05
1.19, -20.7497856164, -1.00360840014, 5.00579076378, 0.003349951199
1.2, -20.6997237169, -1.00362118574, 5.01151729471, -0.00488784985042
1.21, -20.6496053536, -1.00371931028, 5.01708426407, -0.0110174897948
1.22, -20.599432103, -1.00381039097, 5.02249900786, -0.00471355780189
1.23, -20.5492055035, -1.00381221372, 5.0277625882, 0.00366468951568
1.24, -20.4989271338, -1.00379115921, 5.03281395074, 4.87708753556e-05
1.25, -20.448600734, -1.00385341046, 5.03739867454, -0.0097051165981
1.26, -20.3982308892, -1.00396718759, 5.04151678104, -0.00933085816538
1.27, -20.3478221692, -1.00401347567, 5.04522400361, 0.000745564169336
1.28, -20.297379169, -1.00398445417, 5.0482476539, 0.00375962229433
1.29, -20.2469093773, -1.00399882566, 5.05074344033, -0.0054992676199
1.3, -20.1964157679, -1.00409665193, 5.05286729731, -0.00837614111548
1.31, -20.1459038449, -1.00418576105, 5.05452491985, -0.00555670701513
1.32, -20.0953790046, -1.00420106456, 5.05550774985, 0.00230640762225
1.33, -20.0448463902, -1.00418482996, 5.05606568853, 0.000457619586623
1.34, -19.9943101282, -1.00423491201, 5.0562170479, -0.00818469284624
1.35, -19.9437759201, -1.00433961218, 5.05571300973, -0.00923557271092
1.36, -19.8932483164, -1.00439524237, 5.05490123518, -0.000783486606385
1.37, -19.8427305822, -1.00437867254, 5.05372931628, 0.00313710215677
1.38, -19.7922260086, -1.00438775056, 5.05230285214, -0.00415687932146
1.39, -19.7417372732, -1.00447909596, 5.05060173503, -0.0106133712841
1.4, -19.6912670809, -1.00457209087, 5.04856137832, -0.00536565376505
1.41, -19.6408187733, -1.00458173612, 5.04620496739, 0.00300327454498
1.42, -19.5903972533, -1.00456151018, 5.04326966382, 0.000472676719792
1.43, -19.540006407, -1.00461614601, 5.04004209626, -0.00890558633343
1.44, -19.4896489361, -1.00472655799, 5.03665106587, -0.0095044192138
1.45, -19.4393280517, -1.00477946775, 5.03267480705, -0.00013592328411
1.46, -19.3890485409, -1.00475603293, 5.02842471981, 0.00364453067106
1.47, -19.338812729, -1.00476534689, 5.02390687486, -0.00462350653035
1.48, -19.2886249159, -1.00486348103, 5.01891618468, -0.0112582419379
1.49, -19.23848865, -1.0049581648, 5.01350647328, -0.00507306930366
1.5, -19.1884085946, -1.00496105003, 5.00778982078, 0.0038007545783
1.51, -19.138384925, -1.00493635476, 5.00211590404, 0.000487624219664
1.52, -19.0884206509, -1.00499585248, 4.99599408408, -0.00965811569414
1.53, -19.0385183724, -1.00511183921, 4.98973151046, -0.00971231306123
1.54, -18.9886796509, -1.00516099663, 4.98327923712, 0.000630033144553
1.55, -18.9389082154, -1.00514294208, 4.9762970153, 0.00300702389664
1.56, -18.8892071637, -1.00514619281, 4.969158854, -0.00328562183206
1.57, -18.8395800017, -1.00523102025, 4.96157635338, -0.0103501460679
1.58, -18.7900292114, -1.00532741157, 4.95388623901, -0.00610797491588
1.59, -18.7405560271, -1.00534411079, 4.94605686429, 0.0025601495436
1.6, -18.6911617563, -1.00532186671, 4.9381055711, 0.00117636141988
1.61, -18.6418477488, -1.00536749785, 4.92993595605, -0.0081004365669
1.62, -18.5926175868, -1.0054756406, 4.92141765596, -0.00982016404366
1.63, -18.5434731175, -1.00553549522, 4.91279967832, -0.000913598337574
1.64, -18.4944155661, -1.00551510444, 4.90396228213, 0.00386310806759
1.65, -18.4454484245, -1.00551669928, 4.89480924118, -0.00359600437537
1.66, -18.3965732249, -1.00560741412, 4.88557228394, -0.0109638975983
1.67, -18.3477908317, -1.00570567955, 4.87624473641, -0.00584660626352
1.68, -18.2991021766, -1.00571552119, 4.86678853638, 0.00341781424377
1.69, -18.2505102358, -1.00568767134, 4.85697093279, 0.00133244743516
1.7, -18.2020168149, -1.00573703338, 4.84705217746, -0.00878538198166
1.71, -18.1536228772, -1.00585080387, 4.83703422795, -0.0100819030026
1.72, -18.1053311377, -1.00590752361, 4.8266946263, -0.000185528545094
1.73, -18.057143009, -1.00589216986, 4.81634575032, 0.00331845108871
1.74, -18.0090593487, -1.00588654107, 4.80571579788, -0.00214504782786
1.75, -17.9610815878, -1.00596341877, 4.79513647018, -0.0100605356154
1.76, -17.9132115905, -1.00606393178, 4.78423909513, -0.00694690719534
1.77, -17.865450645, -1.00608773039, 4.77333976762, 0.00222372165404
1.78, -17.8177988978, -1.00606120692, 4.76244123008, 0.00216573416396
1.79, -17.7702581459, -1.00609571404, 4.7511610875, -0.00718724302302
1.8, -17.7228295695, -1.00620197798, 4.73982185192, -0.0102672382533
1.81, -17.6755169174, -1.00627005648, 4.72809358692, -0.00175488593689
1.82, -17.6283215958, -1.00625183041, 4.71638442536, 0.00429034780239
1.83, -17.5812435586, -1.00624322845, 4.70462606222, -0.00234157749608
1.84, -17.5342832453, -1.00632570127, 4.69276905662, -0.0107162072372
1.85, -17.4874431367, -1.00642892519, 4.68064374419, -0.00677151449267
1.86, -17.4407261024, -1.00644608217, 4.66821261262, 0.00312872411945
1.87, -17.39413324, -1.00642700148, 4.65583455001, 0.00203952410199
1.88, -17.3476638082, -1.00645240482, 4.64335737671, -0.00569574564398
1.89, -17.3013211714, -1.00654612868, 4.63061465949, -0.0095867222731
1.9, -17.2551059054, -1.00661817242, 4.6178781051, -0.00292730825006
1.91, -17.209017993, -1.00661287822, 4.6051284453, 0.00331947924603
1.92, -17.1630573732, -1.00660326351, 4.59245510488, -0.00133507814575
1.93, -17.1172253841, -1.00667079589, 4.57945616347, -0.00924995109449
1.94, -17.0715218465, -1.00676859366, 4.56664449972, -0.00716328219017
1.95, -17.0259476066, -1.00679777234, 4.5536251906, 0.0016311057754
1.96, -16.9805052454, -1.0067727929, 4.54032456151, 0.00248414080945
1.97, -16.9351955984, -1.00679930262, 4.52710260056, -0.00617475726419
1.98, -16.89001771, -1.00689829915, 4.51387291127, -0.00995820996847
1.99, -16.8449722745, -1.00696914641, 4.5006345326, -0.00239488477224
2.0, -16.8000609477, -1.00695640361, 4.48710873037, 0.00404241549606
2.01, -16.7552846619, -1.00694393635, 4.47359601669, -0.00148264393726
2.02, -16.7106432263, -1.00701652921, 4.46011852387, -0.00987412743555
2.03, -16.6661381948, -1.00711735209, 4.44637312322, -0.00706716740767
2.04, -16.621770338, -1.00714076402, 4.43266862882, 0.00246963217967
2.05, -16.5775393526, -1.00710904508, 4.41897075465, 0.00284096100868
2.06, -16.5334469244, -1.00713737614, 4.40500971664, -0.00672501690626
2.07, -16.4894936971, -1.0072420076, 4.39114881386, -0.0103227638478
2.08, -16.4456788956, -1.00731105512, 4.37728583957, -0.00177366331145
2.09, -16.4020025105, -1.00729012665, 4.36343748749, 0.00480921684635
2.1, -16.358466237, -1.0072748447, 4.34930156746, -0.00166921131167
2.11, -16.3150708346, -1.00735302097, 4.33525938809, -0.010542102911
2.12, -16.2718155585, -1.00744342807, 4.32131163142, -0.00749621810738
2.13, -16.2287003724, -1.00747820802, 4.30717078725, 0.00113101211361
2.14, -16.1857282287, -1.00745265053, 4.29272777925, 0.00307340653496
2.15, -16.1429011277, -1.00746915554, 4.27817916322, -0.00506283533553
2.16, -16.1002189847, -1.00756133405, 4.26370511812, -0.009783286328
2.17, -16.057683076, -1.00763609328, 4.2489915404, -0.00307382155324
2.18, -16.01529389, -1.00762764949, 4.23434529323, 0.00402890582738
2.19, -15.973050843, -1.0076087435, 4.21973290737, -0.000409787712001
2.2, -15.9309553486, -1.00767093145, 4.20488548218, -0.00911753894936
2.21, -15.8890078374, -1.00777101341, 4.19012150605, -0.00752992925768
2.22, -15.8472075577, -1.00780103681, 4.1754739968, 0.00191304301176
2.23, -15.805553547, -1.00776855754, 4.16063098254, 0.00349930123391
2.24, -15.7640491674, -1.00778618232, 4.14574059418, -0.00556937373644
2.25, -15.7226933445, -1.00788427595, 4.13092920354, -0.0102320681644
2.26, -15.6814852957, -1.0079582695, 4.11615166726, -0.00254311711101
2.27, -15.6404264561, -1.00794186304, 4.10114378206, 0.00483551784107
2.28, -15.5995172607, -1.00791931718, 4.08617608564, -0.00050457117721
2.29, -15.558759172, -1.00798665779, 4.07095440115, -0.00979745398709
2.3, -15.5181526147, -1.00809044842, 4.05590146412, -0.00748733498651
2.31, -15.4776963879, -1.00811465835, 4.04085743001, 0.00280719065391
2.32, -15.4373902605, -1.00808873133, 4.02580172179, 0.00352359524424
2.33, -15.3972359121, -1.00809603225, 4.01056680178, -0.00401437783367
2.34, -15.3572333354, -1.00818193976, 3.99545866503, -0.00965783742905
2.35, -15.3173814956, -1.00826106648, 3.98038877308, -0.00379780365196
2.36, -15.2776817398, -1.00825735113, 3.96509765362, 0.00397814934285
2.37, -15.2381343808, -1.00823226406, 3.94989706893, 0.000648924835829
2.38, -15.1987385817, -1.00828412246, 3.93478005035, -0.00836453692313
2.39, -15.1594935454, -1.0083835117, 3.91970589927, -0.00800048437933
2.4, -15.12040064, -1.00842027074, 3.90440307896, 0.00134287537774
2.41, -15.0814603817, -1.0083871723, 3.88910227672, 0.00414892693962
2.42, -15.0426742777, -1.00839407036, 3.8736672502, -0.00439944632467
2.43, -15.0040420999, -1.00848534664, 3.85827826698, -0.0101065411846
2.44, -14.9655651002, -1.0085640596, 3.84270118637, -0.00330230167611
2.45, -14.9272430802, -1.00855216234, 3.82720241861, 0.0048655833547
2.46, -14.889075812, -1.00852212764, 3.81177881407, 0.000703374901984
2.47, -14.8510622963, -1.00857804418, 3.79645523924, -0.00898717932862
2.48, -14.8132015873, -1.00868123672, 3.78120091238, -0.00800761558332
2.49, -14.7754931255, -1.00871260408, 3.76592850851, 0.00222555212416
2.5, -14.7379385623, -1.00868547685, 3.75047887903, 0.00428183911665
2.51, -14.7005398284, -1.0086808628, 3.7348137781, -0.00274836944232
2.52, -14.66329714, -1.00875981459, 3.71925237698, -0.00958920358346
2.53, -14.626209522, -1.00884462755, 3.70383071669, -0.00465536818226
2.54, -14.5892777344, -1.00884580331, 3.68808707204, 0.00403241866876
2.55, -14.5525025988, -1.00881242788, 3.67247334389, 0.00195850189245
2.56, -14.515883154, -1.00885227865, 3.6569105438, -0.00755111679798
2.57, -14.479420609, -1.0089517806, 3.64114269746, -0.00863003608594
2.58, -14.4431151361, -1.00899650102, 3.62548420781, 0.00073226901594
2.59, -14.4069657327, -1.00896164281, 3.60996368856, 0.00501969717633
2.6, -14.3709731453, -1.00895550802, 3.59411172804, -0.00305670334241
2.61, -14.3351381553, -1.0090399812, 3.57844971611, -0.010127535836
2.62, -14.2994591421, -1.00912557932, 3.56283997713, -0.00427209153435
2.63, -14.2639359464, -1.00911896475, 3.54729121658, 0.00494986771671
2.64, -14.2285695798, -1.00909376093, 3.5315493725, 0.00236328716588
2.65, -14.1933600856, -1.00912124307, 3.51588754542, -0.00597452457013
2.66, -14.1583067221, -1.00921053535, 3.50029041413, -0.00837361296667
2.67, -14.1234087468, -1.00926287791, 3.48479155406, -0.000630524662935
2.68, -14.0886671383, -1.00923934152, 3.46907798868, 0.00446838480668
2.69, -14.0540821577, -1.00922751383, 3.45342890662, -0.00167705758693
2.7, -14.0196530254, -1.00929670125, 3.43791917399, -0.00891566836493
2.71, -13.9853804541, -1.00938105894, 3.42214896519, -0.00507878697247
2.72, -13.9512648943, -1.00938767565, 3.40650514181, 0.00363305161042
2.73, -13.9173052913, -1.00935233621, 3.3909850723, 0.00267778989357
2.74, -13.8835035336, -1.00938185449, 3.37492001528, -0.0064969652258
2.75, -13.8498603387, -1.00947577612, 3.35927315451, -0.00859223438976
2.76, -13.8163752107, -1.0095250245, 3.34335696687, 7.66884597229e-05
2.77, -13.7830485934, -1.0094933457, 3.32751651963, 0.00516269457365
2.78, -13.7498798179, -1.00947964482, 3.31176462181, -0.001938702047
2.79, -13.7168680044, -1.0095542836, 3.29609187683, -0.00949084690022
2.8, -13.6840141619, -1.00964022132, 3.28025848084, -0.00479141332499
2.81, -13.6513182161, -1.00963967942, 3.26437347529, 0.00453105305271
2.82, -13.6187811456, -1.00959818643, 3.24851615663, 0.00289985371819
2.83, -13.5864033227, -1.00963077904, 3.23257068176, -0.00712067932625
2.84, -13.5541842613, -1.00972993628, 3.21673629423, -0.00882998183404
2.85, -13.5221248063, -1.00977582976, 3.20074291569, 0.000835660680195
2.86, -13.4902244665, -1.00974855461, 3.18484350263, 0.00470127703228
2.87, -13.458482925, -1.00972685268, 3.1689824944, -0.00042302009529
2.88, -13.4268993403, -1.00978729653, 3.15324563282, -0.00857117812004
2.89, -13.3954744459, -1.00987540573, 3.13732232374, -0.00588089490082
2.9, -13.3642062928, -1.00988849654, 3.12186065121, 0.00339027572139
2.91, -13.3330928312, -1.00984767979, 3.10616918896, 0.00380038073571
2.92, -13.3021369815, -1.00986485709, 3.09055737934, -0.00548029545472
2.93, -13.2713380011, -1.00995634359, 3.07475679432, -0.00901326894318
2.94, -13.2406971942, -1.0100135193, 3.05894966893, -0.000711140857228
2.95, -13.2102139167, -1.00998301211, 3.04323122366, 0.00572767677877
2.96, -13.1798872878, -1.00995764621, 3.02760868888, -0.000549167471585
2.97, -13.1497182404, -1.01002321222, 3.01175331794, -0.00920308210079
2.98, -13.1197070549, -1.01011399471, 2.99602485515, -0.0057075629753
2.99, -13.0898526889, -1.01012031728, 2.98038395392, 0.0043285294957
3.0, -13.0601543153, -1.01008632544, 2.96480117522, 0.00375109747144
3.01, -13.0306111901, -1.01009383982, 2.94931241565, -0.00395878572436
3.02, -13.001224245, -1.01017274994, 2.93365370755, -0.00834394638923
3.03, -12.9719934182, -1.01023399291, 2.91805081281, -0.00187906793592
3.04, -12.9429181022, -1.01021605801, 2.90250866731, 0.00481700308792
3.05, -12.9139995155, -1.01018906761, 2.88676621917, 0.000510258904004
3.06, -12.8852377699, -1.01023944948, 2.87111693052, -0.00773438099298
3.07, -12.8566320189, -1.01032491855, 2.8555266756, -0.0061075429952
3.08, -12.8281834695, -1.01034306366, 2.83973126366, 0.00288187496987
3.09, -12.7998923703, -1.01030245437, 2.82400263947, 0.00427816329464
3.1, -12.77175788, -1.01031038021, 2.80845605982, -0.00438637515106
3.11, -12.7437786428, -1.01039436448, 2.79287021142, -0.00871329920403
3.12, -12.715956353, -1.01045433198, 2.77712138684, -0.00132253400199
3.13, -12.6882910099, -1.01042842062, 2.76147472335, 0.00561513696941
3.14, -12.6607816762, -1.01039774294, 2.74588899569, 0.000440439646048
3.15, -12.6334294771, -1.01045273496, 2.73010587818, -0.00834351145456
3.16, -12.6062345128, -1.01054133208, 2.71442031118, -0.00602991605389
3.17, -12.5791959649, -1.01055371022, 2.69879785748, 0.00374453413581
3.18, -12.5523131662, -1.01050583716, 2.68323103551, 0.00470170386798
3.19, -12.5255872124, -1.01051509832, 2.66753542796, -0.00491376853916
3.2, -12.499017602, -1.01060488191, 2.65190835613, -0.00911824591594
3.21, -12.472603795, -1.01066339848, 2.63641499813, -0.000715778708607
3.22, -12.4463465942, -1.01063916875, 2.62057132947, 0.00419535625659
3.23, -12.4202469281, -1.01060487623, 2.60489280496, 0.00171961920431
3.24, -12.3943035404, -1.010644811, 2.58934940035, -0.00709076829803
3.25, -12.3685148369, -1.01073141799, 2.57374803553, -0.00676347227292
3.26, -12.3428836486, -1.01075695025, 2.55802181156, 0.0023726894593
3.27, -12.3174093096, -1.01071393593, 2.54236997424, 0.00515380736624
3.28, -12.2920909513, -1.01070972167, 2.52681289075, -0.00319114231826
3.29, -12.2669295252, -1.01078825451, 2.51102228107, -0.00882007297664
3.3, -12.2419253408, -1.01085488506, 2.49534620068, -0.00218488237475
3.31, -12.217077634, -1.01083282345, 2.47964827039, 0.00582935359838
3.32, -12.1923879552, -1.01079272258, 2.46382813099, 0.00178278938334
3.33, -12.1678559059, -1.01083670163, 2.44814983186, -0.00771806304017
3.34, -12.1434803196, -1.01092724757, 2.43248337091, -0.00678961251931
3.35, -12.1192607247, -1.01094755579, 2.41692499058, 0.0032432319114
3.36, -12.0951981102, -1.0108964344, 2.40114264385, 0.00570402102165
3.37, -12.0712927231, -1.01089252971, 2.3854566355, -0.00366616101294
3.38, -12.0475435737, -1.01096543464, 2.36993260762, -0.00769129450641
3.39, -12.0239512401, -1.01103516682, 2.35409933649, -0.00330992268813
3.4, -12.0005164626, -1.01102527928, 2.33839153871, 0.00496146262963
3.41, -11.9772401998, -1.01098308764, 2.32242589422, 0.00289128126606
3.42, -11.9541228205, -1.0110113969, 2.30662216901, -0.00620304899691
3.43, -11.9311628528, -1.01109627178, 2.29093041378, -0.00716436435926
3.44, -11.9083602793, -1.01112832794, 2.27504433191, 0.00179261805631
3.45, -11.8857169347, -1.01108471895, 2.25916646898, 0.00582334332731
3.46, -11.8632318709, -1.01106914202, 2.24337899182, -0.00193020444535
3.47, -11.8409041065, -1.01114004224, 2.22770411157, -0.00863972797415
3.48, -11.8187325369, -1.01121139482, 2.21217229185, -0.00298776700167
3.49, -11.7967169745, -1.01119451062, 2.19632118656, 0.0057935805371
3.5, -11.7748599933, -1.01114717237, 2.18056738797, 0.0030051764636
3.51, -11.7531619896, -1.01117928451, 2.16456325991, -0.00685578953412
3.52, -11.7316232367, -1.01126908509, 2.1487175406, -0.00733371158163
3.53, -11.7102424204, -1.01129714804, 2.13301504836, 0.00258741012682
3.54, -11.6890194715, -1.01125826287, 2.11711487962, 0.00527854475524
3.55, -11.667953579, -1.01123567212, 2.1016183838, -0.000498333780841
3.56, -11.6470457774, -1.01129252909, 2.08546302512, -0.00767378438854
3.57, -11.6262988814, -1.01136516874, 2.06945164445, -0.00398316278983
3.58, -11.6057116611, -1.01136156018, 2.0535000065, 0.00462449057126
3.59, -11.5852851798, -1.01131578394, 2.03739159899, 0.00379154626426
3.6, -11.5650172926, -1.01133318439, 2.02174336961, -0.00522784392773
3.61, -11.5449075757, -1.011414647, 2.00574608539, -0.00740368786602
3.62, -11.5249569212, -1.01145306906, 1.98990486429, 0.00108511968887
3.63, -11.5051641674, -1.01141137541, 1.97418097318, 0.00619967502956
3.64, -11.4855283326, -1.01138624363, 1.95845224441, -0.00070817106738
3.65, -11.4660508918, -1.01144817324, 1.94254205062, -0.00822704787207
3.66, -11.4467337276, -1.01152235483, 1.92647935672, -0.00370234689878
3.67, -11.4275766925, -1.01151163355, 1.91048108231, 0.00552498792947
3.68, -11.4085791062, -1.01145954744, 1.89455640376, 0.00403868436691
3.69, -11.3897401298, -1.01147980493, 1.87875879049, -0.00583670253874
3.7, -11.3710586082, -1.01156645509, 1.86303967613, -0.00764245273446
3.71, -11.3525355299, -1.01160154505, 1.8471607401, 0.00184245832581
3.72, -11.3341702133, -1.01156143759, 1.83134419973, 0.00466806660621
3.73, -11.3159648311, -1.01153453725, 1.81528736518, 0.000384347056051
3.74, -11.2979193819, -1.01158198821, 1.79934287509, -0.00690338428054
3.75, -11.2800328186, -1.01165239127, 1.78350613684, -0.00422138872164
3.76, -11.2623041596, -1.01165361182, 1.76774463461, 0.00415735090196
3.77, -11.2447325654, -1.01160775464, 1.75209401854, 0.00427702443838
3.78, -11.2273169877, -1.01161618248, 1.73651494569, -0.00418432499538
3.79, -11.2100585774, -1.01169065716, 1.72066702394, -0.00714292190006
3.8, -11.1929597497, -1.01173188334, 1.70464904539, 0.000505669413659
3.81, -11.1760204711, -1.01169422596, 1.6887833865, 0.0061462931852
3.82, -11.1592395216, -1.01166352943, 1.67293876976, 0.000268909994411
3.83, -11.1426162428, -1.01171540744, 1.65727988247, -0.00743789524706
3.84, -11.1261504336, -1.01178784411, 1.64138137651, -0.00403178614459
3.85, -11.1098435764, -1.01178277048, 1.62550610978, 0.00501050659381
3.86, -11.093694846, -1.01173033633, 1.60977296807, 0.00460544663075
3.87, -11.0777029759, -1.01174068792, 1.59413401216, -0.00471919038494
3.88, -11.0618670106, -1.01182031667, 1.57855197395, -0.00743896102395
3.89, -11.0461882746, -1.01185910854, 1.56268507684, 0.00117303931099
3.9, -11.0306692791, -1.01181324659, 1.54666557515, 0.00688146559226
3.91, -11.0153099471, -1.01178018582, 1.53070964743, 4.63581123921e-05
3.92, -11.0001113974, -1.01183752263, 1.514557004, -0.00805013946875
3.93, -10.985073652, -1.01191213345, 1.49856761319, -0.00380677759356
3.94, -10.9701972939, -1.01190017389, 1.48230279719, 0.00591817243894
3.95, -10.9554829002, -1.0118411364, 1.46610854907, 0.00488799767084
3.96, -10.9409298957, -1.011854212, 1.44995192471, -0.00534119784162
3.97, -10.9265394413, -1.01192572427, 1.43368696385, -0.00695454322353
3.98, -10.9123110528, -1.01197083984, 1.4175367536, -9.426258952e-05
3.99, -10.8982435731, -1.01193584246, 1.40153949243, 0.00633442689629
4.0, -10.8843374074, -1.01189728707, 1.38525965747, 0.00140460913565
4.01, -10.8705933381, -1.01193918964, 1.36910058633, -0.00678515210168
4.02, -10.8570102703, -1.0120117336, 1.35305503756, -0.00452366028687
4.03, -10.8435872653, -1.0120124753, 1.33701955575, 0.00461234209031
4.04, -10.8303256726, -1.01195760725, 1.320861189, 0.00539975958889
4.05, -10.8172250853, -1.01195689313, 1.30482109613, -0.00361253072043
4.06, -10.8042843186, -1.01203097584, 1.28891009033, -0.00745078885269
4.07, -10.7915034363, -1.01207498067, 1.27277372536, 0.000456998640687
4.08, -10.7788837759, -1.01203234701, 1.25671400458, 0.00707093858704
4.09, -10.7664244063, -1.01199090454, 1.24062743633, 0.00125369732846
4.1, -10.7541268334, -1.01203795451, 1.22443451757, -0.00741724350021
4.11, -10.7419906004, -1.01211346795, 1.20835493858, -0.00440844414412
4.12, -10.7300145689, -1.01210816289, 1.19242834525, 0.00548179443484
4.13, -10.7181986946, -1.01204632686, 1.1762479479, 0.00576778472
4.14, -10.7065443965, -1.01204754927, 1.16015520214, -0.00418842644829
4.15, -10.6950504227, -1.01212749482, 1.14421357928, -0.00782535853781
4.16, -10.6837153999, -1.01216952419, 1.12837269163, 0.00111788925101
4.17, -10.6725402313, -1.01212839769, 1.11224831249, 0.00563161318862
4.18, -10.6615255208, -1.01208387057, 1.09624197478, 0.0024680429206
4.19, -10.6506702905, -1.01211621967, 1.08034371427, -0.00616389294397
4.2, -10.6399735637, -1.01218932209, 1.064490938, -0.00507838867222
4.21, -10.6294365622, -1.01219670143, 1.04846159697, 0.0041291726092
4.22, -10.619059221, -1.01213995223, 1.03258439294, 0.00616924376719
4.23, -10.6088422133, -1.01212819874, 1.01636203601, -0.00249912032221
4.24, -10.5987883348, -1.01219677709, 0.999984861288, -0.00748106812759
4.25, -10.588897641, -1.0122463684, 0.98368265076, -0.000306065190808
4.26, -10.5791692948, -1.01220734524, 0.967496709514, 0.0072377272604
4.27, -10.5696040837, -1.01215746804, 0.951113549202, 0.00248445279679
4.28, -10.560201994, -1.01219402158, 0.934854087078, -0.00677593852804
4.29, -10.5509619286, -1.01227061442, 0.918692418251, -0.00504666347861
4.3, -10.5418828899, -1.01227235707, 0.902622893391, 0.00501462555196
4.31, -10.5329657814, -1.01220775872, 0.886397900726, 0.00666680104449
4.32, -10.524209851, -1.01219682278, 0.870279040214, -0.00300672281548
4.33, -10.5156149778, -1.01225965745, 0.854200545617, -0.00630358623195
4.34, -10.5071821294, -1.01231165964, 0.837929023277, -0.0013642849166
4.35, -10.4989113259, -1.01228457952, 0.821788919758, 0.00634929422892
4.36, -10.4908014079, -1.01223314277, 0.805744100509, 0.00352926058007
4.37, -10.4828513879, -1.01225439145, 0.789766640792, -0.0052627500486
4.38, -10.475062377, -1.01232489914, 0.773586163836, -0.00535495890217
4.39, -10.4674344464, -1.01233782205, 0.757568285456, 0.00359697742353
4.4, -10.4599663219, -1.01228090561, 0.741574088172, 0.00673232789073
4.41, -10.4526593027, -1.0122588867, 0.725398977127, -0.00131410138435
4.42, -10.4455133817, -1.01231968323, 0.709330341385, -0.00721023031836
4.43, -10.4385275106, -1.0123726954, 0.693417901576, -0.000982982294977
4.44, -10.4317021203, -1.01233844555, 0.677223046248, 0.00715785286522
4.45, -10.4250380856, -1.01228244135, 0.661115011113, 0.00357590834236
4.46, -10.4185344622, -1.01230779795, 0.64514728111, -0.00590284595451
4.47, -10.4121900223, -1.01238263337, 0.6292430554, -0.0054419205462
4.48, -10.4060059135, -1.01239100723, 0.613124058125, 0.00440704596857
4.49, -10.399982297, -1.0123262789, 0.597150757657, 0.00728123407533
4.5, -10.394117886, -1.01230440203, 0.581308997195, -0.00176770063262
4.51, -10.3884114759, -1.01237129474, 0.565412730688, -0.00772523981749
4.52, -10.3828642692, -1.01242426424, 0.549595210487, -0.000500378852114
4.53, -10.3774729554, -1.01238643151, 0.534213186157, 0.00342495669889
4.54, -10.3722331884, -1.01233359694, 0.519271885636, 0.00445402596024
4.55, -10.3671407485, -1.01234470507, 0.504740725769, -0.00443473731964
4.56, -10.362191504, -1.01241331599, 0.490618177744, -0.00570716996514
4.57, -10.3573814495, -1.01243269701, 0.476892906218, 0.00296700387681
4.58, -10.3527066973, -1.01237650582, 0.463549708468, 0.00722468157228
4.59, -10.3481634647, -1.01234469601, 0.45057717128, -0.000156712943796
4.6, -10.3437480674, -1.01239791463, 0.437968123264, -0.00695981647827
4.61, -10.3394569284, -1.01245477982, 0.425714794323, -0.00171969539864
4.62, -10.3352865747, -1.01242596306, 0.413804445519, 0.00701962171129
4.63, -10.3312336339, -1.01236428474, 0.402224133958, 0.00463842041367
4.64, -10.327294818, -1.01237865286, 0.390966636296, -0.00504529968625
4.65, -10.323466931, -1.01245204963, 0.380026418227, -0.00588108271918
4.66, -10.3197468702, -1.01246768, 0.369394570724, 0.00373255409462
4.67, -10.3161316259, -1.0124034523, 0.359057932276, 0.00784780122036
4.68, -10.3126182676, -1.01237097484, 0.349007733792, -0.000549572452729
4.69, -10.3092039396, -1.0124304866, 0.339239491059, -0.00756032886795
4.7, -10.3058858703, -1.0124885734, 0.329747813897, -0.00136379468761
4.71, -10.3026613776, -1.01245689697, 0.320514534638, 0.00325119281491
4.72, -10.2995278284, -1.01239792769, 0.311550624072, 0.00559874465084
4.73, -10.2964826968, -1.01239761297, 0.302829202985, -0.00358942506929
4.74, -10.2935234988, -1.01246575098, 0.294353620816, -0.00629533145547
4.75, -10.2906478302, -1.0124938125, 0.286117769897, 0.00218844426698
4.76, -10.2878533599, -1.01243830522, 0.278110801684, 0.00783914144759
4.77, -10.2851378196, -1.01239521967, 0.270324916926, 0.00111175829036
4.78, -10.2824989959, -1.01244134189, 0.262757082346, -0.0068944868453
4.79, -10.2799347408, -1.01250479154, 0.255404052664, -0.00273762840924
4.8, -10.2774429706, -1.01248298868, 0.248257494343, 0.00685665517558
4.81, -10.2750216645, -1.01241459036, 0.241307686832, 0.0058619305561
4.82, -10.2726688483, -1.01241722486, 0.234550745122, -0.00423277117809
4.83, -10.2703826018, -1.01249125803, 0.227984980277, -0.00662501000624
4.84, -10.2681610626, -1.01251688277, 0.221605692647, 0.00287179415884
4.85, -10.2660024268, -1.01246348914, 0.215402891273, 0.00626854226044
4.86, -10.2639049363, -1.01241875777, 0.209371304365, 0.00219615921172
4.87, -10.2618668767, -1.01245086007, 0.203508259302, -0.0056517788613
4.88, -10.2598865832, -1.01251166045, 0.197811857493, -0.00337886845796
4.89, -10.2579624412, -1.01250278464, 0.192276010115, 0.00542212337649
4.9, -10.2560928862, -1.0124409228, 0.186892428224, 0.00608906342956
4.91, -10.2542763897, -1.01243202209, 0.181657672218, -0.00263732516831
4.92, -10.2525114629, -1.01249489701, 0.176570931963, -0.00625412434042
4.93, -10.2507966628, -1.01252790654, 0.171629222693, 0.00143025399339
4.94, -10.2491305916, -1.01247753593, 0.166824658223, 0.00773065923026
4.95, -10.2475118824, -1.01242934124, 0.162157286422, 0.00202680501174
4.96, -10.245938992, -1.01246678554, 0.157650524432, -0.00630371593736
4.97, -10.2444103283, -1.01253087743, 0.153311045213, -0.00330734764989
4.98, -10.2429239818, -1.01251657638, 0.14919616243, 0.00621732176754
4.99, -10.2414770417, -1.01244855883, 0.145425535935, 0.00637820611157
5.0, -10.2400657102, -1.01244223623, 0.142054656577, -0.00326379211669
5.01, -10.2386868327, -1.01251147502, 0.138937704192, -0.00668410445802
5.02, -10.2373362729, -1.01254331773, 0.136363716412, 0.00199171502548
5.03, -10.2360087407, -1.01248544756, 0.134307045698, 0.00842294857543
5.04, -10.2347004434, -1.01243530665, 0.132519340127, 0.00175086309004
5.05, -10.2334085757, -1.01247919515, 0.131030862922, -0.0070482190053
5.06, -10.2321290859, -1.01254699598, 0.12997714666, -0.00323238436206
5.07, -10.2308601003, -1.01252698546, 0.128946889448, 0.00704428037277
5.08, -10.2295988602, -1.01246707589, 0.128391392891, 0.00687263275599
5.09, -10.228341793, -1.01244789192, 0.128239116605, -0.00171700116041
5.1, -10.22708418, -1.01250872371, 0.128374058636, -0.00671187911379
5.11, -10.2258243122, -1.01255121476, 0.128697180849, 0.000372317232434
5.12, -10.2245606912, -1.01250580252, 0.129146498073, 0.00788188692635
5.13, -10.2232907523, -1.01244926314, 0.129925542586, 0.00319669816718
5.14, -10.2220126158, -1.01247849963, 0.130788731557, -0.00602447718835
5.15, -10.2207249428, -1.01254803912, 0.1318164427, -0.00437305777617
5.16, -10.2194264658, -1.01254370879, 0.132943674556, 0.00559949353793
5.17, -10.2181166029, -1.01247331805, 0.134096054578, 0.00727979718056
5.18, -10.2167952122, -1.01245589287, 0.135213404249, -0.00231387286637
5.19, -10.2154644395, -1.01252371084, 0.135973648946, -0.00726828308482
5.2, -10.2141278136, -1.01256633404, 0.136439404712, 0.000833570129931
5.21, -10.2127897282, -1.01251822816, 0.136247268554, 0.00393498215246
5.22, -10.2114558112, -1.01246687979, 0.135594560995, 0.00388173802146
5.23, -10.2101318492, -1.0124831878, 0.134316742899, -0.00463251468679
5.24, -10.2088221272, -1.01254676937, 0.132742445854, -0.00465304654762
5.25, -10.2075296351, -1.01255400847, 0.13091588899, 0.00404607662153
5.26, -10.2062587996, -1.01249389983, 0.128411099738, 0.00701147915757
5.27, -10.2050142719, -1.01246832977, 0.125682270759, -0.000835683266831
5.28, -10.2038004487, -1.01252292858, 0.122282278291, -0.00649752373259
5.29, -10.2026207269, -1.01256934872, 0.118859478567, -0.000412206784636
5.3, -10.2014747496, -1.01253119077, 0.115531517134, 0.00743418391298
5.31, -10.2003615956, -1.01247271577, 0.112293310806, 0.00387863701713
5.32, -10.1992803427, -1.01249351565, 0.109145088809, -0.00530336325299
5.33, -10.1982300948, -1.01256176573, 0.106087565095, -0.00478578792501
5.34, -10.1972099847, -1.01256516198, 0.103117517059, 0.00476422076578
5.35, -10.1962191761, -1.01249822217, 0.100228104508, 0.00746416560159
6.76, -10.1539390857, -1.0125072952, 0.101044714141, 0.00176777530802
6.77, -10.1529223455, -1.01254769114, 0.107236840636, -0.00650681127024
6.78, -10.1518431841, -1.01261117775, 0.113546462101, -0.00301313149828
6.79, -10.1506992525, -1.0125928833, 0.12012607033, 0.0066060268892
6.8, -10.1494899285, -1.01252352829, 0.126734249699, 0.006274341114
6.81, -10.1482133181, -1.01252038585, 0.133522886049, -0.00364798729878
6.82, -10.1468683413, -1.01259181639, 0.140448090327, -0.00667984549584
6.83, -10.1454525224, -1.01262103841, 0.147617443864, 0.00240306272736
6.84, -10.1439646727, -1.01256007146, 0.154883705095, 0.00855712785588
6.85, -10.1424023611, -1.01251176693, 0.162501146745, 0.00135891249563
6.86, -10.1407622029, -1.01255975725, 0.170408930938, -0.007343421195
6.87, -10.1390427266, -1.01261384509, 0.178380281918, -0.00356025563557
6.88, -10.1372416714, -1.0126084286, 0.186688907869, 0.00508797279806
6.89, -10.1353574327, -1.01254733275, 0.195002884442, 0.00628642493982
6.9, -10.133389783, -1.01253434145, 0.203366818308, -0.00215027667968
6.91, -10.1313365058, -1.01259460218, 0.212119546754, -0.006247800655
6.92, -10.1291956707, -1.01263080642, 0.220932632202, 0.000945611621427
6.93, -10.1269649103, -1.01258438528, 0.230098373739, 0.00754308494187
6.94, -10.1246409448, -1.01253471901, 0.239528042257, 0.00241561442204
6.95, -10.1222226264, -1.01256839618, 0.24895801823, -0.00605664364399
6.96, -10.1197081059, -1.01263371966, 0.258750022526, -0.00371379066692
6.97, -10.1170957552, -1.01262492612, 0.268548334416, 0.00570375848237
6.98, -10.1143853388, -1.01255902172, 0.278365083887, 0.00647558288322
6.99, -10.1115766488, -1.01254949301, 0.288201367972, -0.00287145397106
7.0, -10.1086689247, -1.01261738603, 0.298235464563, -0.00683418127607
7.01, -10.1056596122, -1.01265412658, 0.308472474893, 0.00133780524641
7.02, -10.102546268, -1.01260156433, 0.318981399728, 0.00813091139155
7.03, -10.0993259006, -1.01255070668, 0.329890644625, 0.00207489954643
7.04, -10.0959966078, -1.01259164265, 0.340790372419, -0.00690830937714
7.05, -10.0925582645, -1.0126620688, 0.351710236788, -0.00379713568395
7.06, -10.089008882, -1.01264899087, 0.362976246168, 0.00641236953304
7.07, -10.085345217, -1.01257779413, 0.374532868843, 0.00666397935225
7.08, -10.0815660091, -1.01257222548, 0.386143960001, -0.00366595132893
7.09, -10.077668968, -1.01263420397, 0.398046672421, -0.0066403445944
7.1, -10.0736530078, -1.0126806448, 0.409939553347, -0.000261053529892
7.11, -10.0695180908, -1.0126414203, 0.42188523017, 0.00742390069295
7.12, -10.0652622405, -1.01258593207, 0.434012282375, 0.00337262087894
7.13, -10.0608852041, -1.01261273453, 0.446167502615, -0.00585663945991
7.14, -10.0563865341, -1.01268421726, 0.458369078414, -0.00487700906256
7.15, -10.0517642626, -1.01268710072, 0.470829849008, 0.00484903754333
7.16, -10.0470174105, -1.01262155386, 0.483352499296, 0.00710031022387
7.17, -10.0421437856, -1.01260304563, 0.496086181758, -0.00206930074535
7.18, -10.0371428384, -1.01267035849, 0.508837416555, -0.00747805631516
7.19, -10.0320144859, -1.01271894619, 0.521611101585, 1.04146157256e-05
7.2, -10.0267566884, -1.01267393997, 0.534639681905, 0.00804548700165
