timestamp, prius0 x posi, prius0 y posi, prius0 x vel, prius0 y vel.
0.0, 0.0, 0.0, 0.0, 0.0
0.00999999999999, 24.9964587299, 0.999957376744, -0.214769717841, 0.00219525600934
0.02, 24.9938592377, 0.999995789147, -0.284360259999, 0.00320727969121
0.03, 24.9905695781, 1.0000143085, -0.352787213323, -0.000772073569233
0.04, 24.9866076686, 0.999994464227, -0.420234482705, -0.00332308064248
0.05, 24.9819801705, 0.999982391088, -0.486977648577, 7.16998394414e-05
0.06, 24.976690342, 1.00001408003, -0.553317265302, 0.00392179282304
0.07, 24.9707427961, 1.00005323926, -0.619471066167, 0.00183364344081
0.08, 24.9641393367, 1.00005190349, -0.685466463027, -0.00257402414464
0.09, 24.9568819998, 1.00003203616, -0.751223903252, -0.00159101398443
0.1, 24.9489739978, 1.00005113658, -0.81659346052, 0.00367116954613
0.11, 24.9404201525, 1.00010677282, -0.881404683736, 0.00490586292978
0.12, 24.9310819446, 1.00015907639, -0.970636543675, 0.00513462617983
0.13, 24.9208802513, 1.00022582638, -1.05857579364, 0.00575706034355
0.14, 24.9098039836, 1.00026174579, -1.1468450999, -0.000135508972014
0.15, 24.8978523873, 1.00024158566, -1.23509858575, -0.00363603078824
0.16, 24.8850266633, 1.00023754247, -1.32239937096, 0.0019924995247
0.17, 24.8713342159, 1.0003031626, -1.40856916791, 0.00803804687778
0.18, 24.8567853926, 1.00038041074, -1.49368031707, 0.00480979649952
0.19, 24.8413908071, 1.00039642246, -1.57773775231, -0.00171203943989
0.2, 24.8251609782, 1.00038808432, -1.66075185043, 0.000231618381768
0.21, 24.8081061614, 1.00044183168, -1.74275139026, 0.0082220247524
0.22, 24.7902364201, 1.00054710343, -1.82374770218, 0.00937841930202
0.23, 24.771561801, 1.00060958115, -1.90373867695, 0.0017930341807
0.24, 24.7520923144, 1.000605832, -1.9827332913, -0.00196293677585
0.25, 24.7318377536, 1.0006228324, -2.0607569608, 0.00443615382392
0.26, 24.7108076787, 1.00071396267, -2.13783222865, 0.0104364287536
0.27, 24.6890115958, 1.00080985238, -2.21395882226, 0.00612550721087
0.28, 24.6664606118, 1.00083447312, -2.28907182175, -0.00107040766129
0.29, 24.643167184, 1.0008352801, -2.36327060985, 0.0015030561478
0.3, 24.619142356, 1.00090597479, -2.43656912216, 0.0101206007465
0.31, 24.5943956926, 1.00102797062, -2.50903001588, 0.0107487077729
0.32, 24.5689358432, 1.0010998311, -2.5806035285, 0.00256179221746
0.33, 24.5427716272, 1.0011057454, -2.65128518231, -0.000581738104029
0.34, 24.5159117346, 1.00114225815, -2.72110003226, 0.00683678490803
0.35, 24.4883646249, 1.00125741595, -2.79006784129, 0.0126547066437
0.36, 24.4601389294, 1.00136916343, -2.85790288801, 0.00719391937189
0.37, 24.4312473631, 1.00140113427, -2.92368054661, -0.000384394265254
0.38, 24.4017078448, 1.00141235952, -2.987608535, 0.00293167338047
0.39, 24.371538344, 1.00150060735, -3.04975643878, 0.0120220747422
0.4, 24.340756376, 1.00163852888, -3.110166704, 0.0119744244876
0.41, 24.3093791499, 1.00171719956, -3.16887084606, 0.00293235243764
0.42, 24.2774235176, 1.00172759437, -3.22590972724, 0.000156606051383
0.43, 24.244905786, 1.00177744459, -3.28134039195, 0.00863577608256
0.44, 24.2118417344, 1.00191210614, -3.33521279741, 0.0145054899317
0.45, 24.1782468294, 1.00203689865, -3.38755190143, 0.00801421504471
0.46, 24.1441362907, 1.00207343786, -3.4383866418, -2.06960458149e-05
0.47, 24.1095249444, 1.00209171039, -3.48775847217, 0.0040436268785
0.48, 24.0744271061, 1.0021952749, -3.53571982169, 0.0137515353249
0.49, 24.0388567379, 1.00234783986, -3.5823019366, 0.0130545297393
0.5, 24.0028274925, 1.00243157852, -3.6275361462, 0.00308029040592
0.51, 23.9663527808, 1.0024437277, -3.67144250895, 0.000571961040791
0.52, 23.9294456607, 1.00250305823, -3.71405876821, 0.0100006823805
0.53, 23.8921188814, 1.00265242133, -3.75541163304, 0.0158565030596
0.54, 23.8543851287, 1.0027852914, -3.7954991445, 0.00834915074251
0.55, 23.8162570367, 1.00282192056, -3.83433686998, -6.09768169384e-05
0.56, 23.777746993, 1.00284385435, -3.87193378079, 0.00486107297286
0.57, 23.7388673025, 1.00295981533, -3.90830803039, 0.0151675520398
0.58, 23.6996301638, 1.00310840275, -3.94346916596, 0.0136425568346
0.59, 23.6600476148, 1.00320772952, -3.97744479954, 0.00512058596754
0.6, 23.6201313269, 1.0032356946, -4.01027378927, 0.00142338627918
0.61, 23.5798924408, 1.00329207898, -4.04201310105, 0.00896726127389
0.62, 23.5393415375, 1.00343153177, -4.07271610429, 0.0153460835051
0.63, 23.4984888363, 1.0035706976, -4.1024120211, 0.00987737460067
0.64, 23.45734428, 1.00362560304, -4.1311310476, 0.00156595164374
0.65, 23.4159174285, 1.00365277947, -4.1589128582, 0.00438498511329
0.66, 23.3742173479, 1.00375684464, -4.18580830922, 0.0138351964086
0.67, 23.3322527437, 1.00391549724, -4.21184624346, 0.014195574539
0.68, 23.2900321252, 1.0040144803, -4.23704462292, 0.00470240099219
0.69, 23.2475637759, 1.00403787118, -4.26142939992, 0.00114892491611
0.7, 23.2048555872, 1.00409669754, -4.28504174091, 0.009640871892
0.71, 23.1619150619, 1.00424467288, -4.307918489, 0.0161386162974
0.72, 23.1187495033, 1.00438674015, -4.33007276136, 0.00969343181721
0.73, 23.0753660833, 1.00443596085, -4.35152126808, 0.000881967385697
0.74, 23.0317717111, 1.00445983051, -4.3722918472, 0.00448564900274
0.75, 22.9879729126, 1.00456972422, -4.39242499718, 0.0146671503851
0.76, 22.943975966, 1.0047344756, -4.41193845425, 0.0144386886783
0.77, 22.8997870536, 1.00482995889, -4.43084106681, 0.0039618396497
0.78, 22.8554122163, 1.00485936077, -4.4491518009, 0.00185166120143
0.79, 22.8108571711, 1.00491226163, -4.46689976104, 0.00827727469053
0.8, 22.7661273786, 1.00504637543, -4.48411412439, 0.0151675991291
0.81, 22.7212281382, 1.00518973153, -4.50080419393, 0.0107126710288
0.82, 22.6761646746, 1.00525281204, -4.51697933336, 0.00213489519362
0.83, 22.6309420445, 1.00527897819, -4.53265787828, 0.00375112641457
0.84, 22.5855650174, 1.00537412289, -4.54787053028, 0.0129953610271
0.85, 22.540038164, 1.0055298481, -4.56263269334, 0.0144422186421
0.86, 22.4943659937, 1.00563534703, -4.5769485583, 0.00546605315712
0.87, 22.448552939, 1.00566173296, -4.59082848076, 0.000918617498434
0.88, 22.4026032127, 1.00571218591, -4.60429596082, 0.0084962415406
0.89, 22.3565207863, 1.00585101123, -4.61737482341, 0.015644691742
0.9, 22.3103095416, 1.00599476402, -4.63006862893, 0.0103047671146
0.91, 22.2639733372, 1.00604965868, -4.6423819801, 0.00115776135147
0.92, 22.2175159078, 1.00606907328, -4.65432837553, 0.00347866095468
0.93, 22.1709407474, 1.00616661919, -4.66593412567, 0.0135305298452
0.94, 22.1242512047, 1.00632629391, -4.67720926274, 0.0145255034541
0.95, 22.0774506145, 1.00642684094, -4.68815383808, 0.00456161410543
0.96, 22.0305422736, 1.0064435977, -4.69877396731, 0.000133279613681
0.97, 21.9835292951, 1.00649182263, -4.70908954514, 0.00874815337449
0.98, 21.9364145906, 1.00662749991, -4.7189624203, 0.0127621148906
0.99, 21.8892010519, 1.00676744278, -4.72886369291, 0.0109719501419
1.0, 21.8418915286, 1.00683342639, -4.73832598051, 0.00220681065022
1.01, 21.794488808, 1.00685385297, -4.74751412714, 0.00265221912112
1.02, 21.746995496, 1.00693547431, -4.75644801011, 0.0116934915583
1.03, 21.6994140734, 1.00708380806, -4.76513753387, 0.0142558512235
1.04, 21.6517470141, 1.00719184426, -4.77358142316, 0.0058570459835
1.05, 21.6039967833, 1.00721777411, -4.78178239175, 0.000354699423118
1.06, 21.5561657211, 1.00725653728, -4.78975391227, 0.00701285552333
1.07, 21.5082560045, 1.00738281422, -4.797512975, 0.014810472108
1.08, 21.4602697686, 1.00752506453, -4.80505985453, 0.0106161961157
1.09, 21.4122091699, 1.00758294496, -4.8123935869, 0.00118261893025
1.1, 21.3640763139, 1.00759548651, -4.819519851, 0.00222621474742
1.11, 21.3158731467, 1.00767814126, -4.82645656448, 0.0121294304002
1.12, 21.2676015186, 1.00783015258, -4.8332108781, 0.0143622986394
1.13, 21.2192632975, 1.00793354778, -4.83977952663, 0.00496088535788
1.14, 21.17086036, 1.00794923169, -4.84616302854, -0.000552733745937
1.15, 21.1223944735, 1.00798425103, -4.85237312787, 0.00711584657576
1.16, 21.0738672654, 1.00811462556, -4.85842472823, 0.0152590457868
1.17, 21.0252803454, 1.00825693514, -4.86431602064, 0.0101473200869
1.18, 20.9766353609, 1.00830546207, -4.87004446031, 4.42354799885e-05
1.19, 20.9279339154, 1.00832380435, -4.87561537358, 0.00153735263477
1.2, 20.8791774824, 1.00839141203, -4.88104105401, 0.0103247002434
1.21, 20.830367466, 1.00853163889, -4.88632946655, 0.0139988317818
1.22, 20.7815052777, 1.00864161771, -4.89147756868, 0.00619519604163
1.23, 20.7325923497, 1.00866659541, -4.89648415498, -0.000264604273175
1.24, 20.6836300427, 1.00869298975, -4.90135666472, 0.00544752990537
1.25, 20.6346195995, 1.00880582821, -4.90610830601, 0.0138848846487
1.26, 20.5855622394, 1.00894578362, -4.9107389174, 0.0108595261786
1.27, 20.5364592182, 1.00900611353, -4.91524521994, 0.00115907461277
1.28, 20.4873117782, 1.00901125608, -4.91962845398, 0.000910848710408
1.29, 20.438121052, 1.00907827372, -4.92390119634, 0.0106449991524
1.3, 20.3888881011, 1.00922183726, -4.92806979757, 0.0141285027905
1.31, 20.3396140121, 1.00932756156, -4.9321303513, 0.0053204862493
1.32, 20.2902999002, 1.00934183873, -4.93608056032, -0.0012751164506
1.33, 20.2409468158, 1.00936316872, -4.93992698958, 0.00542238919423
1.34, 20.1915557037, 1.0094794776, -4.94368177869, 0.0143351712075
1.35, 20.1421274994, 1.00962009037, -4.94734368812, 0.0104720398112
1.36, 20.0926631823, 1.00967145971, -4.95090874797, 4.32915302538e-06
1.37, 20.0431637186, 1.00968152009, -4.95437840119, 9.83650210436e-05
1.38, 19.9936299833, 1.00973252099, -4.95776112046, 0.00879014313793
1.39, 19.9440627973, 1.00986459915, -4.96106424595, 0.0138486734261
1.4, 19.8944629936, 1.00997777513, -4.96428475692, 0.00661286759359
1.41, 19.8448314385, 1.01000115037, -4.96741950716, -0.00107030277612
1.42, 19.7951689596, 1.01001275193, -4.97047189013, 0.00365178911007
1.43, 19.7454762932, 1.01011122737, -4.97345282579, 0.0129995267071
1.44, 19.6957541575, 1.01025041039, -4.97636292691, 0.0112914593654
1.45, 19.6460033098, 1.01031412034, -4.97919822233, 0.00110864101665
1.46, 19.5962245147, 1.01031019149, -4.98195715057, -0.000647355113018
1.47, 19.5464184588, 1.01035970127, -4.98464854714, 0.00907235565973
1.48, 19.4965857699, 1.01049559889, -4.98727889036, 0.0140844050792
1.49, 19.4467270997, 1.01060559072, -4.98984485529, 0.00581212854098
1.5, 19.3968431366, 1.01062846032, -4.99234324509, 0.000120732894642
1.51, 19.3469345214, 1.01063367317, -4.99477622037, 0.00208109285746
1.52, 19.2970018396, 1.01071449453, -4.99715266186, 0.0115272532378
1.53, 19.2470456466, 1.01085002006, -4.99947481324, 0.0118886928025
1.54, 19.1970665304, 1.01092538127, -5.00173912194, 0.00229936856133
1.55, 19.1470650958, 1.01092392944, -5.00394286167, -0.00137728243689
1.56, 19.0970418916, 1.01095716242, -5.00609197345, 0.00708929837141
1.57, 19.0469974082, 1.01107975168, -5.00819361714, 0.0136267679733
1.58, 18.9969321504, 1.0111965311, -5.01024582507, 0.00714925808011
1.59, 18.9468466575, 1.01121960092, -5.01224469016, -0.00178041378641
1.6, 18.8967414517, 1.01121630302, -5.0141906488, 0.00175606992909
1.61, 18.8466169837, 1.01129898796, -5.01609263896, 0.0119782172906
1.62, 18.7964736872, 1.01143700665, -5.01795255099, 0.0117783459393
1.63, 18.7463120301, 1.01150544385, -5.01976678766, 0.00121919779662
1.64, 18.6961324955, 1.01150773693, -5.02153282247, -0.00177609393019
1.65, 18.6459355149, 1.01152672804, -5.0232544955, 0.005180650739
1.66, 18.595721479, 1.01163494521, -5.02493873014, 0.0129480170762
1.67, 18.5454907807, 1.01175646574, -5.0265850198, 0.00836432836622
1.68, 18.495243844, 1.01179071899, -5.02818964895, -0.00118745400405
1.69, 18.4449810895, 1.01178123561, -5.02975122499, 0.000201569841888
1.7, 18.3947028793, 1.01184525356, -5.03127694232, 0.0103310584201
1.71, 18.3444095525, 1.01197805401, -5.0327701551, 0.0122813660974
1.72, 18.2941014747, 1.01205852024, -5.03422818692, 0.00254665172377
1.73, 18.2437790322, 1.0120637138, -5.03564764855, -0.00160749067017
1.74, 18.1934425722, 1.01207199239, -5.03703081078, 0.00338965850027
1.75, 18.1430924076, 1.01216343644, -5.03838377807, 0.0117937137816
1.76, 18.092728846, 1.0122851072, -5.03970749947, 0.00927368252167
1.77, 18.0423522206, 1.01233124132, -5.04099890106, -0.000228991265194
1.78, 17.9919628698, 1.0123203404, -5.04225543223, -0.000931398663019
1.79, 17.9415610876, 1.01236648748, -5.04348217959, 0.0084458743784
1.8, 17.891147142, 1.01248940683, -5.04468340817, 0.0122683440893
1.81, 17.8407213195, 1.01257947122, -5.04585767196, 0.00393887081754
1.82, 17.7902839272, 1.01257953618, -5.04700105411, -0.00284152180466
1.83, 17.7398352513, 1.01258206678, -5.04811442838, 0.00330672660706
1.84, 17.6893755344, 1.01267655954, -5.0492040383, 0.0122233595004
1.85, 17.6389050219, 1.01279902573, -5.05027099673, 0.00892232295365
1.86, 17.5884239822, 1.01283658062, -5.05131218305, -0.00135664762795
1.87, 17.5379326871, 1.01283070809, -5.0523251004, -0.00108823241452
1.88, 17.4874313692, 1.01286486852, -5.05331358694, 0.0066815947157
1.89, 17.4369202467, 1.01297299482, -5.054281495, 0.0114046074734
1.9, 17.386399546, 1.01306548329, -5.05522861039, 0.00495755548693
1.91, 17.3358695095, 1.01307650069, -5.05615160403, -0.00211395087023
1.92, 17.2853303686, 1.01307525164, -5.05704990945, 0.00201117496145
1.93, 17.2347823217, 1.01315224463, -5.05792835509, 0.0105383387622
1.94, 17.1842255644, 1.01326755326, -5.05878905419, 0.00916166645194
1.95, 17.1336603081, 1.01331540832, -5.05962998328, -6.78695812307e-05
1.96, 17.0830867704, 1.01330079736, -5.06044787864, -0.00183868483858
1.97, 17.0325051419, 1.01333322632, -5.06124549115, 0.0069080724841
1.98, 16.9819155947, 1.01344463368, -5.06202694933, 0.0116087017797
1.99, 16.9313183113, 1.01353418227, -5.06279242286, 0.00422537690137
2.0, 16.8807134873, 1.01353523229, -5.06353825803, -0.00312912962486
2.01, 16.8301013084, 1.01352807646, -5.06426354438, 0.00186432224042
2.02, 16.7794819323, 1.01360777007, -5.06497283281, 0.0109782019222
2.03, 16.7288555169, 1.01372460893, -5.06566857064, 0.0089220137264
2.04, 16.6782239927, 1.01376486636, -5.06600931046, -0.00113387978088
2.05, 16.6275907095, 1.01374080138, -5.06601525181, -0.00248585148879
2.06, 16.5769582025, 1.01377247315, -5.06565272188, 0.00724462893763
2.07, 16.5263338497, 1.01388796757, -5.06463017584, 0.0118530996702
2.08, 16.4757211461, 1.01397434941, -5.06331727448, 0.00343184007231
2.09, 16.4251232896, 1.0139751439, -5.06168979247, -0.00189749103276
2.1, 16.3745428584, 1.0139621667, -5.05958752379, 0.000355178120876
2.11, 16.3239868327, 1.01402457438, -5.0570644442, 0.009515874602
2.12, 16.2734575691, 1.01413749642, -5.05411752297, 0.00947695684255
2.13, 16.2229600552, 1.0141890778, -5.05080793516, 4.84752465186e-05
2.14, 16.1724968556, 1.01416774551, -5.04726298609, -0.00316454550442
2.15, 16.1220705628, 1.01418359263, -5.043457722, 0.00529078403295
2.16, 16.0716833974, 1.0142856318, -5.03943754035, 0.0113500531558
2.17, 16.0213397604, 1.01437821545, -5.03482109426, 0.00471818205472
2.18, 15.9710427711, 1.01437905291, -5.03006014951, -0.00377785058018
2.19, 15.9207943639, 1.01435786892, -5.0251091305, 5.86171808371e-05
2.2, 15.8705979535, 1.01442210159, -5.01965461424, 0.00993716441154
2.21, 15.8204570832, 1.01453703158, -5.01401772238, 0.00931599885705
2.22, 15.7703731563, 1.01458133987, -5.00824804455, -0.00104627325439
2.23, 15.720347387, 1.0145636648, -5.00236302831, -0.00355559624144
2.24, 15.6703818256, 1.01456535045, -4.99625643275, 0.00338364054082
2.25, 15.6204796327, 1.01465278839, -4.98968195266, 0.0106302756115
2.26, 15.5706440045, 1.01474958376, -4.9829590176, 0.00588190049753
2.27, 15.5208762623, 1.01476126162, -4.97610925319, -0.00319906796209
2.28, 15.4711792463, 1.01473390273, -4.96881133031, -0.00148784068499
2.29, 15.4215559253, 1.0147793942, -4.96138227037, 0.00826595559699
2.3, 15.3720074048, 1.01488860316, -4.95384877682, 0.00975569994783
2.31, 15.3225344183, 1.01494437361, -4.94624921446, 0.000242233218212
2.32, 15.2731383514, 1.01491643562, -4.93850523426, -0.00456124533773
2.33, 15.2238201338, 1.01491403235, -4.93066946047, 0.00345673920887
2.34, 15.1745828272, 1.01500498481, -4.92236628255, 0.0109926725037
2.35, 15.1254287675, 1.01510075955, -4.91399923497, 0.00530057632638
2.36, 15.0763586074, 1.01510692264, -4.90557916975, 0.000275960667434
2.37, 15.0273734525, 1.01507902387, -4.89689152707, -0.00277602188452
2.38, 14.9784762963, 1.01510681548, -4.88803679838, 0.00654175239802
2.39, 14.9296685771, 1.0152083811, -4.87904957289, 0.00994905853974
2.4, 14.8809526072, 1.01527419167, -4.86968220558, 0.00152453845103
2.41, 14.8323307451, 1.01525196681, -4.86024480943, -0.0048745261273
2.42, 14.7838037632, 1.01523573254, -4.85073066201, 0.00149055979392
2.43, 14.7353718725, 1.01531054119, -4.84119451569, 0.010078755606
2.44, 14.6870369714, 1.0154093293, -4.83131100159, 0.00644221808782
2.45, 14.6388014059, 1.0154227196, -4.82135765088, -0.00362925599103
2.46, 14.5906659023, 1.01539613369, -4.81133411034, -0.00363494453965
2.47, 14.5426294759, 1.01540749276, -4.8013629877, 0.00465091132691
2.48, 14.4946954169, 1.01549727875, -4.79098800729, 0.00964104992446
2.49, 14.4468657435, 1.01557017381, -4.78053611794, 0.00277282008784
2.5, 14.3991403511, 1.01555658642, -4.77009788154, -0.00471065943828
2.51, 14.3515210297, 1.01553035743, -4.75931487204, -0.000292892197185
2.52, 14.3040100849, 1.01558731308, -4.74846595396, 0.00874529540916
2.53, 14.2566073025, 1.01568456905, -4.73764336163, 0.00723800864386
2.54, 14.2093127094, 1.01570994623, -4.72669500964, -0.00256285620474
2.55, 14.162129716, 1.0156693128, -4.71549240322, -0.00439375269298
2.56, 14.1150584074, 1.01567899391, -4.70431948065, 0.0049084784335
2.57, 14.0680988759, 1.01577230092, -4.69313746909, 0.00985037413006
2.58, 14.0212534035, 1.01584192012, -4.68157069754, 0.00197942939877
2.59, 13.9745230055, 1.01582233607, -4.67009457222, -0.00113852049776
2.6, 13.9279074665, 1.01579785036, -4.65858589507, -0.00131726220246
2.61, 13.8814069217, 1.01583850445, -4.64708068484, 0.00701583667812
2.62, 13.8350207855, 1.01592643696, -4.63554182317, 0.00718013681502
2.63, 13.7887523853, 1.01596004423, -4.62370871073, -0.00134216594657
2.64, 13.7426020597, 1.01592637873, -4.61190744217, -0.00445779965297
2.65, 13.6965700013, 1.01592466239, -4.60008491162, 0.00310899770714
2.66, 13.6506557184, 1.01600164199, -4.5883103453, 0.00877100583492
2.67, 13.6048597667, 1.01607198491, -4.57633283144, 0.0029115408033
2.68, 13.5591845418, 1.01605919976, -4.56425671147, -0.00491471492921
2.69, 13.5136299693, 1.01602445979, -4.55219932054, -0.00163826578217
2.7, 13.4681958458, 1.01606641156, -4.54015971897, 0.00737413989107
2.71, 13.4228814963, 1.01615605285, -4.52809079691, 0.00702776907668
2.72, 13.3776895701, 1.01618301037, -4.51579949489, -0.00234409589779
2.73, 13.3326207963, 1.01613956315, -4.50349166565, -0.00521775413828
2.74, 13.2876752998, 1.01613558699, -4.49117332647, 0.0033038708105
2.75, 13.2428540643, 1.01621614183, -4.47859255527, 0.00905197344892
2.76, 13.1981587663, 1.01628443435, -4.46601483142, 0.00225391237041
2.77, 13.1535892351, 1.01626179515, -4.45345628421, -0.00597397769715
2.78, 13.1091447049, 1.01622034636, -4.44084312516, -0.00187014833311
2.79, 13.0648280174, 1.01626466133, -4.42803186291, 0.0078350892718
2.8, 13.0206391244, 1.01635654403, -4.41527001684, 0.0068797300032
2.81, 12.9765793804, 1.01637646983, -4.40221371674, -0.00340094757646
2.82, 12.9326499532, 1.01633717711, -4.38920176332, -0.00554099297166
2.83, 12.8888504053, 1.01631977527, -4.37623252643, 0.00146195069345
2.84, 12.8451803035, 1.01638611125, -4.36330504273, 0.00834542999461
2.85, 12.801640976, 1.0164586489, -4.35008648572, 0.00342116300926
2.86, 12.7582327187, 1.01644710045, -4.33693741579, -0.00535151320477
2.87, 12.7149567176, 1.01640009677, -4.32379874945, -0.00334862936245
2.88, 12.6718136987, 1.01642624702, -4.31020687491, 0.00620696079272
2.89, 12.6288061366, 1.01651265554, -4.29683507419, 0.00732978493196
2.9, 12.5859334021, 1.01654410233, -4.28322069726, -0.00210321945844
2.91, 12.5431966453, 1.01649498182, -4.26965173962, -0.0064893545165
2.92, 12.5005968436, 1.01647409935, -4.25581906261, 0.00158992939028
2.93, 12.4581345835, 1.01654429022, -4.24210025249, 0.0087234914934
2.94, 12.4158095708, 1.01661587888, -4.22840116383, 0.00284914874377
2.95, 12.3736214544, 1.01659913259, -4.2148056372, -0.00184441812718
2.96, 12.3315695364, 1.01655226909, -4.2011607247, -0.00455996619697
2.97, 12.2896546537, 1.01656129608, -4.18731170051, 0.00451501799568
2.98, 12.2478778268, 1.01664017394, -4.17353609707, 0.0075263358178
2.99, 12.20623862, 1.01668184898, -4.15980635665, -0.000783912818114
3.0, 12.164737946, 1.01663903527, -4.14582300297, -0.00673231819855
3.01, 12.1233768986, 1.01660497164, -4.13188980471, -0.000324626471569
3.02, 12.082154816, 1.01665937191, -4.11802221722, 0.00783215017321
3.03, 12.0410710239, 1.01673414292, -4.10422696129, 0.00400753892794
3.04, 12.0001249911, 1.01672499765, -4.09048636581, -0.00567267831445
3.05, 11.9593174388, 1.01668031673, -4.07650509033, -0.0046726464449
3.06, 11.9186494952, 1.01667779165, -4.06257267285, 0.00277536218565
3.07, 11.8781227689, 1.01674169517, -4.04832032228, 0.0066128865124
3.08, 11.8377376977, 1.01678527168, -4.03419155813, 0.000198593084725
3.09, 11.7974950007, 1.01675349708, -4.01982988822, -0.00595816632409
3.1, 11.7573956501, 1.01671631459, -4.00553104398, -0.00155445602825
3.11, 11.71743895, 1.01675352828, -3.99130077431, 0.00614382314912
3.12, 11.6776259487, 1.01682079577, -3.97680738827, 0.00420089245974
3.13, 11.6379572278, 1.01682174262, -3.96242165369, -0.00437084884358
3.14, 11.5984303396, 1.01676908675, -3.94844154703, -0.00533533080617
3.15, 11.5590442878, 1.01676537255, -3.9342280338, 0.00301764241312
3.16, 11.5198000377, 1.01683230165, -3.92008111454, 0.00677112175903
3.17, 11.4806969147, 1.01687265034, -3.90600683547, -0.000532613014934
3.18, 11.4417349647, 1.01683144271, -3.89177278482, -0.00688271155311
3.19, 11.4029157911, 1.01678927577, -3.87752010365, -0.00162959422799
3.2, 11.3642388249, 1.01682931967, -3.86333077802, 0.00654936069974
3.21, 11.3257033324, 1.01689759822, -3.84922041462, 0.00391922454579
3.22, 11.2873080754, 1.01689109864, -3.83505537057, -0.00536955987807
3.23, 11.2490564608, 1.01683003528, -3.82074258274, -0.00587085673366
3.24, 11.2109473906, 1.0168262294, -3.80652149175, 0.00337029478305
3.25, 11.1729801222, 1.016896884, -3.79237518569, 0.00695494376548
3.26, 11.1351558155, 1.01693380626, -3.77795684832, -0.00130547949745
3.27, 11.0974744896, 1.01688289705, -3.76370676524, -0.00780879328145
3.28, 11.0599358416, 1.01683619164, -3.74946488839, -0.00162675230881
3.29, 11.0225407928, 1.01687993124, -3.7349742912, 0.00702921498914
3.3, 10.985290345, 1.01694944601, -3.72055419623, 0.003613376821
3.31, 10.9481837224, 1.01693495186, -3.70621641661, -0.0064273307783
3.32, 10.9112187307, 1.01687926222, -3.69209200305, -0.00663493588487
3.33, 10.8743976173, 1.0168599434, -3.67757476035, 0.00156807679607
3.34, 10.8377205841, 1.0169197098, -3.66321081847, 0.0067393353657
3.35, 10.8011876494, 1.01696474125, -3.64883601391, 5.1200876896e-05
3.36, 10.7647983483, 1.01692356016, -3.63436464456, -0.00754126078961
3.37, 10.728553526, 1.0168676953, -3.61996193799, -0.00334804034715
3.38, 10.6924531178, 1.01689404446, -3.60553777479, 0.00573703513493
3.39, 10.6564967297, 1.0169626804, -3.59117808453, 0.00449907814595
3.4, 10.6206831984, 1.01696126545, -3.57693786013, -0.00524838484668
3.41, 10.5850116141, 1.01689251418, -3.56278428189, -0.00732672431964
3.42, 10.549480565, 1.01687191129, -3.54877342217, 0.00185518076407
3.43, 10.5140917195, 1.01693572725, -3.53441578539, 0.00702455823122
3.44, 10.4788447499, 1.01697847028, -3.52030255532, -0.000635355217504
3.45, 10.4437395716, 1.01693768964, -3.50613429545, -0.0063035552349
3.46, 10.408775532, 1.01687588873, -3.49206087433, -0.00487737863908
3.47, 10.3739533736, 1.01688510271, -3.47774526348, 0.00432803945949
3.48, 10.3392740325, 1.01695083733, -3.46350476495, 0.00517709944983
3.49, 10.304735451, 1.01696183954, -3.4494533393, -0.0039888453703
3.5, 10.2703381865, 1.01689613704, -3.4353929316, -0.00800802900313
3.51, 10.2360810129, 1.01685989795, -3.42140548337, -4.33814105626e-05
3.52, 10.2019654041, 1.01691076797, -3.4070929399, 0.00656448216752
3.53, 10.1679923431, 1.01696072729, -3.3929146012, 0.000800072169729
3.54, 10.1341579546, 1.0169219515, -3.37934288972, -0.0079940419131
3.55, 10.1004567595, 1.01686609114, -3.36626509165, -0.00551649272192
3.56, 10.0668816085, 1.0168604951, -3.35405850493, 0.00255024333425
3.57, 10.0334253045, 1.01691438072, -3.3424461033, 0.00475315056192
3.58, 10.0000794137, 1.01693146177, -3.33197822797, -0.00274082941871
3.59, 9.96683258386, 1.01687660685, -3.32265973364, -0.00748214575168
3.6, 9.9336747076, 1.01683330143, -3.31414464761, -0.00168059060259
3.61, 9.90059531554, 1.01686632042, -3.30694017315, 0.005136740413
3.62, 9.86758369655, 1.01691358274, -3.30054180414, 0.00150741522581
3.63, 9.83462859245, 1.01688720799, -3.29553263945, -0.00675903056381
3.64, 9.80172054702, 1.01682083013, -3.29117298644, -0.00588587285492
3.65, 9.76885250533, 1.01681559284, -3.28750956438, 0.00277926975034
3.66, 9.73601269845, 1.01687118, -3.28564924511, 0.00475043308655
3.67, 9.70318602537, 1.01688448091, -3.28469011124, -0.00344793835509
3.68, 9.67036528155, 1.01682118113, -3.28441289833, -0.0082784944921
3.69, 9.63753973265, 1.01677442189, -3.2856439114, -0.00162371475201
3.7, 9.60469415495, 1.01681083413, -3.28842238348, 0.00551063502265
3.71, 9.57181739771, 1.01685804035, -3.29187727769, 0.00107191618215
3.72, 9.53889581292, 1.01682345467, -3.29715646569, -0.00774512412747
3.73, 9.50591517556, 1.01675004205, -3.30383307894, -0.00622908545843
3.74, 9.47286366118, 1.01674622644, -3.31123031812, 0.0031883885505
3.75, 9.43973570021, 1.01680484424, -3.31917466651, 0.00476746411438
3.76, 9.40652452667, 1.01681308972, -3.32779852228, -0.00434482569406
3.77, 9.37321886705, 1.0167401413, -3.33797987845, -0.00910308887489
3.78, 9.33980950152, 1.01669056116, -3.34862871935, -0.00145558190513
3.79, 9.30629089232, 1.01673118977, -3.35981497349, 0.00590913620487
3.8, 9.272651984, 1.01677773381, -3.37255080741, 0.000531959801562
3.81, 9.23888411886, 1.01673375809, -3.38570283967, -0.00884041041876
3.82, 9.20498310692, 1.01665273822, -3.39924665293, -0.00657561226301
3.83, 9.1709408336, 1.01665075766, -3.41403382258, 0.00365973286156
3.84, 9.13674609724, 1.01671256763, -3.42951425265, 0.00475066586987
3.85, 9.10239455346, 1.01671478335, -3.44541495912, -0.00537020435623
3.86, 9.06787753621, 1.01664460408, -3.46261535032, -0.0087665561074
3.87, 9.03318185293, 1.01658546008, -3.48111488975, -0.00317829864882
3.88, 8.99829987098, 1.01660926749, -3.49990347412, 0.00468389952798
3.89, 8.96322768616, 1.01665510897, -3.51909418771, 0.0013599759344
3.9, 8.92796163971, 1.01662279176, -3.53865589353, -0.00786134069878
3.91, 8.8924927532, 1.01654088148, -3.55957174128, -0.00766040986505
3.92, 8.85681358389, 1.01652103875, -3.58076162007, 0.00171594942313
3.93, 8.82091615799, 1.01657192053, -3.60323103632, 0.00460380748286
3.94, 8.78478505047, 1.01658265203, -3.62725764103, -0.00405725424632
3.95, 8.74841399185, 1.01650690402, -3.65140405361, -0.0100197496808
3.96, 8.7117998515, 1.01644206549, -3.67584636841, -0.00326915744617
3.97, 8.67493709131, 1.01646834233, -3.70130659648, 0.00499802551787
3.98, 8.63781614097, 1.01651343683, -3.72726936564, 0.00083550848771
3.99, 8.60043437847, 1.01647115668, -3.75346905289, -0.00909505947796
4.0, 8.56278474112, 1.01637933774, -3.78085657075, -0.00828135090563
4.01, 8.52485879624, 1.01635899464, -3.80857591746, 0.00202172853276
4.02, 8.48665651935, 1.01641250472, -3.83628921202, 0.00460119992935
4.03, 8.44817549821, 1.01641721611, -3.86426465967, -0.00513243814492
4.04, 8.40941331928, 1.0163397523, -3.89246624294, -0.00880480796111
4.05, 8.37036405808, 1.0162690494, -3.92174872753, -0.0048100733569
4.06, 8.33102082537, 1.01627675219, -3.95121278102, 0.00331266667295
4.07, 8.29137751992, 1.01631517829, -3.98177899129, 0.00110089554893
4.08, 8.25142698545, 1.01628214083, -4.01256451088, -0.0080445300758
4.09, 8.21117284129, 1.01619259027, -4.04253425198, -0.008978711545
4.1, 8.17062376243, 1.01615573271, -4.07158080116, -8.12087159713e-05
4.11, 8.12978884241, 1.0161932632, -4.09973278741, 0.00377805471579
4.12, 8.08867680662, 1.01620120928, -4.12703694195, -0.00408450783165
4.13, 8.04729597933, 1.01612232478, -4.15352115832, -0.0107806573116
4.14, 8.00565445756, 1.01604326246, -4.17920064357, -0.00511796367344
4.15, 7.96376020388, 1.0160516601, -4.20409115286, 0.0035132522139
4.16, 7.92162090911, 1.01608883939, -4.2282354534, 0.00057440797409
4.17, 7.8792438675, 1.01604561489, -4.25166785924, -0.00932472817868
4.18, 7.83663609041, 1.015944925, -4.27440446591, -0.00976008374245
4.19, 7.79380448817, 1.01590580657, -4.29645160767, 8.16348746703e-05
4.2, 7.75075583094, 1.01594513121, -4.31783570267, 0.0037607721441
4.21, 7.70749655823, 1.01594725408, -4.3385983915, -0.00512099409408
4.22, 7.6640327695, 1.01586639776, -4.35875649651, -0.00964855827945
4.23, 7.6203704589, 1.01578022723, -4.37832190538, -0.00678595663317
4.24, 7.57651550557, 1.01576916815, -4.39730041557, 0.00180011415962
4.25, 7.53247363059, 1.01579994045, -4.41572398383, 0.000906570212333
4.26, 7.48825023695, 1.0157663722, -4.43362338303, -0.00826267591603
4.27, 7.44385048585, 1.01566738056, -4.45101025049, -0.0105477538616
4.28, 7.39927948365, 1.01561085012, -4.46788529809, -0.00207449555745
4.29, 7.35454228007, 1.01563437351, -4.48426349137, 0.0030190807634
4.3, 7.30964368124, 1.0156406993, -4.50018081994, -0.00398744842813
4.31, 7.26458820229, 1.01555864247, -4.51565406201, -0.0116515195746
4.32, 7.21938024876, 1.01546330644, -4.53068537612, -0.00718208885621
4.33, 7.17402424098, 1.01545263109, -4.54527402997, 0.00203585646163
4.34, 7.12852447391, 1.01548318959, -4.55944976419, 0.000515171277087
4.35, 7.08288495273, 1.01544044773, -4.57323906294, -0.00949741324442
4.36, 7.03710948818, 1.01532999277, -4.58664760725, -0.0114148097955
4.37, 6.99120190611, 1.01527045837, -4.59966899276, -0.00195005535633
4.38, 6.94516603004, 1.01529625821, -4.61231481727, 0.0031127326389
4.39, 6.89900546261, 1.01529809118, -4.62461972866, -0.00490903924539
4.4, 6.85272327377, 1.01520868526, -4.63686346929, -0.00812643708733
4.41, 6.80632356722, 1.01511374323, -4.64823678822, -0.00836981693697
4.42, 6.75980886971, 1.01508503672, -4.659545092, 0.000140272761375
4.43, 6.71318269955, 1.01510485827, -4.67053953951, 0.000341758278147
4.44, 6.66644807993, 1.01506931935, -4.681245144, -0.00837665816612
4.45, 6.6196078552, 1.01496460311, -4.69166663702, -0.0116238659405
4.46, 6.57266489144, 1.01489197669, -4.70179627803, -0.00392788409045
4.47, 6.5256220956, 1.01489977208, -4.7116380525, 0.00188585778473
4.48, 6.47848221634, 1.01490111523, -4.72122168542, -0.00407872578477
4.49, 6.43124776691, 1.01481737727, -4.7305593993, -0.0121211615541
4.5, 6.38392120324, 1.01471057331, -4.7396470653, -0.00883678430832
4.51, 6.33650507405, 1.01468180831, -4.74847492882, 0.000372124233284
4.52, 6.28900188805, 1.01470206358, -4.75706438911, 5.92087578505e-05
4.53, 6.24141392206, 1.01465844966, -4.76543899858, -0.00952885511762
4.54, 6.1937432951, 1.01454241898, -4.7735998636, -0.0125322057237
4.55, 6.14599219464, 1.0144661588, -4.78153439651, -0.00385905959491
4.56, 6.09816288369, 1.01447630571, -4.78924491789, 0.00204477213471
4.57, 6.05025746918, 1.01447426444, -4.79676226143, -0.00487887437513
4.58, 6.00227753381, 1.01438389406, -4.80438808026, -0.00860089739413
4.59, 5.95422582326, 1.01427700351, -4.81123569381, -0.010097102882
4.6, 5.90610341679, 1.01422982769, -4.81817681269, -0.00151430454786
4.61, 5.85791255347, 1.01424012413, -4.8249307591, 3.85388643624e-06
4.62, 5.8096549966, 1.01420479151, -4.83152163596, -0.00833658599975
4.63, 5.76133234571, 1.01409449561, -4.83795177734, -0.0127968361024
4.64, 5.71294625406, 1.01400446337, -4.84420906911, -0.00588848595106
4.65, 5.66449848114, 1.013996797, -4.85028920181, 0.000897133921388
4.66, 5.61599068348, 1.01399543652, -4.85621912861, -0.0039299055577
4.67, 5.56742429895, 1.01391136516, -4.86201082614, -0.0125755718123
4.68, 5.51880071827, 1.01379206743, -4.8676575447, -0.0106504850313
4.69, 5.47012147096, 1.01374432651, -4.87314330147, -0.00128068085473
4.7, 5.42138810933, 1.01375585122, -4.87848318839, -0.000151875353412
4.71, 5.37260198307, 1.01371361909, -4.88370165224, -0.00940986065687
4.72, 5.32376428354, 1.01359198041, -4.88879857068, -0.0137710185282
4.73, 5.27487629084, 1.01349748544, -4.89375811908, -0.00588549765915
4.74, 5.22593941852, 1.01349229174, -4.89857474894, 0.00113652406905
4.75, 5.17695496994, 1.01348880057, -4.90327804105, -0.00459994269664
4.76, 5.12792401964, 1.01339402629, -4.9078783559, -0.0137906379405
4.77, 5.07884763042, 1.01328011176, -4.9123635168, -0.011374192537
4.78, 5.02972700956, 1.0132164812, -4.91672422233, -0.00322299617049
4.79, 4.98056337929, 1.01321432914, -4.92096694994, -0.000726130715938
4.8, 4.93135781288, 1.0131769288, -4.92511559706, -0.00830105973658
4.81, 4.882111222, 1.01306400188, -4.92917234255, -0.0134999753687
4.82, 4.83282457864, 1.01296059738, -4.93312345857, -0.00761679414416
4.83, 4.7834989973, 1.01293653192, -4.93695931142, -0.000422882899975
4.84, 4.73413552933, 1.01292872944, -4.94070408624, -0.00406374574773
4.85, 4.68473501745, 1.01284469552, -4.94437094548, -0.0127212231461
4.86, 4.63529825189, 1.01271750338, -4.94795249388, -0.0120080530666
4.87, 4.58582618035, 1.01265261357, -4.95142973415, -0.00303050515425
4.88, 4.53631981557, 1.01265197382, -4.9548123686, -0.000798956580338
4.89, 4.48677999133, 1.0126087268, -4.95812571817, -0.0092786169643
4.9, 4.43720737661, 1.0124847847, -4.96137012611, -0.014501091612
4.91, 4.38760272865, 1.01237621511, -4.96452882525, -0.00769492269701
4.92, 4.33796697152, 1.0123543073, -4.96759093871, -0.000158747555472
4.93, 4.28830095555, 1.01234523734, -4.97058395394, -0.00461788742822
4.94, 4.2386053053, 1.01225136302, -4.97352023006, -0.0138981384077
4.95, 4.18888060668, 1.01211496988, -4.97639026915, -0.0125549442674
4.96, 4.13912763625, 1.01204986887, -4.97917166129, -0.00272872389288
4.97, 4.08934724087, 1.01205143622, -4.98187647849, -0.000847733008382
4.98, 4.03954006608, 1.01200207089, -4.98453168372, -0.0103106475726
4.99, 3.98970659029, 1.01187993038, -4.98713258195, -0.0143158014597
5.0, 3.93984742781, 1.01176010687, -4.98966872683, -0.00956565535724
5.01, 3.8899633017, 1.01172048976, -4.99212377896, -0.00140955249915
5.02, 3.84005492923, 1.01171072261, -4.99452046565, -0.00377926471027
5.03, 3.79012281023, 1.01162814035, -4.99687561518, -0.0129945206695
5.04, 3.7401673663, 1.011489655, -4.99918227107, -0.0137708712778
5.05, 3.69018919297, 1.01140565356, -5.00141800048, -0.00472835703162
5.06, 3.64018900016, 1.01139622754, -5.00358650709, -0.000961617020732
5.07, 3.59016733324, 1.01135564243, -5.00571656447, -0.00898609705051
5.08, 3.540124544, 1.01122769397, -5.00781039691, -0.0156240607543
5.09, 3.49006106103, 1.01110119608, -5.00985071717, -0.0097567252637
5.1, 3.43997752126, 1.0110634524, -5.01181984716, -0.0010973863779
5.11, 3.38987452644, 1.01105345285, -5.01374447825, -0.00421766352683
5.12, 3.33975243748, 1.01096155792, -5.01564121854, -0.0141901047657
5.13, 3.28961155408, 1.01082732187, -5.01749770787, -0.0140205986075
5.14, 3.23945237498, 1.01073020764, -5.01929953253, -0.00661639929474
5.15, 3.18927546733, 1.01070480144, -5.02104321592, -0.00193227469953
5.16, 3.13908129618, 1.01066578397, -5.02275521921, -0.00803761020376
5.17, 3.08887013353, 1.01054810352, -5.02444135368, -0.0149715082736
5.18, 3.0386422872, 1.01041686125, -5.02608753697, -0.0111665284446
5.19, 2.98839826296, 1.0103603826, -5.02767461916, -0.00290498877038
5.2, 2.93813857565, 1.0103421841, -5.02922202491, -0.00406381994476
5.21, 2.8878635278, 1.01025988862, -5.03074921785, -0.0129658457465
5.22, 2.8375733219, 1.01011611854, -5.03225029219, -0.0148666259024
5.23, 2.78726833057, 1.01001612468, -5.03370219525, -0.00651478299174
5.24, 2.7369490722, 1.00999281562, -5.03510348429, -0.00183349089803
5.25, 2.68661592319, 1.00995002139, -5.03648372905, -0.00883842346442
5.26, 2.63626905174, 1.00982169078, -5.03784749357, -0.016062887565
5.27, 2.58590868226, 1.00968355779, -5.03917827705, -0.0114294952388
5.28, 2.53553526438, 1.00962853738, -5.04045476604, -0.00258693620007
5.29, 2.48514924721, 1.00961084649, -5.04170039177, -0.00438661056703
5.3, 2.43475084118, 1.00952026983, -5.04293512289, -0.0140957646303
5.31, 2.38434015945, 1.00936625683, -5.04415141657, -0.0156104340424
5.32, 2.33391751775, 1.0092643449, -5.0453227015, -0.00630443100892
5.33, 2.2834833879, 1.00924395609, -5.0464490627, -0.00169095764352
5.34, 2.23303807344, 1.0091972471, -5.04756347304, -0.00969052987757
5.35, 2.18258164838, 1.00906808566, -5.04866554902, -0.0148991660382
5.36, 2.1321143142, 1.00892314815, -5.04974521785, -0.0130627830114
5.37, 2.08163640596, 1.00884956527, -5.05077789174, -0.00416766626746
5.38, 2.0311483323, 1.00882717003, -5.0517799057, -0.00388056142854
5.39, 1.98065028323, 1.00874761566, -5.05277576592, -0.0129471658646
5.4, 1.93014230929, 1.00859570226, -5.05376140291, -0.0163861574527
5.41, 1.87962462783, 1.00847677, -5.05471241189, -0.00838702446814
5.42, 1.82909764869, 1.0084419292, -5.05562028461, -0.00226416736019
5.43, 1.77856166236, 1.00840108472, -5.05651730784, -0.00842137716116
5.44, 1.72801671825, 1.00827168308, -5.0574118269, -0.016833840519
5.45, 1.67746289082, 1.00811770117, -5.05828827388, -0.013465575426
5.46, 1.62690050916, 1.0080449042, -5.05911966222, -0.00384131214802
5.47, 1.57632994794, 1.00802384139, -5.05992616166, -0.00408851672203
5.48, 1.52575133322, 1.00793671947, -5.06073350774, -0.0140686089212
5.49, 1.47516465153, 1.00778692855, -5.06153197875, -0.0160741511455
5.5, 1.42457011054, 1.00765834421, -5.06230503567, -0.0101183779406
5.51, 1.373968029, 1.00760605562, -5.06303913175, -0.00359234518716
5.52, 1.32335867847, 1.00756303961, -5.06376158666, -0.00774242375707
5.53, 1.27274210135, 1.00744425847, -5.06448492328, -0.0158955870483
5.54, 1.22211832034, 1.00728956996, -5.06519716482, -0.0144952218062
5.55, 1.17148758505, 1.00719914441, -5.06587241383, -0.00580133422196
5.56, 1.12085023122, 1.00716623223, -5.06652209751, -0.00436571502197
5.57, 1.0702063872, 1.00708643493, -5.06717345421, -0.0128265413029
5.58, 1.01955601569, 1.00693137221, -5.0678244265, -0.0172285176373
5.59, 0.96889922826, 1.00679788878, -5.06845132869, -0.010164957034
5.6, 0.918236354569, 1.00674764606, -5.06904064586, -0.00337493059721
5.61, 0.867567634067, 1.00670277105, -5.06962398044, -0.00834866001733
5.62, 0.816893052924, 1.00657407344, -5.07021320054, -0.0170393785461
5.63, 0.766212591027, 1.00641082279, -5.07079426619, -0.0149707233146
5.64, 0.715526487611, 1.00632057613, -5.07133806706, -0.00549880068179
5.65, 0.664835064928, 1.00628947494, -5.07185977218, -0.00447429771271
5.66, 0.614138406237, 1.00620317061, -5.07238862548, -0.0138653681647
5.67, 0.563439442894, 1.00603719745, -5.07229270833, -0.018151533888
5.68, 0.512743524004, 1.00589982165, -5.07181305978, -0.0101057611922
5.69, 0.462054199276, 1.00585252136, -5.07098308955, -0.00309735011247
5.7, 0.41137509631, 1.0058058301, -5.06981665921, -0.00898823933045
5.71, 0.360709907685, 1.0056715086, -5.06852181651, -0.0135143789313
5.72, 0.31006456099, 1.00550800183, -5.06604296357, -0.0162571999294
5.73, 0.259440624837, 1.00539956313, -5.06371377995, -0.00730626453369
5.74, 0.208843006471, 1.00535993428, -5.06078253653, -0.00435137967539
5.75, 0.158276069168, 1.00528344994, -5.05760249017, -0.0125607771657
5.76, 0.107742049759, 1.0051235939, -5.05420232912, -0.0184246132666
5.77, 0.0572435495377, 1.00497242573, -5.05053319437, -0.0120995416328
