timestamp, prius1 x posi, prius1 y posi, prius1 x vel, prius1 y vel.
0.0, 0.0, 0.0, 0.0, 0.0
0.00999999999999, -24.9970889222, -0.999899170486, 0.195083076571, 0.00278959549911
0.02, -24.9946832812, -0.999925989624, 0.264859883035, -0.00824528632771
0.03, -24.9915850242, -1.00001106893, 0.33349075334, -0.00767934607011
0.04, -24.9878121725, -1.00001720764, 0.401120745541, 0.00408785387478
0.05, -24.9833723247, -1.0000007242, 0.468055438908, 0.00206147541951
0.06, -24.9782684904, -0.999990508055, 0.534522296699, 0.00124751892546
0.07, -24.9725054819, -0.999989014591, 0.600798989502, 0.000518852290382
0.08, -24.9660852658, -0.999989593613, 0.666927469207, 0.000751596958786
0.09, -24.9590097955, -0.999985334009, 0.732824137867, 0.00121892919032
0.1, -24.951282318, -0.999981160657, 0.798325775097, 0.000723194147219
0.11, -24.9429077612, -0.999986042727, 0.863257833296, -0.000324789735857
0.12, -24.9338924854, -0.999997515491, 0.927497605754, -0.000503912322523
0.13, -24.9242435775, -1.00000471047, 0.991007166544, 0.0002740055289
0.14, -24.9139680011, -1.00000547238, 1.05383508157, 0.000588147477261
0.15, -24.9030719155, -1.00000929549, 1.11608597551, -0.000149844457539
0.16, -24.8915603618, -1.00002098968, 1.17787848506, -0.00073083476228
0.17, -24.8794373639, -1.00003232214, 1.23930457073, -0.000180647101939
0.18, -24.8667063272, -1.00003570716, 1.30040520634, 0.000565171264765
0.19, -24.8533705685, -1.00003733129, 1.36116532857, 0.000180638992371
0.2, -24.8393651047, -1.00005283511, 1.43877613635, -0.00290593280656
0.21, -24.824520906, -1.00013493625, 1.52281170395, -0.0103558333616
0.22, -24.8088360494, -1.00022181343, 1.6064617661, -0.00332284432032
0.23, -24.7923190995, -1.00021294395, 1.68918000645, 0.00133885977802
0.24, -24.7749805649, -1.00018082301, 1.77083199836, 0.00261251155196
0.25, -24.7568306678, -1.00016692148, 1.85147180917, -0.00140233538481
0.26, -24.7378794199, -1.00019371193, 1.93111614905, -0.00432685250232
0.27, -24.7181366766, -1.00021868453, 2.00977977187, -0.00167600901303
0.28, -24.6976121498, -1.00020719975, 2.08747859791, 0.00158888278707
0.29, -24.6763154391, -1.00019071316, 2.16422479049, -0.000461532114399
0.3, -24.6542561189, -1.00021296481, 2.24002080125, -0.00467183575077
0.31, -24.6314468579, -1.00025384056, 2.31480255989, -0.0038866499894
0.32, -24.607900263, -1.00025892524, 2.3886715137, 0.00100758814362
0.33, -24.5836265042, -1.00023027055, 2.46170905664, 0.00203439942518
0.34, -24.5586342762, -1.00022636898, 2.53387111227, -0.0026768030288
0.35, -24.5329324276, -1.00026624717, 2.60514419161, -0.00541348572483
0.36, -24.5065298673, -1.00029615209, 2.67554082819, -0.00153217253069
0.37, -24.4794353802, -1.00027762527, 2.74507332133, 0.00263996778691
0.38, -24.4516579391, -1.00025206071, 2.81319439062, 0.00018341016588
0.39, -24.4232129023, -1.00027265645, 2.8790174268, -0.00481329547682
0.4, -24.3941206187, -1.0003150338, 2.94278380935, -0.00389058184448
0.41, -24.3644011934, -1.00031673536, 3.00455664361, 0.0016116621364
0.42, -24.3340741646, -1.00028147167, 3.06440034028, 0.00263912315667
0.43, -24.3031584899, -1.00027411429, 3.12237409726, -0.00251242086252
0.44, -24.2716725458, -1.00031275547, 3.17853638063, -0.00518569760684
0.45, -24.2396340828, -1.00033733542, 3.23295064111, -0.00071591795278
0.46, -24.2070602259, -1.00030905533, 3.28568101033, 0.00364387427851
0.47, -24.1739675413, -1.00027596267, 3.33678110047, 0.00069671756026
0.48, -24.1403720917, -1.00029380945, 3.38630004149, -0.00461224488716
0.49, -24.1062894165, -1.00033242586, 3.434289593, -0.00326023317375
0.5, -24.0717344939, -1.00032476019, 3.4808064151, 0.00274619616157
0.51, -24.0367217899, -1.00027885273, 3.52589980759, 0.00354720932402
0.52, -24.0012653403, -1.00026574093, 3.5696109579, -0.00215775377403
0.53, -23.9653787606, -1.00030121323, 3.6119818003, -0.00475178927482
0.54, -23.929075185, -1.00031817928, 3.65306102812, 0.000340299459896
0.55, -23.8923672627, -1.00027784411, 3.69289662793, 0.00485814230301
0.56, -23.8552672498, -1.00023545115, 3.73152487989, 0.00135610743999
0.57, -23.8177870632, -1.00024920818, 3.76897952259, -0.00427890583607
0.58, -23.7799382336, -1.00028245968, 3.80529973541, -0.0024491383197
0.59, -23.7417318443, -1.00026347997, 3.84053113992, 0.00406942568897
0.6, -23.7031785944, -1.00020536209, 3.8747091811, 0.00457446649379
0.61, -23.6642888954, -1.00018564083, 3.90786084836, -0.00173867966249
0.62, -23.625072868, -1.00021716519, 3.9400162923, -0.00422250134498
0.63, -23.5855402517, -1.00022524424, 3.97121494429, 0.00153829271546
0.64, -23.5457003998, -1.00017152639, 4.00149440848, 0.00617988931336
0.65, -23.5055623939, -1.00011917216, 4.03087779851, 0.00204655328799
0.66, -23.4651351006, -1.00012862909, 4.05938750267, -0.0039217508937
0.67, -23.4244270974, -1.0001559382, 4.08705387829, -0.00155419381928
0.68, -23.3834465926, -1.00012463547, 4.11391509633, 0.00548929936041
0.69, -23.3422015061, -1.00005366985, 4.13999556801, 0.00562787401217
0.7, -23.3006995842, -1.00002740219, 4.16531109395, -0.00134352496202
0.71, -23.2589483813, -1.0000550259, 4.18988313426, -0.00367419039663
0.72, -23.2169551383, -1.00005366602, 4.21374501024, 0.00280906070812
0.73, -23.1747267812, -0.999985939954, 4.23692651901, 0.00753807782289
0.74, -23.1322700608, -0.999923691082, 4.25944000382, 0.00269608319458
0.75, -23.0895916115, -0.999929322623, 4.28129926935, -0.00360414784664
0.76, -23.0466978473, -0.999950689554, 4.30252862371, -0.000628380159883
0.77, -23.0035948638, -0.999906575573, 4.32316140784, 0.00695383786122
0.78, -22.9602885424, -0.999822674512, 4.34321296556, 0.0066511887407
0.79, -22.9167846829, -0.999790482707, 4.36269030215, -0.00102537320808
0.8, -22.8730889675, -0.999814730512, 4.38160863995, -0.00314905396366
0.81, -22.8292068072, -0.999803766546, 4.39999775317, 0.00411600972221
0.82, -22.7851433473, -0.999721795205, 4.41788155861, 0.00889193176158
0.83, -22.740903636, -0.999650151336, 4.43526348164, 0.0032614681946
0.84, -22.6964926834, -0.999652832075, 4.45215097697, -0.00336134141025
0.85, -22.6519153246, -0.999668556149, 4.46856454889, 0.000302557103163
0.86, -22.6071761053, -0.999611399064, 4.4845348034, 0.00843648806876
0.87, -22.5622794146, -0.999514779301, 4.50006942532, 0.00761183546308
0.88, -22.5172296356, -0.999477611492, 4.51516854626, -0.000814320553129
0.89, -22.472031088, -0.999499255666, 4.5298430835, -0.00266660349362
0.9, -22.4266878422, -0.999478686919, 4.54412135649, 0.00544399724007
0.91, -22.3812037354, -0.999382415859, 4.55802275723, 0.010220338151
0.92, -22.3355825728, -0.99930211827, 4.57154317669, 0.00371811678233
0.93, -22.2898281836, -0.999302935951, 4.58468547934, -0.00321007781511
0.94, -22.2439442488, -0.999313431467, 4.59746815169, 0.00123078854193
0.95, -22.1979341725, -0.999243083255, 4.60992067062, 0.00992704862273
0.96, -22.1518012482, -0.99913410943, 4.62204394982, 0.00849218397583
0.97, -22.1055488264, -0.999093091118, 4.63383275751, -0.000725817212133
0.98, -22.059180234, -0.999113003188, 4.64529517034, -0.00223171628818
0.99, -22.0126985532, -0.99908285026, 4.65645974377, 0.00679148501228
1.0, -21.9661066541, -0.998972280643, 4.66734219191, 0.0115139476334
1.01, -21.9194074311, -0.998884199945, 4.67793184998, 0.00405232890763
1.02, -21.8726038529, -0.998884343957, 4.68822833932, -0.00315576556853
1.03, -21.8256987521, -0.998890025799, 4.69824953992, 0.00215971416586
1.04, -21.7786946842, -0.998806317602, 4.70802498811, 0.0114249768068
1.05, -21.7315941324, -0.998685414815, 4.71754926683, 0.00928280487171
1.06, -21.6843996927, -0.998641767593, 4.72681296264, -0.00076697123964
1.07, -21.6371139645, -0.998660831369, 4.73582239681, -0.00184033744929
1.08, -21.5897392941, -0.998621050481, 4.74460775488, 0.0081650318502
1.09, -21.5422778348, -0.998510217462, 4.75317855904, 0.0119732102586
1.1, -21.49473182, -0.998405786884, 4.76152567409, 0.0063150394906
1.11, -21.4471035363, -0.998386364667, 4.76964397795, -0.00186102420502
1.12, -21.3993952122, -0.998391170008, 4.77754619284, 0.00140042837464
1.13, -21.3516088113, -0.998316026341, 4.78526192482, 0.0109619244841
1.14, -21.3037461999, -0.998187820837, 4.79278865684, 0.0110104047217
1.15, -21.255809371, -0.998121898456, 4.80011229556, 0.00140050353158
1.16, -21.2078003791, -0.998129836071, 4.80723497498, -0.00176615871681
1.17, -21.1597210685, -0.998097996347, 4.81418266288, 0.00708465464327
1.18, -21.1115730613, -0.997988225499, 4.82096973973, 0.0117552656958
1.19, -21.0633580684, -0.99787179161, 4.82758538799, 0.00835560496979
1.2, -21.015077864, -0.997831348882, 4.8340208152, -0.000159779248079
1.21, -20.9667342238, -0.99783086387, 4.84028428743, 0.000966245905947
1.22, -20.9183286821, -0.997764693965, 4.84640388136, 0.0101493610033
1.23, -20.8698626458, -0.997634316405, 4.8523819475, 0.0122355680481
1.24, -20.8213376429, -0.997547979253, 4.85820121048, 0.00369802973603
1.25, -20.7727553087, -0.997540776152, 4.86386006953, -0.00119609097454
1.26, -20.7241171196, -0.997514241367, 4.86937948791, 0.00597552880923
1.27, -20.6754243154, -0.997399349588, 4.87478132848, 0.0134951323866
1.28, -20.6266781647, -0.997273154678, 4.88004863709, 0.00884961448803
1.29, -20.577880111, -0.997232100556, 4.88517033542, -0.000286215149644
1.3, -20.5290315845, -0.997230218682, 4.89015462162, 0.00148497976518
1.31, -20.4801337519, -0.9971536928, 4.89503249038, 0.0114955915786
1.32, -20.4311876697, -0.997024903981, 4.89979936449, 0.0123965972968
1.33, -20.382194563, -0.996925279511, 4.90444267411, 0.00571202886377
1.34, -20.3331557124, -0.99689934808, 4.90895768292, 0.000149187466908
1.35, -20.2840723108, -0.996870799916, 4.91336043796, 0.00531586933862
1.36, -20.2349453246, -0.996764948844, 4.91767340054, 0.0128416117663
1.37, -20.1857757151, -0.996634485846, 4.9218837766, 0.0102401045738
1.38, -20.1365646124, -0.996573406623, 4.925978017, 0.00179013025598
1.39, -20.0873131767, -0.996559764544, 4.92996085746, 0.00170282912196
1.4, -20.0380223455, -0.996490358659, 4.93385914126, 0.010388130818
1.41, -19.9886929162, -0.996352687623, 4.93767727274, 0.0135202377342
1.42, -19.9393258181, -0.996247756946, 4.94139435945, 0.00582843507708
1.43, -19.889922129, -0.996222455528, 4.945005416, 0.000134384306742
1.44, -19.8404828048, -0.99618966821, 4.9485284074, 0.00615978032254
1.45, -19.7910085581, -0.996072175091, 4.95198716404, 0.0140915461545
1.46, -19.7415001201, -0.995932678197, 4.95536437696, 0.0107400618673
1.47, -19.6919584241, -0.99587111925, 4.95864486463, 0.00160906224129
1.48, -19.6423844345, -0.995857336133, 4.96183384706, 0.00204809216338
1.49, -19.592778866, -0.995779279989, 4.9649615008, 0.0115943122253
1.5, -19.5431422967, -0.995629819889, 4.96802962201, 0.0144745950372
1.51, -19.4934754716, -0.995520792675, 4.97101372423, 0.00581137925274
1.52, -19.4437793044, -0.995497261684, 4.97390855785, 3.97709490296e-05
1.53, -19.3940545657, -0.995460448139, 4.97673466445, 0.00702345142408
1.54, -19.3443017549, -0.99533908939, 4.97913376351, 0.0120194493907
1.55, -19.2945214757, -0.995194511546, 4.98223120433, 0.0123308569772
1.56, -19.2447144374, -0.995113174922, 4.98486949736, 0.00344778491732
1.57, -19.194881454, -0.99509152946, 4.98743059485, 0.00184337108832
1.58, -19.1450231232, -0.995022939976, 4.9899415986, 0.0104625259918
1.59, -19.0951398647, -0.994876589578, 4.99241167353, 0.0151127360956
1.6, -19.0452322319, -0.994750811015, 4.99481573163, 0.00800089300075
1.61, -18.9953009764, -0.99471027699, 4.99714503235, 0.000947116754201
1.62, -18.9453467653, -0.994676604569, 4.99941487281, 0.00591966490821
1.63, -18.895369994, -0.994557408485, 5.00165404176, 0.0148738397097
1.64, -18.8453710478, -0.994401363906, 5.00384573863, 0.0129359194626
1.65, -18.795350545, -0.994319138963, 5.00596951217, 0.00323425380243
1.66, -18.7453091899, -0.994298495238, 5.00802735779, 0.00203121804337
1.67, -18.6952474394, -0.994222504714, 5.01005031654, 0.0116007794654
1.68, -18.6451655664, -0.994076100768, 5.01204205524, 0.014493655857
1.69, -18.5950640481, -0.993941859589, 5.0139827497, 0.00970654276442
1.7, -18.5449434683, -0.993882610062, 5.01586124729, 0.00251992559776
1.71, -18.4948044007, -0.993844044197, 5.01768863743, 0.00547778383304
1.72, -18.4446471695, -0.993734584323, 5.01949252164, 0.0138962714574
1.73, -18.3944720448, -0.993579082383, 5.02126311912, 0.0138312007767
1.74, -18.3442795016, -0.993479345335, 5.0229785497, 0.00531549978596
1.75, -18.2940701343, -0.993444445914, 5.0246379057, 0.00260050332364
1.76, -18.2438443428, -0.993373691284, 5.02626675538, 0.0104556401183
1.77, -18.1936023238, -0.993223814298, 5.02787854634, 0.015965060097
1.78, -18.1433443924, -0.993082851483, 5.02944717334, 0.00991441183986
1.79, -18.0930710875, -0.993024682358, 5.03096085374, 0.00233250028173
1.8, -18.0427829006, -0.992984517625, 5.03243219985, 0.00603674621086
1.81, -17.9924800451, -0.992865172869, 5.03389197481, 0.0150936732866
1.82, -17.9421626934, -0.992699836751, 5.0353264534, 0.0144749694916
1.83, -17.8918312561, -0.992598827977, 5.03671168424, 0.00511043889943
1.84, -17.8414862693, -0.992565576911, 5.03804726688, 0.00266740098775
1.85, -17.7911280416, -0.992488797021, 5.03936263829, 0.0114721489341
1.86, -17.7407566683, -0.99232737944, 5.04067053543, 0.017020746175
1.87, -17.690372394, -0.992180884307, 5.04194045784, 0.0100107260474
1.88, -17.6399757123, -0.992124877264, 5.0431605037, 0.00206001050804
1.89, -17.5895670501, -0.992083383967, 5.0443455038, 0.00661594036526
1.9, -17.5391465246, -0.991953719183, 5.04552953294, 0.016331508076
1.91, -17.4887142508, -0.991792226397, 5.04669058821, 0.0156449625272
1.92, -17.4382705592, -0.991672750881, 5.04781381015, 0.00708217718197
1.93, -17.3878159075, -0.9916284022, 5.04889256034, 0.00282887375047
1.94, -17.3373505916, -0.991559662789, 5.04995156092, 0.0102295569247
1.95, -17.2868746574, -0.991405136085, 5.05101112416, 0.0171532127964
1.96, -17.2363882473, -0.991245558037, 5.05204310957, 0.0120484583892
1.97, -17.1858917677, -0.991170841438, 5.05303144823, 0.00334280055647
1.98, -17.1353856248, -0.991129057597, 5.05398582192, 0.00570450064558
1.99, -17.0848699231, -0.991011034537, 5.05494139192, 0.0154527109957
2.0, -17.0343446843, -0.990846746212, 5.05588427931, 0.015644072827
2.01, -16.9838101895, -0.99071561399, 5.05679606791, 0.00895051259108
2.02, -16.9332668087, -0.990653595772, 5.05766964399, 0.00409633072365
2.03, -16.8827148176, -0.990583555559, 5.05852400155, 0.00948753826882
2.04, -16.832154251, -0.990439272845, 5.05938110697, 0.0163460428956
2.05, -16.7815851869, -0.990277142704, 5.06021969265, 0.0132673059128
2.06, -16.7310079421, -0.990183775671, 5.06102171781, 0.00531559195196
2.07, -16.6804228781, -0.990130948427, 5.06179301718, 0.00586262047958
2.08, -16.6298301034, -0.990020861809, 5.0625639116, 0.0142335954144
2.09, -16.579229601, -0.989849234977, 5.06333308905, 0.0165939546433
2.1, -16.5286215539, -0.989714343484, 5.06407249486, 0.00894082223369
2.11, -16.4780063387, -0.989653764384, 5.06477594191, 0.00402955350764
2.12, -16.4273841878, -0.989580015746, 5.06546542604, 0.0102599631921
2.13, -16.3767550707, -0.989425239018, 5.06616444998, 0.0174467864088
2.14, -16.3261190232, -0.989255674785, 5.06684726125, 0.0136155081825
2.15, -16.2754763487, -0.989162909211, 5.06749500055, 0.00506561004236
2.16, -16.2248273872, -0.98911034513, 5.06811491233, 0.00617349270717
2.17, -16.1741721903, -0.988992271192, 5.06874137359, 0.0153368259128
2.18, -16.1235106862, -0.988810255077, 5.0693700866, 0.0173911084437
2.19, -16.0728430379, -0.988672611243, 5.06996992411, 0.00882208484578
2.2, -16.0221696158, -0.988614336236, 5.07053519267, 0.00391161661178
2.21, -15.9714906143, -0.988536838539, 5.07109148214, 0.0110737435512
2.22, -15.9208059427, -0.98837113117, 5.07166351798, 0.018572247811
2.23, -15.8701156029, -0.988194396265, 5.07222043952, 0.0138961318482
2.24, -15.8194198959, -0.988103067349, 5.07274291198, 0.00473987135461
2.25, -15.7687191469, -0.988051024625, 5.07323986453, 0.00650540077889
2.26, -15.7180133537, -0.987924399266, 5.07375018418, 0.0165057666272
2.27, -15.667302404, -0.987745642614, 5.07426106198, 0.0173839116767
2.28, -15.6165864669, -0.987596431383, 5.0747504626, 0.0106614179455
2.29, -15.565865831, -0.987521124016, 5.07520912044, 0.00509339989609
2.3, -15.5151406984, -0.987443125949, 5.07565666023, 0.0102710859585
2.31, -15.4644244726, -0.987287886562, 5.07154159113, 0.0177630124156
2.32, -15.4137784675, -0.9871085383, 5.06374494792, 0.0151146786535
2.33, -15.3632093332, -0.986998982642, 5.05615444379, 0.00663883828124
2.34, -15.3127149351, -0.986937060803, 5.04879704635, 0.00653488498048
2.35, -15.2622927381, -0.986819581059, 5.04170475075, 0.0151890654228
2.36, -15.2119401092, -0.986634231848, 5.03486815871, 0.0182742390658
2.37, -15.1616547197, -0.98648206948, 5.02824559184, 0.0105450561012
2.38, -15.1114345638, -0.986409785824, 5.0218210055, 0.00483693832609
2.39, -15.0612775812, -0.986330122301, 5.01560886924, 0.0108491254328
2.4, -15.0111814906, -0.986165996002, 5.00962947586, 0.0187450434014
2.41, -14.9611543823, -0.98598044362, 4.99990600016, 0.0152926237153
2.42, -14.9112560993, -0.98587377056, 4.98602312861, 0.00614012398436
2.43, -14.8614944718, -0.985814117479, 4.97254783007, 0.00669992559336
2.44, -14.8118652305, -0.985689811934, 4.95952787338, 0.0161816135047
2.45, -14.7623638487, -0.985509580797, 4.94694882129, 0.0180571526895
2.46, -14.7129861856, -0.985348367223, 4.93477052959, 0.0121125844744
2.47, -14.6637283956, -0.985261704218, 4.92296554768, 0.00577305178257
2.48, -14.6145867338, -0.985183727897, 4.91153704067, 0.00984738276219
2.49, -14.5655573049, -0.985032130715, 4.90050133644, 0.0177233837537
2.5, -14.5166363453, -0.984846345301, 4.8898242173, 0.0162843389228
2.51, -14.4678263989, -0.984723664353, 4.87550107965, 0.0077812393675
2.52, -14.4192397396, -0.984657137522, 4.84871385099, 0.00639821161742
2.53, -14.3709147347, -0.984544828568, 4.82287341235, 0.0146363092294
2.54, -14.3228437644, -0.984359961907, 4.7978708678, 0.0187934472142
2.55, -14.2750186152, -0.984197560367, 4.77367309947, 0.0117819948007
2.56, -14.2274315214, -0.984116957222, 4.75023835601, 0.00514574407782
2.57, -14.1800748969, -0.984041283808, 4.72755666461, 0.010038667318
2.58, -14.13294111, -0.983884064361, 4.70563535543, 0.0184292532319
2.59, -14.0860228149, -0.983694395912, 4.68442266346, 0.0162747703687
2.6, -14.0393132482, -0.983577022288, 4.66386530224, 0.00697289140329
2.61, -13.9928060178, -0.983517223102, 4.64394139204, 0.00602781120358
2.62, -13.9465570903, -0.983403507283, 4.6105684993, 0.0151262626664
2.63, -13.9006597525, -0.983226791671, 4.57567241228, 0.0183883197552
2.64, -13.8551058662, -0.983056823473, 4.54184647807, 0.0131812972625
2.65, -13.8098846524, -0.982965118811, 4.50909892859, 0.00562049506524
2.66, -13.7649854405, -0.982896852133, 4.47741540076, 0.00843652687004
2.67, -13.7203975379, -0.982757104732, 4.44679585381, 0.017034652461
2.68, -13.6761105181, -0.982569788195, 4.41719214793, 0.0170261530471
2.69, -13.6321145738, -0.982439751144, 4.38854178243, 0.00820578517682
2.7, -13.5884004025, -0.982377983638, 4.36081158153, 0.00519650875842
2.71, -13.5449587668, -0.982281284073, 4.33400396129, 0.0131343902649
2.72, -13.501857777, -0.982115555548, 4.29241983156, 0.0171615563879
2.73, -13.4591737461, -0.981943656368, 4.2512688902, 0.0142256730391
2.74, -13.4168950786, -0.981840611401, 4.21132232891, 0.00636589792143
2.75, -13.3750100825, -0.981776729537, 4.17251031718, 0.00702565332559
2.76, -13.3335075131, -0.981656198363, 4.13475726177, 0.0151788167998
2.77, -13.2923762795, -0.981477580083, 4.09822276665, 0.0171543686339
2.78, -13.2516060817, -0.981337891608, 4.06248621553, 0.00945750024623
2.79, -13.2111866947, -0.981271183252, 4.02800689395, 0.00475412949664
2.8, -13.1711086545, -0.981190499098, 3.99435759106, 0.0109071006206
2.81, -13.1313635446, -0.981031374682, 3.96012558459, 0.0177125365662
2.82, -13.0920449678, -0.980861940784, 3.91141285231, 0.0135067267496
2.83, -13.0532015639, -0.980769000798, 3.86437083928, 0.00531930517137
2.84, -13.014821619, -0.980712780404, 3.81858976363, 0.00659693041721
2.85, -12.9768921705, -0.980593377366, 3.77418310255, 0.015192773548
2.86, -12.9394002747, -0.980430090611, 3.73110325946, 0.0158986703891
2.87, -12.9023336666, -0.980291015775, 3.68910405954, 0.0101811563947
2.88, -12.8656805297, -0.980217284226, 3.64838587045, 0.00503440055873
2.89, -12.8294294181, -0.98014519595, 3.60868816695, 0.00912626421025
2.9, -12.7935686527, -0.980008305001, 3.57026759241, 0.015611387409
2.91, -12.7580985908, -0.979848962425, 3.52714225615, 0.0134893203449
2.92, -12.7231286864, -0.97974967379, 3.47423559342, 0.00602675293229
2.93, -12.6886791521, -0.979694653773, 3.42284913336, 0.00555153044852
2.94, -12.654736228, -0.979595400706, 3.37288834296, 0.0127512101851
2.95, -12.6212854057, -0.979437781054, 3.32439361738, 0.0155704245546
2.96, -12.5883120816, -0.979306958152, 3.27735475822, 0.00899881379597
2.97, -12.5558017255, -0.979246687188, 3.23177062355, 0.00369496855994
2.98, -12.5237397586, -0.979184970223, 3.18763616833, 0.00839756684415
2.99, -12.4921119842, -0.979053359771, 3.14487212971, 0.0150832966537
3.0, -12.4609053676, -0.978902517512, 3.10335032008, 0.0122972047928
3.01, -12.430174005, -0.978819413561, 3.04853223439, 0.00408768271825
3.02, -12.4000027407, -0.978783021114, 2.99296794484, 0.00379122242404
3.03, -12.3703805299, -0.978699340981, 2.93864729183, 0.0110421326814
3.04, -12.3412952946, -0.978567810699, 2.88549648266, 0.0119028703406
3.05, -12.3127357783, -0.978486775171, 2.83346096527, 0.00325965402188
3.06, -12.284690822, -0.978481626339, 2.78257093078, -0.00100740675173
3.07, -12.2571485573, -0.978450847405, 2.73291548686, 0.00672164074015
3.08, -12.2300960924, -0.978328255274, 2.68460367604, 0.0144165654761
3.09, -12.2035193925, -0.978192393032, 2.63776991538, 0.0100255629067
3.1, -12.1774034691, -0.978138332558, 2.59244321743, 0.00112825900599
3.11, -12.1517675551, -0.97812479401, 2.53831229229, 0.00234487752937
3.12, -12.1267149507, -0.978043989115, 2.47967165031, 0.0117368124462
3.13, -12.1022401143, -0.977934436253, 2.42263898241, 0.0116185469312
3.14, -12.0783269428, -0.977833455358, 2.36725714165, 0.0102677818342
3.15, -12.0549595945, -0.977739540174, 2.3134385188, 0.00669312243456
3.16, -12.0321227239, -0.977692241949, 2.26114199565, 0.00252325709848
3.17, -12.0098014885, -0.977655803996, 2.21026474441, 0.00430621778237
3.18, -11.9879811291, -0.977581151346, 2.16088596467, 0.00857608590669
3.19, -11.966647364, -0.97748783719, 2.11291167449, 0.00777635586275
3.2, -11.9457862028, -0.977430949683, 2.06632043276, 0.00276309031074
3.21, -11.9253798293, -0.977409799698, 2.02311920673, 0.00146244333038
3.22, -11.9053724505, -0.977367427542, 1.98504616407, 0.00578098006091
3.23, -11.8857399996, -0.977284746486, 1.9481321162, 0.00824940442664
3.24, -11.8664709574, -0.977213661433, 1.91233231043, 0.0043178146654
3.25, -11.8475544245, -0.977190566053, 1.87761741655, 0.000307146251923
3.26, -11.8289798276, -0.977171907703, 1.84392719894, 0.00310480256271
3.27, -11.8107373953, -0.977102846233, 1.81117045514, 0.00861497970646
3.28, -11.7928183447, -0.977004913597, 1.77924049046, 0.00847988982912
3.29, -11.7752148447, -0.976940853583, 1.74805328532, 0.00336797164798
3.3, -11.7579156628, -0.976915107155, 1.71957771227, 0.00172049720738
3.31, -11.7408716141, -0.976870644938, 1.6955803723, 0.00585974083802
3.32, -11.7240648463, -0.976787059002, 1.67213321151, 0.00823144915655
3.33, -11.7074897511, -0.976716338679, 1.64921397452, 0.00414990870165
3.34, -11.6911411489, -0.976695875182, 1.62681469217, -0.000132756717159
3.35, -11.6750137403, -0.97668298158, 1.60496216522, 0.00237792402241
3.36, -11.6591019119, -0.976622322842, 1.58368636619, 0.00764500371047
3.37, -11.6433999439, -0.976536416119, 1.56298137501, 0.00709166004108
3.38, -11.6279022354, -0.976488140163, 1.54283332711, 0.00179153622001
3.39, -11.6126031891, -0.976475918416, 1.52325208381, 0.000747157805678
3.4, -11.5974969216, -0.976436271649, 1.50427078315, 0.00582617548555
3.41, -11.5825679355, -0.976350919179, 1.48908037255, 0.00849285829274
3.42, -11.5677677794, -0.976279762422, 1.47700812336, 0.00397431807174
3.43, -11.553086152, -0.976262638546, 1.46536888437, -0.000540132272438
3.44, -11.5385188404, -0.976251912804, 1.45413098359, 0.00230106208317
3.45, -11.5240618581, -0.976190046159, 1.44328625093, 0.00777219275295
3.46, -11.5097116237, -0.976104913719, 1.43275509272, 0.00670232970087
3.47, -11.4954651408, -0.976064126679, 1.42251728796, 0.000782065724435
3.48, -11.4813197019, -0.976061723359, 1.41255334912, -8.88721087077e-05
3.49, -11.4672724098, -0.976026961816, 1.40289327088, 0.00564161724055
3.5, -11.4533203458, -0.97594199615, 1.39351221759, 0.00849297454106
3.51, -11.4394278943, -0.975872591197, 1.39044222307, 0.0036492414023
3.52, -11.4255688056, -0.975859747531, 1.38718615434, -0.000956259593175
3.53, -11.4117416041, -0.975850953268, 1.38406325881, 0.00233774181389
3.54, -11.3979452131, -0.975786494195, 1.38101946873, 0.0080959517134
3.55, -11.3841786014, -0.975699485955, 1.3780682827, 0.00666288775944
3.56, -11.3704409947, -0.975661876033, 1.37519779371, 0.000270273237279
3.57, -11.3567317995, -0.975664552949, 1.37240413444, -0.000487588937476
3.58, -11.3430502037, -0.975630957318, 1.36967978015, 0.0057466623622
3.59, -11.3293952055, -0.975544088358, 1.36707581537, 0.00863489519852
3.6, -11.3157660397, -0.975476117806, 1.36452588305, 0.00327055112823
3.61, -11.3021527708, -0.975468518973, 1.36521805121, -0.00145102416394
3.62, -11.2885123473, -0.975461728683, 1.36848699306, 0.00243855145127
3.63, -11.2748393231, -0.975393538789, 1.37172550039, 0.00857687768537
3.64, -11.2611342923, -0.975303600775, 1.37489501164, 0.00669219846805
3.65, -11.2473982825, -0.97526887463, 1.37794096603, -0.000202958181042
3.66, -11.2336323768, -0.975274912714, 1.38087563818, -0.000601671177924
3.67, -11.2198373364, -0.975238339285, 1.38376586228, 0.00629397993048
3.68, -11.2060137681, -0.975145906342, 1.38658824314, 0.00902474588357
3.69, -11.1921624465, -0.975078024919, 1.38931666771, 0.00292841515979
3.7, -11.1782843786, -0.975075176611, 1.39194786257, -0.00188871788799
3.71, -11.1643533825, -0.975068998732, 1.39997536724, 0.00273449914776
3.72, -11.1503400886, -0.974994996672, 1.40816164108, 0.00925513609733
3.73, -11.1362460982, -0.974900969182, 1.41611030762, 0.00679245095198
3.74, -11.1220737483, -0.974868883516, 1.42383997705, -0.00064777651243
3.75, -11.107825449, -0.97487759233, 1.43132869453, -0.000584567020618
3.76, -11.0935032682, -0.974836517005, 1.43859957629, 0.00703542565215
3.77, -11.0791089847, -0.97473682422, 1.44572597549, 0.0095731339505
3.78, -11.0646446381, -0.974667739112, 1.45263944999, 0.00271155107031
3.79, -11.0501124697, -0.974668364979, 1.45932093193, -0.00216464079274
3.8, -11.0355144578, -0.974661050191, 1.46580583921, 0.00321933377746
3.81, -11.0208351422, -0.974579572735, 1.47648807277, 0.0100699117365
3.82, -11.0060377031, -0.97448056387, 1.48835528339, 0.00692964197804
3.83, -10.9911234568, -0.974450732091, 1.49984920693, -0.00104496861098
3.84, -10.9760957832, -0.974461404744, 1.51105545439, -0.000479441485988
3.85, -10.9609577795, -0.974414669496, 1.52194752296, 0.00789625712088
3.86, -10.9457122769, -0.974306672953, 1.53255550663, 0.010215742034
3.87, -10.9303623233, -0.974235825222, 1.54284543298, 0.00253046997493
3.88, -10.9149110914, -0.974239441362, 1.55282520288, -0.0023864679426
3.89, -10.8993614975, -0.974229876446, 1.56252990888, 0.00383052492683
3.9, -10.8837031579, -0.974139331138, 1.57573836386, 0.0110220430801
3.91, -10.8678975278, -0.974034241842, 1.59064661082, 0.00714320577128
3.92, -10.8519451477, -0.974006247615, 1.60510548707, -0.00142074941316
3.93, -10.8358501914, -0.974018375985, 1.61917908545, -0.000292970330485
3.94, -10.8196165703, -0.973964631601, 1.63286306489, 0.0089007304528
3.95, -10.8032478728, -0.973846929401, 1.64619070236, 0.0109558344735
3.96, -10.7867479424, -0.973774168555, 1.65911875939, 0.00229916953226
3.97, -10.7701207155, -0.973781016895, 1.67167154446, -0.0025810336996
3.98, -10.7533697621, -0.973768022202, 1.68387463115, 0.00464949748984
3.99, -10.7364983861, -0.973666879274, 1.69575991799, 0.0120709066838
4.0, -10.7195098662, -0.97355564132, 1.70730443556, 0.00732124638218
4.01, -10.7024038247, -0.9735298387, 1.72048881863, -0.00177377091666
4.02, -10.685141844, -0.973542422805, 1.73709057127, 6.87187279918e-05
4.03, -10.6677164007, -0.973480287511, 1.75323580845, 0.0100226385227
4.04, -10.6501318217, -0.973352867239, 1.76892076672, 0.0116096805333
4.05, -10.6323929566, -0.973278653306, 1.78410495821, 0.00208129664644
4.06, -10.6145048307, -0.973288097267, 1.79879858913, -0.00267016549381
4.07, -10.5964720498, -0.973270728358, 1.81305557362, 0.00552647192907
4.08, -10.5782986649, -0.973166327684, 1.82630129862, 0.0098437504009
4.09, -10.5599888206, -0.973051735248, 1.84036353427, 0.00873542969384
4.1, -10.5415467076, -0.973007330923, 1.85338627422, 2.28069396791e-06
4.11, -10.5229757754, -0.973012018359, 1.86673486479, -9.65454493805e-05
4.12, -10.5042426117, -0.972959123648, 1.88490548381, 0.0088723536267
4.13, -10.4853317876, -0.972835838164, 1.9024655086, 0.0120881387704
4.14, -10.4662480963, -0.972746446013, 1.91949162414, 0.00414507391219
4.15, -10.4469970191, -0.972739184795, 1.93597155264, -0.00171863519123
4.16, -10.4275838009, -0.972724105737, 1.95194553072, 0.00450446515933
4.17, -10.4080131982, -0.972621688004, 1.96746113518, 0.012672868862
4.18, -10.3882899257, -0.97249676267, 1.98249307528, 0.00919517398163
4.19, -10.3684189334, -0.972452375723, 1.99702865632, -0.000230304544669
4.2, -10.34839399, -0.972457181881, 2.01455154482, 0.000247966338143
4.21, -10.3281778644, -0.972395539608, 2.0338701856, 0.0100879878591
4.22, -10.3077716226, -0.972260440575, 2.05259233308, 0.0130325400734
4.23, -10.2871815194, -0.972167128437, 2.07066605751, 0.00410783642085
4.24, -10.2664140664, -0.972161712753, 2.08809940391, -0.00180652686158
4.25, -10.2454753523, -0.9721423508, 2.10494982153, 0.0054041772246
4.26, -10.2243708094, -0.972035812464, 2.12065119333, 0.0105846241419
4.27, -10.203105838, -0.97190569797, 2.13706035142, 0.0108059651819
4.28, -10.1816858209, -0.971841189272, 2.15230443074, 0.0016516041154
4.29, -10.1601161227, -0.971837724214, 2.16702875163, 7.03521875395e-05
4.3, -10.1384015753, -0.971785357035, 2.18129519217, 0.00897143729821
4.31, -10.1165465583, -0.97165322378, 2.19513223301, 0.0136896137239
4.32, -10.0945383983, -0.971542950057, 2.21286771899, 0.00632750234346
4.33, -10.0723430295, -0.971520337858, 2.23150344675, -0.000889734295649
4.34, -10.0499643098, -0.971504065703, 2.2495667253, 0.00430217557027
4.35, -10.0274076925, -0.971399390498, 2.26709934298, 0.0135168280645
4.36, -10.004678532, -0.971257227569, 2.28408705524, 0.0114615644309
4.37, -9.9817823944, -0.971191426956, 2.30051665384, 0.00147228507229
4.38, -9.95872480382, -0.971188560292, 2.3164109198, 0.000307764043783
4.39, -9.93551071851, -0.971128081592, 2.33183547769, 0.0101953206556
4.4, -9.91214464652, -0.970995089503, 2.34680937553, 0.0131448562613
4.41, -9.88861828578, -0.970875454903, 2.36509600947, 0.00813121003757
4.42, -9.86489497794, -0.970833119485, 2.3848693974, 0.000781922063428
4.43, -9.84097706465, -0.970811014164, 2.40404874587, 0.00395007770024
4.44, -9.81687022673, -0.970715129984, 2.42267322375, 0.0126396406505
4.45, -9.7925799951, -0.970572351782, 2.44073970443, 0.0124835894601
4.46, -9.76811206129, -0.970487678223, 2.4582333092, 0.00369200086535
4.47, -9.74347212195, -0.970469208099, 2.47517231817, 0.00100606353949
4.48, -9.71866539372, -0.970412695372, 2.49161344051, 0.00917759031129
4.49, -9.6936966164, -0.970274688221, 2.50759154572, 0.0147874566841
4.5, -9.66857056081, -0.970146800794, 2.52308033629, 0.00847009858636
4.51, -9.64329219033, -0.970104326775, 2.53807873108, 0.00071542582339
4.52, -9.61785909088, -0.970079216029, 2.55537766628, 0.00469411816055
4.53, -9.59223233938, -0.969971444151, 2.57530816906, 0.0140253047476
4.54, -9.56640926642, -0.969817599752, 2.59466924514, 0.0131946354308
4.55, -9.54039570452, -0.969731088133, 2.61342797196, 0.00355987121003
4.56, -9.51419766114, -0.969712735338, 2.63159849135, 0.00129442023596
4.57, -9.48782063607, -0.969647540564, 2.649245055, 0.010466165391
4.58, -9.46126964327, -0.969495865301, 2.66640096648, 0.0159926081841
4.59, -9.43454976673, -0.969361518172, 2.68303430579, 0.00863667486166
4.6, -9.40766630117, -0.969320008664, 2.69914526066, 0.000624258977733
4.61, -9.3806272148, -0.969291067235, 2.71279063847, 0.00552800360927
4.62, -9.35349472373, -0.969170885289, 2.71960897355, 0.0154323489731
4.63, -9.32629405041, -0.969019829903, 2.7262910153, 0.0144668688348
4.64, -9.2990275763, -0.96891397311, 2.73277255278, 0.00562468576917
4.65, -9.27169730194, -0.968883799567, 2.73906576345, 0.0015170287694
4.66, -9.24430487916, -0.96882636845, 2.74521199738, 0.00922815279944
4.67, -9.21685155143, -0.968681849816, 2.75124173494, 0.0160831913859
4.68, -9.18933868074, -0.96853500486, 2.75711554946, 0.0106144426658
4.69, -9.16176798299, -0.968475500919, 2.76281575231, 0.00183306555819
4.7, -9.1341411269, -0.968447218665, 2.76836197911, 0.00451823646905
4.71, -9.10646495241, -0.968339852006, 2.77093828159, 0.0144126863456
4.72, -9.07880106497, -0.968188113394, 2.76794487136, 0.014990021676
4.73, -9.05116616357, -0.968067571649, 2.76506873759, 0.00751519000641
4.74, -9.02355953102, -0.968024157529, 2.76229211661, 0.00203140195797
4.75, -8.99597998391, -0.967973226573, 2.75965083735, 0.00786590824244
4.76, -8.96842597412, -0.967840809728, 2.75717187707, 0.0154468933531
4.77, -8.94089607738, -0.967688247485, 2.75481301881, 0.0120945079478
4.78, -8.91338930731, -0.967611707887, 2.75254189303, 0.00324777533652
4.79, -8.88590481275, -0.967581124382, 2.75036280174, 0.00371206868897
4.8, -8.85844140772, -0.96748831792, 2.74831709734, 0.012906474972
4.81, -8.83099880676, -0.967327372019, 2.74535330108, 0.0155645820449
4.82, -8.80362938649, -0.967206807662, 2.73501520838, 0.00708866352205
4.83, -8.77635966734, -0.96716915958, 2.72514372437, 0.00153839544653
4.84, -8.74918693002, -0.967118443707, 2.71561255077, 0.00828349944311
4.85, -8.7221074643, -0.966986948089, 2.70580719016, 0.0129037844491
4.86, -8.69511782547, -0.966834438561, 2.69763628597, 0.0131578980964
4.87, -8.66821488682, -0.966743383536, 2.68910450669, 0.00456885525963
4.88, -8.64139584143, -0.966710036129, 2.68085491043, 0.00300214821077
4.89, -8.61465767189, -0.966631928613, 2.67291841082, 0.0112341612969
4.9, -8.5879972135, -0.966479813691, 2.66529263192, 0.0156168992415
4.91, -8.5614116616, -0.966348286067, 2.65792083589, 0.00871252132183
4.92, -8.53491466449, -0.966299214653, 2.64579897585, 0.00188128083821
4.93, -8.50856384038, -0.966257183862, 2.63071150606, 0.00662692364205
4.94, -8.48236117752, -0.966133527339, 2.61613801275, 0.0151546070446
4.95, -8.45630161481, -0.965975550388, 2.60206241235, 0.0131669356376
4.96, -8.43038045562, -0.965889616056, 2.58844025755, 0.00375436487892
4.97, -8.40459329539, -0.96586336788, 2.57525813927, 0.00257188921519
4.98, -8.37893551324, -0.965784189577, 2.56254790304, 0.0117287206531
4.99, -8.35340239285, -0.965640344612, 2.55029425857, 0.0152180515975
5.0, -8.32798968904, -0.965501204772, 2.53844765987, 0.0100954261313
5.01, -8.30269355504, -0.9654412576, 2.52697073363, 0.00232989243767
5.02, -8.27755739736, -0.965406955916, 2.50719158605, 0.00499603239421
5.03, -8.25261130991, -0.965300628579, 2.48843095409, 0.0138085492457
5.04, -8.22784956891, -0.965158358046, 2.4702915145, 0.0139236961327
5.05, -8.20326607767, -0.965045085941, 2.45275640656, 0.00722259339515
5.06, -8.17885498209, -0.964999747499, 2.43579884098, 0.00247636982169
5.07, -8.15461043456, -0.964946719977, 2.41943144849, 0.00769799587501
5.08, -8.1305263799, -0.96482218789, 2.4036719203, 0.0142550941731
5.09, -8.10659695462, -0.964681708771, 2.38847602379, 0.0111172230146
5.1, -8.08281674111, -0.964609115143, 2.37381108917, 0.00332825783158
5.11, -8.05918080144, -0.964576056268, 2.35960806932, 0.00386871496121
5.12, -8.03570314803, -0.964487600052, 2.34046990311, 0.011921395391
5.13, -8.01243814725, -0.964340693829, 2.31898523771, 0.0140616092082
5.14, -7.9893854407, -0.964231026718, 2.29802454077, 0.00650325923298
5.15, -7.96653932785, -0.964194298937, 2.27764401076, 0.00169589746605
5.16, -7.94389421658, -0.964145128813, 2.25777404033, 0.0076838350684
5.17, -7.92144411427, -0.96401822958, 2.23855881913, 0.0145380827048
5.18, -7.8991833402, -0.963878454383, 2.21994225729, 0.0106546022947
5.19, -7.8771068149, -0.963814364412, 2.20170913038, 0.00229937337818
5.2, -7.85520958095, -0.963789577358, 2.18402812219, 0.00336167768769
5.21, -7.83348742548, -0.963701667419, 2.16589978949, 0.0121545726962
5.22, -7.81198812296, -0.963553242277, 2.14084653148, 0.013975385883
5.23, -7.79073404404, -0.963449425099, 2.11658843856, 0.00553840902044
5.24, -7.76971935365, -0.963423413481, 2.09296571605, 0.000732345983371
5.25, -7.74893746631, -0.963379275509, 2.06996474627, 0.00758748117414
5.26, -7.72838137812, -0.963258668948, 2.04704829066, 0.0114589071676
5.27, -7.70804464408, -0.963124779568, 2.02609400572, 0.0111601169295
5.28, -7.68792122877, -0.963051307234, 2.00504361153, 0.00316564914648
5.29, -7.66800536795, -0.963028000944, 1.98458245753, 0.00223657523828
5.3, -7.64829123356, -0.962959405066, 1.96468888537, 0.00997027619658
5.31, -7.62878020288, -0.962825139796, 1.94212863907, 0.0134656136917
5.32, -7.60952735624, -0.962715719873, 1.91509298064, 0.00666307177598
5.33, -7.59054043669, -0.962682662867, 1.88892468531, 0.000682298909647
5.34, -7.57181263092, -0.962651277824, 1.8632768265, 0.0054875805488
5.35, -7.5533362343, -0.962543736875, 1.83850911416, 0.0130977065314
5.36, -7.53510395246, -0.962410144481, 1.81443822435, 0.0106154866957
5.37, -7.5171091205, -0.962346528467, 1.79104868876, 0.00193217095471
5.38, -7.49934541778, -0.962334060758, 1.76822187245, 0.00142967751236
5.39, -7.48180628685, -0.962268801403, 1.74608921916, 0.00996395862948
5.4, -7.46448503659, -0.962134512675, 1.72461270742, 0.013314545275
