timestamp, prius1 x posi, prius1 y posi, prius1 x vel, prius1 y vel.
0.0, 0.0, 0.0, 0.0, 0.0
0.00999999999999, 1.00001850295, -30.0181170289, 0.00466821926616, 0.128388477192
0.02, 1.00000363711, -30.0167692033, -0.00494165899406, 0.145990132915
0.03, 0.999935804379, -30.0152414713, -0.00490082473365, 0.164552074278
0.04, 0.999932195003, -30.0135226859, 0.00496769034925, 0.183950926927
0.05, 1.00000476856, -30.0116064312, 0.00830198394021, 0.204225779604
0.06, 1.0000380953, -30.0094831461, -0.000569064932469, 0.225141509791
0.07, 0.999981213383, -30.0071479803, -0.00689568194744, 0.246798300719
0.08, 0.999934351422, -30.0045903726, 4.88615092839e-05, 0.269596678747
0.09, 0.999983385137, -30.0018004305, 0.00891872494057, 0.293037318493
0.1, 1.00005524138, -29.9987733956, 0.0048883709615, 0.317205098814
0.11, 1.00003767043, -29.9954982074, -0.00544689293256, 0.342602554694
0.12, 0.999981929906, -29.9919653749, -0.00468971559205, 0.368519077901
0.13, 0.999970915617, -29.9881717066, 0.00379097334856, 0.394982343404
0.14, 1.00003655036, -29.9841092784, 0.00836360834625, 0.422033321923
0.15, 1.00008144327, -29.9797750137, 0.001278037675, 0.44943930655
0.16, 1.00004168391, -29.9751646183, -0.00570794125508, 0.477158773466
0.17, 0.999995197217, -29.9702777136, -0.000775871634164, 0.504595889669
0.18, 1.00003347319, -29.9651188931, 0.00808956205394, 0.531605662412
0.19, 1.00010784098, -29.9596919915, 0.00610592306253, 0.55810646845
0.2, 1.00010863684, -29.9540041476, -0.00352737685032, 0.58381646723
0.21, 1.0000484134, -29.9480632971, -0.00470562734305, 0.60871963639
0.22, 1.00004321859, -29.9418775418, 0.00478558936947, 0.632822240775
0.23, 1.0001194698, -29.9354546333, 0.0092568041053, 0.656185053399
0.24, 1.00016776623, -29.9288016204, 0.00114815066316, 0.678851501505
0.25, 1.00012417906, -29.9219255874, -0.00608606978884, 0.700839045386
0.26, 1.00007859522, -29.9148326495, -0.000219148397388, 0.722239376589
0.27, 1.00012660208, -29.9075286093, 0.00921009513527, 0.743102452681
0.28, 1.00020884062, -29.9000183695, 0.00645711504631, 0.763493641378
0.29, 1.00020778921, -29.8923055403, -0.00401928818215, 0.783775974181
0.3, 1.00015892588, -29.8843895236, -0.00462845349, 0.804059362237
0.31, 1.00014509078, -29.8762717267, 0.00350991991911, 0.824086149027
0.32, 1.00021420849, -29.867955108, 0.00934172633409, 0.843885282931
0.33, 1.00027450049, -29.859441173, 0.00301968317655, 0.86355137412
0.34, 1.00024765567, -29.8507313342, -0.00500859008913, 0.88301626007
0.35, 1.00020075171, -29.8418283645, -0.00124974568141, 0.902184004531
0.36, 1.00023633192, -29.8327353683, 0.00826309007107, 0.921033458373
0.37, 1.00032071181, -29.8234553541, 0.00768153486161, 0.939651624174
0.38, 1.00033794171, -29.8139897103, -0.00215941686832, 0.95810355579
0.39, 1.00028320225, -29.8043405566, -0.00485027784238, 0.976409933086
0.4, 1.00027305203, -29.7945085957, 0.00431869504166, 0.994671926149
0.41, 1.00035180642, -29.7844948548, 0.0102122615652, 1.01273049758
0.42, 1.00041563205, -29.7743011795, 0.00289664085454, 1.03071447177
0.43, 1.00038424595, -29.7639280476, -0.00552788330281, 1.04862403509
0.44, 1.00035017176, -29.7533755047, -0.00146961336814, 1.06658618917
0.45, 1.00037592415, -29.7426439922, 0.00702838833236, 1.08436795281
0.46, 1.00045483082, -29.731735759, 0.00797703827344, 1.10199531052
0.47, 1.00048499299, -29.7206515081, -0.000336853429871, 1.11957305238
0.48, 1.0004448078, -29.709391765, -0.00407857162695, 1.13703949664
0.49, 1.00043095824, -29.6979579985, 0.00317274500134, 1.15443320969
0.5, 1.00049811402, -29.6863504823, 0.00947958946485, 1.17180234486
0.51, 1.00056617933, -29.6745687481, 0.0042541089479, 1.1893027178
0.52, 1.00055245312, -29.6626104182, -0.00388546677245, 1.20724898936
0.53, 1.00051056369, -29.6504706843, -0.00127833419279, 1.22537432406
0.54, 1.00054298901, -29.6381503998, 0.00795742324542, 1.24335955237
0.55, 1.00062970183, -29.6256477849, 0.00845883879339, 1.26181520297
0.56, 1.00065947578, -29.6129601732, -0.000731475430329, 1.28046361932
0.57, 1.0006151693, -29.6000849867, -0.00430121559483, 1.29934082992
0.58, 1.00060434374, -29.5870203384, 0.00390583220789, 1.318255055
0.59, 1.00068083237, -29.5737662641, 0.0103764216949, 1.33732422873
0.6, 1.00075325759, -29.560320269, 0.0042438677839, 1.35652515125
0.61, 1.00073580253, -29.5466818792, -0.00436737495946, 1.37588928013
0.62, 1.00069256845, -29.5328495075, -0.000991004260226, 1.39523594984
0.63, 1.00073276864, -29.5188247879, 0.00899653364558, 1.41441402407
0.64, 1.00082801185, -29.5046059557, 0.00897499271829, 1.43408611235
0.65, 1.00085732564, -29.4901889052, -0.00115576318566, 1.45395195073
0.66, 1.00080873124, -29.4755728074, -0.00451205349836, 1.47409795858
0.67, 1.00080155033, -29.4607529865, 0.00473721004672, 1.4944849284
0.68, 1.00088835179, -29.4457302944, 0.0113463375106, 1.51476486386
0.69, 1.00096524892, -29.4305024882, 0.00419644031625, 1.53550495168
0.7, 1.00095170472, -29.415066675, -0.00150810642461, 1.5562284378
0.71, 1.0009108274, -29.3994232442, -0.00183704329748, 1.57712369881
0.72, 1.00093909853, -29.3835708072, 0.0079864220129, 1.59797444712
0.73, 1.00103510277, -29.3675094677, 0.0100554985659, 1.61898453032
0.74, 1.00108227693, -29.3512374896, 0.000773236459986, 1.64011341186
0.75, 1.00104425482, -29.3347532699, -0.00442616757993, 1.66132575389
0.76, 1.00102778501, -29.3180572312, 0.00333241034087, 1.68258023114
0.77, 1.00110596581, -29.3011483006, 0.01131236964, 1.70380615019
0.78, 1.00119464515, -29.2840271379, 0.00613803141383, 1.72510606101
0.79, 1.00119091257, -29.2666922651, -0.00367924654088, 1.74651057432
0.8, 1.00115962405, -29.2491433573, -0.00227187611374, 1.76790171345
0.81, 1.00117683624, -29.2313811697, 0.00675188661098, 1.7891880656
0.82, 1.00126895377, -29.2134056878, 0.0106049864827, 1.81045718965
0.83, 1.0013312846, -29.1952184677, 0.00273885113171, 1.83165174917
0.84, 1.00130760122, -29.1768194415, -0.00379858554838, 1.85269839253
0.85, 1.00128565897, -29.1582118235, 0.00204902348435, 1.87343267667
0.86, 1.00135249037, -29.1393982052, 0.0107512695483, 1.8938999835
0.87, 1.00144804428, -29.120380672, 0.0077688198109, 1.91417886514
0.88, 1.00146330461, -29.1011621586, -0.00205324052026, 1.93414897746
0.89, 1.00142257249, -29.0817447027, -0.00229497101835, 1.95392292236
0.9, 1.00144536219, -29.0621314278, 0.00770406876561, 1.97337882955
0.91, 1.00154721682, -29.0423241737, 0.0113736118624, 1.9927513941
0.92, 1.00161151448, -29.0223235002, 0.00246764997397, 2.01197922114
0.93, 1.0015911693, -29.002132169, -0.000848695408224, 2.03089065543
0.94, 1.00157365153, -28.9817525619, 0.0014312759915, 2.04960099638
0.95, 1.00162950356, -28.9611879412, 0.0096792222509, 2.06798713604
0.96, 1.00172358688, -28.9404404955, 0.0085447430776, 2.086129063
0.97, 1.00175454195, -28.9195131422, -0.000208136686703, 2.10401804049
0.98, 1.00172552436, -28.8984080374, -0.00197942119147, 2.12164530758
0.99, 1.00174098067, -28.8771285125, 0.00638683451391, 2.13891399293
1.0, 1.00183300721, -28.8556775363, 0.011062639146, 2.15598375365
1.01, 1.0019060055, -28.8340569172, 0.00415153790349, 2.17282962575
1.02, 1.0018948985, -28.8122683197, -0.00290691208369, 2.18955389567
1.03, 1.00187517481, -28.7903138798, 0.00178897906671, 2.20605118392
1.04, 1.00193874117, -28.7681954727, 0.0106259616927, 2.22234839943
1.05, 1.00203964734, -28.7459146806, 0.00885525721242, 2.23849699632
1.06, 1.00206868455, -28.7234732414, -0.000701352015787, 2.25451520771
1.07, 1.00203575321, -28.7008722279, -0.00209583772092, 2.27046035584
1.08, 1.00205554593, -28.678111546, 0.00722355683825, 2.28640383341
1.09, 1.00215681855, -28.6551924316, 0.0118435971973, 2.30215757615
1.1, 1.00223230566, -28.6321159781, 0.0039392219778, 2.31787292519
1.11, 1.00221640159, -28.6088830532, -0.00339544259543, 2.33341271841
1.12, 1.00219628741, -28.5854961848, 0.00221362966009, 2.34871323054
1.13, 1.00226834904, -28.5619568995, 0.0116415696429, 2.36386162427
1.14, 1.00237625862, -28.5382672692, 0.00913684851958, 2.37882902169
1.15, 1.00240273059, -28.5144280813, -0.00126748851767, 2.393767605
1.16, 1.00238016638, -28.4904402558, -0.0021188969823, 2.40852409193
1.17, 1.00239033784, -28.4663057703, 0.00585891845755, 2.42318089264
1.18, 1.00248368615, -28.442025128, 0.0118606197596, 2.43764669318
1.19, 1.00257051116, -28.4176002063, 0.00574454060601, 2.4520351165
1.2, 1.00257054802, -28.3930325659, -0.0024103018612, 2.46629890862
1.21, 1.00254813097, -28.3683226244, 0.00109012027894, 2.48042768335
1.22, 1.00260702427, -28.3434727313, 0.0106377874045, 2.4943368354
1.23, 1.00271658886, -28.3184841323, 0.0103135395878, 2.50815573639
1.24, 1.00276069267, -28.2933584234, 0.000509687408373, 2.52172656867
1.25, 1.00273132289, -28.2680979508, -0.00244636649328, 2.53511002825
1.26, 1.0027441898, -28.2427053473, 0.0065837235846, 2.54817873924
1.27, 1.00284657859, -28.2171829796, 0.0126876927886, 2.5610587362
1.28, 1.00293650537, -28.191533076, 0.00557011271427, 2.57372341767
1.29, 1.00293128398, -28.1657574462, -0.00301587033445, 2.58616383874
1.3, 1.00292066493, -28.1398588243, 0.000771762547152, 2.59833966648
1.31, 1.00296890099, -28.1138398561, 0.00933584140828, 2.61025790729
1.32, 1.0030724705, -28.0877027565, 0.010559948638, 2.62197235852
1.33, 1.00312888745, -28.0614495646, 0.0022552006396, 2.63346578013
1.34, 1.00311313128, -28.0350825659, -0.00178079530601, 2.64476815587
1.35, 1.00312125353, -28.008603303, 0.00533991180932, 2.65590736209
1.36, 1.00321125783, -27.9820136763, 0.0118912492072, 2.66685084842
1.37, 1.00330483521, -27.9553155071, 0.00686241433894, 2.67762036642
1.38, 1.0033164042, -27.9285105822, -0.00148097139511, 2.68819048567
1.39, 1.00329684641, -27.901601108, 0.000838978937682, 2.69855149628
1.4, 1.00335063101, -27.874589015, 0.0101645554155, 2.70870733734
1.41, 1.0034611923, -27.8474765262, 0.0109698388602, 2.71863769104
1.42, 1.00351644199, -27.8202656144, 0.00176517156431, 2.72841002365
1.43, 1.00349534782, -27.7929577461, -0.00214559717256, 2.73803204709
1.44, 1.00350507727, -27.765554525, 0.00593817860221, 2.74748433979
1.45, 1.00360330476, -27.73805746, 0.0126900638729, 2.75680510169
1.46, 1.00370029783, -27.7104680184, 0.00674857552939, 2.76596603865
1.47, 1.00370689279, -27.6827875427, -0.00210974490072, 2.77499827194
1.48, 1.00368440461, -27.6550178716, 0.000963652329794, 2.78382731083
1.49, 1.0037444957, -27.6271603078, 0.0110699975451, 2.79256237286
1.5, 1.00386238163, -27.5992163845, 0.0113664233769, 2.80110872502
1.51, 1.00391585995, -27.5711877062, 0.00119347911964, 2.80953960633
1.52, 1.00390288698, -27.5430754038, -0.00173417373641, 2.81780067372
1.53, 1.00390506519, -27.5148808396, 0.00454714378923, 2.82599025988
1.54, 1.0039919936, -27.4866053072, 0.0121812024135, 2.83401651
1.55, 1.00409562589, -27.4582501944, 0.0082494597362, 2.84192111454
1.56, 1.00411847762, -27.4298166937, -0.00084275677202, 2.84968449487
1.57, 1.00409707836, -27.4013064005, 9.20927474499e-05, 2.85729713317
1.58, 1.00414321442, -27.3727206967, 0.0097006985153, 2.86476114169
1.59, 1.00425743613, -27.344061096, 0.0120054425863, 2.87209380997
1.6, 1.00432598482, -27.3153285489, 0.00300611523722, 2.87935041969
1.61, 1.00430982773, -27.28652398, -0.00236969388188, 2.88649796516
1.62, 1.0043117402, -27.2576485143, 0.0049977796055, 2.89352259194
1.63, 1.00440631513, -27.2287034719, 0.0129984960283, 2.90043197223
1.64, 1.00451396251, -27.1996898494, 0.00819666507857, 2.9072297085
1.65, 1.00453174258, -27.1706088134, -0.00155326161519, 2.91392778049
1.66, 1.00451963766, -27.1414612938, -0.000532192104939, 2.92053234908
1.67, 1.00455277021, -27.1122482865, 0.00827331651676, 2.92701750468
1.68, 1.00466128802, -27.0829710922, 0.0123791132659, 2.93336009132
1.69, 1.00474320693, -27.0536301392, 0.00478178616603, 2.93976977626
1.7, 1.00473931387, -27.0242257318, -0.00196082202705, 2.94606259103
1.71, 1.0047335883, -26.9947590982, 0.00350437229699, 2.95223272037
1.72, 1.00481484278, -26.9652310246, 0.0122489163983, 2.95834191913
1.73, 1.00492747526, -26.9356422568, 0.00963283362529, 2.96438888552
1.74, 1.00496216668, -26.9059932569, -0.000143970364339, 2.97037208497
1.75, 1.00493861368, -26.8762850245, -0.000781752706659, 2.97624911834
1.76, 1.00497494442, -26.8465179205, 0.00899044644013, 2.98213598317
1.77, 1.00509110642, -26.8166923805, 0.0129652134599, 2.98796404905
1.78, 1.00517336071, -26.7868085604, 0.00435403455977, 2.99378858058
1.79, 1.00517092609, -26.7568663783, 0.000746161929784, 2.999597029
1.8, 1.00516730886, -26.7268658057, 0.00266326473879, 3.00544994717
1.81, 1.00523558968, -26.6968073183, 0.0110018673136, 3.0112392716
1.82, 1.00534516264, -26.6666911522, 0.010255263449, 3.01700420024
1.83, 1.00539378993, -26.6365141736, 0.00150132516141, 3.02348407845
1.84, 1.00537975318, -26.606270454, -0.000684550805522, 3.03027780998
1.85, 1.00540686604, -26.5759578858, 0.00751755237246, 3.03732607217
1.86, 1.00551185668, -26.5455709588, 0.0125291589989, 3.04514077585
1.87, 1.00560133985, -26.5151038705, 0.0058701837942, 3.0532467526
1.88, 1.00560632058, -26.4845537592, -0.00146527632956, 3.06183298847
1.89, 1.00559879559, -26.4539161398, 0.00286328706232, 3.070681088
1.9, 1.00567341503, -26.4231840463, 0.0118321790861, 3.08063447979
1.91, 1.005788732, -26.3923519051, 0.0104665967138, 3.09072783846
1.92, 1.00583437096, -26.361416452, 0.000899825443512, 3.10149346744
1.93, 1.00581520538, -26.3303690867, -0.000923554717697, 3.11286943616
1.94, 1.00584544348, -26.2992067306, 0.00824602379359, 3.12461215156
1.95, 1.00595875725, -26.267923063, 0.0132385982969, 3.13709170876
1.96, 1.00605011978, -26.236512836, 0.00560727307321, 3.14991117934
1.97, 1.00604970203, -26.2049710737, -0.002020531011, 3.16327826934
1.98, 1.00604096103, -26.173295443, 0.0032043497809, 3.17669076818
1.99, 1.00612334192, -26.1414846149, 0.0127968300052, 3.19043074791
2.0, 1.00624537114, -26.1095336195, 0.0107377439826, 3.2046906243
2.01, 1.00628829857, -26.0774366484, 0.000312768722947, 3.21950378445
2.02, 1.00627902589, -26.0451888476, -0.00101134475668, 3.23506280211
2.03, 1.00629900364, -26.0127819884, 0.00684146088269, 3.25107210259
2.04, 1.00640442903, -25.9802136118, 0.0132992324264, 3.26746800454
2.05, 1.00650765084, -25.9474794955, 0.00746016277989, 3.28410078817
2.06, 1.00652323981, -25.9145782878, -0.00105678192569, 3.30100689067
2.07, 1.00651176419, -25.881504865, 0.0020372609529, 3.31851046888
2.08, 1.00658085671, -25.8482553464, 0.011824823625, 3.33611792511
2.09, 1.00670529535, -25.8148285922, 0.0120183876639, 3.35417938674
2.1, 1.00676670238, -25.7812160017, 0.00214682343747, 3.37313140092
2.11, 1.00675075638, -25.7474125056, -0.00134069665728, 3.39224428533
2.12, 1.00677351566, -25.7134173681, 0.00760136338683, 3.41157384155
2.13, 1.00688870392, -25.6792279824, 0.014230930466, 3.43095415576
2.14, 1.00699614128, -25.6448440817, 0.00739464733682, 3.45060211889
2.15, 1.0070072379, -25.6102614326, -0.00161110888795, 3.47069142469
2.16, 1.00700801546, -25.5754765276, 0.00176356038315, 3.49098299423
2.17, 1.00706717627, -25.5404859004, 0.0106298979363, 3.51186072972
2.18, 1.00718696288, -25.5052847535, 0.0124177891574, 3.53297124219
2.19, 1.00726207904, -25.4698731807, 0.00401933127973, 3.55414300999
2.2, 1.00726070718, -25.4342465608, -0.000596104862877, 3.57579111167
2.21, 1.00727949032, -25.3983990323, 0.00645008821467, 3.59823646284
2.22, 1.00738358397, -25.362328209, 0.0136020853847, 3.62049292563
2.23, 1.00749655604, -25.3260352631, 0.00888378440856, 3.64287071201
2.24, 1.00752610153, -25.2895151124, 6.22364017292e-05, 3.66580393337
2.25, 1.00751893181, -25.2527653641, 0.00193609294947, 3.68869106507
2.26, 1.00758500231, -25.2157866818, 0.011633222975, 3.711781863
2.27, 1.00771386301, -25.1785756416, 0.0130554889779, 3.73496324245
2.28, 1.00778989164, -25.1411335818, 0.00371252755122, 3.7579823201
2.29, 1.00778462286, -25.1034626214, -0.000835390539491, 3.78091204129
2.3, 1.00780637854, -25.0655596097, 0.00721325687087, 3.80420212408
2.31, 1.00792078195, -25.0274249481, 0.0146425921423, 3.82734560252
2.32, 1.00803959638, -24.9890589494, 0.00899925820067, 3.85038434006
2.33, 1.00806601073, -24.9504631434, -0.000416332516996, 3.87338501782
2.34, 1.00805725296, -24.9116372524, 0.00220223470727, 3.89640789768
2.35, 1.00813147714, -24.8725819914, 0.0127660316587, 3.9191001793
2.36, 1.00827024039, -24.8332979997, 0.0137193178834, 3.94224582554
2.37, 1.00834685115, -24.7937833699, 0.00334079725558, 3.96526581989
2.38, 1.00835148639, -24.7540385581, -0.000274204052599, 3.98827594764
2.39, 1.00836710978, -24.7140643883, 0.00597986031991, 4.01107116357
2.4, 1.00847227711, -24.6738634109, 0.0143819542357, 4.03377997248
2.41, 1.00860044659, -24.6334345518, 0.0107719552648, 4.05656066685
2.42, 1.00864545857, -24.5927792369, 0.00104884879083, 4.07902322475
2.43, 1.00863944946, -24.5519011992, 0.00148548412315, 4.10116272654
2.44, 1.00870149652, -24.5108017994, 0.011605561153, 4.12330188504
2.45, 1.00883908404, -24.4694818787, 0.0146295501261, 4.1452714443
2.46, 1.00893336971, -24.4279434748, 0.00539173459187, 4.16697328594
2.47, 1.00894879975, -24.3861889072, 0.00093784793879, 4.18842253914
2.48, 1.00896234108, -24.3442230367, 0.0049261727457, 4.20925981108
2.49, 1.00905616357, -24.3020486684, 0.0136303824649, 4.23024149809
2.5, 1.00918840004, -24.2596656111, 0.0121378710619, 4.25097173319
2.51, 1.0092517817, -24.2170755978, 0.00280976302824, 4.27167430772
2.52, 1.00925315094, -24.1742791194, 0.00121654194751, 4.2921728361
2.53, 1.00930423115, -24.1312800778, 0.0102389463765, 4.31224102097
2.54, 1.00943576897, -24.0880802365, 0.0149574309498, 4.33229989448
2.55, 1.00954440057, -24.0446813717, 0.00741469526734, 4.35206596067
2.56, 1.0095638099, -24.0010865664, 0.000107096628832, 4.37146784504
2.57, 1.00957685865, -23.9573000021, 0.00536301295826, 4.39045358343
2.58, 1.00967921849, -23.9133252741, 0.0146522367356, 4.40910943283
2.59, 1.00981875297, -23.8691657723, 0.0124719809381, 4.42741952796
2.6, 1.00988031077, -23.8248248513, 0.00232400222663, 4.44539794227
2.61, 1.00987806463, -23.7803060024, 0.0011538055632, 4.46299454673
2.62, 1.00993425179, -23.735613391, 0.0111602305099, 4.48016636586
2.63, 1.01007573119, -23.6907508493, 0.0157829366433, 4.49702666956
2.64, 1.01018694117, -23.6457210846, 0.00718576726343, 4.51359647171
2.65, 1.01020955537, -23.6005272703, 0.00299149754621, 4.52978655772
2.66, 1.01022622302, -23.5551731465, 0.0046691777181, 4.54566881158
2.67, 1.01031729708, -23.5096624649, 0.0135921873738, 4.56118122234
2.68, 1.01045580874, -23.4639980532, 0.0132993453771, 4.57639331564
2.69, 1.01053318803, -23.4181833706, 0.00413552203592, 4.59125074421
2.7, 1.01054183169, -23.3722214465, 0.00136377054597, 4.60585406205
2.71, 1.01058990344, -23.3261150439, 0.00980444289577, 4.62015936928
2.72, 1.01072173248, -23.2798671344, 0.0155226214214, 4.63415138203
2.73, 1.01084203595, -23.2334808445, 0.00887881766729, 4.64784153563
2.74, 1.01087340797, -23.1869591411, 0.00084653608981, 4.66125469898
2.75, 1.01088679634, -23.1403046998, 0.00492886872464, 4.67439865555
2.76, 1.01098516569, -23.0935202033, 0.014547210188, 4.68726130814
2.77, 1.01113092875, -23.0466084439, 0.0136582539552, 4.69988475253
2.78, 1.01120642632, -22.9995713555, 0.0035959832943, 4.71232247884
2.79, 1.01121018363, -22.9524111491, 0.00112694613408, 4.72448913868
2.8, 1.01126165157, -22.9051309897, 0.0105847555594, 4.73633645957
2.81, 1.01140270615, -22.8577335217, 0.0163342776291, 4.74794228819
2.82, 1.01152573182, -22.8102215455, 0.00866042358777, 4.75924710513
2.83, 1.0115597426, -22.7625980466, 0.00359992765248, 4.77021576487
2.84, 1.01157503804, -22.7148661962, 0.00405227076534, 4.78090135781
2.85, 1.01166077082, -22.6670299063, 0.0134095640081, 4.79115775106
2.86, 1.01180537011, -22.6190929742, 0.0145049933941, 4.80105196269
2.87, 1.01189659339, -22.5710588316, 0.00534952215923, 4.81059739419
2.88, 1.01190987864, -22.5229311262, 0.00114938055133, 4.81977407297
2.89, 1.01195137869, -22.4747134017, 0.00907692738981, 4.82862247746
2.9, 1.01208206786, -22.42640879, 0.0160660620618, 4.83716401194
2.91, 1.01221434309, -22.3780202928, 0.0103565092138, 4.84538334593
2.92, 1.0122564305, -22.329551328, 0.0013314906621, 4.85328785216
2.93, 1.01226657523, -22.2810048012, 0.00410593030717, 4.8608927999
2.94, 1.01235807474, -22.2323838641, 0.0142761707212, 4.86819391108
2.95, 1.01250981479, -22.1836911997, 0.0148945824707, 4.87523443071
2.96, 1.01259917168, -22.1349296128, 0.0047580896529, 4.88198484516
2.97, 1.01262018626, -22.0861018601, 0.00150842669607, 4.88849762795
2.98, 1.01265363248, -22.0372106354, 0.00764142018103, 4.89468363074
2.99, 1.01277275771, -21.9882587234, 0.0155437669178, 4.90062653402
3.0, 1.01291160898, -21.9392486733, 0.0118479827663, 4.90631799772
3.01, 1.01296970234, -21.8901829983, 0.00255726812598, 4.91175757657
3.02, 1.0129804159, -21.8410642278, 0.00317767873777, 4.91694291939
3.03, 1.01305750199, -21.7918948269, 0.0128740281673, 4.92190483248
3.04, 1.01320541369, -21.742676799, 0.0155250051441, 4.92666374184
3.05, 1.01330970866, -21.6934122757, 0.00654567531622, 4.93120879058
3.06, 1.01332712441, -21.6441034282, 0.000817194556411, 4.93554392507
3.07, 1.01335971818, -21.5947522227, 0.00803735396291, 4.93968813588
3.08, 1.01348611829, -21.5453605012, 0.0163384282421, 4.94364283695
3.09, 1.0136288406, -21.4959302282, 0.0117798313326, 4.94740321108
3.1, 1.01368154762, -21.446463253, 0.00179822846846, 4.95099733109
3.11, 1.01370088895, -21.3969612182, 0.00248675678388, 4.95441188306
3.12, 1.01376446307, -21.347426069, 0.0114111938817, 4.95762515219
3.13, 1.01390647322, -21.2978598349, 0.015884072669, 4.9606377276
3.14, 1.01402387897, -21.2482642843, 0.00827902736578, 4.96348974046
3.15, 1.01405293212, -21.1986411569, 0.0011503075957, 4.96615832578
3.16, 1.01407716898, -21.1489922481, 0.00648290095001, 4.96865001801
3.17, 1.01418986595, -21.0993192266, 0.0155664499317, 4.97099978477
3.18, 1.01433738749, -21.0496233538, 0.0131908254919, 4.97321269802
3.19, 1.01440652939, -20.9999060842, 0.00313946914857, 4.97528044527
3.2, 1.01442811835, -20.9501689374, 0.00223539544831, 4.97719452029
3.21, 1.01447987771, -20.9004134529, 0.00982971098109, 4.97896328743
3.22, 1.01461182189, -20.8506408219, 0.0156905985385, 4.9806173271
3.23, 1.01473850335, -20.800852368, 0.0098820827898, 4.98213090703
3.24, 1.01478152918, -20.7510494057, 0.00194362640102, 4.98353253636
3.25, 1.01480154943, -20.7012329962, 0.00516433049787, 4.98480015739
3.26, 1.01489904619, -20.6514047975, 0.0143539745402, 4.98592121399
3.27, 1.01504615684, -20.6015658084, 0.0141659463623, 4.98696139912
3.28, 1.01513104703, -20.5517167922, 0.00473912081725, 4.98791427637
3.29, 1.01514429437, -20.5018588429, 0.00173784063676, 4.98876206075
3.3, 1.01519675099, -20.4519931006, 0.0103340314435, 4.98945837509
3.31, 1.01533550666, -20.4021209625, 0.0163049720691, 4.99006704157
3.32, 1.01546347509, -20.352243001, 0.00955325900177, 4.99062340516
3.33, 1.01549982317, -20.3023597277, 0.00119290775486, 4.99113909132
3.34, 1.01552976424, -20.2524721864, 0.00465805974154, 4.9914629272
3.35, 1.01561472077, -20.2025817891, 0.012868291894, 4.99171746476
3.36, 1.01575409449, -20.1526894751, 0.0142476390618, 4.99186000877
3.37, 1.0158496852, -20.1027959412, 0.00632363404011, 4.99194515868
3.38, 1.01587485595, -20.0529020176, 0.00222819178017, 4.99193921255
3.39, 1.01592076103, -20.0030087032, 0.00891018622403, 4.99183941284
3.4, 1.01604540184, -19.9531167183, 0.0153452043337, 4.99166571573
3.41, 1.01617546631, -19.9032269392, 0.0106949526201, 4.99140189334
3.42, 1.01622704768, -19.8533400759, 0.0025663475226, 4.99109140816
3.43, 1.01624650287, -19.8034565963, 0.00454387049929, 4.99071584191
3.44, 1.01633507657, -19.7535773669, 0.0135059071883, 4.9902579232
3.45, 1.01647975009, -19.703702851, 0.0145113360965, 4.98976479776
3.46, 1.01657290972, -19.6538336138, 0.00571623402484, 4.98921215276
3.47, 1.01659141853, -19.6039700865, 0.00171227969216, 4.98861243104
3.48, 1.01663717507, -19.5541130711, 0.00932030689442, 4.98792424698
3.49, 1.01676822896, -19.5042630338, 0.0159784552507, 4.98722042403
3.5, 1.01690031705, -19.4544204694, 0.0104621956439, 4.98642162012
3.51, 1.01694577562, -19.4045861641, 0.00181679752573, 4.98557608831
3.52, 1.01696083155, -19.3547606086, 0.00450071243217, 4.98466170295
3.53, 1.01705391326, -19.304944554, 0.0142325180959, 4.98369214674
3.54, 1.01720434392, -19.2551382509, 0.0147748950222, 4.98270280271
3.55, 1.01729460239, -19.2053421648, 0.00504033393687, 4.98164703237
3.56, 1.01731794077, -19.1555570041, 0.00284223277182, 4.98053020203
3.57, 1.01736046888, -19.1057832839, 0.00813413655225, 4.97933774047
3.58, 1.01747767398, -19.0560219683, 0.0148600740337, 4.97807811317
3.59, 1.0176091335, -19.0062732589, 0.0113200929461, 4.97680351524
3.6, 1.01766869776, -18.9565374799, 0.00325853180904, 4.97550089466
3.61, 1.01768926199, -18.9068151117, 0.00411947636173, 4.97412838924
3.62, 1.01776983169, -18.8571066827, 0.0126270560506, 4.97270202406
3.63, 1.01791035189, -18.8074127457, 0.014611804054, 4.97123180116
3.64, 1.01800987605, -18.7577336555, 0.00660177683516, 4.96974414659
3.65, 1.01803433338, -18.7080695725, 0.00186335905198, 4.96821715928
3.66, 1.01807512855, -18.6584209849, 0.00841625214107, 4.96667015592
3.67, 1.01819791995, -18.6087881993, 0.0154640329653, 4.96504564082
3.68, 1.01833171448, -18.5591717096, 0.0111514960407, 4.96340287034
3.69, 1.01838559039, -18.5095717825, 0.00251289212662, 4.96174324495
3.7, 1.018401148, -18.4599886776, 0.00397160293774, 4.96002981953
3.71, 1.01848518622, -18.4104229146, 0.0132764054499, 4.95828878398
3.72, 1.01863138746, -18.3608746453, 0.0149238115122, 4.95652210564
3.73, 1.01872874882, -18.3113441511, 0.00599337998561, 4.95473047625
3.74, 1.01874616749, -18.2618317233, 0.00128919161933, 4.95291008595
3.75, 1.01878629273, -18.2123378718, 0.00879350054192, 4.95102978996
3.76, 1.01891554455, -18.1628627121, 0.0161284261777, 4.94918315144
3.77, 1.01905170196, -18.1134061239, 0.0109394861832, 4.94728242816
3.78, 1.01909926799, -18.0639688559, 0.0017121538005, 4.94534073883
3.79, 1.01912414292, -18.0145511129, 0.00394217856519, 4.94336845055
3.8, 1.01919807533, -17.9651532901, 0.0117658054894, 4.94136895782
3.81, 1.01933307746, -17.9157755229, 0.0144853892948, 4.93934839348
3.82, 1.01943704801, -17.8664180869, 0.0073827337339, 4.93730134298
3.83, 1.019468056, -17.8170812062, 0.00219382437876, 4.93524655389
3.84, 1.01950587277, -17.7677648658, 0.00766238822721, 4.93318350582
3.85, 1.01962027361, -17.718469695, 0.014797502599, 4.93103149334
3.86, 1.01975348803, -17.6691960427, 0.0116130276306, 4.92886691165
3.87, 1.01981488058, -17.6199441119, 0.00326064332027, 4.92668373591
3.88, 1.01983269933, -17.5707141914, 0.00366476350586, 4.92447760585
3.89, 1.01990892419, -17.5215063881, 0.0123154891261, 4.92223947354
3.9, 1.0200492375, -17.4723212905, 0.0148171136511, 4.91996224301
3.91, 1.02015160964, -17.4231588013, 0.00683748112311, 4.91770545309
3.92, 1.02017574468, -17.3740190913, 0.00158499697742, 4.91541668181
3.93, 1.0202120357, -17.3249023287, 0.00793169231598, 4.91310506753
3.94, 1.02033214672, -17.2758088634, 0.0154351353787, 4.91076027604
3.95, 1.02046812076, -17.226738895, 0.0114827942301, 4.90841740376
3.96, 1.02052394492, -17.1776923208, 0.00250170783635, 4.90606858205
3.97, 1.02053640558, -17.1286693852, 0.003475081221, 4.90368811685
3.98, 1.02061585666, -17.0796705023, 0.0129636908669, 4.90126279264
3.99, 1.02076209653, -17.0306959294, 0.0151666079732, 4.89882684721
4.0, 1.02086255751, -16.9817457144, 0.00623350126328, 4.89640171409
4.01, 1.02087938017, -16.932819648, 0.000962279059522, 4.89398862344
4.02, 1.02091453261, -16.8839180063, 0.00827578875558, 4.89152621962
4.03, 1.02104109761, -16.835040978, 0.0161260510397, 4.8890556289
4.04, 1.02117981461, -16.7861886768, 0.011306059722, 4.88657999238
4.05, 1.02122938945, -16.7373611473, 0.00167924945357, 4.8841053766
4.06, 1.02124990261, -16.6885587134, 0.00274147887713, 4.88156094879
4.07, 1.02131527236, -16.6397817904, 0.0114252069642, 4.87901229832
4.08, 1.02145456268, -16.5910302403, 0.0154047194878, 4.87647792675
4.09, 1.0215669658, -16.5423041383, 0.00786631976901, 4.87393231702
4.1, 1.02159471956, -16.4936034001, 0.00124871161056, 4.87137840459
4.11, 1.02162109588, -16.4449286594, 0.00667303091336, 4.86874798054
4.12, 1.02173317893, -16.3962802776, 0.0152518095294, 4.86612089959
4.13, 1.02187551664, -16.3476580513, 0.0125999401418, 4.86350433577
4.14, 1.02194061502, -16.2990620065, 0.00295763217249, 4.860893695
4.15, 1.02194861965, -16.2504921357, 0.00237931596433, 4.85824611579
4.16, 1.02201597362, -16.201948993, 0.0120119171105, 4.85556976467
4.17, 1.02216150972, -16.1534326884, 0.0158476425711, 4.85289805231
4.18, 1.02227289334, -16.1049427839, 0.00731389527068, 4.85025070328
4.19, 1.02230092899, -16.0564796559, 0.00382591122012, 4.84751450828
4.2, 1.02232831795, -16.0080435758, 0.0057268103793, 4.84486109281
4.21, 1.02242629929, -15.9596346086, 0.0138822383971, 4.84214282942
4.22, 1.02256422772, -15.9112526305, 0.0130810234284, 4.83942530991
4.23, 1.02264191328, -15.8628979187, 0.00447910578702, 4.83670937122
4.24, 1.02265830037, -15.8145702765, 0.00236502696994, 4.83401064236
4.25, 1.02271522083, -15.7662694546, 0.0104067776739, 4.83135672606
4.26, 1.0228482121, -15.7179959152, 0.0152717201698, 4.82855509645
4.27, 1.02296546859, -15.6697501151, 0.00869789276648, 4.82579936347
4.28, 1.02299971926, -15.6215317755, 0.00151174733393, 4.82304923754
4.29, 1.0230218326, -15.5733410057, 0.00576418585824, 4.82028427977
4.3, 1.02312438387, -15.525178331, 0.0145305588767, 4.81745095919
4.31, 1.02326641209, -15.4770438417, 0.0131405180231, 4.81463265558
4.32, 1.02333971162, -15.4289374801, 0.00373442312938, 4.81181789785
4.33, 1.02334942854, -15.3808595814, 0.00195530867974, 4.80896260844
4.34, 1.02340763973, -15.332810499, 0.0109386472245, 4.80605653148
4.35, 1.02354697611, -15.2847903386, 0.0157813322465, 4.80316418948
4.36, 1.02366421646, -15.2367990554, 0.00824679453608, 4.80029104539
4.37, 1.0236911862, -15.1888364515, 0.000760707425334, 4.79740265953
4.38, 1.02371006127, -15.1409029873, 0.00589191356203, 4.7944879179
4.39, 1.02381816663, -15.0929995962, 0.0152645820511, 4.79116987447
4.4, 1.02396466457, -15.0451362679, 0.0131990021494, 4.78637182473
4.41, 1.02403320815, -14.9973285229, 0.00293260947029, 4.7801722936
4.42, 1.02405010537, -14.9495862002, 0.00159021118838, 4.77361085499
4.43, 1.02409534559, -14.9019184473, 0.00925768729052, 4.76519506549
4.44, 1.02422402849, -14.8543393027, 0.0155488658962, 4.75563524677
4.45, 1.02435014348, -14.8068646059, 0.00978946117109, 4.74429380369
4.46, 1.02439006241, -14.7595164352, 0.00140743262371, 4.73003594139
4.47, 1.02440293667, -14.712324828, 0.00437034618979, 4.71319685113
4.48, 1.02449399105, -14.6653115795, 0.01388019178, 4.69448557637
4.49, 1.02463868557, -14.6185006318, 0.014017651634, 4.67273781422
4.5, 1.02472096305, -14.5719190083, 0.00427044285833, 4.6483041774
4.51, 1.02474033195, -14.5256128321, 0.00154985440527, 4.61863485069
4.52, 1.02477403067, -14.4796079181, 0.00745668467534, 4.58759494226
4.53, 1.02488712805, -14.4339277193, 0.0145618807047, 4.55379171588
4.54, 1.02501479473, -14.3885989409, 0.0107385282767, 4.51742626316
4.55, 1.02506538897, -14.3436412837, 0.00208683178151, 4.47993728732
4.56, 1.02507361687, -14.2990643917, 0.00291580099717, 4.44092257037
4.57, 1.02514509633, -14.2548873991, 0.0119326112951, 4.40001815758
4.58, 1.02528015015, -14.2111296411, 0.0140185414435, 4.35752538266
4.59, 1.02537104141, -14.1678027353, 0.00541172394682, 4.31352512567
4.6, 1.02539240903, -14.1249236788, 0.00183635016018, 4.26838345411
4.61, 1.02541538534, -14.0824976929, 0.00555085307679, 4.22222970806
4.62, 1.02550851045, -14.0405560802, 0.012908079019, 4.1720071028
4.63, 1.02563061557, -13.9991194441, 0.0110704464354, 4.12164135459
4.64, 1.02568912334, -13.9581927985, 0.00280997498097, 4.06919721514
4.65, 1.02569511221, -13.9178058415, 0.00173508136299, 4.01456024993
4.66, 1.0257467524, -13.877969664, 0.00965256800129, 3.95871691244
4.67, 1.02586575687, -13.8386990869, 0.0132399602947, 3.9014354512
4.68, 1.02595912554, -13.8000054716, 0.00620964471186, 3.84377911801
4.69, 1.02597382145, -13.7618887724, 5.12459409379e-05, 3.78584254541
4.7, 1.0259864534, -13.7243615928, 0.00494998230825, 3.72613897748
4.71, 1.02607696199, -13.6874330916, 0.0127507529347, 3.66569165256
4.72, 1.02619448098, -13.6511157766, 0.0102179648889, 3.60394305398
4.73, 1.02623975129, -13.6154223725, 0.00121564954495, 3.54101425639
4.74, 1.02624492062, -13.5803690681, 0.000666743554884, 3.47589055696
4.75, 1.02627681234, -13.5459802451, 0.00724851981175, 3.40925462934
4.76, 1.02637681382, -13.5122600227, 0.012083248232, 3.34232180894
4.77, 1.02646942001, -13.4792142795, 0.0067751067085, 3.27512664105
4.78, 1.02648791437, -13.4468421525, -0.000142799544288, 3.20771717226
4.79, 1.02648709144, -13.415152087, 0.00273543806985, 3.13957784046
4.8, 1.02655322733, -13.3841490007, 0.0105664111479, 3.07104024886
4.81, 1.02665983024, -13.3538403975, 0.0100735604815, 3.00173587471
4.82, 1.02670956804, -13.3242275921, 0.0017060692812, 2.93238695101
4.83, 1.02669729674, -13.2953175787, -0.000752880428912, 2.86208722987
4.84, 1.02672001209, -13.2671152437, 0.00669043385151, 2.79158953854
4.85, 1.02681569433, -13.2396227661, 0.0115592492793, 2.72091645993
4.86, 1.02689890424, -13.2128361882, 0.00546108878571, 2.65033996588
4.87, 1.02690203566, -13.1867461972, -0.00170029300671, 2.58063424446
4.88, 1.02688940324, -13.1613426806, 0.00194779373484, 2.51176636626
4.89, 1.02695149756, -13.1366170436, 0.0103167487983, 2.44373852688
4.9, 1.0270530234, -13.1125608736, 0.00922671281214, 2.37655761976
4.91, 1.02708982082, -13.0891658104, 0.0001524876554, 2.31021487691
4.92, 1.02707572188, -13.0664228324, -0.00126039960616, 2.24550506745
4.93, 1.02708202819, -13.0443167208, 0.00439213278231, 2.18269122587
4.94, 1.02715578196, -13.022829743, 0.00986770997884, 2.1216311376
4.95, 1.0272328553, -13.001944525, 0.00568471849961, 2.06228837997
4.96, 1.02724054979, -12.9816441483, -0.00146555421706, 2.00461166101
4.97, 1.02721975743, -12.9619122818, 0.000212075663516, 1.94853880755
4.98, 1.02725846902, -12.9427331276, 0.00792061504643, 1.89402551386
4.99, 1.02734479641, -12.924091227, 0.00866163166722, 1.8410433849
5.0, 1.02738508714, -12.9059714559, 0.000912675607347, 1.78955379313
5.01, 1.02735981996, -12.888359172, -0.00260527518962, 1.73950206726
5.02, 1.02735791576, -12.8712402729, 0.00396665675284, 1.6908374078
5.03, 1.02742939345, -12.8546010274, 0.00964862333937, 1.64353318671
5.04, 1.02750055661, -12.83842795, 0.00473567163716, 1.59756341409
5.05, 1.02749554334, -12.8227079111, -0.00283297010526, 1.55288533363
5.06, 1.02746384822, -12.8074282754, -0.000513496084312, 1.50944617077
5.07, 1.02749960651, -12.7925768361, 0.00787989341373, 1.46721309067
5.08, 1.02758420685, -12.7781416097, 0.00823257304286, 1.42616892208
5.09, 1.02761544392, -12.7641108471, -0.000308305179226, 1.38628415904
5.1, 1.0275777416, -12.7504731986, -0.0036665119718, 1.3475117984
5.11, 1.02757005906, -12.7372177725, 0.00380021376553, 1.30980992263
5.12, 1.02764177777, -12.724333947, 0.00965268321547, 1.27316260096
5.13, 1.02770873101, -12.7118112479, 0.00391339704052, 1.2375527919
5.14, 1.02769215152, -12.699639479, -0.00407954853662, 1.20294482148
5.15, 1.02765121718, -12.6878088705, -0.00103559838061, 1.16929257362
5.16, 1.02768629393, -12.6763100006, 0.00806362840332, 1.13657250788
5.17, 1.02777099556, -12.6651335759, 0.00793990457368, 1.10477648698
5.18, 1.02779412623, -12.6542704604, -0.00145523593872, 1.07388192411
5.19, 1.0277584995, -12.6437118718, -0.00382826160824, 1.0438459522
5.2, 1.02773772919, -12.6334493708, 0.0018636820327, 1.014639733
5.21, 1.02779232265, -12.6234747534, 0.00853849901948, 0.986247517249
5.22, 1.02785962815, -12.6137799105, 0.0047926300652, 0.958660329509
5.23, 1.02785341319, -12.6043569176, -0.00335508030739, 0.931852419292
5.24, 1.02780853146, -12.5951981897, -0.00238093842697, 0.905785050973
5.25, 1.02782474766, -12.5862964502, 0.00618646412865, 0.880436087637
5.26, 1.02790028326, -12.5776445234, 0.00801225178955, 0.85580220828
5.27, 1.02793287556, -12.5692353168, -0.000172304881036, 0.831869483661
5.28, 1.02788977529, -12.5610619875, -0.00486772340408, 0.808605296049
5.29, 1.02786418997, -12.5531180315, 0.00181939221484, 0.785977522878
5.3, 1.02792105784, -12.5453971186, 0.00881290851168, 0.763980406889
5.31, 1.02798732551, -12.537892943, 0.00429021915001, 0.742610607518
5.32, 1.02797212255, -12.5305993372, -0.00441616814532, 0.721846327467
5.33, 1.02791919165, -12.5235104382, -0.00281739567976, 0.701652069035
5.34, 1.02793601084, -12.5166206457, 0.00655459686988, 0.682011536282
5.35, 1.02801432536, -12.5099243968, 0.00803360473604, 0.662927621599
5.36, 1.02804180565, -12.5034161621, -0.00106830589604, 0.64439049437
5.37, 1.02800061979, -12.4970906423, -0.00407953948187, 0.626367846729
5.38, 1.02796836407, -12.4909428067, 0.000310242955413, 0.6088398719
5.39, 1.02800865188, -12.484967766, 0.00747255429981, 0.591797192265
5.4, 1.02807235101, -12.4791606451, 0.00496449295585, 0.575241076197
5.41, 1.02806901615, -12.4735166466, -0.00323447141155, 0.559156758128
5.42, 1.02801858757, -12.4680312099, -0.00350973888983, 0.543514882955
5.43, 1.02802007399, -12.4627000114, 0.0047124905697, 0.528298882498
5.44, 1.02808664199, -12.4575187657, 0.00772482786643, 0.513512779732
5.45, 1.02812183941, -12.4524831811, 0.000316265783499, 0.499152404947
5.46, 1.02807964558, -12.4475891174, -0.00529824294557, 0.485194839574
5.47, 1.02804284407, -12.4428326953, 0.000309405250795, 0.47161401957
5.48, 1.02808637746, -12.4382101601, 0.00790035119467, 0.458408859326
5.49, 1.02815119123, -12.4337177152, 0.00470319253799, 0.445584102671
5.5, 1.02814094487, -12.4293516138, -0.00414196138619, 0.433127102568
5.51, 1.02808325487, -12.4251083305, -0.00391753097004, 0.421009750715
5.52, 1.02808571374, -12.4209845523, 0.00515016283993, 0.409219080807
5.53, 1.02815654405, -12.4169769607, 0.00795160192876, 0.397763616405
5.54, 1.02818885863, -12.4130821974, -0.000376212838962, 0.3866416796
5.55, 1.02813813345, -12.4092970396, -0.0060753480925, 0.375831340431
5.56, 1.02809828925, -12.4056185132, 0.000451538472954, 0.365308259842
5.57, 1.02814650028, -12.4020437348, 0.00845063738527, 0.355075819161
5.58, 1.02821310316, -12.3985697398, 0.00446201549827, 0.345141922524
5.59, 1.02819589088, -12.3951935935, -0.00505589899975, 0.335495222676
5.6, 1.02814559456, -12.3919125919, -0.00416699877151, 0.326107589718
5.61, 1.02813599731, -12.3887241605, 0.00349210847905, 0.316973098943
5.62, 1.02819487038, -12.3856257527, 0.00748837022995, 0.308096669002
5.63, 1.02823353467, -12.3826147624, 0.000962095737147, 0.299480439343
5.64, 1.02819516887, -12.3796886694, -0.0053473382646, 0.291108091952
5.65, 1.02815102695, -12.376845163, -0.000865896551318, 0.282957229858
5.66, 1.0281831771, -12.3740820348, 0.00706319606602, 0.275028458551
5.67, 1.02824673093, -12.3713970004, 0.00513962905593, 0.267331343783
5.68, 1.02824287834, -12.3687877672, -0.00361020543721, 0.259859446
5.69, 1.0281839644, -12.3662522071, -0.00463840192011, 0.252589755298
5.7, 1.02817493237, -12.3637883757, 0.00391702098656, 0.245510467687
5.71, 1.02823868406, -12.3613943066, 0.00783674285188, 0.238632747605
5.72, 1.02827599029, -12.3590679261, 0.0004174710886, 0.23196711207
5.73, 1.02822995629, -12.3568071265, -0.00610084183943, 0.225515978964
5.74, 1.02818250389, -12.3546097637, -0.000767942734455, 0.219279269098
5.75, 1.02821937264, -12.3524735299, 0.00767489830079, 0.213297868501
5.76, 1.02828602038, -12.3503954497, 0.0050648762301, 0.207650735982
5.77, 1.028276622, -12.3483722347, -0.00442934223238, 0.20229398748
5.78, 1.02821098732, -12.3464009613, -0.00500135763425, 0.197325623933
5.79, 1.02820374974, -12.3444768933, 0.00447583884452, 0.192855089668
5.8, 1.02827339192, -12.3425942738, 0.00824592711847, 0.188970221535
5.81, 1.0283094405, -12.3407483632, -0.000145107065254, 0.185496908487
5.82, 1.02826365854, -12.338934632, -0.00352287334672, 0.182605627389
5.83, 1.02821714958, -12.3371458708, -0.00172636381763, 0.180361513911
5.84, 1.02823968191, -12.3353782967, 0.00628087382269, 0.178400098028
5.85, 1.02830172544, -12.3336244998, 0.00553969863123, 0.177951908605
5.86, 1.02830501207, -12.3318678773, -0.0028815433553, 0.178596477379
5.87, 1.02824803761, -12.3301015375, -0.00498567956318, 0.180017264783
5.88, 1.02823053731, -12.3283155026, 0.00288750378603, 0.182643982605
5.89, 1.02828780203, -12.3264959722, 0.00769778867876, 0.186408889269
5.9, 1.02833012273, -12.3246352045, 0.00130020434591, 0.191005283815
5.91, 1.02829129158, -12.3227240944, -0.00574783160239, 0.196315675926
5.92, 1.02824031646, -12.3207564777, -0.00160761997324, 0.202554959788
5.93, 1.02826814716, -12.3187196992, 0.00700814465116, 0.209834342669
5.94, 1.02833515379, -12.3166085433, 0.00570593784534, 0.217435141856
5.95, 1.02833523612, -12.3144166036, -0.00349124530353, 0.226192732399
5.96, 1.02827294539, -12.312131591, -0.00525523930873, 0.235918637442
5.97, 1.02825805136, -12.3097463835, 0.00355454897714, 0.246071421881
5.98, 1.02832303019, -12.3072576114, 0.00835961031909, 0.256630255924
5.99, 1.02836696196, -12.3046589277, 0.00102590389402, 0.268262972357
6.0, 1.02832264394, -12.3019387751, -0.00631196295167, 0.280793858519
6.01, 1.02827026356, -12.2990893307, -0.00129292948182, 0.294097755658
6.02, 1.02830548754, -12.296103787, 0.00793418884055, 0.307986674817
6.03, 1.02837890593, -12.2929762607, 0.00596248432827, 0.322348252809
6.04, 1.02837623164, -12.2896980112, -0.00407154788389, 0.337901858781
6.05, 1.02830936494, -12.286267019, -0.00539825991806, 0.352975157512
6.06, 1.02829887735, -12.2826766614, 0.00442273328548, 0.369751670807
6.07, 1.02837324317, -12.2789183323, 0.00913601447077, 0.38681146486
6.08, 1.02841924435, -12.2749867393, 0.000756171976718, 0.404250220351
6.09, 1.0283777537, -12.2708785749, -0.00344834229895, 0.422338452479
6.1, 1.02832880739, -12.2665857631, -0.0019930630037, 0.440793441599
6.11, 1.0283527164, -12.2621033501, 0.0068798745725, 0.460449176858
6.12, 1.02842508071, -12.2574231015, 0.00678809484385, 0.480274670534
6.13, 1.02843825502, -12.2525431554, -0.00224092902382, 0.50051179007
6.14, 1.02838254754, -12.2474588561, -0.00514743993735, 0.521001828308
6.15, 1.02836437779, -12.2421697587, 0.00311909723217, 0.541474360402
6.16, 1.02842957086, -12.2366743544, 0.00892779064387, 0.562366486723
6.17, 1.0284851794, -12.2309669104, 0.00250994069833, 0.58401795753
6.18, 1.0284531094, -12.2250390946, -0.00551623523858, 0.606150530031
6.19, 1.02840170989, -12.2188900259, -0.00164239809499, 0.628498099655
6.2, 1.02843374966, -12.2125128819, 0.00792214254387, 0.651466133391
6.21, 1.02851430082, -12.2059054657, 0.00725961139628, 0.674714807872
6.22, 1.02852686233, -12.1990623286, -0.00264403437889, 0.698600113476
6.23, 1.02846747996, -12.1919791832, -0.00527240716083, 0.722579458634
6.24, 1.02845372236, -12.1846556378, 0.00400841524951, 0.746810584511
6.25, 1.02852944046, -12.1770874413, 0.00989810276587, 0.771499154901
6.26, 1.02858955543, -12.1692699846, 0.00248575203553, 0.796647359246
6.27, 1.02855383591, -12.1611998386, -0.00594755732111, 0.822003472946
6.28, 1.02851620057, -12.1528736617, -0.0017788731476, 0.847722803383
6.29, 1.02853920453, -12.1442902318, 0.00677286778965, 0.87359282374
6.3, 1.0286152963, -12.1354452085, 0.00767446363514, 0.90016255975
6.31, 1.02864210586, -12.1263297061, -0.00067685167131, 0.927504738323
6.32, 1.02859867606, -12.1169403916, -0.00436817992663, 0.954809347468
6.33, 1.02858231996, -12.1072782718, 0.00296265922342, 0.982203136202
6.34, 1.02864746259, -12.0973399898, 0.00928399985203, 1.01001983901
6.35, 1.02871323841, -12.0871225648, 0.00400600235514, 1.0380359367
6.36, 1.02869682949, -12.076622517, -0.00414283515156, 1.06652572723
6.37, 1.02865270414, -12.065837733, -0.00145304098381, 1.09472196309
6.38, 1.02868374885, -12.054765475, 0.00784957736671, 1.12389526176
6.39, 1.02876922281, -12.0434037617, 0.00832196210157, 1.15312122812
6.4, 1.02879724072, -12.0317477017, -0.000919126077875, 1.18244764949
6.41, 1.02875110563, -12.019797975, -0.00445094095458, 1.21201182292
6.42, 1.02873925276, -12.0075521215, 0.00385098873656, 1.24166195869
6.43, 1.02881532996, -11.9950089362, 0.0103444072455, 1.27130887441
6.44, 1.02888720527, -11.9821664533, 0.00417513325802, 1.30167399349
6.45, 1.0288687279, -11.9690192021, -0.0044752183287, 1.33213444616
6.46, 1.02882458044, -11.9555697857, -0.00103856674907, 1.36199094771
6.47, 1.02886478161, -11.9418233726, 0.00903577203077, 1.39207441897
6.48, 1.02896041352, -11.9277702727, 0.00901544171286, 1.42302604216
6.49, 1.02898986379, -11.9134074251, -0.00115050518853, 1.45375822503
6.5, 1.02894120738, -11.8987308074, -0.00450296762972, 1.48576859268
6.51, 1.02893437731, -11.8837376038, 0.00481216491951, 1.51726667016
6.52, 1.02902218296, -11.8684275999, 0.0114720467597, 1.54904211949
6.53, 1.0291002132, -11.8527997783, 0.00430398414909, 1.58095554491
6.54, 1.0290793212, -11.8368532177, -0.00480927086996, 1.61268021192
6.55, 1.02904980465, -11.8205909732, -0.00111249703213, 1.64410152006
6.56, 1.02908167742, -11.8040146331, 0.00798215602994, 1.67561263712
6.57, 1.02917417989, -11.7871232237, 0.00958043947113, 1.70723470441
6.58, 1.02921918553, -11.7699114686, 0.000913364510024, 1.73941567227
6.59, 1.029187023, -11.7523787621, -0.00357194308261, 1.77157220503
6.6, 1.02917796609, -11.734524034, 0.0038239660639, 1.80391429826
6.61, 1.02925621284, -11.7163419672, 0.0109880338944, 1.83678057303
6.62, 1.02934123731, -11.69783295, 0.00594028348883, 1.86932194459
6.63, 1.02934036405, -11.6789999582, -0.00297340459816, 1.90157302749
6.64, 1.02930441677, -11.6598456324, -0.000765711115895, 1.93387043724
6.65, 1.02934502971, -11.6403643213, 0.00916276052269, 1.96681399647
6.66, 1.02944813387, -11.6205536559, 0.0103476635544, 1.99961368976
6.67, 1.02949518589, -11.6004162913, 0.0007142160832, 2.03236824599
6.68, 1.02946034792, -11.5799476467, -0.00366870781516, 2.06562256656
6.69, 1.02945600152, -11.5591478677, 0.00477873576723, 2.09860860647
6.7, 1.02954638584, -11.5380213302, 0.0121905205554, 2.13087431479
6.71, 1.02963849489, -11.5165747631, 0.00615312927765, 2.16322895902
6.72, 1.02963547596, -11.4947955744, -0.00334051588371, 2.19685618738
6.73, 1.02961341947, -11.4726822228, -0.000916910181802, 2.23009695534
6.74, 1.02964550239, -11.4502365179, 0.00814508404688, 2.26358975111
6.75, 1.02974638328, -11.4274528551, 0.0110310046793, 2.29753953622
6.76, 1.02980995608, -11.4043292359, 0.00283700027657, 2.33157632463
6.77, 1.02979155328, -11.3808646013, -0.00279132870495, 2.36560277544
6.78, 1.02978429543, -11.3570618049, 0.00373681297595, 2.39941669975
6.79, 1.02986523653, -11.3329171393, 0.0117785026901, 2.43374715825
6.8, 1.02996550412, -11.3084306022, 0.00791878606211, 2.46780536602
6.81, 1.02998327472, -11.2836039202, -0.00148558261252, 2.50205306529
6.82, 1.02995432173, -11.2584319076, -0.000651104331472, 2.53672118913
6.83, 1.02999460908, -11.2329134217, 0.00932305284034, 2.57121978182
6.84, 1.03010687984, -11.2070502685, 0.0119292836946, 2.60576779677
6.85, 1.03017375964, -11.1808420677, 0.00273038237575, 2.64034860475
6.86, 1.03015283257, -11.1542844304, -0.00293802916889, 2.67539187719
6.87, 1.03014945101, -11.1273793451, 0.0046125117012, 2.70990794159
6.88, 1.0302424711, -11.1001249817, 0.0130489773054, 2.74511729604
6.89, 1.03035113647, -11.0725170584, 0.00828655034065, 2.78064645312
6.9, 1.03036777464, -11.0445562498, -0.00181523059674, 2.81573956947
6.91, 1.03035319434, -11.0162463806, -0.00021294045865, 2.85060295426
6.92, 1.0303880648, -10.9875865216, 0.00830276178351, 2.88572734537
6.93, 1.03049459975, -10.9585746468, 0.0120828945625, 2.92100540087
6.94, 1.03057421362, -10.9292106227, 0.00472820661992, 2.9560685227
6.95, 1.0305724471, -10.8994957901, -0.001523895537, 2.99110107433
6.96, 1.03057146268, -10.8694287603, 0.00394027612557, 3.02651657412
6.97, 1.0306546101, -10.8390079936, 0.012262414558, 3.06186328496
6.98, 1.03076629769, -10.8082360893, 0.00958279710391, 3.09674061673
6.99, 1.03080275317, -10.777117712, 0.000293894692111, 3.13115313753
7.0, 1.03078561866, -10.7456578539, -2.92874883245e-05, 3.16505139018
7.01, 1.03082796908, -10.7138619349, 0.00942447532934, 3.19834051173
7.02, 1.03094593651, -10.6817371269, 0.0130352068702, 3.23075576315
7.03, 1.03102970558, -10.6492934122, 0.00470250494744, 3.26217402856
7.04, 1.03102567243, -10.6165403229, -0.001707471601, 3.29265247179
7.05, 1.03102764864, -10.5834875863, 0.00469350655066, 3.32212243593
7.06, 1.03112198437, -10.5501450909, 0.0134826297761, 3.35062715819
7.07, 1.03124220457, -10.5165222109, 0.00999254030388, 3.37824736278
7.08, 1.0312777821, -10.4826275037, -6.13407397477e-05, 3.40499254606
7.09, 1.03125907955, -10.4484699697, 0.000158399447223, 3.43084977352
7.1, 1.03130905716, -10.4140581695, 0.0105625904882, 3.45588521525
7.11, 1.03143829284, -10.3793998088, 0.0139203468086, 3.48019563864
7.12, 1.03152498918, -10.3445026481, 0.0045134913551, 3.50363935883
7.13, 1.03152935243, -10.3093749671, -0.000330017145844, 3.52633725051
7.14, 1.03152996121, -10.274023992, 0.00370297549279, 3.54832035827
7.15, 1.03161380172, -10.2384568801, 0.0128226178654, 3.56957826253
7.16, 1.03173893059, -10.2026808989, 0.011417098545, 3.59010343851
7.17, 1.03179310651, -10.1667033539, 0.00168935800594, 3.60993440661
7.18, 1.03178156644, -10.1305309612, -0.000136584303212, 3.62908306169
7.19, 1.03182052674, -10.0941706497, 0.00920379178108, 3.6475468878
7.2, 1.03194391986, -10.0576292553, 0.0142579629009, 3.66532627044
7.21, 1.03204469019, -10.0209132973, 0.0064690470087, 3.68249135352
7.22, 1.03205204518, -9.984029126, -0.00127898226445, 3.69898104296
7.23, 1.0320511503, -9.94698370076, 0.00405684105804, 3.71478415076
7.24, 1.03214295884, -9.90978364803, 0.013794070281, 3.7299247127
7.25, 1.03227469211, -9.87243549546, 0.0116498296198, 3.74442993519
7.26, 1.03232561166, -9.83494566942, 0.00102854289985, 3.75828869065
7.27, 1.03232329428, -9.79732048177, -0.000288152982207, 3.77154457997
7.28, 1.03235143357, -9.7595658483, 0.00772775054396, 3.78418416406
7.29, 1.03246596526, -9.72168794714, 0.0141860681559, 3.79624076974
7.3, 1.03257707674, -9.68369224413, 0.00815232940791, 3.80778130931
