timestamp, prius1 x posi, prius1 y posi, prius1 x vel, prius1 y vel.
0.0, 0.0, 0.0, 0.0, 0.0
0.00999999999999, 0.999961543027, -24.9961834593, 0.00291144985992, 0.22341917301
0.02, 0.999991736367, -24.9934961938, 0.00126907474243, 0.292783956135
0.03, 0.999988022444, -24.9901225191, -0.00262266610237, 0.361009129003
0.04, 0.99996422632, -24.9860786084, -0.00242433172974, 0.428324474952
0.05, 0.999968384729, -24.9813691354, 0.00170495461319, 0.495004799834
0.06, 1.00000292719, -24.9759977809, 0.00285940895442, 0.561350009776
0.07, 1.00001919851, -24.9699686201, -0.000909669656575, 0.627539350327
0.08, 0.999999499215, -24.9632832292, -0.0031993841759, 0.693562231839
0.09, 0.999988392632, -24.9559439206, 0.00014244738387, 0.759303848946
0.1, 1.00003029628, -24.9478595455, 0.00704491174782, 0.844121011758
0.11, 1.00013701545, -24.9389121547, 0.0102297162319, 0.931905374242
0.12, 1.00019035289, -24.9290906787, -0.00154087812052, 1.02016685622
0.13, 1.00018247591, -24.9183936779, -0.00133472438767, 1.10847694296
0.14, 1.00015768236, -24.9068214293, -0.00115415549753, 1.19672084133
0.15, 1.00016401492, -24.8943747712, 0.00362313145365, 1.28428529098
0.16, 1.0002095073, -24.8810590031, 0.00575428143822, 1.37100351299
0.17, 1.00024343109, -24.8668824467, 0.00229314507745, 1.45656947502
0.18, 1.0002404674, -24.8518555122, -0.000322008381112, 1.54108642065
0.19, 1.00024373329, -24.8359887124, 0.00294250963807, 1.62455523557
0.2, 1.00029192108, -24.819292446, 0.0071148658562, 1.70699297249
0.21, 1.00035189927, -24.8017768994, 0.00537742693852, 1.78842124851
0.22, 1.00037112348, -24.7834521003, 0.000569698386927, 1.86885083896
0.23, 1.0003645338, -24.7643280245, 0.00069145126355, 1.94828425086
0.24, 1.00039071552, -24.7444145835, 0.00566064979573, 2.0267326454
0.25, 1.00045501044, -24.7237215141, 0.00734548992221, 2.10421749374
0.26, 1.00050061912, -24.7022583657, 0.00309247169135, 2.18075482458
0.27, 1.00050389375, -24.6800348738, 0.000263781195429, 2.25632227546
0.28, 1.00051564334, -24.6570631226, 0.00405595641201, 2.33089590392
0.29, 1.00057707769, -24.6333561005, 0.00848680020096, 2.40457065816
0.3, 1.00064818054, -24.6089235297, 0.00622938935822, 2.47741545437
0.31, 1.00067353859, -24.5837739704, 0.00113764793069, 2.54938261186
0.32, 1.00067513715, -24.5579161929, 0.00182972473455, 2.6204580911
0.33, 1.00071610933, -24.5313590156, 0.0073155196683, 2.69065299434
0.34, 1.00079525812, -24.5041110931, 0.00853827709812, 2.75998727507
0.35, 1.00084816022, -24.4761809188, 0.00347428606789, 2.82844293492
0.36, 1.00085471341, -24.4475791877, 0.000685161938083, 2.89487926632
0.37, 1.0008740994, -24.4183235186, 0.00506603053906, 2.9593746498
0.38, 1.00094656784, -24.3884327301, 0.00953307953172, 3.02200128836
0.39, 1.00102538388, -24.3579250449, 0.00673200521312, 3.0828298076
0.4, 1.00105376358, -24.3268182593, 0.00136169925106, 3.14189058234
0.41, 1.00105960678, -24.2951299392, 0.0024807234145, 3.19920436324
0.42, 1.00111018162, -24.2628774364, 0.00843695470793, 3.25479581853
0.43, 1.00119993841, -24.2300778173, 0.00941593783444, 3.30870074296
0.44, 1.00125839591, -24.1967476597, 0.00377438285616, 3.36095985443
0.45, 1.00126725929, -24.1629034473, 0.000955449342434, 3.41157177558
0.46, 1.00129208945, -24.1285615856, 0.00582963418864, 3.46055628673
0.47, 1.00137364522, -24.0937381033, 0.0104273881993, 3.50796334836
0.48, 1.00145881662, -24.0584484633, 0.007075989951, 3.55385188862
0.49, 1.00148803502, -24.0227075807, 0.0013208383619, 3.59827246218
0.5, 1.00149523026, -23.9865299096, 0.00284107835111, 3.64126823363
0.51, 1.00155255905, -23.9499294291, 0.00927634883895, 3.68289133964
0.52, 1.00164976368, -23.9129195522, 0.00994233706136, 3.72320008206
0.53, 1.00170976255, -23.8755131625, 0.00364708827996, 3.76224296034
0.54, 1.00171688862, -23.8377227312, 0.000871490824369, 3.80005611871
0.55, 1.00174438271, -23.7995603737, 0.00637788573267, 3.83667566385
0.56, 1.00183293733, -23.7610377737, 0.0110960107379, 3.87214958919
0.57, 1.00192159102, -23.7221661393, 0.00709173379617, 3.906523685
0.58, 1.0019482039, -23.6829562898, 0.000947296996494, 3.93983214096
0.59, 1.00195385988, -23.6434187462, 0.00295581214498, 3.9721018654
0.6, 1.0020157759, -23.6035637113, 0.00991124437989, 4.00336907777
0.61, 1.00211812607, -23.5634009791, 0.0102127769151, 4.03367657759
0.62, 1.00217680674, -23.5229399649, 0.00322545460504, 4.06305846745
0.63, 1.00217946676, -23.4821898042, 0.000548377087649, 4.09153842552
0.64, 1.00220764434, -23.4411593937, 0.00675755755268, 4.11914122907
0.65, 1.00230147099, -23.3998573109, 0.01157770741, 4.14590354743
0.66, 1.00239135267, -23.3582917758, 0.00685750661625, 4.1718593927
0.67, 1.00241281768, -23.3164707304, 0.000335630538295, 4.19703255083
0.68, 1.00241497469, -23.2744019151, 0.00291447469196, 4.22144060277
0.69, 1.00248014727, -23.2320928429, 0.0104195040534, 4.24511064212
0.7, 1.00258606603, -23.189550715, 0.0102958773766, 4.2680753513
0.71, 1.00264125857, -23.1467824554, 0.00257908959606, 4.29035929775
0.72, 1.00263746065, -23.1037947935, 6.20141592466e-05, 4.31197815011
0.73, 1.00266511944, -23.0605942962, 0.00704536146939, 4.33294910048
0.74, 1.002763222, -23.0171872907, 0.0119406180109, 4.35330050252
0.75, 1.00285271734, -22.9735798355, 0.00643414724158, 4.37305745555
0.76, 1.00286711374, -22.9297777924, -0.000450478736653, 4.39223652104
0.77, 1.00286448727, -22.8857868861, 0.00278601243275, 4.41084892763
0.78, 1.00293226542, -22.8416126784, 0.0108657238538, 4.42891513072
0.79, 1.00304076936, -22.7972604932, 0.0102460798281, 4.4464599286
0.8, 1.00309083054, -22.7527354549, 0.00176021285436, 4.46350088429
0.81, 1.00307914164, -22.7080425518, -0.000529109522869, 4.48004832621
0.82, 1.00310568423, -22.6631866616, 0.00730095288363, 4.49611415356
0.83, 1.00320762121, -22.6181724799, 0.012235084974, 4.51172031234
0.84, 1.00329557414, -22.5730045047, 0.00586451813938, 4.5268849998
0.85, 1.00330142619, -22.5276870954, -0.00136438313535, 4.54161991585
0.86, 1.00329323873, -22.4822245164, 0.00262285824044, 4.55593210609
0.87, 1.00336348156, -22.4366209136, 0.0112973567927, 4.56983715633
0.88, 1.0034740045, -22.390880253, 0.0101002383003, 4.58335356685
0.89, 1.00351764393, -22.3450063607, 0.000804297837326, 4.59649386157
0.9, 1.00349702759, -22.2990029653, -0.00118208892745, 4.60926506434
0.91, 1.00352230533, -22.2528737171, 0.00756846474831, 4.62167546283
0.92, 1.00362802935, -22.2066221282, 0.012495295512, 4.63374194618
0.93, 1.00371357937, -22.1602515698, 0.00517563278942, 4.64547731696
0.94, 1.0037097029, -22.1137653155, -0.00237400338586, 4.65689025904
0.95, 1.00369554321, -22.0671665679, 0.00246383039287, 4.66798525522
0.96, 1.00376848232, -22.0204584418, 0.0117480075343, 4.678774257
0.97, 1.00388073349, -21.9736439191, 0.00988099496975, 4.68927058809
0.98, 1.00391687457, -21.9267258882, -0.000266567517697, 4.69948326362
0.99, 1.00388656465, -21.8797071615, -0.00186604980877, 4.70941756579
1.0, 1.00391076034, -21.8325904927, 0.00788031795052, 4.71907935402
1.01, 1.00402049805, -21.7853785309, 0.012743123745, 4.72848135608
1.02, 1.00410295731, -21.7380738315, 0.00438238538205, 4.73763209459
1.03, 1.00409643737, -21.6906788804, -0.000107133319766, 4.74653514166
1.04, 1.00407971522, -21.6431961009, 0.00115343660566, 4.75520445965
1.05, 1.00413535831, -21.5956278499, 0.010103855587, 4.76363815145
1.06, 1.00424089739, -21.547976396, 0.0101473167566, 4.7718486317
1.07, 1.00428715785, -21.5002439455, 0.000962335493035, 4.77984248539
1.08, 1.00426172565, -21.4524326404, -0.00226695478877, 4.78762531006
1.09, 1.00427174712, -21.4045445691, 0.00593162543456, 4.79520101412
1.1, 1.00436612293, -21.3565817504, 0.0119284654571, 4.80257796127
1.11, 1.00445216073, -21.3085461435, 0.00551883771368, 4.80976179328
1.12, 1.00444868354, -21.2604396579, -0.00282193417387, 4.81675882591
1.13, 1.00442272829, -21.2122641419, 0.0008105020389, 4.8235726627
1.14, 1.00447975546, -21.1640213931, 0.0104859619512, 4.83020883943
1.15, 1.00458706162, -21.1157131503, 0.00997452263086, 4.83667306501
1.16, 1.00462609709, -21.0673411214, -0.000121823202952, 4.84296997868
1.17, 1.00459009642, -21.018906954, -0.0030882965097, 4.8491052895
1.18, 1.00459765055, -20.9704122447, 0.00613522814789, 4.85508200634
1.19, 1.00469575416, -20.9218585396, 0.012214458231, 4.86090569692
1.2, 1.0047793932, -20.8732473592, 0.00479084417398, 4.86657896995
1.21, 1.00477322166, -20.8245801881, -0.000633458552185, 4.87211327197
1.22, 1.00474349008, -20.7758584465, -0.000630206112018, 4.87749662938
1.23, 1.00478247599, -20.7270835146, 0.00883252690904, 4.88274840606
1.24, 1.00488366605, -20.6782567347, 0.0103357321596, 4.88786653845
1.25, 1.00493344026, -20.6293794424, 0.00111742361774, 4.89285352048
1.26, 1.00490161649, -20.5804529231, -0.00360964563339, 4.89771575293
1.27, 1.00489386013, -20.5314784032, 0.00411118113638, 4.90245622921
1.28, 1.00497669595, -20.4824570738, 0.0114759791937, 4.90707798012
1.29, 1.00506489562, -20.4333901219, 0.00601165465615, 4.91158134787
1.3, 1.00506184724, -20.3842787205, -0.00340241577089, 4.91597156031
1.31, 1.00502175492, -20.3351239707, -0.0010987102642, 4.92025392088
1.32, 1.00506148114, -20.2859269304, 0.00922112749101, 4.92443071522
1.33, 1.00516526146, -20.2366886445, 0.0102834318321, 4.92850218275
1.34, 1.00520864962, -20.1874101768, 5.92252652036e-05, 4.93246946239
1.35, 1.00517960912, -20.1380925327, -0.00375773037484, 4.9363402949
1.36, 1.00515879842, -20.0887366633, 0.002193894307, 4.94011689094
1.37, 1.00522555348, -20.0393434879, 0.0105265982612, 4.94380121584
1.38, 1.00531611453, -19.989913937, 0.00707746421424, 4.94739155758
1.39, 1.00532454368, -19.9404489496, -0.00265114134773, 4.95089160811
1.4, 1.00528014386, -19.8909493914, -0.00251143296258, 4.95430836727
1.41, 1.00530087843, -19.8414160756, 0.00738888240749, 4.9576437046
1.42, 1.00539675921, -19.7918498131, 0.0105173874464, 4.96089612697
1.43, 1.00545093496, -19.7422514543, 0.00141099232207, 4.96406440731
1.44, 1.00542173625, -19.6926218082, -0.00159217205879, 4.96717117115
1.45, 1.00539892228, -19.6429616052, 0.000961414253722, 4.97017674089
1.46, 1.00544841378, -19.5932715633, 0.00880718976502, 4.97312447664
1.47, 1.00553075269, -19.5435524133, 0.00716478238586, 4.97599739872
1.48, 1.00554809342, -19.4938049099, -0.00146447111596, 4.97879755437
1.49, 1.00550916745, -19.4440297429, -0.00279150340647, 4.98153256511
1.5, 1.00551673111, -19.3942275412, 0.00548652208282, 4.98420474876
1.51, 1.00559664124, -19.3443989358, 0.00956586299694, 4.98681153282
1.52, 1.00565290206, -19.2945446064, 0.00243138005634, 4.98935020806
1.53, 1.00562670669, -19.2446652111, -0.00420379952473, 4.9918278383
1.54, 1.00559603552, -19.1947613215, 0.000748076154504, 4.99425029543
1.55, 1.00564723779, -19.1448334808, 0.00912952838601, 4.99661662668
1.56, 1.00573000058, -19.0948822769, 0.00683665915124, 4.99892153945
1.57, 1.00573930323, -19.0449083335, -0.00254029643025, 5.00116723087
1.58, 1.00569090766, -18.9949121947, -0.00344905748612, 5.00336299008
1.59, 1.00569723533, -18.944894336, 0.00574248160287, 5.00551084177
1.6, 1.00578022332, -18.89485525, 0.0097095346378, 5.00760590552
1.61, 1.00583268567, -18.8447955017, 0.00161176514055, 5.00964408242
1.62, 1.00579601429, -18.7947156293, -0.00523039297763, 5.01163411232
1.63, 1.00575965716, -18.7446160675, 0.000636195701157, 5.01358282492
1.64, 1.00581363288, -18.6944972266, 0.00954236491026, 5.01548771959
1.65, 1.00589716966, -18.6443595859, 0.00649447925926, 5.01734104374
1.66, 1.00589796803, -18.594203672, -0.00366825236799, 5.01914551834
1.67, 1.0058399841, -18.5440299128, -0.00407392677308, 5.02091245422
1.68, 1.00584583447, -18.4938386588, 0.00609269272357, 5.0226435004
1.69, 1.00591937914, -18.4436303037, 0.00868785949879, 5.02433037819
1.7, 1.00597430399, -18.3934053075, 0.00260156595635, 5.02597147123
1.71, 1.00594726484, -18.3431641173, -0.00471221813701, 5.02757253538
1.72, 1.00590497107, -18.2929070786, -0.000838482455709, 5.02914225381
1.73, 1.00594079778, -18.2426344984, 0.00788643008691, 5.03067870141
1.74, 1.0060180405, -18.1923467516, 0.00682175935922, 5.03217330968
1.75, 1.00602908607, -18.1420442795, -0.00248206074431, 5.03362633996
1.76, 1.0059749304, -18.0917274393, -0.00460788809019, 5.03504956065
1.77, 1.00596562308, -18.0413964948, 0.00410078262057, 5.03644638072
1.78, 1.00603734585, -17.9910517345, 0.00915370005222, 5.03780935513
1.79, 1.00609013147, -17.9406935513, 0.00191670960202, 5.0391311764
1.8, 1.00605328839, -17.8903223285, -0.00573531477322, 5.04042100062
1.81, 1.00600480707, -17.8399383216, -0.00101894266584, 5.04168883081
1.82, 1.00604314983, -17.7895417489, 0.00832700509057, 5.04293131841
1.83, 1.00612207536, -17.7391329207, 0.00660333792449, 5.04413734803
1.84, 1.00612558606, -17.6887122269, -0.00355981285878, 5.0453076271
1.85, 1.00606157405, -17.6382799515, -0.0053113053622, 5.04645639261
1.86, 1.00605098644, -17.5878362727, 0.00439869842456, 5.04758696214
1.87, 1.00611635404, -17.537381418, 0.0071233677192, 5.04868737372
1.88, 1.00616630261, -17.48691572, 0.00256969681584, 5.04975582117
1.89, 1.00613956989, -17.4364394973, -0.00485469984141, 5.05079620524
1.9, 1.00609024447, -17.3859529588, -0.00201616254177, 5.05182009548
1.91, 1.00611178046, -17.335456261, 0.0064727236877, 5.05282550903
1.92, 1.00617977768, -17.2849496424, 0.0063870731786, 5.05380145572
1.93, 1.00619069572, -17.234433432, -0.00234625127437, 5.05474632215
1.94, 1.00613436616, -17.183907876, -0.00527357663982, 5.05567346509
1.95, 1.00611290458, -17.1333731058, 0.00258095014352, 5.05658813242
1.96, 1.00617119638, -17.0828292775, 0.00816513234907, 5.05748125402
1.97, 1.00622030165, -17.032276674, 0.00197810312265, 5.05834295864
1.98, 1.00618438685, -16.981715586, -0.00585906256617, 5.05918207741
1.99, 1.00612845854, -16.9311461608, -0.00227474048698, 5.0600113692
2.0, 1.00615182993, -16.8805684923, 0.00687656826431, 5.06082753293
2.01, 1.00622178646, -16.8299827802, 0.00624404191897, 5.06161698441
2.02, 1.00622603382, -16.7793893289, -0.00335378476354, 5.06237842421
2.03, 1.0061599302, -16.7287883386, -0.00602289559395, 5.06312792091
2.04, 1.00613640148, -16.6781798785, 0.00279794434773, 5.06387088113
2.05, 1.00619836089, -16.6275640571, 0.00844195759307, 5.06459565888
2.06, 1.00624518979, -16.5769411366, 0.00128745940774, 5.06529076968
2.07, 1.00619912191, -16.5263113803, -0.00693869316026, 5.06596740827
2.08, 1.00613642084, -16.4756748806, -0.0025024584116, 5.06664023391
2.09, 1.0061621837, -16.4250316766, 0.00733479680112, 5.06730430295
2.1, 1.00621998518, -16.3743819581, 0.0063191918358, 5.0679432044
2.11, 1.00623315979, -16.3237259656, -0.00217119261727, 5.06855854699
2.12, 1.00617227485, -16.2730638917, -0.00634390021886, 5.06916309751
2.13, 1.00613515291, -16.2223957793, 0.000863132523114, 5.06976528667
2.14, 1.00618108079, -16.1717216855, 0.00750837946765, 5.07035493372
2.15, 1.00623031822, -16.1210418207, 0.00234351462792, 5.07091856104
2.16, 1.00619545217, -16.0703564328, -0.00622355758164, 5.07146398587
2.17, 1.00612818245, -16.019665606, -0.00392504608047, 5.07200779436
2.18, 1.00613512055, -15.9689693422, 0.00553776444154, 5.0725479079
2.19, 1.00619957961, -15.9182677583, 0.00632558407417, 5.07306782284
2.2, 1.00620723671, -15.8675611138, -0.0031104999078, 5.07356293701
2.21, 1.00613642498, -15.8168495709, -0.00716802724615, 5.07405145688
2.22, 1.00609637108, -15.7661331237, 0.00101579810651, 5.07454238164
2.23, 1.00614609881, -15.715412836, 0.00786405595284, 5.07398112262
2.24, 1.00619417461, -15.6647423871, 0.00175974924273, 5.06592061896
2.25, 1.00614957613, -15.6141492731, -0.00733436357008, 5.0582487438
2.26, 1.00607472521, -15.563631602, -0.00426083205642, 5.05082816207
2.27, 1.00608353267, -15.5131867698, 0.00599959856774, 5.04366490091
2.28, 1.00613678769, -15.462812364, 0.00652296434086, 5.03673163984
2.29, 1.006154271, -15.4125061392, -0.0018967971109, 5.03001745699
2.3, 1.00608822042, -15.3622659097, -0.00759041417371, 5.02352762942
2.31, 1.00603370324, -15.3120893848, -0.000971107001645, 5.01726667123
2.32, 1.00606779082, -15.2619743507, 0.00703215749224, 5.01121548997
2.33, 1.00611956131, -15.2119188582, 0.00292619092476, 5.00534801356
2.34, 1.00608670969, -15.1619507325, -0.00660609596019, 4.99279565008
2.35, 1.00600669289, -15.1121195823, -0.00579457902471, 4.97913244995
2.36, 1.00599563012, -15.0624228621, 0.004130836213, 4.9658972929
2.37, 1.00604170312, -15.012856288, 0.00623178031701, 4.95308294093
2.38, 1.00606721393, -14.9634157295, -0.000546450706726, 4.94067460718
2.39, 1.00601038265, -14.9140971912, -0.00742809225688, 4.92866710141
2.4, 1.00594528994, -14.8648966383, -0.00284486325411, 4.91706189121
2.41, 1.00596098309, -14.8158101355, 0.00568783464366, 4.90583700003
2.42, 1.00601194389, -14.7668340593, 0.00384148813023, 4.89495891769
2.43, 1.00599198464, -14.718002211, -0.0055203851589, 4.8736010208
2.44, 1.00591157008, -14.6694294442, -0.00687152066711, 4.84700344928
2.45, 1.00588259222, -14.6211184857, 0.00217917964558, 4.82121453262
2.46, 1.00593220048, -14.5730610927, 0.00656590284055, 4.79625122863
2.47, 1.00595548459, -14.525249175, -0.00123144079244, 4.77208516161
2.48, 1.00588927272, -14.4776748594, -0.00837826352587, 4.74870305434
2.49, 1.00581914702, -14.4303303402, -0.00290080717364, 4.72609389672
2.5, 1.0058338813, -14.3832080095, 0.00161270196302, 4.70426440056
2.51, 1.00587913639, -14.3363009367, 0.00450566580377, 4.6830325783
2.52, 1.00587090141, -14.2896022278, -0.00438654376585, 4.66250877201
2.53, 1.00579231566, -14.2431913015, -0.00764975050562, 4.62607663648
2.54, 1.00574730514, -14.1971386656, 0.000286716516822, 4.59067485914
2.55, 1.00577530168, -14.1514343656, 0.00409495268238, 4.55637271619
2.56, 1.00580687442, -14.106067306, 0.00154671252771, 4.5231791043
2.57, 1.00577119819, -14.0610265856, -0.00614351094151, 4.49106467121
2.58, 1.00569756135, -14.0163014807, -0.00543798239648, 4.46001516214
2.59, 1.0056802218, -13.971881487, 0.00262860920231, 4.42999742002
2.6, 1.00572036955, -13.9277565473, 0.00460727776686, 4.40095956798
2.61, 1.00572229208, -13.8839171107, -0.00297387387918, 4.37286031716
2.62, 1.0056523867, -13.8403538725, -0.00758265448186, 4.34568706145
2.63, 1.00559684033, -13.7970758912, -0.00144610228852, 4.31199974762
2.64, 1.00561906123, -13.7541964649, 0.00529701709988, 4.27024570823
2.65, 1.00565272342, -13.7117276308, 0.00129320322286, 4.22978183868
2.66, 1.00561079993, -13.6696578642, -0.00695002391146, 4.1904383277
2.67, 1.00553138925, -13.6279757653, -0.00569764503034, 4.15209576946
2.68, 1.00551608478, -13.5866699349, 0.00311361598313, 4.11512817008
2.69, 1.00556042245, -13.5457301462, 0.00479049363423, 4.07890175226
2.7, 1.00555932509, -13.505145992, -0.00364718243781, 4.04394434295
2.71, 1.00548179723, -13.4649077848, -0.0082351353347, 4.00971462972
2.72, 1.00542447576, -13.4250055838, -0.00121477117953, 3.97658564669
2.73, 1.00545163351, -13.3854566407, 0.00581700093169, 3.93542326336
2.74, 1.00548649865, -13.3463733216, 0.00100287696047, 3.88767107654
2.75, 1.00543783466, -13.3077597622, -0.00777685448845, 3.84137974085
2.76, 1.00535290861, -13.2696033434, -0.00589055249911, 3.79624374755
2.77, 1.005340783, -13.2318908303, 0.00372109115722, 3.7524835037
2.78, 1.00537645902, -13.1946098336, 0.00462610300737, 3.70992653152
2.79, 1.00538408812, -13.1577482081, -0.00225078090189, 3.66856202824
2.8, 1.00531711827, -13.1212943716, -0.0078383432563, 3.62836351403
2.81, 1.00525286749, -13.0852368087, -0.00264648535833, 3.58929520994
2.82, 1.00526568048, -13.0495754511, 0.00481015626554, 3.54561604501
2.83, 1.00530181871, -13.0144196057, 0.00203473285264, 3.4922406504
2.84, 1.00526756733, -12.9797894626, -0.00646809752521, 3.44034165901
2.85, 1.00518571628, -12.9456708012, -0.00653627422545, 3.38991333624
2.86, 1.0051599039, -12.9120489214, 0.00215159870654, 3.34094678401
2.87, 1.00520146187, -12.8789091441, 0.00513828094687, 3.29344909566
2.88, 1.00520873811, -12.8462367839, -0.00268613237481, 3.24742443581
2.89, 1.00513599336, -12.8140170649, -0.00834350728873, 3.20288355105
2.9, 1.00507141736, -12.7822352709, -0.00225536304823, 3.15979306799
2.91, 1.00508730511, -12.7508775618, 0.00118661046667, 3.1180514773
2.92, 1.00512164358, -12.7199321146, 0.00311047499387, 3.07731786181
2.93, 1.00510253345, -12.6894229994, -0.00492615918099, 3.02722627724
2.94, 1.00502742228, -12.659460035, -0.00661846719672, 2.97198346344
2.95, 1.00499698182, -12.630043688, 0.00186986640856, 2.91787334883
2.96, 1.005026045, -12.6011626027, 0.00400933370272, 2.8649036877
2.97, 1.00505719309, -12.5728051458, 0.00398625650144, 2.81312749958
2.98, 1.00506160851, -12.5449590607, -0.00189880890877, 2.76260743062
2.99, 1.00501071709, -12.5176112852, -0.00546333153219, 2.7134457675
3.0, 1.00496892453, -12.4907475174, -0.0011018501369, 2.66579014914
3.01, 1.00498252702, -12.4643522143, 0.00374172483296, 2.6197115466
3.02, 1.00500496515, -12.4384096108, 0.000979917769648, 2.57520515923
3.03, 1.00497374417, -12.4129193939, -0.0049819035528, 2.52879109765
3.04, 1.0049132021, -12.3878918482, -0.00443535554724, 2.48308026014
3.05, 1.00489591511, -12.3633142726, 0.00176982545481, 2.43875627819
3.06, 1.00492265183, -12.3391740887, 0.0032377916471, 2.39557799197
3.07, 1.0049193902, -12.3154591507, -0.00260877065345, 2.35365267102
3.08, 1.00486142484, -12.2921575478, -0.00601717747427, 2.31288490917
3.09, 1.00481671007, -12.2692574567, -0.00103807457304, 2.27334332372
3.1, 1.00483412087, -12.2467475563, 0.00432832061227, 2.23483257159
3.11, 1.00486103177, -12.2246156117, 0.00125557230553, 2.19832883894
3.12, 1.00482978863, -12.2028214884, -0.00506713867507, 2.1663663841
3.13, 1.00477088848, -12.1813431634, -0.00391760446322, 2.13525510635
3.14, 1.00476335332, -12.1601713034, 0.00304461274809, 2.10504629675
3.15, 1.00480272534, -12.1392969996, 0.00436612713465, 2.07571930439
3.16, 1.00480701662, -12.1187114733, -0.00214211606862, 2.04727114492
3.17, 1.00475295646, -12.0984058774, -0.00556125385882, 2.01971328341
3.18, 1.00471614154, -12.0783713311, 3.19763381413e-05, 1.9930340471
3.19, 1.00474567377, -12.0585993045, 0.00549850219205, 1.96717819776
3.2, 1.00478081232, -12.0390818927, 0.00171862086653, 1.94208668359
3.21, 1.00475154565, -12.0198101425, -0.00496742618717, 1.9187535236
3.22, 1.00469604116, -12.0007469788, -0.00334672780505, 1.89941914145
3.23, 1.00469572775, -11.9818749389, 0.00370022566675, 1.8805731831
3.24, 1.00473669544, -11.9631889308, 0.00400928195512, 1.86218693462
3.25, 1.00473196155, -11.9446846401, -0.0032996536487, 1.84421701896
3.26, 1.00466831993, -11.9263579111, -0.00611946663581, 1.82666551371
3.27, 1.00463170999, -11.9082045421, 0.000488274441235, 1.80953147416
3.28, 1.00466584707, -11.8902204824, 0.00579833945894, 1.79278864147
3.29, 1.00469848187, -11.8724019658, 0.0010667411117, 1.77641485379
3.3, 1.00466049228, -11.8547452766, -0.00577558076388, 1.76042053493
3.31, 1.00460141132, -11.8372464922, -0.00320460541466, 1.74482647502
3.32, 1.00460746711, -11.8198769328, 0.00461936324995, 1.73417147376
3.33, 1.00465638497, -11.802614835, 0.00453559452399, 1.72358756255
3.34, 1.0046521703, -11.7854571928, -0.00359579178289, 1.71327310162
3.35, 1.00458499915, -11.7684012446, -0.00637223317241, 1.70324621597
3.36, 1.00454978295, -11.7514439988, 0.000919772348059, 1.69352317265
3.37, 1.00458921625, -11.7345824658, 0.0062211303208, 1.68409046797
3.38, 1.0046215566, -11.7178138504, 0.000624531217338, 1.67493321025
3.39, 1.00457603912, -11.7011353422, -0.00658953755022, 1.66606843393
3.4, 1.00451216717, -11.6845438665, -0.00326390967635, 1.65752089197
3.41, 1.00452207179, -11.6680292076, 0.00526720347236, 1.65167085978
3.42, 1.00457601832, -11.6515566416, 0.00477479248271, 1.64798290096
3.43, 1.00456917736, -11.6351203959, -0.00416539480319, 1.64440872482
3.44, 1.00449656182, -11.6187193385, -0.006695993374, 1.64094556539
3.45, 1.00446319828, -11.6023522958, 0.00149468182883, 1.63760084065
3.46, 1.00450974063, -11.5860182009, 0.00683012144545, 1.63434744729
3.47, 1.00454311702, -11.5697162811, 0.000270773153798, 1.63116470241
3.48, 1.00449070008, -11.5534457979, -0.00735184282466, 1.62805593676
3.49, 1.00442300546, -11.5372057444, -0.0032083497601, 1.62505648908
3.5, 1.00443803009, -11.5209950643, 0.00600910937954, 1.62217338124
3.51, 1.00449684467, -11.5048129662, 0.00491264901801, 1.61935563304
3.52, 1.0044864151, -11.4886342069, -0.00483726154567, 1.62112007563
3.53, 1.00440789423, -11.4724401436, -0.00702333595869, 1.62266649222
3.54, 1.00437676218, -11.456230543, 0.00214877739206, 1.62422001826
3.55, 1.00441770421, -11.4400057177, 0.00626648593535, 1.62572723237
3.56, 1.00445862722, -11.4237662276, 0.0017645116272, 1.62715663137
3.57, 1.0044200013, -11.4075126261, -0.00652308367359, 1.62855490959
3.58, 1.00434839282, -11.3912453048, -0.00452917043467, 1.62989860043
3.59, 1.00434730617, -11.3749643943, 0.0046405508268, 1.63125388096
3.6, 1.00440381344, -11.3586702722, 0.00570064747385, 1.63254947093
3.61, 1.00440804306, -11.3423564291, -0.0032501765781, 1.6361885574
3.62, 1.00433615361, -11.3259914929, -0.00735236723887, 1.64166402054
3.63, 1.00429177254, -11.3095721678, 0.00038575381636, 1.6470638598
3.64, 1.0043343796, -11.2930997445, 0.00719083905674, 1.65230175015
3.65, 1.00437822436, -11.2765758379, 0.00158128941051, 1.65735685642
3.66, 1.00433374395, -11.2600020787, -0.00725006415005, 1.66228052938
3.67, 1.00425795217, -11.2433797963, -0.00453973532064, 1.66707857426
3.68, 1.00426164218, -11.2267101417, 0.00538824577731, 1.67175397942
3.69, 1.00430951695, -11.2099944691, 0.00553422219521, 1.67628505022
3.7, 1.0043227104, -11.1932342074, -0.00178870061978, 1.68067519175
3.71, 1.0042623275, -11.1764307088, -0.00684887603956, 1.68494331568
3.72, 1.00421147166, -11.1595614798, -0.00106919467113, 1.69354495889
3.73, 1.00423917088, -11.1426085417, 0.00612506890938, 1.70182746701
3.74, 1.00428411749, -11.1255738597, 0.00265163183293, 1.70989285537
3.75, 1.00425450245, -11.1084599036, -0.00587406118646, 1.71769744545
3.76, 1.00418202111, -11.0912688466, -0.0052184194144, 1.72531964834
3.77, 1.0041710102, -11.0740026806, 0.00369202834152, 1.73271615851
3.78, 1.00422439963, -11.0566634154, 0.00601974946131, 1.73993419882
3.79, 1.0042368384, -11.0392533305, -0.00227614021542, 1.74690098068
3.8, 1.00416965144, -11.0217745188, -0.00746902151026, 1.75368307242
3.81, 1.00411730919, -11.0042287342, -0.000764876304493, 1.76029856643
3.82, 1.00415108474, -10.986593036, 0.00678928790961, 1.7712839906
3.83, 1.00419884678, -10.9688514843, 0.00249802891477, 1.78175127129
3.84, 1.00416344895, -10.9510067876, -0.00665367277907, 1.79191579753
3.85, 1.00408559023, -10.9330617397, -0.00538861624128, 1.80183225871
3.86, 1.00407808147, -10.9150189626, 0.00437136886606, 1.81147518855
3.87, 1.00413752946, -10.8968811425, 0.0063651581904, 1.82083036049
3.88, 1.00414782859, -10.8786511385, -0.00291403516245, 1.82992196415
3.89, 1.00407309502, -10.8603316742, -0.00810344493409, 1.8387500368
3.9, 1.0040196414, -10.8419250376, -0.000405193157596, 1.84735747426
3.91, 1.00404965381, -10.8234287688, 0.00519947081144, 1.85766822697
3.92, 1.00410006263, -10.804813245, 0.00372875682542, 1.87008587758
3.93, 1.00407891115, -10.7860754123, -0.0055299666912, 1.88215410123
3.94, 1.0040008745, -10.7672185517, -0.00640626702469, 1.89390411154
3.95, 1.00397738403, -10.7482457946, 0.00273880197968, 1.90534050949
3.96, 1.004030345, -10.7291603169, 0.00672702372221, 1.91645047523
3.97, 1.00405358959, -10.7099654637, -0.00123930109838, 1.92722878167
3.98, 1.00398870178, -10.690664455, -0.00800923051732, 1.93770024477
3.99, 1.0039243155, -10.6712601006, -0.00219298901111, 1.9479028696
4.0, 1.00394989045, -10.651752168, 0.00670471643194, 1.95932900157
4.01, 1.00399086981, -10.632112095, 0.0039895012658, 1.97327552198
4.02, 1.00398114542, -10.6123347332, -0.00402580064997, 1.98682717617
4.03, 1.00391211384, -10.59242372, -0.00631206011642, 2.00001589101
4.04, 1.00387900167, -10.5723826642, 0.00117376315766, 2.01284367763
4.05, 1.00391847749, -10.5522151972, 0.00596952436743, 2.02530625721
4.06, 1.00394557844, -10.5319249741, -2.25279134167e-05, 2.0374057489
4.07, 1.00389469434, -10.5115155336, -0.00693404402285, 2.04916552068
4.08, 1.00382991573, -10.4909900984, -0.00318569314389, 2.06061485956
4.09, 1.00383987861, -10.4703517475, 0.00513636828304, 2.07175246292
4.1, 1.00388929381, -10.4496036959, 0.00412269976517, 2.08256074306
4.11, 1.0038758735, -10.4287492465, -0.00469773199312, 2.09304640649
4.12, 1.00380094544, -10.4077817385, -0.00665860680125, 2.10606448422
4.13, 1.00376920424, -10.3866731637, 0.00166467325621, 2.12026164468
4.14, 1.00381462935, -10.365424597, 0.00646332022405, 2.13406524877
4.15, 1.00384194906, -10.3440401463, -0.000420386313008, 2.14745113402
4.16, 1.0037843122, -10.3225238937, -0.00764794843231, 2.16044437708
4.17, 1.00371623378, -10.3008795576, -0.00310078786987, 2.17307967463
4.18, 1.00373113431, -10.2791106795, 0.00580845324114, 2.1853572787
4.19, 1.00378463525, -10.2572209371, 0.00415994572805, 2.19725960398
4.2, 1.00376642542, -10.2352140813, -0.00548938455222, 2.20879653695
4.21, 1.00368442766, -10.2130930146, -0.00709571178875, 2.22055417689
4.22, 1.00365383197, -10.1908330415, 0.00218815365099, 2.23587909455
4.23, 1.00370545064, -10.1684232017, 0.00694522705482, 2.25067525029
4.24, 1.00373224667, -10.1458677271, -0.000937259229648, 2.265018537
4.25, 1.00366662178, -10.1231710841, -0.00846374683453, 2.27893067803
4.26, 1.00359483761, -10.1003373721, -0.00300472223668, 2.29244682696
4.27, 1.00361024553, -10.0773704636, 0.00175199391138, 2.3056230915
4.28, 1.00365944802, -10.054274638, 0.0050193025817, 2.31827054425
4.29, 1.00365497569, -10.0310537756, -0.00415370399119, 2.33057457811
4.3, 1.00357630169, -10.0077118078, -0.00776688804225, 2.34251161889
4.31, 1.00353039211, -9.9842522513, 0.000357195232904, 2.35410441164
4.32, 1.00357111516, -9.96066888396, 0.00678045493625, 2.36816172359
4.33, 1.00360757702, -9.93693461362, 0.000646293347834, 2.38329601717
4.34, 1.00355405218, -9.91305144171, -0.0079916983481, 2.39796492241
4.35, 1.0034741836, -9.88902394347, -0.00469214473248, 2.41217875043
4.36, 1.00347690354, -9.8648567316, 0.00521105260651, 2.42592058696
4.37, 1.00351950707, -9.84055470983, 0.00471827832573, 2.43916122833
4.38, 1.0035226939, -9.81612283082, -0.00280092484936, 2.4519138366
4.39, 1.00345470661, -9.79156583263, -0.00732433826388, 2.46421240266
4.4, 1.00340177208, -9.76688804123, -0.001154251658, 2.47609212271
4.41, 1.00342636939, -9.74209359925, 0.00552990038537, 2.48755618327
4.42, 1.00346160711, -9.71718670392, 0.00146685081991, 2.49860042005
4.43, 1.00342116163, -9.69216440553, -0.00673754761247, 2.51164327628
4.44, 1.00334399212, -9.66699842002, -0.00540794895651, 2.52624332317
4.45, 1.00333122435, -9.64168878833, 0.003378920706, 2.54038977106
4.46, 1.00337731885, -9.61624014663, 0.00495490861449, 2.5540595751
4.47, 1.00337730958, -9.5906572922, -0.00350244655154, 2.56725629335
4.48, 1.00330133862, -9.56494473924, -0.00800569059813, 2.58002384859
4.49, 1.0032463141, -9.53910656297, -0.000948442471486, 2.59239661145
4.5, 1.00327544458, -9.5131466969, 0.00599810512567, 2.604371425
4.51, 1.00331128806, -9.48706919567, 0.00110368351945, 2.61593865684
4.52, 1.00326323087, -9.46087098742, -0.00766048782473, 2.62952006628
4.53, 1.00317954905, -9.4345235827, -0.00568679564259, 2.64467800629
4.54, 1.00316890296, -9.40802689657, 0.00387942466858, 2.65939079178
4.55, 1.00321880839, -9.38138550985, 0.00504982315834, 2.67363020454
4.56, 1.00321428217, -9.35460420137, -0.00434680945914, 2.68739839546
4.57, 1.00312916302, -9.32768745219, -0.00876435484136, 2.70074189251
4.58, 1.00307182993, -9.30063929235, -0.000728258883049, 2.71369422526
4.59, 1.00310084645, -9.27346358036, 0.00169738676677, 2.72631104181
4.6, 1.00312851384, -9.24616463341, 0.00153001593224, 2.73838864269
4.61, 1.0030912491, -9.21874618155, -0.00645337059052, 2.75014853343
4.62, 1.00301154097, -9.19121193635, -0.00619199029171, 2.76156393899
4.63, 1.00298637509, -9.16354374721, 0.00198074778594, 2.77689743412
4.64, 1.00302268721, -9.13572350272, 0.00449166680391, 2.79190485256
4.65, 1.00302405565, -9.10775560366, -0.00304593298929, 2.80644428157
4.66, 1.00295022558, -9.07964463237, -0.00821869328043, 2.82054281866
4.67, 1.00288603545, -9.0513947853, -0.00233566957855, 2.83423464352
4.68, 1.00290133785, -9.02301010582, 0.00489011091756, 2.84751757505
4.69, 1.00293321245, -8.99449477122, 0.00127558207471, 2.86037847082
4.7, 1.00288914508, -8.96585293492, -0.00735508055059, 2.87283901247
4.71, 1.00280197507, -8.93708835163, -0.00664985672565, 2.88494442751
4.72, 1.00277714486, -8.90820445657, 0.00234308638433, 2.89670860522
4.73, 1.00281680786, -8.87918833665, 0.0046067821859, 2.91182248849
4.74, 1.00281416953, -8.85001732977, -0.00385057010643, 2.92714935036
4.75, 1.00273086623, -8.82069535887, -0.00907763436655, 2.94203368813
4.76, 1.00266280815, -8.79122671434, -0.00228652184904, 2.95649859598
4.77, 1.00268155643, -8.76161559877, 0.00528859339546, 2.97053567723
4.78, 1.00271351116, -8.73186639697, 0.00085455641954, 2.98412909728
4.79, 1.00266084234, -8.70198346566, -0.00841647564122, 2.997303859
4.8, 1.0025654795, -8.67197071433, -0.00710332789906, 3.01010969118
4.81, 1.00254136302, -8.64183171946, 0.00274231551625, 3.02255893215
4.82, 1.00258425105, -8.61157015567, 0.00466489069982, 3.03462893736
4.83, 1.0025765666, -8.58117701052, -0.00477969059328, 3.04959371567
4.84, 1.00248283082, -8.55062673511, -0.00999799981304, 3.06524587867
4.85, 1.00241085295, -8.51992208317, -0.00220836528907, 3.08047760308
4.86, 1.00242282843, -8.4890674014, 0.003372497847, 3.09525698494
4.87, 1.00245449776, -8.45806726334, 0.0017983183458, 3.1095828291
4.88, 1.00241331461, -8.42692621307, -0.00757220740263, 3.12346293823
4.89, 1.00231483352, -8.39564841765, -0.00842201656007, 3.13695037041
4.9, 1.00227155006, -8.36423764491, 0.000795848615791, 3.15006615576
4.91, 1.00230478053, -8.33270064496, 0.00472050633945, 3.16080626544
4.92, 1.00230702788, -8.30109923778, -0.00341197631224, 3.16473908381
4.93, 1.00222031157, -8.26945818922, -0.0102043887553, 3.16861544794
4.94, 1.00213463363, -8.23777875523, -0.00427003543129, 3.17242043877
4.95, 1.00213479736, -8.20606150521, -9.68827408525e-05, 3.17622891296
4.96, 1.00216069561, -8.17430761905, 0.00240424359668, 3.17978275725
4.97, 1.00213104006, -8.14251783772, -0.00642491063419, 3.18331584525
4.98, 1.0020346085, -8.1106930755, -0.00919389420905, 3.18678509435
4.99, 1.00197502753, -8.07883383391, -0.001165242901, 3.19020760168
5.0, 1.00199556755, -8.04694069719, 0.00433149509536, 3.19355548791
5.01, 1.00200516937, -8.01501458831, -0.00204866565304, 3.19680302649
5.02, 1.00192891347, -7.98308772997, -0.00984831105533, 3.19289870682
5.03, 1.0018343539, -7.95121085596, -0.00603287909759, 3.18786172106
5.04, 1.00182081917, -7.91938337421, 0.00318582762472, 3.18301074391
5.05, 1.00185295676, -7.88760347832, 0.00236022398163, 3.17832755083
5.06, 1.00181754428, -7.85586958738, -0.00734998144331, 3.17380544837
5.07, 1.00171230546, -7.82417992303, -0.0098378249764, 3.16947786682
5.08, 1.00165191038, -7.79253244678, -0.000818304456816, 3.16535260135
5.09, 1.00166436444, -7.76092536075, 0.00354758380405, 3.16138365053
5.1, 1.00167935922, -7.72935722662, -0.00077583257968, 3.15755034899
5.11, 1.00161454767, -7.69782674985, -0.00925795941754, 3.15385257262
5.12, 1.00151402544, -7.66634710827, -0.00751253345717, 3.14554369315
5.13, 1.00148303021, -7.634977277, 0.00166921829127, 3.13395874326
5.14, 1.00151086773, -7.60372142381, 0.00290777721041, 3.12272268445
5.15, 1.00148772844, -7.57257611706, -0.00600363345116, 3.11183842438
5.16, 1.00138744567, -7.54153767205, -0.0102967137861, 3.10133930081
5.17, 1.00131272557, -7.51060213846, -0.00270470603809, 3.09123539906
5.18, 1.0013147238, -7.47976578216, 0.0019553029643, 3.08147627574
5.19, 1.00133011552, -7.44902533737, 0.000197980103026, 3.07203676372
5.2, 1.00127807281, -7.41837775954, -0.00818696564758, 3.06289774947
5.21, 1.00117761927, -7.38781987634, -0.00850125384937, 3.05408813473
5.22, 1.00113013205, -7.35736181326, -7.62863631063e-05, 3.04103850203
5.23, 1.00114969626, -7.32706158328, 0.00307312612314, 3.02462802399
5.24, 1.0011378788, -7.29692294952, -0.00445877918745, 3.00869803484
5.25, 1.00104698038, -7.26694093453, -0.0102286730958, 2.99329179235
5.26, 1.0009611614, -7.23711012313, -0.00452845289272, 2.97843268387
5.27, 1.0009574983, -7.20742520952, 0.00327296627035, 2.96408094821
5.28, 1.00097622692, -7.17788144566, 6.97537133906e-05, 2.95017946063
5.29, 1.0009185647, -7.14847444173, -0.0089770920647, 2.93671867456
5.3, 1.00081200359, -7.11919962958, -0.00880421656895, 2.92372667722
5.31, 1.00076655229, -7.09005232429, 0.000460436470081, 2.9111916133
5.32, 1.0007783797, -7.061031231, 0.00221774965835, 2.89706916933
5.33, 1.00077092238, -7.03218997716, -0.00323549856539, 2.87697845146
5.34, 1.00069252956, -7.00354546538, -0.00939004293639, 2.85757391608
5.35, 1.00060396028, -6.975091625, -0.00571566867476, 2.83882323581
5.36, 1.00058451411, -6.94682191565, 0.0018077145502, 2.82071221358
5.37, 1.00059878552, -6.91873024266, 0.000594280292926, 2.80318581193
5.38, 1.00055393731, -6.89081092125, -0.00748361959618, 2.78622496604
5.39, 1.00045463656, -6.86305816908, -0.00899125572356, 2.76985379204
5.4, 1.00039709395, -6.83546604574, -0.00127452717782, 2.7540701462
5.41, 1.00040906069, -6.80802890679, 0.00285980912985, 2.73882501206
5.42, 1.00040181868, -6.78074161369, -0.00362713629324, 2.72408112471
5.43, 1.00031706364, -6.75363019747, -0.0100431952017, 2.70284145349
5.44, 1.00022565068, -6.72673966237, -0.00560675902676, 2.680889986
5.45, 1.00021098857, -6.70006485448, 0.00244152585754, 2.65960836426
5.46, 1.00022912048, -6.67359987307, 0.000647734640024, 2.63889718188
5.47, 1.00018034207, -6.64733912454, -0.00816967827652, 2.61881292668
5.48, 1.00007532687, -6.62127695173, -0.00930893594466, 2.59918940184
5.49, 1.00001958043, -6.59540727108, -0.000734294943081, 2.58027288532
5.5, 1.00002483365, -6.56972461199, 0.00219143494856, 2.56183009768
5.51, 1.00002434001, -6.54422408726, -0.00215575776227, 2.54385231885
5.52, 0.999953788289, -6.51890979495, -0.00912633341337, 2.52267875049
5.53, 0.999859540312, -6.49383792534, -0.00684282806932, 2.49753382059
5.54, 0.99982930465, -6.46901373784, 0.00109416778942, 2.47303751011
5.55, 0.999845279082, -6.44443044947, 0.00143634496999, 2.4493173159
5.56, 0.999811714624, -6.42008179173, -0.00648553474818, 2.42612064649
