timestamp, prius0 x posi, prius0 y posi, prius0 x vel, prius0 y vel.
0.0, 0.0, 0.0, 0.0, 0.0
0.00999999999999, 24.9963643785, 1.00000875022, -0.242385268335, 0.000277570112638
0.02, 24.9933796666, 1.00001836238, -0.330751494861, 0.00273539158835
0.03, 24.9895188673, 1.00004180119, -0.419020131038, 0.00285322805263
0.04, 24.9847827573, 1.00005361057, -0.507251163413, 0.00107236058739
0.05, 24.9791715431, 1.0000536848, -0.595482469493, 0.000882826782752
0.06, 24.9726852337, 1.00006618383, -0.683721271081, 0.00303723560498
0.07, 24.9653237971, 1.00009849173, -0.771964193666, 0.00430479197723
0.08, 24.9570872297, 1.00012797939, -0.860204931929, 0.00283192103079
0.09, 24.94797556, 1.00013914993, -0.948442211629, 0.00131424694866
0.1, 24.9379887995, 1.00014984517, -1.03668110029, 0.00259886788208
0.11, 24.9271269196, 1.00018236489, -1.12492388727, 0.00494434746256
0.12, 24.9153898908, 1.0002267281, -1.21316845097, 0.00485886923482
0.13, 24.9027780572, 1.00025747636, -1.30086348245, 0.00294423898221
0.14, 24.8892969673, 1.00027700062, -1.38727913077, 0.00294901735625
0.15, 24.8749570022, 1.00031200744, -1.47264081989, 0.00541353844862
0.16, 24.8597686961, 1.00036833569, -1.55695460853, 0.00666306542841
0.17, 24.8437424998, 1.00041998745, -1.64022734837, 0.00493746973576
0.18, 24.8268887672, 1.00045187579, -1.72247099587, 0.00342124097774
0.19, 24.8092177057, 1.0004851897, -1.80370329489, 0.00499200805008
0.2, 24.7907393538, 1.00054238361, -1.88393891699, 0.00739495923537
0.21, 24.7714636296, 1.00060952602, -1.96318622629, 0.00694626071829
0.22, 24.7514003754, 1.00065919695, -2.04145309077, 0.00470571701772
0.23, 24.7305593256, 1.00069648561, -2.11875447377, 0.00477678654698
0.24, 24.7089500531, 1.00075113263, -2.19510734746, 0.00745809357162
0.25, 24.6865820185, 1.00082797053, -2.27052059634, 0.00865615719646
0.26, 24.6634681067, 1.00089814331, -2.34486643683, 0.00666489028154
0.27, 24.6396215536, 1.00094658885, -2.41839385514, 0.00507260814116
0.28, 24.6150510091, 1.00099749595, -2.49106892296, 0.00686817597851
0.29, 24.5897651183, 1.00107437201, -2.56286241278, 0.0093954109863
0.3, 24.5637726072, 1.00116039797, -2.63377163827, 0.0087057697249
0.31, 24.5370822116, 1.00122590592, -2.70380358481, 0.00618794466641
0.32, 24.5097025643, 1.00127807919, -2.77297170946, 0.00633583200846
0.33, 24.4816421551, 1.00134964738, -2.84123096246, 0.00925680230364
0.34, 24.4529117933, 1.0014445015, -2.90750725804, 0.0104138377702
0.35, 24.4235286975, 1.00153044178, -2.9719144215, 0.00810294990197
0.36, 24.3935110018, 1.00159233525, -3.03451825963, 0.00641493039263
0.37, 24.3628763779, 1.00165790484, -3.09537531914, 0.00846521258143
0.38, 24.3316419897, 1.00175185905, -3.15453621681, 0.0111346919296
0.39, 24.2998245495, 1.00185415713, -3.21204301066, 0.0101865584157
0.4, 24.2674403701, 1.00193270085, -3.2679365357, 0.00737422899509
0.41, 24.2345053294, 1.00199695277, -3.32226442963, 0.0076071826788
0.42, 24.2010348219, 1.00208274536, -3.37507694133, 0.010764268887
0.43, 24.1670437861, 1.00219248457, -3.4264145738, 0.0117997121166
0.44, 24.1325467845, 1.0022904188, -3.47631230418, 0.00913400922916
0.45, 24.0975580157, 1.00236196824, -3.52480985624, 0.00737554366492
0.46, 24.0620912529, 1.00243859735, -3.57195312646, 0.00969007235194
0.47, 24.0261598321, 1.00254575073, -3.61778185305, 0.0124527542635
0.48, 23.9897767286, 1.00265989564, -3.66232742081, 0.0112066052535
0.49, 23.952954614, 1.00274707643, -3.70562078448, 0.0081442593868
0.5, 23.9157058145, 1.00281973072, -3.74770152686, 0.00854500656545
0.51, 23.8780422571, 1.00291661522, -3.78860909636, 0.0119643968183
0.52, 23.8399755099, 1.00303809921, -3.82837378595, 0.0128677429134
0.53, 23.8015168669, 1.00314475739, -3.86702066359, 0.00984004381785
0.54, 23.7626773514, 1.00322283971, -3.90458069628, 0.00804364191663
0.55, 23.7234676466, 1.00330783984, -3.94109146959, 0.010665063572
0.56, 23.6838980837, 1.00342572917, -3.97658379632, 0.0135223549907
0.57, 23.6439787226, 1.00354906144, -4.01108011751, 0.0119490751559
0.58, 23.6037194061, 1.00364204157, -4.044603137, 0.00863602332901
0.59, 23.563129709, 1.00372049557, -4.07718527528, 0.00924322318585
0.6, 23.5222188799, 1.00382621866, -4.10885841207, 0.0129477373057
0.61, 23.4809958853, 1.00395716362, -4.13964488166, 0.0136969803381
0.62, 23.4394694966, 1.00406999888, -4.16956206624, 0.0102877256749
0.63, 23.3976482862, 1.00415212436, -4.19863442271, 0.00848104326479
0.64, 23.3555405493, 1.00424341351, -4.22689339435, 0.0114506273151
0.65, 23.313154293, 1.00437015429, -4.25436293755, 0.0143996557945
0.66, 23.2704973218, 1.00450055158, -4.28105860496, 0.0124667265728
0.67, 23.2275772894, 1.00459702875, -4.30699695075, 0.00890453476592
0.68, 23.1844016376, 1.00467925499, -4.33220537301, 0.00976068321166
0.69, 23.1409775339, 1.00479215267, -4.35671016563, 0.0137715906895
0.7, 23.0973119213, 1.00493082151, -4.38052764362, 0.014338836654
0.71, 23.0534116074, 1.00504778533, -4.40366941994, 0.010525325801
0.72, 23.0092832528, 1.00513195847, -4.42615542139, 0.00873737054611
0.73, 22.964933285, 1.0052279597, -4.44801279278, 0.0120962979415
0.74, 22.9203678891, 1.00536214345, -4.46926033074, 0.0151292880238
0.75, 22.8755931003, 1.00549790549, -4.48990833614, 0.0127996571185
0.76, 22.8306148526, 1.0055959831, -4.50996884535, 0.008990871763
0.77, 22.7854389105, 1.00568038334, -4.52946506352, 0.0101403514307
0.78, 22.7400708188, 1.00579920811, -4.5484161964, 0.0144753777242
0.79, 22.6945160074, 1.00594424043, -4.5668240053, 0.0148282465132
0.8, 22.6487799243, 1.00606360041, -4.5846849961, 0.0105799195985
0.81, 22.6028680073, 1.00614805042, -4.60200733502, 0.0088303417561
0.82, 22.5567855669, 1.00624733884, -4.6188087752, 0.0126146279091
0.83, 22.5105377615, 1.00638767447, -4.63509922314, 0.0157205821177
0.84, 22.4641296888, 1.00652716223, -4.65088022475, 0.0129487168614
0.85, 22.4175664361, 1.00662488972, -4.66615479444, 0.00888264978798
0.86, 22.3708530169, 1.00670969767, -4.68093679929, 0.0103622849122
0.87, 22.3239943106, 1.00683300307, -4.69523847865, 0.0150359582533
0.88, 22.2769951489, 1.00698273467, -4.70904385285, 0.0151284696065
0.89, 22.229860696, 1.00710235962, -4.72231727302, 0.0104115287213
0.9, 22.1825963522, 1.00718496531, -4.73504958137, 0.0087299492381
0.91, 22.1352074682, 1.00728585602, -4.74725790603, 0.0129813326161
0.92, 22.0876991797, 1.00743077738, -4.75896268973, 0.016142826344
0.93, 22.0400764161, 1.00757200738, -4.77018234045, 0.0128792369631
0.94, 21.9923439056, 1.00766712914, -4.7809401544, 0.00855637691272
0.95, 21.9445060864, 1.00775041872, -4.79127207715, 0.0104164438768
0.96, 21.8965670579, 1.00787668316, -4.80120809631, 0.0154504609438
0.97, 21.8485306745, 1.00802947522, -4.81076453875, 0.01524559429
0.98, 21.800400666, 1.00814734851, -4.81995184104, 0.0100376975854
0.99, 21.7521806195, 1.00822627358, -4.8287911618, 0.00847333970558
1.0, 21.7038738872, 1.00832750891, -4.83730879832, 0.0132401137174
1.01, 21.6554836052, 1.00847584519, -4.84551850864, 0.0164314106042
1.02, 21.6070128159, 1.00861719515, -4.85342470564, 0.0126312170376
1.03, 21.5584645122, 1.00870799227, -4.86103550924, 0.00807776738621
1.04, 21.5098415448, 1.00878862542, -4.86837327872, 0.0103881236248
1.05, 21.4611465598, 1.00891714822, -4.8754545642, 0.0157925594312
1.06, 21.4123820834, 1.00907198627, -4.88228399918, 0.0152363947452
1.07, 21.3635506225, 1.00918666108, -4.88886237265, 0.00951718625081
1.08, 21.3146546231, 1.00926067661, -4.89520385507, 0.00812252579861
1.09, 21.2656963618, 1.00936162564, -4.90132843454, 0.0134543855032
1.1, 21.2166779602, 1.0095128438, -4.90724352776, 0.0166499764564
1.11, 21.1676015052, 1.0096533019, -4.91294799312, 0.0122624071374
1.12, 21.1184690839, 1.00973857682, -4.91844582411, 0.00749423869924
1.13, 21.0692826772, 1.00981585142, -4.92375623743, 0.0103188663098
1.14, 21.0200440982, 1.00994635603, -4.92889143402, 0.0161059451754
1.15, 20.9707550817, 1.01010266784, -4.93385176592, 0.0151435870184
1.16, 20.9214173845, 1.01021310007, -4.93863431149, 0.00888818472459
1.17, 20.8720327322, 1.01028136217, -4.94325109422, 0.00771624283936
1.18, 20.8226027062, 1.01038178514, -4.94771923885, 0.0136619968666
1.19, 20.7731287634, 1.01053569758, -4.95204250584, 0.0168292275065
1.2, 20.7236123619, 1.01067452787, -4.95621639335, 0.0117984555939
1.21, 20.674054988, 1.01075335357, -4.96024271235, 0.00683453454464
1.22, 20.6244580418, 1.01082688222, -4.96413917206, 0.0102411347328
1.23, 20.574822776, 1.01095940117, -4.96791497422, 0.0164186107632
1.24, 20.5251503942, 1.01111685154, -4.97156751984, 0.014987465278
1.25, 20.4754421497, 1.01122219239, -4.97509143893, 0.00817075154356
1.26, 20.425699283, 1.01128409012, -4.97849785297, 0.00728019968217
1.27, 20.3759229033, 1.01138401522, -4.98180199803, 0.0138888889163
1.28, 20.326114017, 1.01154065649, -4.98500494947, 0.0169875217733
1.29, 20.2762736571, 1.01167727574, -4.98809981023, 0.0112531748837
1.3, 20.2264029039, 1.0117488835, -4.99108722117, 0.00611691393147
1.31, 20.176502761, 1.01181849316, -4.99398423815, 0.0101777386296
1.32, 20.1265740983, 1.01195327069, -4.99679777305, 0.0167488262273
1.33, 20.0766177577, 1.01211166321, -4.99952306158, 0.0147786640024
1.34, 20.026634651, 1.01221116632, -5.00215306689, 0.00737619363092
1.35, 19.976625687, 1.01226623962, -5.0046988214, 0.00683235910223
1.36, 19.9265916504, 1.01236588639, -5.00717421948, 0.014153371842
1.37, 19.8765332378, 1.01252543425, -5.00957826589, 0.0171352464025
1.38, 19.8264511925, 1.01265933317, -5.01190227814, 0.0106328275258
1.39, 19.7763463173, 1.0127230426, -5.01414642158, 0.00535318606331
1.4, 19.7262193423, 1.01278871341, -5.01632763853, 0.0101455710108
1.41, 19.6760708719, 1.01292614408, -5.01845096895, 0.0171085324007
1.42, 19.6259014995, 1.0130853557, -5.02050999528, 0.0145213250044
1.43, 19.5757119031, 1.01317831585, -5.02249653683, 0.00651018389212
1.44, 19.5255027627, 1.01322620452, -5.02442210371, 0.00638598257917
1.45, 19.4752746363, 1.01332593681, -5.02629954998, 0.0144689506628
1.46, 19.4250280056, 1.01348866053, -5.028126208, 0.0172774212575
1.47, 19.3747634148, 1.01361935062, -5.02989200926, 0.00993864575218
1.48, 19.324481475, 1.01367452483, -5.03159715011, 0.0045511954811
1.49, 19.2741827253, 1.01373635348, -5.03325879197, 0.0101579680204
1.5, 19.2238675834, 1.01387694339, -5.03488034036, 0.0175055184114
1.51, 19.1735364704, 1.01403688037, -5.036454069, 0.0142151758249
1.52, 19.1231899032, 1.01412259301, -5.03797102074, 0.00557482157048
1.53, 19.0728284017, 1.01416300619, -5.03944359597, 0.00595162441898
1.54, 19.0224523635, 1.01426330434, -5.04088374477, 0.0148461596131
1.55, 18.9720621192, 1.01442953056, -5.04228739491, 0.0174153971724
1.56, 18.9216580748, 1.01455650788, -5.04364335683, 0.00916850876033
1.57, 18.8712407086, 1.01460252558, -5.04495224949, 0.00371649752617
1.58, 18.8208104232, 1.01466070497, -5.04623164385, 0.0102262741302
1.59, 18.7703675036, 1.01480504783, -5.04748343326, 0.0179448142656
1.6, 18.7199122501, 1.01496561512, -5.04869881956, 0.0138568537347
1.61, 18.6694450677, 1.01504334938, -5.04986833974, 0.00456998994993
1.62, 18.6189663629, 1.01507604859, -5.05100559345, 0.00553846237289
1.63, 18.5684764176, 1.01517749424, -5.05212164748, 0.0152937412396
1.64, 18.5179754548, 1.01534758392, -5.05321121193, 0.0175479093453
1.65, 18.4674637843, 1.01547030341, -5.05426215398, 0.00831801109639
1.66, 18.4169417905, 1.01550654207, -5.05527583627, 0.00285346442139
1.67, 18.3664097775, 1.01556135167, -5.05627032518, 0.0103608604079
1.68, 18.3158679342, 1.01571011423, -5.05724605119, 0.0184295547164
1.69, 18.2653164754, 1.01587119324, -5.05819331138, 0.0134407304662
1.7, 18.2147557278, 1.01594017354, -5.05910234938, 0.00349424495448
1.71, 18.16418601, 1.01597941045, -5.05998959079, 0.00523459832761
1.72, 18.1136075236, 1.01606832561, -5.06086043468, 0.0135703436594
1.73, 18.0630204355, 1.01622531614, -5.0617124459, 0.016924298865
1.74, 18.0124249683, 1.01635253239, -5.06253549009, 0.00946621562207
1.75, 17.9618214187, 1.01639963496, -5.06332839333, 0.00347055654628
1.76, 17.9112100317, 1.01644942149, -5.0641062882, 0.00898225778199
1.77, 17.86059095, 1.01658122596, -5.06487139276, 0.0169107507508
1.78, 17.8099643231, 1.01673744856, -5.0656157217, 0.013905583416
1.79, 17.7593303954, 1.01681777945, -5.0663301204, 0.00476444807479
1.8, 17.7086894275, 1.01684702658, -5.06702495944, 0.00467647514569
1.81, 17.6580415784, 1.01693586283, -5.06771086491, 0.0139205350384
1.82, 17.6073869496, 1.01709638894, -5.06838311797, 0.0170791697471
1.83, 17.5567257146, 1.01721988404, -5.06903094204, 0.00867116476556
1.84, 17.5060581222, 1.01725727088, -5.06965377226, 0.00256302191605
1.85, 17.4553843643, 1.01730279552, -5.07026743059, 0.00901174913767
1.86, 17.4047045302, 1.01743835569, -5.07087299469, 0.0173784141075
1.87, 17.3540187247, 1.01759553234, -5.07146181787, 0.0135686889232
1.88, 17.3033271523, 1.01766773679, -5.07202455299, 0.00371478061069
1.89, 17.2526300299, 1.01768867224, -5.07257290852, 0.00420622575955
1.9, 17.201927469, 1.01777841742, -5.07311692024, 0.0143772756289
1.91, 17.1512195284, 1.01794317222, -5.0736509343, 0.0172578634482
1.92, 17.1005063467, 1.01806263219, -5.07416361047, 0.00781354632719
1.93, 17.0497881382, 1.01810177595, -5.07465703364, 0.00329503123748
1.94, 16.9990650413, 1.01813991094, -5.07514239845, 0.00744623397824
1.95, 16.9483371336, 1.01825907973, -5.0756232991, 0.0161138774511
1.96, 16.8976044806, 1.01841477452, -5.0760922545, 0.0143421213016
1.97, 16.8468672352, 1.01849915556, -5.07654000274, 0.00485371799696
1.98, 16.7961255805, 1.01852158228, -5.07697439436, 0.00338649455585
1.99, 16.7453796137, 1.01859520009, -5.07740657916, 0.0125108504988
2.0, 16.6946293703, 1.01874870816, -5.07783242594, 0.0170341757261
2.01, 16.6438749442, 1.01887647717, -5.07824205773, 0.00920236621237
2.02, 16.5931165078, 1.01891356813, -5.07863295205, 0.00189856573956
2.03, 16.5423541957, 1.01894571407, -5.07901981347, 0.00735084930377
2.04, 16.4915880458, 1.01906811724, -5.07940473945, 0.0165999469901
2.05, 16.4408180986, 1.01922553137, -5.07977984367, 0.0141020423296
2.06, 16.3900444862, 1.01930226148, -5.08013566914, 0.00379018006249
2.07, 16.3392673651, 1.01932943995, -5.08048269218, 0.00357948035366
2.08, 16.2884867998, 1.01939354965, -5.08082733265, 0.0108770377343
2.09, 16.2377028233, 1.01953172777, -5.08116793067, 0.0159870845077
2.1, 16.1869154996, 1.01966003716, -5.08149632759, 0.0100988815358
2.11, 16.1361249626, 1.01970875485, -5.08180906782, 0.00284493154577
2.12, 16.085331328, 1.01974002028, -5.08211766174, 0.00632747056324
2.13, 16.0345346303, 1.01984595584, -5.08242565283, 0.014852157449
2.14, 15.9837348936, 1.0199943421, -5.08272663878, 0.0141174876802
2.15, 15.9329322144, 1.0200804093, -5.08301246105, 0.00513171406375
2.16, 15.8821267236, 1.02010159019, -5.08328870002, 0.0027851170672
2.17, 15.8313184848, 1.02016384514, -5.08356567398, 0.0111013051423
2.18, 15.7805075039, 1.02030560078, -5.08384008313, 0.0162538005317
2.19, 15.7296938306, 1.02043182705, -5.08410346688, 0.00945933637888
2.2, 15.678877585, 1.02047124654, -5.08435279884, 0.00186770032181
2.21, 15.6280588642, 1.02049663595, -5.08460040113, 0.00616634127327
2.22, 15.5772376832, 1.02060527751, -5.08484896039, 0.0153191555949
2.23, 15.5264140518, 1.02075583421, -5.08509156799, 0.0139674345702
2.24, 15.4755880553, 1.02083518604, -5.08532000123, 0.00413898896941
2.25, 15.4247598103, 1.02084722489, -5.08554091493, 0.00213736247144
2.26, 15.3739293622, 1.02090860425, -5.08576444796, 0.0114332014207
2.27, 15.323096702, 1.02105476927, -5.08598641501, 0.0165656930965
2.28, 15.272261869, 1.02117877851, -5.08619807889, 0.0087672500526
2.29, 15.2214249728, 1.02120836415, -5.08639701349, 0.000858265925106
2.3, 15.1705860956, 1.02122810882, -5.08659634882, 0.00607258169406
2.31, 15.1197452365, 1.02134029436, -5.0867977665, 0.015860997482
2.32, 15.0689023998, 1.02147905175, -5.08699297578, 0.0140454908478
2.33, 15.0180576565, 1.02156738931, -5.08717772696, 0.0053481744686
2.34, 14.9672110998, 1.02158542684, -5.08735488043, 0.00193418420026
2.35, 14.9163627755, 1.0216345444, -5.08753431883, 0.00962366635466
2.36, 14.8655126742, 1.02176546748, -5.08771354102, 0.0156675704966
2.37, 14.8146608176, 1.02189193102, -5.08788511142, 0.0098204687375
2.38, 14.7638072914, 1.0219330623, -5.08804549612, 0.00164910384976
2.39, 14.7129521708, 1.02194943945, -5.08820521535, 0.00479106782729
2.4, 14.6620954599, 1.0220439909, -5.08836763934, 0.0141477475178
2.41, 14.6112371505, 1.02218971177, -5.0885265806, 0.0140489671941
2.42, 14.5603772967, 1.02227255827, -5.08867468583, 0.00443618078085
2.43, 14.5095159878, 1.0222814964, -5.08881665607, 0.00123497276315
2.44, 14.4586532577, 1.0223290656, -5.0889623038, 0.00990354704417
2.45, 14.4077890875, 1.02246453938, -5.08910817722, 0.0160511351564
2.46, 14.3569234935, 1.02258983392, -5.08924664734, 0.00923306837774
2.47, 14.3060565551, 1.02262158038, -5.08937474126, 0.000623047726273
2.48, 14.2551883379, 1.02263157311, -5.08950377538, 0.00460014191436
2.49, 14.2043188353, 1.02272909066, -5.08963620167, 0.014684991529
2.5, 14.1534487923, 1.02287784273, -5.08954441052, 0.0139750577517
2.51, 14.1025821951, 1.02295418063, -5.08888576777, 0.00341259295075
2.52, 14.0517248485, 1.02296720903, -5.0877829537, 0.00129718284899
2.53, 14.0008797213, 1.02300409219, -5.08644526548, 0.00820027207611
2.54, 13.9500506624, 1.02312459377, -5.08452200119, 0.0151163683511
2.55, 13.8992432387, 1.0232517282, -5.0822028264, 0.0102291139125
2.56, 13.8484604648, 1.02329504888, -5.07959954059, 0.00147101881299
2.57, 13.7977053836, 1.02330264028, -5.07658738269, 0.00341837426004
2.58, 13.7469831582, 1.02338296052, -5.07313789935, 0.0129502971734
2.59, 13.6962965649, 1.02352362311, -5.06946503896, 0.0141106064906
2.6, 13.6456486304, 1.02360986599, -5.06534112379, 0.00472477734602
2.61, 13.5950440193, 1.02361557728, -5.06088329689, 0.000307290318988
2.62, 13.5444852374, 1.02364893191, -5.05619754574, 0.00831653317745
2.63, 13.4939738444, 1.02377309616, -5.05139145806, 0.0154703563121
2.64, 13.4435110052, 1.02389912856, -5.04651694272, 0.00964873757364
2.65, 13.3931017152, 1.023932597, -5.04079994859, 0.000338333469394
2.66, 13.3427492615, 1.02394577755, -5.03504263048, 0.00247543895908
2.67, 13.2924549492, 1.02400977312, -5.02916464215, 0.0111454372338
2.68, 13.2422209714, 1.0241401208, -5.02291239116, 0.013960017631
2.69, 13.1920512656, 1.02423437976, -5.01639108634, 0.00598622104889
2.7, 13.1419470898, 1.02424803145, -5.00979868827, 0.000351420850914
2.71, 13.0919110131, 1.02427051831, -5.00273765524, 0.00650171633855
2.72, 13.0419465707, 1.02437747527, -4.99552589012, 0.0142578845171
2.73, 12.9920550567, 1.02450318546, -4.98816272601, 0.0105243503613
2.74, 12.9422383975, 1.0245484762, -4.98048069469, 0.00130617949531
2.75, 12.8925001099, 1.0245468283, -4.97257058891, 0.00191711548204
2.76, 12.8428415619, 1.02461056757, -4.96454655921, 0.0114545242422
2.77, 12.7932643539, 1.02474354577, -4.95622959612, 0.0139832632086
2.78, 12.7437717408, 1.02483262861, -4.94770590019, 0.00505156809481
2.79, 12.6943644537, 1.02483562869, -4.93915461216, -0.000609371657822
2.8, 12.6450434573, 1.02485360999, -4.93046604859, 0.00650909461139
2.81, 12.5958103336, 1.02496375186, -4.9215070537, 0.014629534879
2.82, 12.5466681281, 1.02508908821, -4.91236216492, 0.0100366450073
2.83, 12.4976176755, 1.02512494906, -4.90315353891, 0.000153433678568
2.84, 12.4486595697, 1.02512870872, -4.8938920743, 0.00149513019327
2.85, 12.3997946821, 1.0251788446, -4.88442839729, 0.00963702401191
2.86, 12.3510261, 1.02529795892, -4.8747284809, 0.0132921432172
2.87, 12.3023547382, 1.02539081645, -4.86498232445, 0.00611587910637
2.88, 12.2537817992, 1.02540366172, -4.85497202582, -0.000107438166861
2.89, 12.2053100529, 1.02541548082, -4.84482120836, 0.00502462109632
2.9, 12.1569400113, 1.02550780876, -4.83463577147, 0.0130389660325
2.91, 12.1086712133, 1.02562762162, -4.82464126291, 0.0104304182484
2.92, 12.0605047077, 1.02567395912, -4.81408523955, 0.00132108355273
2.93, 12.0124438772, 1.02566675462, -4.80352549709, 0.000824335661856
2.94, 11.9644891472, 1.02571568406, -4.79288349509, 0.00988069026514
2.95, 11.9166411328, 1.02583747661, -4.78209149644, 0.0133767192168
2.96, 11.8689025193, 1.02592598846, -4.77109573683, 0.00525610739781
2.97, 11.8212740649, 1.02592830884, -4.76006573958, -0.00111202037494
2.98, 11.7737560668, 1.02593476323, -4.74890886055, 0.0049370298838
2.99, 11.7263512347, 1.02602979748, -4.73754048083, 0.0134178848168
3.0, 11.6790598859, 1.02614989327, -4.72619964384, 0.0100372168608
3.01, 11.6318819852, 1.02618748356, -4.71484976559, 0.000195975486124
3.02, 11.5848175996, 1.02617098732, -4.70349704368, 0.000238802942339
3.03, 11.5378673406, 1.0262196547, -4.69194953073, 0.0102278291294
3.04, 11.4910335122, 1.02634482712, -4.68029075503, 0.013490827858
3.05, 11.4443164206, 1.02642877333, -4.66858027905, 0.00434426776997
3.06, 11.397716005, 1.02643195238, -4.65702044016, -0.000497951842125
3.07, 11.3512304909, 1.02642990884, -4.64553786381, 0.00327217788638
3.08, 11.304859543, 1.02650779708, -4.63407512512, 0.01209648623
3.09, 11.2586040754, 1.02662591014, -4.62249996076, 0.0107565122545
3.1, 11.2124639557, 1.02667489221, -4.61099701715, 0.00123392909802
3.11, 11.166438468, 1.02665874701, -4.59956789177, -0.000694678019873
3.12, 11.120527901, 1.0266903877, -4.5878863057, 0.00829582696217
3.13, 11.0747357556, 1.02680386754, -4.57601946058, 0.0132304689086
3.14, 11.0290618347, 1.02689558823, -4.56423051848, 0.00565826358567
3.15, 10.9835053904, 1.02689585047, -4.55242500579, -0.00198923157681
3.16, 10.9380706988, 1.02688671677, -4.53999966866, 0.00306803211208
3.17, 10.8927600452, 1.0269670021, -4.5276020352, 0.012522105229
3.18, 10.8475735322, 1.02708642044, -4.5151616249, 0.0104798988214
3.19, 10.8025121004, 1.02712721705, -4.50247823993, 9.52676023795e-05
3.2, 10.7575795285, 1.0271151667, -4.48950934831, -0.00132215712123
3.21, 10.712776546, 1.02713154994, -4.47645864099, 0.00639810649078
3.22, 10.6681066312, 1.02723189601, -4.46301386465, 0.0127211635727
3.23, 10.6235712477, 1.02732935787, -4.44954678246, 0.00687263583097
3.24, 10.5791708533, 1.02733945849, -4.4360154605, -0.00161474200932
3.25, 10.5349048246, 1.02732222193, -4.42275440858, 0.00139412443219
3.26, 10.4907740702, 1.02738410672, -4.40843479372, 0.0110055764818
3.27, 10.4467923178, 1.02749987054, -4.39353295982, 0.0111016780826
3.28, 10.4029609527, 1.02755247056, -4.3780831618, 0.00127282527092
3.29, 10.3592888373, 1.02752812351, -4.361679666, -0.00221275721696
3.3, 10.3157839161, 1.02754149827, -4.34480375712, 0.00654676981067
3.31, 10.2724502258, 1.02764519507, -4.32727367355, 0.0129861445228
3.32, 10.2292944009, 1.02774029159, -4.30935230247, 0.00616074486184
3.33, 10.1863226277, 1.02774770346, -4.29066079328, 0.000501817244179
3.34, 10.1435427729, 1.0277264041, -4.27112839468, -6.96500945677e-05
3.35, 10.1009559912, 1.02777003617, -4.25179589791, 0.00932406956524
3.36, 10.0585650467, 1.02787944878, -4.23183428078, 0.011441739956
3.37, 10.0163760961, 1.02794260894, -4.21154636832, 0.00248813424744
3.38, 9.97439042073, 1.0279220761, -4.19118204029, -0.00278681745129
3.39, 9.93261019855, 1.02791964031, -4.17031546777, 0.00448097699495
3.4, 9.8910398191, 1.02800790354, -4.14928290429, 0.0122460666431
3.41, 9.84968318461, 1.02810756318, -4.12783826412, 0.00736796919722
3.42, 9.80854043944, 1.02811783167, -4.10617637999, -0.00226027442915
3.43, 9.76761592347, 1.02809882513, -4.08433108774, -0.00119492090168
3.44, 9.72691023874, 1.02812482965, -4.06243145396, 0.00744908340662
3.45, 9.68642495404, 1.02822381086, -4.04017055115, 0.0113042311439
3.46, 9.64616365706, 1.02829484196, -4.01767166983, 0.00369559445792
3.47, 9.60612728449, 1.02828116674, -3.99529525252, -0.00288347524156
3.48, 9.56631345066, 1.02826655589, -3.97312880208, 0.00256515951152
3.49, 9.52671953611, 1.02833722316, -3.95133571286, 0.0110433988211
3.5, 9.48734176156, 1.02843683152, -3.92979310969, 0.00826580653403
3.51, 9.44817909278, 1.02845862237, -3.90833079909, -0.00136574880612
3.52, 9.40922904157, 1.02842371332, -3.8872630232, -0.00190120537738
3.53, 9.37048883345, 1.02844836188, -3.86644018996, 0.00770038040253
3.54, 9.3319560891, 1.0285502494, -3.84577942367, 0.0113962008643
3.55, 9.29362938216, 1.02861679522, -3.82509126441, 0.00280628211719
3.56, 9.25550865726, 1.02859991096, -3.80458887394, -0.000682409197622
3.57, 9.21759137247, 1.02858306882, -3.78443373787, 0.0013210651416
3.58, 9.17987529366, 1.02863681915, -3.76440752545, 0.00938384987405
3.59, 9.14235935359, 1.02872897053, -3.74429904974, 0.00841548118666
3.6, 9.10504330262, 1.02875969884, -3.72446565094, -0.000228253808005
3.61, 9.06792570752, 1.02872994285, -3.70464773044, -0.0022020887449
3.62, 9.03100419569, 1.02874141457, -3.68515267297, 0.00584502901441
3.63, 8.99427712502, 1.02882800603, -3.66574553906, 0.010521548225
3.64, 8.95774480936, 1.0288971222, -3.64634602981, 0.0038153265526
3.65, 8.92140560402, 1.02888308607, -3.62705689214, -0.00327494489173
3.66, 8.88525875869, 1.02885827509, -3.60781646014, 0.00111741454635
3.67, 8.84930461426, 1.0289137871, -3.58864611112, 0.00975918033614
3.68, 8.81354139076, 1.02900688341, -3.5696412952, 0.00816972912129
3.69, 8.77796705378, 1.02903021282, -3.55084983697, -0.00123965392421
3.7, 8.74258042333, 1.02899086136, -3.53203011454, -0.00289062082605
3.71, 8.70738126783, 1.02900084293, -3.51344010692, 0.00608491112843
3.72, 8.6723666726, 1.02909084416, -3.49498583645, 0.0107387654225
3.73, 8.63753592001, 1.02915715954, -3.47685748786, 0.00310236247056
3.74, 8.60288179193, 1.02913309876, -3.45958307212, -0.00429936951569
3.75, 8.56839806842, 1.02910210843, -3.44283346171, 0.000942771000977
3.76, 8.53407847115, 1.02916042626, -3.42674082224, 0.010205503359
3.77, 8.49991554685, 1.02925532318, -3.41138194303, 0.0079331613311
3.78, 8.46590230679, 1.02927106439, -3.39687597328, -0.00232350842758
3.79, 8.43203103073, 1.02923633891, -3.38300220846, -0.00346323820664
3.8, 8.39829419191, 1.02923171348, -3.37003632874, 0.00427583042571
3.81, 8.36468224903, 1.02930930257, -3.35802250496, 0.0103039252589
3.82, 8.33118571804, 1.02938161449, -3.34696362311, 0.00434585697619
3.83, 8.29779367682, 1.02936794129, -3.33710168524, -0.00383118744332
3.84, 8.26449476726, 1.02933009144, -3.32819149846, -0.000598440794466
3.85, 8.23128111598, 1.029371098, -3.31997510784, 0.00880203178547
3.86, 8.19814423338, 1.02946282554, -3.31293089909, 0.0085886547944
3.87, 8.16507168233, 1.02949074898, -3.30712505353, -0.00107005533894
3.88, 8.13205003929, 1.02944518735, -3.30270623302, -0.00417957127416
3.89, 8.09906731922, 1.02943918978, -3.29919692995, 0.00455872084686
3.9, 8.06611463649, 1.02952117865, -3.29681144459, 0.0106584146466
3.91, 8.03317891234, 1.02959187939, -3.29577953835, 0.00373688075163
3.92, 8.00024780637, 1.02956901588, -3.29570867058, -0.00479403984531
3.93, 7.96731316012, 1.02953912932, -3.29663531694, -0.00128455784789
3.94, 7.93436317646, 1.02956554812, -3.29856928924, 0.00707981172327
3.95, 7.90139096298, 1.02964707501, -3.30125776305, 0.00842844024193
3.96, 7.86838496219, 1.02968336008, -3.30508571661, 0.000298429963384
3.97, 7.83533779873, 1.0296476532, -3.30969637857, -0.00386642506568
3.98, 7.80223816349, 1.02963335167, -3.31557098206, 0.00297119433217
3.99, 7.76907351388, 1.02969922302, -3.32245520851, 0.009489628955
4.0, 7.73583617645, 1.02976993065, -3.33032368422, 0.00467301931458
4.01, 7.70251456653, 1.02976014549, -3.33908180877, -0.00363021294805
4.02, 7.66910122139, 1.02971782717, -3.34887322913, -0.00156774159772
4.03, 7.63558483691, 1.02974630526, -3.35948573107, 0.00757373311983
4.04, 7.60195776119, 1.02983147806, -3.3711990605, 0.0085124488031
4.05, 7.56820892057, 1.0298632684, -3.38364552838, -0.000517753475673
4.06, 7.5343339006, 1.02981888103, -3.39652899946, -0.00456158062167
4.07, 7.50031953139, 1.02980281864, -3.41154177267, 0.00324106020009
4.08, 7.46614977225, 1.02987365767, -3.42739637383, 0.00997638182913
4.09, 7.43181984479, 1.02994463954, -3.44358938331, 0.00425086759956
4.1, 7.39732203375, 1.02992672067, -3.46106352783, -0.00456668100384
4.11, 7.36264257233, 1.02987836662, -3.47989653837, -0.00174734904792
4.12, 7.32777046721, 1.02991000896, -3.49970341069, 0.00816767112484
4.13, 7.29269495494, 1.0299993309, -3.52032750464, 0.0086011915029
4.14, 7.25740849984, 1.03002627623, -3.54207553727, -0.0013846158256
4.15, 7.22189885227, 1.02997300535, -3.56497782776, -0.00523583443757
4.16, 7.1861538612, 1.02995585536, -3.5888265782, 0.00360141504687
4.17, 7.15016942321, 1.03003229592, -3.61289607533, 0.0104874030616
4.18, 7.11394243232, 1.03010328494, -3.63730564514, 0.00377501072557
4.19, 7.07747090319, 1.03007673941, -3.66184951699, -0.00554191148642
4.2, 7.04075019594, 1.03003620045, -3.68734052527, -0.00249519060094
4.21, 7.00377044367, 1.03005300914, -3.71342519525, 0.00648663394001
4.22, 6.96652880073, 1.03013303965, -3.73972360448, 0.00855862577782
4.23, 6.92902240153, 1.0301693259, -3.7663333, 4.38054200353e-05
4.24, 6.89124731669, 1.0301258551, -3.79371012259, -0.00499455563227
4.25, 6.85319570582, 1.03009952929, -3.82142746269, 0.00193053637879
4.26, 6.81486491666, 1.03015982875, -3.84952407779, 0.00936744804276
4.27, 6.77625191695, 1.03023144778, -3.87813301411, 0.004764506513
4.28, 6.737347238, 1.03021812931, -3.90756866415, -0.00440615769806
4.29, 6.69814820063, 1.03016408532, -3.93703281544, -0.00287179686187
4.3, 6.65865332766, 1.03018239456, -3.96697586889, 0.00695678111218
4.31, 6.61885316196, 1.03026617803, -3.99780610277, 0.0086609386122
4.32, 6.5787465747, 1.03029787789, -4.02806151259, -0.000824698697983
4.33, 6.5383410116, 1.03024473778, -4.05761357033, -0.00581846824979
4.34, 6.49764471642, 1.03021550073, -4.08625476965, 0.00210670419222
4.35, 6.45666659313, 1.03028030719, -4.11401730358, 0.00983085877578
4.36, 6.41541526069, 1.03035199326, -4.14093050584, 0.00429610796129
4.37, 6.37389899124, 1.03032960719, -4.16703101093, -0.00549059028736
4.38, 6.33212578224, 1.03026783707, -4.19234533255, -0.00322826380827
4.39, 6.29010341781, 1.03028809149, -4.21689386118, 0.0074670839444
4.4, 6.24783944899, 1.03036092483, -4.24069889628, 0.00827100968954
4.41, 6.20534112146, 1.03039928131, -4.26378990579, 0.000379680004442
4.42, 6.16261541164, 1.03035466323, -4.28619618238, -0.00564975117418
4.43, 6.11966908476, 1.03031574375, -4.3079368912, 0.000355915420436
4.44, 6.07650873511, 1.03036290862, -4.32902836355, 0.00849018049847
4.45, 6.03314073843, 1.03043281556, -4.34949147849, 0.00505023686523
4.46, 5.98957119591, 1.03042210157, -4.36935541881, -0.00445085644973
4.47, 5.94580599714, 1.03036035258, -4.38864018781, -0.00422701432928
4.48, 5.90185089318, 1.03036293613, -4.40735869299, 0.00547920959411
4.49, 5.85771148611, 1.03043864977, -4.42552494658, 0.00846291869355
4.5, 5.81339314558, 1.03047286122, -4.44316303217, -0.000488105457125
4.51, 5.76890101199, 1.03041784047, -4.46029649533, -0.00661804274991
4.52, 5.72424009355, 1.03037429365, -4.47693644229, 0.000359003359888
4.53, 5.6794153016, 1.03042491709, -4.4930924765, 0.00890839226708
4.54, 5.63443138346, 1.03049497511, -4.50878046088, 0.00460272753812
4.55, 5.58929285353, 1.03047492518, -4.52402583355, -0.005623498302
4.56, 5.54400407675, 1.03041854481, -4.53884061586, -0.0046931767624
4.57, 5.49856934181, 1.03040690143, -4.55323379076, 0.00359671062353
4.58, 5.45299283074, 1.03046845263, -4.5672141254, 0.00777335107994
4.59, 5.40727855835, 1.03050675749, -4.58079952723, 0.000615499483711
4.6, 5.36143034915, 1.03046171501, -4.59400977655, -0.006138680734
4.61, 5.31545193129, 1.03041137457, -4.60685199465, -0.00121484228939
4.62, 5.26934698404, 1.03044341748, -4.61933132293, 0.00726543523039
4.63, 5.2231190788, 1.03050790656, -4.63145846762, 0.00502237814359
4.64, 5.17677159727, 1.03049861398, -4.64325433945, -0.00444779248872
4.65, 5.13030779242, 1.03043052856, -4.65472980314, -0.0054474284987
4.66, 5.08373088157, 1.03041703096, -4.66588720724, 0.00379757871991
4.67, 5.03704403702, 1.03048115153, -4.67673158154, 0.00786371844536
4.68, 4.99025028085, 1.0305151034, -4.68727909055, -0.000264987230064
4.69, 4.94335246867, 1.03045898374, -4.69754694517, -0.00722633967946
4.7, 4.89635340293, 1.03040241668, -4.70753710026, -0.00137790635699
4.71, 4.84925588263, 1.03043677794, -4.71725084545, 0.00763213910217
4.72, 4.80206262519, 1.03050156419, -4.72669658879, 0.00462666957713
4.73, 4.75477617029, 1.03048320327, -4.73589451783, -0.00563614119519
4.74, 4.70739896344, 1.03041952898, -4.7448500638, -0.00604603168
4.75, 4.65993344998, 1.03039061196, -4.75356472195, 0.00183557512277
4.76, 4.61238204611, 1.03044051763, -4.7620402247, 0.00722664312772
4.77, 4.56474706455, 1.03047922377, -4.77028857182, 0.000889520668691
4.78, 4.51703066519, 1.03043289051, -4.77832605814, -0.00682521376596
4.79, 4.46923496238, 1.03036838122, -4.78615341858, -0.00306627252263
4.8, 4.42136209316, 1.03038361057, -4.79376913493, 0.00599847612868
4.81, 4.3734141532, 1.03044350047, -4.80117815825, 0.00513929121786
4.82, 4.32539308551, 1.03043641499, -4.80839803886, -0.0044620479589
4.83, 4.27730073379, 1.03036037488, -4.81543614491, -0.00691499428502
4.84, 4.22913896159, 1.03032853878, -4.82228832587, 0.00196868612616
4.85, 4.18090965284, 1.03038116635, -4.82895441071, 0.00739728593924
4.86, 4.13261458652, 1.03041651279, -4.83544629818, 9.3099522629e-05
4.87, 4.08425539299, 1.03035916329, -4.84177979835, -0.00797539870058
4.88, 4.03583368364, 1.03028733724, -4.84795188951, -0.0033439077127
4.89, 3.98735112421, 1.03030437717, -4.85395863462, 0.00638491384001
4.9, 3.9388093521, 1.03036544529, -4.85980398816, 0.00486322604731
4.91, 3.89020984761, 1.03035006626, -4.86550647854, -0.00563212875636
4.92, 3.84155401112, 1.03027772787, -4.87106938161, -0.00762979364824
4.93, 3.79284328471, 1.03022949778, -4.87648934882, -4.25947604928e-05
4.94, 3.74407913365, 1.03026830119, -4.88176362386, 0.00686429270879
4.95, 3.69526295856, 1.03030954294, -4.88690082278, 0.00133675176069
4.96, 3.64639601055, 1.030261995, -4.89191757702, -0.00764570545776
4.97, 3.59747951226, 1.03018110782, -4.89681130163, -0.00514126405419
4.98, 3.5485147569, 1.03017867174, -4.9015756878, 0.00479374181741
4.99, 3.49950304449, 1.03023592795, -4.9062119664, 0.00550941651195
5.0, 3.45044553455, 1.03023261002, -4.91073693646, -0.00444799343307
5.01, 3.40134328756, 1.03016118429, -4.91515636186, -0.00782853937553
5.02, 3.35219741866, 1.03009954639, -4.91946507552, -0.00200963844034
5.03, 3.30300907653, 1.03012152057, -4.92365874006, 0.00582450190241
5.04, 3.25377937956, 1.03016428838, -4.92774299027, 0.00233468888005
5.05, 3.20450930087, 1.03012786575, -4.93173454451, -0.00690627681647
5.06, 3.15519976896, 1.03004262953, -4.93563262675, -0.00656464820097
5.07, 3.10585178883, 1.03002082379, -4.93942897642, 0.00289900254688
5.08, 3.05646640251, 1.03006941253, -4.94312264641, 0.00566536148547
5.09, 3.00704453418, 1.03007635261, -4.94672793527, -0.00312407002198
5.1, 2.95758699044, 1.02999668638, -4.95025511634, -0.00898776424851
5.11, 2.90809461931, 1.02992944761, -4.95369463243, -0.00209164700507
5.12, 2.85856835869, 1.02995395635, -4.95704086863, 0.00615236352584
5.13, 2.80900910482, 1.02999604861, -4.96029987299, 0.00182130535692
5.14, 2.7594175961, 1.02994982682, -4.96348999374, -0.00810661566354
5.15, 2.70979454504, 1.02986956557, -4.96660594839, -0.00705261656723
5.16, 2.66014075454, 1.02983335815, -4.96964227726, 0.00100139259105
5.17, 2.61045705146, 1.02986751692, -4.97259620412, 0.00494342383462
5.18, 2.56074418118, 1.02987817514, -4.97547905094, -0.00205319314948
5.19, 2.51100276817, 1.02980827801, -4.97830235072, -0.00851398343451
5.2, 2.46123346206, 1.0297342917, -4.98105775228, -0.00365345406368
5.21, 2.41143700689, 1.02974026063, -4.98373845128, 0.00450701252822
5.22, 2.3616141332, 1.02977663242, -4.98634815759, 0.00222216879885
5.23, 2.31176542834, 1.02974101754, -4.98890374195, -0.00693491013919
5.24, 2.26189142848, 1.02964931817, -4.99140473176, -0.0077833486259
5.25, 2.21199276201, 1.0296113167, -4.99384020697, 0.00119640120912
5.26, 2.16207012253, 1.02964789589, -4.99620744652, 0.00502109168245
5.27, 2.11212410028, 1.02965420988, -4.99851949031, -0.0029157467793
5.28, 2.0621551576, 1.0295735421, -5.00078811961, -0.00956356577624
5.29, 2.01216379989, 1.02949360326, -5.00300217537, -0.00380023782087
5.3, 1.96215064641, 1.02950187445, -5.00515391311, 0.00486421272691
5.31, 1.91211629941, 1.02953848537, -5.00724763919, 0.00183279679207
5.32, 1.86206120088, 1.02949404695, -5.00930233119, -0.00808351336571
5.33, 1.81198574872, 1.02939260124, -5.01131527927, -0.00842634375868
5.34, 1.76189045582, 1.02935381578, -5.01327367008, 0.00150352698709
5.35, 1.71177590968, 1.02939360417, -5.01517453923, 0.00513440180179
5.36, 1.66164257734, 1.02939536243, -5.01703310956, -0.00383345792106
5.37, 1.61149078922, 1.02931543753, -5.01885921331, -0.00897213898615
5.38, 1.56132095825, 1.02922640292, -5.02064331464, -0.00554330851236
5.39, 1.51113356865, 1.02921685133, -5.02237624979, 0.00349571816932
5.4, 1.46092913217, 1.02925136571, -5.02406000936, 0.0025652860187
5.41, 1.41070800885, 1.02921849099, -5.02571292954, -0.00703888333846
5.42, 1.36047048613, 1.0291170991, -5.02733627517, -0.00942166282218
5.43, 1.31021695698, 1.02906047507, -5.02891592285, -0.000511053606913
5.44, 1.25994791367, 1.02908806045, -5.03044717894, 0.00485541337461
5.45, 1.20966375728, 1.02909771115, -5.03194219536, -0.00249593074442
5.46, 1.15936472978, 1.02902275179, -5.03318683945, -0.00718826484316
5.47, 1.10905114585, 1.02892951478, -5.03485505728, -0.0069921833455
5.48, 1.05872338432, 1.02890148858, -5.03625381548, 0.00176844025598
5.49, 1.00838188221, 1.02892897733, -5.0376105863, 0.00283794945609
5.5, 0.958026943453, 1.02890632149, -5.0389418008, -0.00581449173168
5.51, 0.907658774011, 1.02880929402, -5.04025296224, -0.00991047386429
5.52, 0.857277666679, 1.02873746125, -5.04152978247, -0.00255475481892
5.53, 0.806884030484, 1.02874919105, -5.0427658675, 0.00403645003066
5.54, 0.756478217458, 1.02876271323, -5.04397004893, -0.00131909908306
5.55, 0.706060418531, 1.02869091992, -5.04515977306, -0.00991111705779
5.56, 0.655630829418, 1.02858772172, -5.04632543331, -0.0074397630401
5.57, 0.605189787193, 1.02856017274, -5.04745465814, 0.00209348973227
5.58, 0.554737675167, 1.02858947462, -5.04854737636, 0.00271502429858
5.59, 0.504274722586, 1.02856016443, -5.04962273451, -0.00685851581178
5.6, 0.453801057936, 1.02845237396, -5.0506852851, -0.0108008281676
5.61, 0.403316917929, 1.02837710918, -5.05171819637, -0.00244564271983
5.62, 0.352822669835, 1.02839214056, -5.05271477178, 0.00433278356092
5.63, 0.302318608946, 1.02840382066, -5.05368562014, -0.00197427569034
5.64, 0.251804851528, 1.02832162549, -5.0546499368, -0.0110732790028
5.65, 0.201281545717, 1.02822402326, -5.05559271409, -0.00838073942565
5.66, 0.150748969456, 1.02817994917, -5.05650711684, 0.000248373269532
5.67, 0.100207444613, 1.02819827994, -5.05738998953, 0.0024880811742
5.68, 0.0496571752105, 1.02817632913, -5.05825748123, -0.00564217365886
