timestamp, prius1 x posi, prius1 y posi, prius1 x vel, prius1 y vel.
0.0, 0.0, 0.0, 0.0, 0.0
0.00999999999999, 1.0000131261, -24.9962070217, -0.00204361476916, 0.18664542778
0.02, 1.00002351998, -24.9940309949, 0.00234814318708, 0.233983584487
0.03, 1.00006404108, -24.9913859212, 0.00327244274, 0.280517777956
0.04, 1.00008313431, -24.9882796305, -0.000816383459916, 0.326277174609
0.05, 1.00006475678, -24.9847198146, -0.00310548236999, 0.371269302442
0.06, 1.00005589016, -24.980714121, 0.000321351284094, 0.415501233926
0.07, 1.00008878753, -24.97627007, 0.00384768023205, 0.458990496724
0.08, 1.00012644907, -24.9713949802, 0.00158343607874, 0.501755907718
0.09, 1.00012335071, -24.965999432, -0.00277578392753, 0.569757606789
0.1, 1.00009973902, -24.9597776879, -0.00235869510541, 0.656651253031
0.11, 1.00010772409, -24.952687166, 0.00218897983901, 0.744767290387
0.12, 1.00015078331, -24.9447212366, 0.00379838707786, 0.833081254979
0.13, 1.00017792469, -24.9358797715, 4.78418323793e-05, 0.921341424493
0.14, 1.00016681615, -24.926163045, -0.00258643075089, 1.00958212795
0.15, 1.00016183346, -24.9155711942, 0.00065075998197, 1.0978183463
0.16, 1.00020087708, -24.9041042743, 0.00471421544242, 1.18605575135
0.17, 1.00025119434, -24.8917622712, 0.00302251223396, 1.27411586666
0.18, 1.00026258635, -24.8785482791, -0.00148596609841, 1.36086818176
0.19, 1.00025186465, -24.8644720737, -0.0010024211752, 1.44655667949
0.2, 1.00027587522, -24.8495443213, 0.00397465536837, 1.53118635047
0.21, 1.00033617159, -24.8337755281, 0.00536518746605, 1.61477625053
0.22, 1.00037544291, -24.8171759953, 0.000991829606335, 1.69734267849
0.23, 1.00037307838, -24.7997559218, -0.00164252242857, 1.77889110686
0.24, 1.00038075229, -24.7815254691, 0.00220151228064, 1.85942781732
0.25, 1.00043698568, -24.7624946736, 0.00645476812165, 1.93897132497
0.26, 1.00050202285, -24.7426733553, 0.00423016325682, 2.01754200662
0.27, 1.00052293853, -24.7220711846, -0.000631813472858, 2.09514860993
0.28, 1.0005221427, -24.7006977939, 0.00020344945905, 2.17179348647
0.29, 1.00056097785, -24.6785627588, 0.00563349686087, 2.24748841828
0.3, 1.00063721242, -24.6556772425, 0.00680022997074, 2.32215183653
0.31, 1.00068754719, -24.6320557311, 0.00186349403115, 2.39593550687
0.32, 1.00069324601, -24.6077075286, -0.000768931452992, 2.4688850874
0.33, 1.00071227352, -24.5826412908, 0.00356235033401, 2.54094533682
0.34, 1.00078316305, -24.5568658203, 0.00789768880869, 2.61211785469
0.35, 1.00085995869, -24.530389809, 0.00515078488414, 2.68242210391
0.36, 1.00088785801, -24.503221821, -4.63606082059e-06, 2.75186410593
0.37, 1.00089513499, -24.4753704012, 0.00124722697357, 2.82044409287
0.38, 1.00094716316, -24.4468449938, 0.00711101577768, 2.88739977233
0.39, 1.00103714226, -24.4176612806, 0.00799101188646, 2.95237100123
0.4, 1.00109595799, -24.387837383, 0.00247325614999, 3.01553386209
0.41, 1.001107181, -24.3573910643, -0.000124778414018, 3.07693015902
0.42, 1.00113569557, -24.3263397374, 0.00478552261749, 3.13660246554
0.43, 1.00122015959, -24.2947003384, 0.00925089221116, 3.19460656592
0.44, 1.00130746894, -24.2624892366, 0.0059143562828, 3.25099704606
0.45, 1.00134022184, -24.2297223346, 0.000382381349456, 3.30581281171
0.46, 1.001353131, -24.1964151992, 0.00206911747485, 3.35908785795
0.47, 1.00141642883, -24.1625830275, 0.00842347739954, 3.41086685303
0.48, 1.00151844601, -24.128240503, 0.00900009983965, 3.46120323762
0.49, 1.00158357484, -24.0934018164, 0.00285241284793, 3.51013927801
0.5, 1.00159809462, -24.058080814, 0.000319023323615, 3.55770395975
0.51, 1.00163438886, -24.0222910635, 0.00585781546237, 3.60392919264
0.52, 1.00173087021, -23.9860457316, 0.0104328848502, 3.64886169286
0.53, 1.00182668602, -23.9493575008, 0.00645424844279, 3.69254627669
0.54, 1.0018620453, -23.9122386835, 0.000552610763905, 3.73501215117
0.55, 1.00187874757, -23.8747013552, 0.00272918010461, 3.77628219667
0.56, 1.0019518463, -23.8367573136, 0.0095843311483, 3.81639198485
0.57, 1.0020640921, -23.7984179272, 0.00979272902605, 3.85538637214
0.58, 1.00213308446, -23.7596941632, 0.00297119459924, 3.89329790275
0.59, 1.0021485153, -23.720596744, 0.000550251352224, 3.93014570552
0.6, 1.00219086392, -23.6811362073, 0.00677944922874, 3.96595316433
0.61, 1.00229781769, -23.6413227651, 0.0114406206724, 4.00075985317
0.62, 1.00240003854, -23.6011662201, 0.00675605740877, 4.03460249579
0.63, 1.00243561779, -23.560676091, 0.0004966773514, 4.06750140501
0.64, 1.00245430091, -23.5198617482, 0.0032440545827, 4.09947114409
0.65, 1.00253599939, -23.4787323579, 0.0106272404686, 4.13054074588
0.66, 1.002657016, -23.4372967187, 0.0104068533582, 4.16074863151
0.67, 1.00272782816, -23.3955632995, 0.00287488943179, 4.19011961565
0.68, 1.00274230742, -23.3535404039, 0.00062760547791, 4.21866496667
0.69, 1.0027896207, -23.3112362246, 0.0076162931321, 4.24640155783
0.7, 1.00290614905, -23.2686586838, 0.0123362123577, 4.27336379248
0.71, 1.00301326546, -23.225815351, 0.00687682746699, 4.2995820751
0.72, 1.00304725728, -23.18271358, 0.000274590220437, 4.32506955228
0.73, 1.00306673257, -23.1393606477, 0.0036769754955, 4.349834175
0.74, 1.0031564377, -23.0957636832, 0.0116095891991, 4.37390026085
0.75, 1.00328527887, -23.0519294917, 0.0108890371105, 4.39730145879
0.76, 1.00335630275, -23.0078646044, 0.00260666957325, 4.42005635615
0.77, 1.00336841737, -22.9635754523, 0.00059817942014, 4.44216982296
0.78, 1.00342007233, -22.9190684142, 0.00841343916848, 4.46365379676
0.79, 1.0035456623, -22.8743496374, 0.0131525954314, 4.48453910065
0.8, 1.0036564294, -22.8294249582, 0.0068401111536, 4.50485116338
0.81, 1.00368726546, -22.7843000527, -8.732541064e-05, 4.52459726425
0.82, 1.0037066397, -22.7389805788, 0.0040599610447, 4.54378007688
0.83, 1.00380405682, -22.6934720882, 0.0125584296429, 4.56242067036
0.84, 1.00393998415, -22.6477798386, 0.0112562197678, 4.58054918928
0.85, 1.00400976325, -22.6019088583, 0.00218305952016, 4.59817912581
0.86, 1.00401830791, -22.5558641282, 0.000487284118623, 4.61531008583
0.87, 1.00407395517, -22.509650625, 0.0091987298488, 4.63195033192
0.88, 1.00420832747, -22.463273119, 0.0139092133608, 4.64812834885
0.89, 1.00432165052, -22.4167361006, 0.00665954333668, 4.66386558103
0.9, 1.00434792161, -22.3700439457, -0.000569304993914, 4.67916441957
0.91, 1.00436654223, -22.3232010608, 0.00441989750887, 4.69402329619
0.92, 1.00447162762, -22.2762117765, 0.013495917975, 4.70846121753
0.93, 1.00461406412, -22.2290801486, 0.0115205280029, 4.72250576215
0.94, 1.00468125053, -22.1818100388, 0.00161633792322, 4.736166167
0.95, 1.0046851904, -22.1344053071, 0.000316385455576, 4.74943764327
0.96, 1.00474471493, -22.0868698463, 0.00999543843574, 4.76232579379
0.97, 1.00488777342, -22.039207359, 0.0146197120555, 4.77485773596
0.98, 1.00500264927, -21.9914212898, 0.0063426725619, 4.78705164871
0.99, 1.00503346276, -21.943515018, 0.00114766507104, 4.79890319342
1.0, 1.00505067564, -21.8954919663, 0.00332415760937, 4.81041653124
1.01, 1.0051425124, -21.8473555027, 0.0124461863197, 4.82159975697
1.02, 1.00528550713, -21.7991087879, 0.0125531633298, 4.83247850906
1.03, 1.00536893938, -21.7507547934, 0.00328939768187, 4.8430623636
1.04, 1.00538015767, -21.7022964898, 5.52502846911e-05, 4.85334521504
1.05, 1.00542772475, -21.653736907, 0.00841792376815, 4.8633283523
1.06, 1.00556136169, -21.6050789431, 0.0145551239571, 4.87303393432
1.07, 1.00568726093, -21.5563252581, 0.00814020978757, 4.88248044242
1.08, 1.00572314869, -21.5074784329, -0.00025807614725, 4.8916657317
1.09, 1.00573678864, -21.4585411274, 0.00348392444363, 4.90058226257
1.1, 1.00583505723, -21.4095159943, 0.0133359938188, 4.90924285244
1.11, 1.00598489449, -21.3604054678, 0.0128862516403, 4.9176702482
1.12, 1.00606611024, -21.3112118193, 0.00270387758125, 4.92587189639
1.13, 1.00608498032, -21.2619373513, 0.000931885948336, 4.9338377418
1.14, 1.00612847622, -21.2125844181, 0.00723700025718, 4.94157202501
1.15, 1.00624999639, -21.1631552828, 0.0137506426918, 4.94908852526
1.16, 1.00637887465, -21.113652014, 0.00933185987278, 4.95640546388
1.17, 1.0064304697, -21.0640765897, 0.00119171731097, 4.96352250445
1.18, 1.00644853408, -21.0144310547, 0.00296548553266, 4.97043129754
1.19, 1.00653418143, -20.9647174836, 0.0118703267293, 4.97713863653
1.2, 1.00667703924, -20.9149377832, 0.0130976885118, 4.98366532507
1.21, 1.00677050243, -20.8650936961, 0.00444598572828, 4.9900194732
1.22, 1.00678909188, -20.8151869756, 0.0002827787551, 4.99619329112
1.23, 1.00683283793, -20.7652194717, 0.00771098306649, 5.00218241819
1.24, 1.0069615452, -20.7151929642, 0.0144748243109, 5.00800288126
1.25, 1.00709345554, -20.6651090294, 0.00920643334712, 5.01367285096
1.26, 1.00713994048, -20.614969172, 0.000535257482514, 5.0191886746
1.27, 1.00715443139, -20.5647749908, 0.00300079578458, 5.02453945066
1.28, 1.00724532738, -20.5145281292, 0.0126751965357, 5.02973313272
1.29, 1.00739484242, -20.4642300562, 0.0134632599198, 5.03478864563
1.3, 1.00748640885, -20.4138820881, 0.00386671816114, 5.03971432188
1.31, 1.00749874535, -20.3634855748, -0.000163186175967, 5.04449802119
1.32, 1.00754349696, -20.3130419838, 0.00827005433913, 5.04913516522
1.33, 1.00768010237, -20.2625527139, 0.0152360346125, 5.05364270937
1.34, 1.00781484424, -20.2120189554, 0.00901484397252, 5.05803653245
1.35, 1.00786011162, -20.161441814, 0.00452062723236, 5.06234435885
1.36, 1.00787886413, -20.1108226567, 0.00216723990921, 5.06645747506
1.37, 1.00795615235, -20.0601626494, 0.0113234247814, 5.07047887233
1.38, 1.00810158017, -20.0094629955, 0.0140140582606, 5.07439344679
1.39, 1.0082071548, -19.958724697, 0.00558150640012, 5.07820965411
1.4, 1.00822976695, -19.9079487708, -1.61705102864e-05, 5.0819179356
1.41, 1.00826497313, -19.8571363574, 0.00669716156024, 5.08551030744
1.42, 1.00838904172, -19.8062885731, 0.0146676120864, 5.08899994305
1.43, 1.00853036857, -19.7554063473, 0.0105345970069, 5.09240261614
1.44, 1.00858696418, -19.7044905284, 0.00100269746047, 5.09571721621
1.45, 1.00859737031, -19.6535420741, 0.0020100681649, 5.09892986359
1.46, 1.00867858779, -19.6025620267, 0.0120648203906, 5.10204235274
1.47, 1.00883091821, -19.551551281, 0.0144518310473, 5.10507499145
1.48, 1.00893516813, -19.5005105845, 0.00501260945618, 5.10803381451
1.49, 1.00896390099, -19.4494407185, 0.000580682524463, 5.11090752543
1.5, 1.00899196394, -19.398342575, 0.00524937165554, 5.11369085778
1.51, 1.00910286463, -19.347217044, 0.0138966294342, 5.11638958731
1.52, 1.00924840988, -19.2960648511, 0.011862587594, 5.11902690306
1.53, 1.00932091856, -19.2448866352, 0.00234248977816, 5.12159600698
1.54, 1.00933337973, -19.1936831101, 0.00120250670656, 5.12408686344
1.55, 1.00939997573, -19.1424551049, 0.0105183997986, 5.12649468971
1.56, 1.00954611917, -19.0912033447, 0.0148327070247, 5.1288413861
1.57, 1.00966396979, -19.0399283927, 0.00679944859823, 5.13113393359
1.58, 1.00969588456, -18.9886307831, 0.00438288510298, 5.13339818595
1.59, 1.00972931121, -18.9373113399, 0.00458199492129, 5.13552139024
1.6, 1.00982712918, -18.8859706416, 0.0124661737333, 5.13761247557
1.61, 1.00996638217, -18.8346093068, 0.0121234567388, 5.13965125223
1.62, 1.01005073852, -18.783227812, 0.0039573901831, 5.1416413148
1.63, 1.01007424114, -18.731826695, 0.00154093066242, 5.14357274626
1.64, 1.01013310581, -18.6804066025, 0.00905007005926, 5.14544168674
1.65, 1.01026594988, -18.6289681206, 0.0140487034149, 5.14725836399
1.66, 1.01038775551, -18.5775116815, 0.00808729455928, 5.14903448654
1.67, 1.01043038286, -18.5260377131, 0.000967403932986, 5.15076011057
1.68, 1.01045749401, -18.4745467522, 0.00464541125207, 5.15243136442
1.69, 1.01056009146, -18.4230393784, 0.0131435668212, 5.15405038127
1.7, 1.01070407756, -18.3715160282, 0.0122761397585, 5.1556302558
1.71, 1.01078511896, -18.31997704, 0.00331614338988, 5.15717652361
1.72, 1.01080262875, -18.2684228312, 0.00116116699287, 5.15867346047
1.73, 1.01086270644, -18.2168539386, 0.00955566898209, 5.16011571465
1.74, 1.01100187271, -18.1652708217, 0.014588466999, 5.16152283168
1.75, 1.0111244189, -18.1136737945, 0.00774075222132, 5.16289792335
1.76, 1.01116078537, -18.0620631537, 0.000300928722275, 5.16424190331
1.77, 1.01118510655, -18.0104393449, 0.00478637949929, 5.1655342908
1.78, 1.01129327143, -17.958802847, 0.0138808574967, 5.16678365401
1.79, 1.01144217068, -17.907153985, 0.0124065452566, 5.16801018068
1.8, 1.01151940664, -17.8554929885, 0.00262485977466, 5.16920740396
1.81, 1.01153090984, -17.8038201758, 0.000833228486035, 5.1703703347
1.82, 1.01159325616, -17.7521360041, 0.0101959371849, 5.17148581571
1.83, 1.0117398073, -17.7004408415, 0.0151878715843, 5.17257204311
1.84, 1.01186302794, -17.6487348945, 0.00733921568753, 5.17364013818
1.85, 1.01190280339, -17.5970183826, 0.00186532075583, 5.174681781
1.86, 1.01192420537, -17.5452916612, 0.0035421179685, 5.17568512135
1.87, 1.01201788958, -17.4935551141, 0.012732193949, 5.17665178076
1.88, 1.01216654317, -17.4418090133, 0.013365795404, 5.17759661548
1.89, 1.0122591848, -17.3900535123, 0.00419556329484, 5.17852755216
1.9, 1.01227678464, -17.3382888314, 0.000440511276409, 5.17943046185
1.91, 1.01232603529, -17.2865153351, 0.00852081646879, 5.18029578929
1.92, 1.01246246273, -17.2347333459, 0.0150649215191, 5.18113601154
1.93, 1.01259604185, -17.1829430167, 0.00904984685203, 5.18196444171
1.94, 1.01263976272, -17.1311444819, 0.000329725226121, 5.18277387489
1.95, 1.01265598453, -17.0793380126, 0.00352424887385, 5.18354974278
1.96, 1.01275450279, -17.027523959, 0.0134826907221, 5.18429570927
1.97, 1.01290890913, -16.9757025213, 0.013605706955, 5.18502977037
1.98, 1.01299833821, -16.9238737837, 0.00349269067037, 5.18575381225
1.99, 1.01302205389, -16.8720379224, 0.00114803668113, 5.18645202348
2.0, 1.01306571346, -16.8201952243, 0.00721458851067, 5.18712163801
2.01, 1.01318922385, -16.7683459563, 0.0142084973885, 5.1877707007
2.02, 1.01332531312, -16.7164902451, 0.0101798061001, 5.18841027166
2.03, 1.01338388628, -16.664628168, 0.00166527144852, 5.18903926509
2.04, 1.01340330098, -16.6127599229, 0.00288753463858, 5.1896404252
2.05, 1.01348834791, -16.5608857983, 0.0119618190789, 5.19021758299
2.06, 1.01363545054, -16.5090059704, 0.0137853923341, 5.19078605791
2.07, 1.01373656117, -16.4571204927, 0.00514562606519, 5.19134895092
2.08, 1.013758818, -16.4052294695, 0.000359011522246, 5.19189295914
2.09, 1.01380130726, -16.3533331521, 0.00755469550433, 5.19240778285
2.1, 1.01393104552, -16.301431772, 0.0148660795687, 5.19290734996
2.11, 1.01406970113, -16.2495253997, 0.0100102687993, 5.19340687399
2.12, 1.01412243058, -16.1976140701, 0.000908804252202, 5.19389831312
2.13, 1.01413701776, -16.1456979478, 0.00278951490236, 5.19436477838
2.14, 1.01422629891, -16.0937772995, 0.012692932606, 5.19480695318
2.15, 1.01437972492, -16.0418522529, 0.0141360429098, 5.19524477313
2.16, 1.01447869657, -15.9899228096, 0.00451887337136, 5.19568556628
2.17, 1.01450697874, -15.9379890548, 0.000983398536816, 5.19610727234
2.18, 1.01454272119, -15.8860511886, 0.00613673204457, 5.19650503617
2.19, 1.01465903574, -15.8341094096, 0.0140208736698, 5.19689234364
2.2, 1.01480089722, -15.7821637831, 0.011234962157, 5.1972790725
2.21, 1.01486892464, -15.7302143131, 0.00223185469158, 5.19765870472
2.22, 1.01488590264, -15.6782796168, 0.00203335853637, 5.19264403848
2.23, 1.0149607262, -15.6264186036, 0.0111142073182, 5.18483774494
2.24, 1.01510689316, -15.5746347183, 0.0143703074114, 5.17722256525
2.25, 1.01521792807, -15.5229258725, 0.00618513689722, 5.16982367774
2.26, 1.01524412313, -15.471289902, 7.83291574545e-05, 5.16263460611
2.27, 1.01527722731, -15.4197248436, 0.00634360808399, 5.15563615556
2.28, 1.0153989335, -15.3682288175, 0.0146462435147, 5.14882741426
2.29, 1.01554330245, -15.3167998344, 0.0110581724892, 5.14222033392
2.3, 1.01560469621, -15.2654359056, 0.00132851071657, 5.13580758831
2.31, 1.01562895543, -15.2141352345, 0.00211821086313, 5.12956415286
2.32, 1.01569409765, -15.1628961411, 0.00957216299573, 5.123486058
2.33, 1.01582744949, -15.1117480739, 0.0136884329444, 5.11055853227
2.34, 1.01594274487, -15.060738962, 0.00739436471963, 5.09671924732
2.35, 1.01598188333, -15.0098664142, 0.00102230800236, 5.08324159206
2.36, 1.01601331099, -14.9591267765, 0.00525734488284, 5.07012528734
2.37, 1.01611934524, -14.9085164282, 0.0131301188095, 5.0573755775
2.38, 1.01625804668, -14.8580317174, 0.0114427873709, 5.04498898915
2.39, 1.01633126332, -14.8076690244, 0.00278527338196, 5.03295766879
2.4, 1.01634857956, -14.7574249254, 0.00154206728313, 5.02125844313
2.41, 1.01641333959, -14.707296216, 0.00990678422465, 5.0098730436
2.42, 1.01655140042, -14.6573532702, 0.0140801139591, 4.98353679275
2.43, 1.01666506886, -14.6076817831, 0.00671719948714, 4.95660013576
2.44, 1.01669352805, -14.5582760902, -0.000114185961091, 4.93036783786
2.45, 1.01671830987, -14.5091290107, 0.00513721599228, 4.90485422057
2.46, 1.01682847507, -14.4602334139, 0.0137982429589, 4.88005296023
2.47, 1.01697057369, -14.4115822155, 0.0113154582031, 4.85595593066
2.48, 1.01703569004, -14.3631684585, 0.00156058049311, 4.83254194208
2.49, 1.01705559434, -14.3149854936, 0.00114937703579, 4.8097773004
2.5, 1.01710745842, -14.2670269214, 0.00820059908516, 4.78764448659
2.51, 1.01723163776, -14.2192864872, 0.013276169743, 4.76613499388
2.52, 1.01734750504, -14.1717579899, 0.00765134992066, 4.74523896589
2.53, 1.01738577327, -14.1244536813, 0.000467682384533, 4.71750519682
2.54, 1.01740529433, -14.077490207, 0.00368867580423, 4.68135281901
2.55, 1.01749652833, -14.0308831709, 0.0119956549331, 4.64614794829
2.56, 1.01763029549, -13.9846232313, 0.0114603509528, 4.61191083974
2.57, 1.01770463244, -13.9387006876, 0.00273986666113, 4.57863620927
2.58, 1.01771484598, -13.8931061176, 0.000270189337334, 4.54628478665
2.59, 1.01776325103, -13.8478304798, 0.00824584143409, 4.51482537855
2.6, 1.01788914787, -13.8028649125, 0.0133719726662, 4.48424903489
2.61, 1.01800143533, -13.7582006291, 0.00688903370201, 4.45454329967
2.62, 1.01802914774, -13.7138913245, -0.000644476495996, 4.41162967602
2.63, 1.01804096758, -13.670028206, 0.00331577213525, 4.36733917624
2.64, 1.01813238796, -13.6266020411, 0.012200381721, 4.32422482481
2.65, 1.01826580853, -13.5836007946, 0.0110814307517, 4.28232122064
2.66, 1.01833126018, -13.5410124699, 0.0015350486046, 4.2416016361
2.67, 1.01834373408, -13.4988254963, -0.000240439476972, 4.20201627352
2.68, 1.01837653377, -13.4570287209, 0.00616205712066, 4.16352884612
2.69, 1.01848539549, -13.4156112981, 0.012370527917, 4.12611770208
2.7, 1.01859900605, -13.3745625506, 0.00778676156263, 4.08976318136
2.71, 1.01863547516, -13.3338720725, -0.000216741001599, 4.0544305628
2.72, 1.01863989196, -13.2935921211, 0.00163894792442, 4.0060322629
2.73, 1.01871077023, -13.2538124205, 0.0102840020911, 3.95641477383
2.74, 1.01883540302, -13.2145220971, 0.0111881002848, 3.90813681493
2.75, 1.01890917888, -13.1757075595, 0.00255750041117, 3.8612147092
2.76, 1.01890973258, -13.1373554664, -0.00140199679543, 3.81560326672
2.77, 1.01893619253, -13.0994529982, 0.00594113682108, 3.7712527704
2.78, 1.01904492089, -13.0619876961, 0.0123383716036, 3.72813766968
2.79, 1.01915394554, -13.0249473092, 0.00691197727995, 3.68623457885
2.8, 1.01918258148, -12.9883198695, 0.00294096091359, 3.64553457044
2.81, 1.01918425235, -12.9520939973, 0.000139597281425, 3.60590146309
2.82, 1.01923490933, -12.9162584512, 0.00826388118032, 3.56739966743
2.83, 1.01934896759, -12.880818885, 0.0111176668811, 3.52298320395
2.84, 1.01943104422, -12.845886326, 0.00367020385131, 3.47020754912
2.85, 1.01944422148, -12.8114737974, 5.66328497095e-05, 3.41886647256
2.86, 1.01945209897, -12.7775674363, 0.00216378574714, 3.36893651583
2.87, 1.01952154826, -12.7441532083, 0.00933409827529, 3.32039929429
2.88, 1.01962703536, -12.7112173161, 0.00873892929539, 3.27322950859
2.89, 1.01967964661, -12.6787462831, 0.00107292219362, 3.22738669147
2.9, 1.01967631277, -12.6467270837, -0.00103715372381, 3.18282212935
2.91, 1.01970672067, -12.6151471682, 0.00593845562675, 3.13949466725
2.92, 1.01980434514, -12.5840431207, 0.010319941212, 3.08497741409
2.93, 1.01988883714, -12.5535129239, 0.00453976658317, 3.02779515746
2.94, 1.01989871221, -12.5235466828, -0.00204611139103, 2.97215320339
2.95, 1.0198952431, -12.494128917, 0.00148348477679, 2.91805284609
2.96, 1.01996184416, -12.4652443827, 0.00923792638053, 2.86546366911
2.97, 1.0200643352, -12.4368781372, 0.00812823621851, 2.81435280424
2.98, 1.02010615906, -12.4090156058, -0.000297318462207, 2.76467613876
2.99, 1.02008957548, -12.3816427167, -0.00214065392574, 2.71638001665
3.0, 1.02011381444, -12.3547459179, 0.00569743787541, 2.66942029242
3.01, 1.02021016921, -12.328311979, 0.0101027733776, 2.62377295359
3.02, 1.02028808732, -12.3023293011, 0.00348355663965, 2.57846811826
3.03, 1.02028503259, -12.2768125056, -0.00337708766684, 2.53139608973
3.04, 1.02027213832, -12.2517592929, 0.000934537900189, 2.48564894075
3.05, 1.02033722001, -12.2271570493, 0.0092536931921, 2.44117078303
3.06, 1.0204375171, -12.202993127, 0.00756466767528, 2.39794912583
3.07, 1.02046905915, -12.179255121, -0.00161306923749, 2.35594821898
3.08, 1.02044033244, -12.1559310738, -0.00309981490875, 2.3151183129
3.09, 1.02046022502, -12.1330095138, 0.00564110859919, 2.27541952368
3.1, 1.02055696529, -12.1104792264, 0.0100094038164, 2.2368353838
3.11, 1.02062908964, -12.0883291715, 0.00247599371226, 2.19934056288
3.12, 1.02062348953, -12.0665239813, -0.0024366042164, 2.1674363122
3.13, 1.02060228175, -12.0450354886, -0.00082282183007, 2.1362377997
3.14, 1.02064788509, -12.0238544708, 0.00757475362185, 2.10591555303
3.15, 1.02074246917, -12.0029722861, 0.00794437613552, 2.076449244
3.16, 1.0207837811, -11.9823804756, -0.000595214912808, 2.04781501459
3.17, 1.02075621594, -11.9620708824, -0.00394391865772, 2.01997815544
3.18, 1.02075888551, -11.9420357092, 0.00355252683635, 1.99290909917
3.19, 1.02084117582, -11.9222673423, 0.00941583167618, 1.96659855045
3.2, 1.02091882598, -11.9027582329, 0.00369018404052, 1.94103585169
3.21, 1.02091297136, -11.8834966934, -0.00432092957978, 1.91802832956
3.22, 1.02088270663, -11.8644437752, -0.0012506478711, 1.89817696188
3.23, 1.02092915137, -11.8455865911, 0.00793448102369, 1.87888538184
3.24, 1.02102588944, -11.8269194809, 0.00783728110459, 1.8601472249
3.25, 1.02106067332, -11.8084370016, -0.00163294655141, 1.84194188303
3.26, 1.0210356112, -11.7901339744, -0.00361541256917, 1.82423920739
3.27, 1.02102930077, -11.7720054668, 0.00192795395617, 1.80702314455
3.28, 1.02109577327, -11.7540466727, 0.00827186426014, 1.79028609924
3.29, 1.02117303638, -11.7362528001, 0.00451616244424, 1.77402566122
3.3, 1.02117895923, -11.718619155, -0.00328586547784, 1.75822405509
3.31, 1.02114924211, -11.7011412833, -0.00213789887827, 1.7428556383
3.32, 1.02117971271, -11.6837986163, 0.00615079267055, 1.73159164987
3.33, 1.02126648742, -11.6665608733, 0.00775111424525, 1.72132110583
3.34, 1.02131060674, -11.6494242064, -0.000194623765583, 1.71136149169
3.35, 1.02128256874, -11.6323856905, -0.00454820234763, 1.70167912773
3.36, 1.02127331315, -11.6154426717, 0.00205391850716, 1.69225516004
3.37, 1.02134368516, -11.5985925642, 0.00869081098484, 1.68309316604
3.38, 1.02142157706, -11.5818327095, 0.00418761454111, 1.67419754579
3.39, 1.02142056879, -11.5651604886, -0.00413717358614, 1.6655555845
3.4, 1.02138497927, -11.5485734758, -0.00237530953138, 1.65714645369
3.41, 1.02141781844, -11.5320603619, 0.00665242999428, 1.65167612747
3.42, 1.02150873665, -11.5155877802, 0.00792097007218, 1.64800691529
3.43, 1.02154990339, -11.4991512042, -0.000836429142978, 1.64446825646
3.44, 1.0215148086, -11.4827494786, -0.00513153130943, 1.64102939571
3.45, 1.02150436769, -11.4663817158, 0.0023297061491, 1.63767433848
3.46, 1.0215799217, -11.4500470436, 0.00921947262564, 1.63441292447
3.47, 1.02165936077, -11.4337444586, 0.00394492039335, 1.63125445304
3.48, 1.02165234107, -11.4174729603, -0.00488476857795, 1.62818919566
3.49, 1.02161203241, -11.4012317113, -0.0024906811235, 1.62519955777
3.5, 1.02164852277, -11.3850199903, 0.0073016948772, 1.62228502011
3.51, 1.02174486134, -11.3688369687, 0.00817412255107, 1.61946006253
3.52, 1.02178305427, -11.3526689231, -0.00152690722804, 1.61997747173
3.53, 1.02175366659, -11.3364861922, -0.00451673442614, 1.62157733575
3.54, 1.02173657317, -11.3202876246, 0.000916223299117, 1.62314083572
3.55, 1.02179862643, -11.3040736751, 0.0083420985125, 1.62465923952
3.56, 1.02188078984, -11.2878447214, 0.00511120350933, 1.62614444533
3.57, 1.02188872428, -11.2716010853, -0.00357230917553, 1.62759391076
3.58, 1.02185099619, -11.2553431857, -0.00321073636777, 1.62899528706
3.59, 1.02187344416, -11.2390715369, 0.0057542403208, 1.63034806698
3.6, 1.02196277815, -11.2227865453, 0.00841821863087, 1.63166820907
3.61, 1.02201336646, -11.2064884818, 0.000178665720088, 1.63296205619
3.62, 1.02198264943, -11.19015737, -0.00532698167096, 1.63833211274
3.63, 1.02196403286, -11.1737712469, 0.00123001954845, 1.64378605316
3.64, 1.02203252868, -11.1573313153, 0.00906227960151, 1.64909833221
3.65, 1.02211826181, -11.1408389755, 0.00504600293828, 1.65427337567
3.66, 1.02212111551, -11.1242955857, -0.00429772499116, 1.65930946773
3.67, 1.02207849754, -11.1077025912, -0.00333792568568, 1.66419563481
3.68, 1.02210510638, -11.0910615066, 0.00651380317823, 1.66893497593
3.69, 1.02220160803, -11.074373693, 0.00888539675022, 1.67354858152
3.7, 1.02225128071, -11.0576403444, -0.000346599525796, 1.6780442595
3.71, 1.0222243003, -11.0408463543, -0.00359470680937, 1.68609385139
3.72, 1.02220528888, -11.0239669811, 0.000247977800463, 1.6945845842
3.73, 1.02226076082, -11.0070038699, 0.00792759256172, 1.70284803084
3.74, 1.02234526413, -10.9899592716, 0.00585548477175, 1.71089037458
3.75, 1.02236288713, -10.972835364, -0.00267844446974, 1.71871420364
3.76, 1.02232839381, -10.9556343626, -0.00343351795614, 1.72631249895
3.77, 1.02234457332, -10.938358533, 0.00502068796956, 1.73368844433
3.78, 1.02243115459, -10.9210100034, 0.00866307268341, 1.74086209805
3.79, 1.02249001649, -10.9035907141, 0.00129186461084, 1.74784552487
3.8, 1.02246787154, -10.8861025732, -0.00490549225003, 1.75463418051
3.81, 1.02244673767, -10.8685462821, 0.000532080353634, 1.762137143
3.82, 1.02250845907, -10.8508943023, 0.00867735064671, 1.7729105181
3.83, 1.02259775239, -10.8331367074, 0.00598513527109, 1.78335818382
3.84, 1.02261230985, -10.8152760369, -0.0032381506487, 1.79352878935
3.85, 1.02257351615, -10.797315149, -0.00359426868211, 1.80340723481
3.86, 1.02259306416, -10.7792569693, 0.00570757868775, 1.81299845328
3.87, 1.02268703148, -10.7611042539, 0.00925015979121, 1.8223260277
3.88, 1.02274692596, -10.7428595434, 0.000986210608383, 1.83140397469
3.89, 1.02271964499, -10.7245253377, -0.00540100340372, 1.84022817967
3.9, 1.02269786107, -10.7061042223, 0.000897009271414, 1.84879297708
3.91, 1.02276702927, -10.6875859289, 0.0095485659162, 1.8603674735
3.92, 1.02286165394, -10.6689439112, 0.0061001734598, 1.87273144144
3.93, 1.02287249495, -10.6501798739, -0.00386815831854, 1.88477359303
3.94, 1.02282936364, -10.6312971643, -0.00368294442234, 1.89647223436
3.95, 1.02285369311, -10.6122992311, 0.00656432961494, 1.90783191813
3.96, 1.02295616846, -10.593189328, 0.00987414175475, 1.91887949907
3.97, 1.02301658086, -10.5739704723, 0.000576842434231, 1.929630103
3.98, 1.02299376683, -10.5546456474, -0.00361659082475, 1.94007699802
3.99, 1.02297187771, -10.5352178945, -5.54570174443e-05, 1.95022411011
4.0, 1.02302872573, -10.5156901853, 0.00852301342792, 1.96008137484
4.01, 1.02312337805, -10.4960652863, 0.00703697912426, 1.96967205982
4.02, 1.02314982117, -10.4763387684, -0.00220143552454, 1.98138853289
4.03, 1.02311485302, -10.4564814071, -0.00378943620903, 1.99473790413
4.04, 1.02312891724, -10.4364924631, 0.0051228944301, 2.00771998563
4.05, 1.02322248705, -10.4163755475, 0.00977949506074, 2.02034610635
4.06, 1.02329321068, -10.3961341345, 0.00230052434891, 2.03262973373
4.07, 1.02327542967, -10.375771628, -0.00495784017677, 2.04457085135
4.08, 1.02325128191, -10.3552914851, 0.00025352744225, 2.05616591237
4.09, 1.02331549273, -10.3346971096, 0.00943081209148, 2.06743151502
4.1, 1.02341635915, -10.3139916565, 0.00726212191997, 2.07839240843
4.11, 1.0234398155, -10.2931777038, -0.00281099626538, 2.08946598553
4.12, 1.02341429546, -10.2722312467, -0.00356437182207, 2.10427467402
4.13, 1.02342028067, -10.2511402323, 0.00379414562004, 2.11856028187
4.14, 1.02350438192, -10.2299083703, 0.00951681532144, 2.13245672123
4.15, 1.023583673, -10.2085394954, 0.00390321590216, 2.1459748898
4.16, 1.02358178397, -10.1870373546, -0.00381394836338, 2.15911763767
4.17, 1.02355763415, -10.1654057216, -0.00066096661495, 2.17188246526
4.18, 1.02360897622, -10.1436483329, 0.00828864279434, 2.18428323948
4.19, 1.0237088096, -10.1217686923, 0.00813664335645, 2.19634535043
4.2, 1.02374834118, -10.09977011, -0.00101761185812, 2.2080792275
4.21, 1.02371833846, -10.0776558804, -0.00392498289812, 2.21948056749
4.22, 1.0237265963, -10.0554130197, 0.00445646811134, 2.23423473094
4.23, 1.02381904631, -10.0330186719, 0.0102883588263, 2.2492512165
4.24, 1.02390135974, -10.0104761625, 0.00376033023245, 2.26387434328
4.25, 1.0238947616, -9.98778948589, -0.00436897817565, 2.27809280667
4.26, 1.02386879874, -9.96496272647, -0.000414972883812, 2.29190141408
4.27, 1.02392727612, -9.94199992753, 0.00923332078889, 2.30531658882
4.28, 1.02403441004, -9.91890487242, 0.00851198204549, 2.31836595977
4.29, 1.02407223704, -9.89568114122, -0.00154415017173, 2.33105990347
4.3, 1.024037368, -9.87232259612, -0.00416827996618, 2.34621391106
4.31, 1.02404895865, -9.84880207965, 0.00523514060429, 2.36246345125
4.32, 1.02415082056, -9.82512131332, 0.0111311897608, 2.37827872354
4.33, 1.02423625691, -9.80128459194, 0.00358401153927, 2.39366678395
4.34, 1.02422925846, -9.77729614362, -0.000190090856511, 2.40865870468
4.35, 1.02420992342, -9.75316039319, -0.000986032433084, 2.42315492432
4.36, 1.02425697434, -9.72888144786, 0.00803884492709, 2.43727090194
4.37, 1.0243608341, -9.70446335372, 0.00909996480868, 2.4509990546
4.38, 1.02441322582, -9.67990989632, 0.00027153342322, 2.46435297769
4.39, 1.0243905319, -9.65522481657, -0.0037695504716, 2.4773304906
4.4, 1.0243951811, -9.63041189618, 0.00389478380746, 2.48993291469
4.41, 1.02448589735, -9.60547478768, 0.0106280181268, 2.5021828607
4.42, 1.02457812268, -9.58040984902, 0.00512856152342, 2.51648753617
4.43, 1.02458341933, -9.55518850311, -0.00357227556392, 2.53236332802
4.44, 1.02455819953, -9.5298106461, -0.000855919304502, 2.54780206508
4.45, 1.02461165065, -9.50428066548, 0.00895755781563, 2.56280420876
4.46, 1.02472320263, -9.47860280302, 0.00955322387286, 2.57739409782
4.47, 1.02477455585, -9.45278108308, -0.000219575415577, 2.5915856535
4.48, 1.02474668661, -9.42681948918, -0.00409213916012, 2.60537620353
4.49, 1.02475375714, -9.40072204981, 0.00459990051014, 2.61876761986
4.5, 1.02485376305, -9.37449264473, 0.0115162201479, 2.63178505652
4.51, 1.02494992619, -9.34813487786, 0.00503756369282, 2.64445081047
4.52, 1.02495500713, -9.32164017161, 0.000537083425485, 2.65994366691
4.53, 1.02493522425, -9.29498284527, -0.00154655380765, 2.67613784423
4.54, 1.02497686158, -9.26816549059, 0.00780592217283, 2.6919195551
4.55, 1.02508623461, -9.24119256816, 0.0102690491952, 2.70726759488
4.56, 1.02515279039, -9.214068322, 0.00158218358876, 2.72219597392
4.57, 1.0251361005, -9.18679693011, -0.00383526534595, 2.73670484293
4.58, 1.02513523621, -9.15938260555, 0.00322718319439, 2.75079486507
4.59, 1.02522488585, -9.13182944379, 0.0111589678653, 2.76448855975
4.6, 1.02532932084, -9.10413422604, 0.00668409400114, 2.78019638049
4.61, 1.02534681876, -9.07626876584, -0.00288953119265, 2.79743738301
4.62, 1.02532030417, -9.04823333335, -0.00150855267121, 2.81420354905
4.63, 1.02536794298, -9.0200327043, 0.00874797501891, 2.83049371303
4.64, 1.02548594867, -8.99167150948, 0.0108560531213, 2.84633404201
4.65, 1.02555254273, -8.96315413144, 0.00114907832647, 2.86174178442
4.66, 1.02554372473, -8.93448489855, -0.00304235640988, 2.87671438304
4.67, 1.02553769932, -8.90566813748, 0.00197213005404, 2.89125863461
4.68, 1.02561595796, -8.87670807596, 0.0105514777679, 2.90539110684
4.69, 1.02572618666, -8.84760868231, 0.00816945085003, 2.91913832259
4.7, 1.02576128963, -8.81837374091, -0.00136999578953, 2.93250897606
4.71, 1.0257386535, -8.78900703393, -0.00213211521, 2.94549894952
4.72, 1.02577334251, -8.75950532765, 0.0073576238243, 2.96050063375
4.73, 1.02588660611, -8.72984038159, 0.0113811762835, 2.97705411484
4.74, 1.02596840715, -8.70001214153, 0.0031087495702, 2.99317348347
4.75, 1.02595982927, -8.67002498474, -0.00376153457148, 3.00884555428
4.76, 1.02595314907, -8.63988343732, 0.00239665658383, 3.02406462316
4.77, 1.02603962413, -8.60959194408, 0.0115094129941, 3.03885228583
4.78, 1.02615605463, -8.57915466022, 0.00836468489393, 3.05323642214
4.79, 1.02618799406, -8.54857555434, -0.00196604325721, 3.06722517833
4.8, 1.02617574308, -8.51785861813, -0.00177442399072, 3.08081297843
4.81, 1.02620341221, -8.48700780554, 0.00608385652043, 3.09401184688
4.82, 1.02630692533, -8.45601987592, 0.011039406312, 3.10922932277
4.83, 1.02639654476, -8.4248665307, 0.00468094205858, 3.12599821418
4.84, 1.02640440598, -8.39354780383, -0.00249668908178, 3.14231704844
4.85, 1.02639911257, -8.36206826976, 0.00160012833584, 3.15817116708
4.86, 1.02647305684, -8.33043254103, 0.0103263793086, 3.1735737856
4.87, 1.02658756835, -8.29864497889, 0.00914699470577, 3.1885526981
4.88, 1.02663535544, -8.26670973636, -0.000120993044225, 3.2031196557
4.89, 1.02661957832, -8.23463093674, -0.00201111215541, 3.21727249876
4.9, 1.02665067952, -8.20241271903, 0.00683119315854, 3.23101730776
4.91, 1.02676279123, -8.17005903788, 0.0117824449597, 3.24438058877
4.92, 1.0268549193, -8.13758010189, 0.00451081177491, 3.25430869827
4.93, 1.02685841636, -8.10503981067, -0.00297796506893, 3.25872117898
4.94, 1.02685157457, -8.07245585893, 0.0018289996896, 3.26299343245
4.95, 1.02693167518, -8.03982987496, 0.0111435440738, 3.26713876362
4.96, 1.02705227517, -8.00716301923, 0.00944349073045, 3.27117310651
4.97, 1.02709806457, -7.97445630231, -0.000635118195298, 3.27510766482
4.98, 1.02709174014, -7.94171084185, -0.00187007284839, 3.27892142328
4.99, 1.02711284356, -7.90892780169, 0.00525859413068, 3.28261799548
5.0, 1.02721324614, -7.8761083036, 0.0113662248131, 3.2862155636
5.01, 1.02731336639, -7.84325329037, 0.00611599841885, 3.28973252642
5.02, 1.02733242428, -7.81038807592, -0.00190296188855, 3.28694407108
5.03, 1.02732421012, -7.77756866513, 0.000733217444006, 3.28212684341
5.04, 1.02738920281, -7.74479702296, 0.00977158823681, 3.27740200085
5.05, 1.02750661916, -7.71207192585, 0.0101400778063, 3.27281518584
5.06, 1.02756697283, -7.67939196346, 0.00102918292762, 3.26836884972
5.07, 1.02755445301, -7.64675583359, -0.00244062065402, 3.26404226056
5.08, 1.02757530834, -7.61416239286, 0.00565427483471, 3.25982208352
5.09, 1.02768163241, -7.58161052003, 0.0119233495618, 3.25573092754
5.1, 1.02778273808, -7.54909896795, 0.00577906533687, 3.2517609589
5.11, 1.02779481654, -7.51662650483, -0.00270240650291, 3.24790669984
5.12, 1.0277820512, -7.48421058843, 0.000690520579699, 3.23876073178
5.13, 1.02785136701, -7.45190894246, 0.0104478307718, 3.22696343191
5.14, 1.02797349939, -7.419723858, 0.0102711984879, 3.21546097374
5.15, 1.02802949331, -7.38765210645, 0.000228393330403, 3.20428545518
5.16, 1.0280231502, -7.35569050754, -0.00259816785072, 3.19340945407
5.17, 1.02803200924, -7.32383603031, 0.00396297393497, 3.18283799274
5.18, 1.02812580658, -7.29208578388, 0.0114134584723, 3.17256543395
5.19, 1.02823338455, -7.2604368004, 0.00717742711891, 3.1625791717
5.2, 1.02825850266, -7.22888611121, -0.00192094674438, 3.15289337773
5.21, 1.02824138088, -7.19743099124, -0.000683361898099, 3.14345730652
5.22, 1.0282936898, -7.16607180869, 0.00895757964257, 3.13231213868
5.23, 1.02841221342, -7.13486331344, 0.0109317576113, 3.11509386047
5.24, 1.02848182285, -7.10382360434, 0.00171295599094, 3.09840260309
5.25, 1.02847983378, -7.07294844119, -0.00228922695681, 3.08216679362
5.26, 1.02847944163, -7.04223333722, 0.00232893724099, 3.06637202728
5.27, 1.02855796887, -7.01167389444, 0.0104071588662, 3.05102545605
5.28, 1.02866690694, -6.98126571771, 0.00819201002288, 3.03610819435
5.29, 1.02870479999, -6.9510044438, -0.00087550388209, 3.02162751983
5.3, 1.02868712969, -6.92088597724, -0.00171907194703, 3.00753499711
5.31, 1.02872261228, -6.89090642522, 0.00718679217169, 2.99383101548
5.32, 1.02883232659, -6.8610619356, 0.01102070513, 2.98051926918
5.33, 1.02891256559, -6.83138729457, 0.00320650445849, 2.95974072642
