timestamp, prius1 x posi, prius1 y posi, prius1 x vel, prius1 y vel.
0.0, 0.0, 0.0, 0.0, 0.0
0.00999999999999, -1.00010585547, -20.0569171556, 0.00707399339463, 0.115295992099
0.02, -1.00004855066, -20.0557253608, 0.00412075904576, 0.127968648837
0.03, -1.00006224405, -20.0544049931, -0.0042952727045, 0.140997668921
0.04, -1.00012135402, -20.0529521509, -0.0041128502357, 0.154423315658
0.05, -1.00012315988, -20.0513623986, 0.00456405207175, 0.168543750278
0.06, -1.00005900688, -20.0496276988, 0.007337545491, 0.18323607308
0.07, -1.00003066155, -20.0477442541, -0.000535179795756, 0.198266765696
0.08, -1.00008127711, -20.0457092984, -0.00598147990169, 0.213543214302
0.09, -1.00012169017, -20.04352038, 0.000239580255422, 0.229060342553
0.1, -1.0000777476, -20.0411745834, 0.00793912095226, 0.244891127915
0.11, -1.00001535076, -20.0386683387, 0.00423067347484, 0.261320309152
0.12, -1.00003222976, -20.0359915052, -0.00481406511383, 0.278902546344
0.13, -1.00009430991, -20.0331362785, -0.00405867039252, 0.296862332651
0.14, -1.00009039534, -20.0301004937, 0.00547342404129, 0.315010637757
0.15, -1.00001761522, -20.0268824578, 0.007969968715, 0.333322620254
0.16, -0.999988345597, -20.0234805081, -0.000854024543867, 0.351800367103
0.17, -1.00004351748, -20.0198928322, -0.00633216424472, 0.370460487033
0.18, -1.00008242619, -20.0161154322, 0.000847015173289, 0.389837679989
0.19, -1.00002925531, -20.0121416945, 0.00893249996996, 0.40958054106
0.2, -0.999960865033, -20.0079701761, 0.00439458597769, 0.429417323623
0.21, -0.99998072168, -20.0035969406, -0.00532466567362, 0.449997619636
0.22, -1.00004545618, -19.9990162805, -0.00394360351446, 0.470797913621
0.23, -1.0000348236, -19.9942270745, 0.00650048025538, 0.491705841592
0.24, -0.999952396128, -19.9892276681, 0.00867315811822, 0.512805312264
0.25, -0.999921998022, -19.9840148186, -0.00118935272659, 0.534514528491
0.26, -0.999969665977, -19.9785831215, -0.00498205921636, 0.556454485137
0.27, -1.00000989295, -19.972931502, -0.000121445945132, 0.578489381284
0.28, -0.999967492049, -19.9670577193, 0.00820495351917, 0.601035972619
0.29, -0.999895328243, -19.9609560281, 0.00570214602099, 0.623907332076
0.3, -0.999897306652, -19.9546252362, -0.00357811856634, 0.646851400021
0.31, -0.999954225513, -19.948064244, -0.00412140747687, 0.669915062155
0.32, -0.999953587889, -19.9412713589, 0.00521716879997, 0.693402208431
0.33, -0.999876920628, -19.9342413356, 0.00898474328927, 0.717181465256
0.34, -0.999832638631, -19.9269732476, 0.000794647743987, 0.741011445592
0.35, -0.999876228511, -19.9194646186, -0.00575009746214, 0.765397257104
0.36, -0.999915905516, -19.9117105909, 0.000441506708207, 0.78996156793
0.37, -0.999864026187, -19.9037103841, 0.00928350850303, 0.814605125239
0.38, -0.999784545955, -19.895463621, 0.00601231983047, 0.839271648025
0.39, -0.999788423645, -19.8869685238, -0.0040311410179, 0.864409575861
0.4, -0.999847989277, -19.8782205746, -0.00403688364147, 0.889710646936
0.41, -0.999840734879, -19.8692193558, 0.00627217660282, 0.915044017733
0.42, -0.999753461673, -19.8599631472, 0.00983211782649, 0.940843199458
0.43, -0.999706498237, -19.8504469445, 0.000598103111289, 0.96688020728
0.44, -0.999741836479, -19.8406704986, -0.00438813115067, 0.992890239496
0.45, -0.999783252261, -19.8306346652, -0.000585758754837, 1.01896501643
0.46, -0.999742121929, -19.8203346678, 0.00862849232532, 1.04552677229
0.47, -0.999657366514, -19.8097691137, 0.00750595831925, 1.07207388249
0.48, -0.999641886711, -19.7989378595, -0.00219642627573, 1.0986427721
0.49, -0.999693660385, -19.7878417673, -0.00427829800512, 1.12507579607
0.5, -0.999696966888, -19.776481531, 0.00497504894761, 1.15147128593
0.51, -0.999614625434, -19.7648575363, 0.0102974293197, 1.1778304893
0.52, -0.999552094362, -19.7529675182, 0.00272007086864, 1.20475573809
0.53, -0.999582940346, -19.7408070778, -0.00519540028963, 1.23179112069
0.54, -0.999624501228, -19.7283777961, -8.4283758802e-05, 1.25856597509
0.55, -0.999573698243, -19.7156777305, 0.00980211222909, 1.28601360985
0.56, -0.999480063875, -19.7027024548, 0.0079887446321, 1.31351107792
0.57, -0.999465408678, -19.6894524673, -0.00262089479858, 1.34095412237
0.58, -0.999506121062, -19.6759284458, -0.00348442801121, 1.36832071625
0.59, -0.999513082952, -19.6621311773, 0.00393781397075, 1.3957819712
0.6, -0.999439612678, -19.6480556594, 0.00994215839849, 1.42375177988
0.61, -0.999369282285, -19.6337006882, 0.00435526011832, 1.4516702673
0.62, -0.999381448427, -19.619065844, -0.00358101772618, 1.47989673019
0.63, -0.999417716956, -19.6041468597, -0.000519809981006, 1.50831801584
0.64, -0.999377386739, -19.5889441987, 0.00868614719772, 1.53663774476
0.65, -0.999285834484, -19.5734586461, 0.00874818667675, 1.56489141189
0.66, -0.999254291179, -19.557689894, -0.000539743075882, 1.59344847561
0.67, -0.999294601837, -19.5416340649, -0.00367891398858, 1.62214731083
0.68, -0.999297306858, -19.5252918501, 0.00480294421924, 1.65073081094
0.69, -0.999213310529, -19.5086629785, 0.0109438296625, 1.67963208818
0.7, -0.999137632646, -19.4917433329, 0.00444788952573, 1.70871788207
0.71, -0.999152241025, -19.4745331127, -0.00391223118314, 1.73773287887
0.72, -0.999188181374, -19.4570331394, -6.04399626163e-05, 1.76665759213
0.73, -0.999138558517, -19.4392434872, 0.00985289012419, 1.79584594275
0.74, -0.999037487521, -19.4211604715, 0.00934652158221, 1.82517234222
0.75, -0.999005450679, -19.4027847202, -0.000844360245266, 1.85439350303
0.76, -0.999048446654, -19.3841171321, -0.00370255291217, 1.8835267912
0.77, -0.999045650387, -19.365158653, 0.00580044573143, 1.91256331555
0.78, -0.998950092822, -19.3459103888, 0.0120092182816, 1.94148921104
0.79, -0.998869085871, -19.3263707331, 0.00448850095633, 1.97115378712
0.8, -0.998878537784, -19.3065310085, -0.000878784910616, 2.00114243392
0.81, -0.998910377052, -19.2863917533, -0.000735312844728, 2.03106505662
0.82, -0.99887125562, -19.2659559822, 0.00895632541441, 2.06035076503
0.83, -0.998768553322, -19.2452284128, 0.0105021661447, 2.08973021638
0.84, -0.998717674485, -19.2242055859, 0.00121121772073, 2.11924295095
0.85, -0.998748473441, -19.2028882655, -0.00343845753768, 2.14863049824
0.86, -0.998753370223, -19.1812774155, 0.00452511699499, 2.17793222682
0.87, -0.998665541529, -19.1593740386, 0.012037753659, 2.20733781406
0.88, -0.99857202816, -19.1371756403, 0.00652902750725, 2.23660202395
0.89, -0.998570226467, -19.1146856313, -0.00288812183246, 2.26615367374
0.9, -0.998604438327, -19.0918952067, -0.000405367664063, 2.29631553644
0.91, -0.998556805738, -19.0688039703, 0.0101047634291, 2.32632640164
0.92, -0.998443977193, -19.0454132931, 0.0112106531485, 2.35620766191
0.93, -0.998391652862, -19.021722869, 0.000958466207312, 2.38641781067
0.94, -0.998413188006, -18.9977288327, -0.00185819765318, 2.41675717367
0.95, -0.998417295773, -18.9734319668, 0.00371990304179, 2.44697430082
0.96, -0.998339401722, -18.9488356724, 0.011338704277, 2.47660935879
0.97, -0.998241894448, -18.9239419848, 0.00787786946406, 2.50650340198
0.98, -0.998221127779, -18.8987502138, -0.000983759414905, 2.53642656494
0.99, -0.998245631019, -18.8732578791, -0.000390578539563, 2.56627836763
1.0, -0.998206471084, -18.8474682879, 0.00892440505906, 2.59619054606
1.01, -0.998098904222, -18.8213782348, 0.0115402976138, 2.62621486719
1.02, -0.998032353431, -18.7949885698, 0.0030043676631, 2.65611438632
1.03, -0.998048657607, -18.7682980567, -0.00246983156763, 2.68646739362
1.04, -0.998050387251, -18.7413038284, 0.00445460264283, 2.71676315957
1.05, -0.997961918097, -18.7140074157, 0.012466023499, 2.7469103659
1.06, -0.997857021299, -18.686409705, 0.00818341949311, 2.77699579573
1.07, -0.997837723699, -18.6585097638, -0.00134043032307, 2.80746901399
1.08, -0.997863331175, -18.6303043934, -0.000125571301312, 2.8379551985
1.09, -0.997816043395, -18.601795136, 0.0100821556893, 2.86826110756
1.1, -0.997697573317, -18.5729821186, 0.012365407065, 2.89886021237
1.11, -0.997628504052, -18.5438619262, 0.00282518557792, 2.92954476916
1.12, -0.997647781056, -18.5144353112, -0.00263702311352, 2.96012452559
1.13, -0.997645750559, -18.4847027347, 0.00531256888048, 2.99091454381
1.14, -0.997545694937, -18.4546611939, 0.0136549374688, 3.02176790528
1.15, -0.997433430945, -18.4243117599, 0.00844419423577, 3.05249181423
1.16, -0.997416056768, -18.3936553523, -0.00171986596275, 3.08313477096
1.17, -0.997428432294, -18.3626951908, -0.000375528126158, 3.11335045137
1.18, -0.997390614201, -18.3314256038, 0.00899262408612, 3.14485643075
1.19, -0.997274523607, -18.2998430079, 0.0130775986269, 3.17587163551
1.2, -0.997188572433, -18.267951521, 0.00496496135471, 3.20694133245
1.21, -0.997191929206, -18.2357477989, -0.00186667032404, 3.23813868025
1.22, -0.997194026337, -18.2032334365, 0.00416569367776, 3.26909825722
1.23, -0.997103800393, -18.1704110165, 0.0132582200771, 3.29998904271
1.24, -0.996983011054, -18.1372740012, 0.0102396697304, 3.33157956988
1.25, -0.996945043206, -18.1038240625, 6.486835308e-05, 3.3627591064
1.26, -0.996965414489, -18.0700633783, -0.000234316970696, 3.39374009079
1.27, -0.996920277019, -18.0359953901, 0.0101248826045, 3.42408776546
1.28, -0.996792770795, -18.0016260684, 0.0139954414444, 3.45462675045
1.29, -0.996703541142, -17.9669431533, 0.00482452462418, 3.4862527549
1.3, -0.996701839723, -17.9319449924, 0.00132107455524, 3.51766783956
1.31, -0.996697306272, -17.8966280203, 0.00375493439684, 3.54996857469
1.32, -0.996616390274, -17.8609908113, 0.0123295984752, 3.58172577517
1.33, -0.996495668259, -17.8250396934, 0.0111664138405, 3.61270946144
1.34, -0.996440258611, -17.7887831255, 0.00210662473312, 3.64283882624
1.35, -0.996446830285, -17.7522296269, 0.000292203500394, 3.67211958476
1.36, -0.996407060612, -17.71538762, 0.00898844961905, 3.70056739877
1.37, -0.996287718838, -17.6782652257, 0.0138503054884, 3.72822207555
1.38, -0.996188009095, -17.6408701895, 0.00669293681284, 3.75511655349
1.39, -0.996175363518, -17.6032100501, -0.000607888606627, 3.78126262745
1.4, -0.99617146743, -17.5652922904, 0.00427743851537, 3.80666327599
1.41, -0.996081077516, -17.527124232, 0.0134512199728, 3.83134646321
1.42, -0.995951866082, -17.4887128379, 0.0116256294744, 3.85535010552
1.43, -0.995897050506, -17.4500647926, 0.00172959508296, 3.87869381929
1.44, -0.995906350932, -17.4111867016, 0.000298028727772, 3.90137753185
1.45, -0.995860853622, -17.3720851291, 0.00996908677851, 3.92341194038
1.46, -0.995730852522, -17.3327663741, 0.0147584332408, 3.94483370497
1.47, -0.995627549385, -17.2932364019, 0.00657179916747, 3.96567076782
1.48, -0.995610674048, -17.2535010381, 0.0023702036113, 3.98588669698
1.49, -0.995602595831, -17.2135660989, 0.00361368679945, 4.00560479345
1.5, -0.995523224704, -17.1734372621, 0.0124239432938, 4.02472434408
1.51, -0.995394404692, -17.1331199409, 0.0125392468906, 4.04331743776
1.52, -0.995322766072, -17.0926192951, 0.00363731575724, 4.06140217921
1.53, -0.995320493941, -17.0519404177, 0.000546108967403, 4.07897734516
1.54, -0.995282965345, -17.0110884035, 0.00861765621541, 4.09604650104
1.55, -0.995162373194, -16.9700681622, 0.0145444812246, 4.11263883556
1.56, -0.995049219225, -16.928884312, 0.0083536619826, 4.12878016868
1.57, -0.995022839019, -16.887541332, 0.000269048455502, 4.14447572675
1.58, -0.995017813699, -16.8460437246, 0.00387643565655, 4.1597192198
1.59, -0.994931113649, -16.8043959381, 0.0133917812611, 4.17452740211
1.6, -0.994794622375, -16.7626021527, 0.0129613838095, 4.18893101306
1.61, -0.994724149044, -16.7206663297, 0.00316258542912, 4.20294418838
1.62, -0.994726379523, -16.6785924102, 0.000321714139051, 4.21656050086
1.63, -0.994685489084, -16.6363843803, 0.00939065460462, 4.22978031584
1.64, -0.994555515276, -16.5940469114, 0.0153945530244, 4.24241509623
1.65, -0.994439019656, -16.5515858981, 0.00820525261227, 4.25452893244
1.66, -0.994417562398, -16.5090062037, -0.0003030385214, 4.26616318834
1.67, -0.994400437911, -16.4663126878, 0.00358386980685, 4.27731172865
1.68, -0.99432419448, -16.423510499, 0.0121013155803, 4.28788722919
1.69, -0.994193652549, -16.3806050114, 0.0132056575103, 4.29800580256
1.7, -0.994110893471, -16.3376005814, 0.00490417159113, 4.30769249058
1.71, -0.994099523232, -16.2945016525, 0.000985519236971, 4.31688075506
1.72, -0.994063402936, -16.2513134178, 0.00813852299387, 4.32560116971
1.73, -0.993945977124, -16.2080400813, 0.0145721179089, 4.33391953534
1.74, -0.993826127047, -16.164685893, 0.00946530194591, 4.34175962564
1.75, -0.993788157869, -16.1212553311, 0.00120585233021, 4.3492227553
1.76, -0.993780195467, -16.0777520471, 0.00362506490792, 4.35631581206
1.77, -0.993698724211, -16.0341797212, 0.0128909653679, 4.36304750006
1.78, -0.993561624738, -15.9905419854, 0.013567715483, 4.36937370152
1.79, -0.993480493989, -15.9468431185, 0.00436897630779, 4.37532064833
1.8, -0.993474871898, -15.9030863214, 0.000579210803943, 4.38096270196
1.81, -0.993437571675, -15.8592749014, 0.00868999605635, 4.38622075802
1.82, -0.993312415948, -15.8154130221, 0.0153166885789, 4.39110580423
1.83, -0.993189717656, -15.7715036712, 0.00929143907398, 4.39572143159
1.84, -0.993157290831, -15.7275496362, 0.000521558463429, 4.40005442086
1.85, -0.993152777666, -15.6835539849, 0.00369864661382, 4.40402047837
1.86, -0.993065534084, -15.6395204856, 0.0137366605622, 4.40766861052
1.87, -0.992921791693, -15.5954517879, 0.0138877530418, 4.41107064378
1.88, -0.992843204766, -15.5513504501, 0.00372159217329, 4.41416541523
1.89, -0.992830187511, -15.5072198119, 0.00092822695225, 4.41697133933
1.9, -0.992800948184, -15.4630623572, 0.00725006118607, 4.41953721685
1.91, -0.992687700744, -15.418880431, 0.0147319527614, 4.42182251173
1.92, -0.992559274755, -15.3746773475, 0.0106920288571, 4.42386064548
1.93, -0.992511535018, -15.3304542588, 0.00170376236131, 4.42580932994
1.94, -0.992506605674, -15.2862124916, 0.0027695804389, 4.42758846133
1.95, -0.992433903738, -15.2419569248, 0.0122993094609, 4.42842148064
1.96, -0.992294690171, -15.1976967249, 0.0144246910914, 4.42865064042
1.97, -0.99220210249, -15.1534365871, 0.00542695401943, 4.42842964924
1.98, -0.992193126155, -15.1091805336, 0.000214809673407, 4.42771705717
1.99, -0.992164934569, -15.0649363758, 0.00761372058683, 4.42620749366
2.0, -0.992045054076, -15.020711464, 0.0154330236716, 4.42364106498
2.01, -0.991913845631, -14.9765184535, 0.0105103992938, 4.4200543902
2.02, -0.99187240134, -14.9323645458, 0.000870936517313, 4.41582935096
2.03, -0.991859461634, -14.8882577596, 0.00203604855819, 4.41045837804
2.04, -0.991800765577, -14.8442105222, 0.0107622457888, 4.4041147456
2.05, -0.991668603187, -14.8002326413, 0.0146317412079, 4.39647462944
2.06, -0.991564526322, -14.7563355719, 0.00700082925845, 4.38810732618
2.07, -0.991545148857, -14.7125265516, 0.000446012976002, 4.37893861838
2.08, -0.99152620362, -14.6688123239, 0.00595863660378, 4.36916584732
2.09, -0.991421357906, -14.6252000931, 0.0144889535554, 4.35835302713
2.1, -0.99128733052, -14.5817009205, 0.0117076935814, 4.34675445604
2.11, -0.991231345802, -14.5383206303, 0.00204637926551, 4.33459974501
2.12, -0.991217611926, -14.495064546, 0.0016486314085, 4.32192994439
2.13, -0.991172180685, -14.451937738, 0.00900848469576, 4.30875847721
2.14, -0.991052161033, -14.408945705, 0.0141985344249, 4.29502691763
2.15, -0.990941220081, -14.3660933242, 0.00837071884229, 4.28059417957
2.16, -0.990909858368, -14.3233912288, 0.00106143195193, 4.26521738652
2.17, -0.990896853683, -14.2808445903, 0.00445368899424, 4.24949425458
2.18, -0.990809396006, -14.2384584519, 0.0130235510679, 4.2331886765
2.19, -0.990678465838, -14.1962386026, 0.0124089363223, 4.21604036046
2.2, -0.990609222484, -14.1541963399, 0.0034181407135, 4.19770868839
2.21, -0.99060569897, -14.1123414933, 0.000945518029892, 4.17876007602
2.22, -0.990562035598, -14.0706811468, 0.00922328678507, 4.15851371772
2.23, -0.990438346846, -14.0292287528, 0.0144870604701, 4.13755476249
2.24, -0.990329101156, -13.9879865029, 0.00776347737028, 4.11648735697
2.25, -0.990306899242, -13.9469561511, 7.40705069053e-05, 4.09519633416
2.26, -0.990300003107, -13.9061375438, 0.00425781172643, 4.07425212973
2.27, -0.990210106145, -13.8655257543, 0.0134689550807, 4.05382118401
2.28, -0.99007709755, -13.8251155603, 0.0122520509121, 4.03391610448
2.29, -0.990014661161, -13.7849022949, 0.00240700221943, 4.01437788325
2.3, -0.99000692554, -13.7448827452, 0.00103242891486, 3.99519006991
2.31, -0.9899737954, -13.7050531182, 0.00751605959842, 3.97638228568
2.32, -0.989865488419, -13.6654099515, 0.0134913856884, 3.9578595889
2.33, -0.989754980791, -13.6259504537, 0.00872603684222, 3.93966964444
2.34, -0.989721118263, -13.5866709471, 0.000969810506872, 3.92184845222
2.35, -0.989716025672, -13.5475679949, 0.00313831147648, 3.90435480188
2.36, -0.989643060408, -13.5086386472, 0.01173672242, 3.88709406472
2.37, -0.989518336794, -13.469880404, 0.012373554863, 3.87014830558
2.38, -0.989445825111, -13.4312899655, 0.00377808434294, 3.85352751608
2.39, -0.989444209779, -13.392864526, 0.000175122809836, 3.83711449376
2.4, -0.989413792757, -13.3546019031, 0.0076727358867, 3.82097819204
2.41, -0.989301811571, -13.3164990858, 0.0138417119356, 3.80514664534
2.42, -0.989192064185, -13.2785530872, 0.0082316038491, 3.78961030881
2.43, -0.989166658841, -13.240761142, 1.22692166539e-05, 3.77428942701
2.44, -0.989167945169, -13.2031214358, 0.00289773545837, 3.75918810794
2.45, -0.989092684135, -13.1656313856, 0.0122229807905, 3.74435335955
2.46, -0.988964736419, -13.1282889784, 0.0123877217934, 3.72959765424
2.47, -0.98889739358, -13.0910931237, 0.00290027321391, 3.71512401368
2.48, -0.988892932538, -13.0540406039, 0.00111013111799, 3.700859308
2.49, -0.988867566814, -13.0171300472, 0.0063071776364, 3.6867228276
2.5, -0.988771388954, -12.9803598774, 0.0125154498134, 3.67284673317
2.51, -0.98866446774, -12.9437270636, 0.00886969615868, 3.65918067072
2.52, -0.988627024947, -12.9072301626, 0.00126507480393, 3.64569460336
2.53, -0.988624516843, -12.870868196, 0.0023569097063, 3.63206044241
2.54, -0.988563431476, -12.8346438374, 0.0104411437254, 3.618244107
2.55, -0.988447367965, -12.7985580593, 0.012013912893, 3.60433872169
2.56, -0.988372852942, -12.7626141038, 0.00426393220019, 3.58967331452
2.57, -0.988368871887, -12.7268202751, -4.80029691948e-06, 3.57454724861
2.58, -0.988346826864, -12.6911782832, 0.00640566493099, 3.55931114711
2.59, -0.988247190938, -12.6556895021, 0.0128884141243, 3.54393205675
2.6, -0.988140146416, -12.6203555094, 0.0084996938991, 3.52822287836
2.61, -0.988110087696, -12.5851809741, 0.000366917523038, 3.51218739445
2.62, -0.988114186665, -12.5501672009, 0.00202869003819, 3.4960723274
2.63, -0.988051715105, -12.5153145675, 0.0108675857711, 3.47983352539
2.64, -0.987932168041, -12.4806276075, 0.0121083302191, 3.46308610497
2.65, -0.987861959952, -12.4461083514, 0.00344038129797, 3.44629138737
2.66, -0.987867114366, -12.4117574368, -0.000785772665306, 3.42926867194
2.67, -0.987847751995, -12.377579167, 0.00658250921432, 3.41190881495
2.68, -0.987743731157, -12.3435759517, 0.0133343593059, 3.39417151103
2.69, -0.987636601357, -12.3097517045, 0.00805359891755, 3.37624260445
2.7, -0.987615086733, -12.2761074249, -0.000645864759721, 3.35805480496
2.71, -0.987626224502, -12.2426468016, 0.00172815246018, 3.33964627337
2.72, -0.987561635301, -12.2093701807, 0.0113603050766, 3.32126038164
2.73, -0.987438658862, -12.1762778929, 0.0121391229172, 3.30266314638
2.74, -0.987373626935, -12.143372975, 0.00253756812149, 3.28391187662
2.75, -0.98737456876, -12.1106553443, -0.000781756509786, 3.26520440702
2.76, -0.987366792578, -12.0781259839, 0.00479183302033, 3.24618137847
2.77, -0.987277952149, -12.04578777, 0.0124490413949, 3.22692750782
2.78, -0.987167905702, -12.0136440106, 0.00917767659458, 3.20744003529
2.79, -0.987134074069, -11.9816943746, 0.000212814546781, 3.18807714159
2.8, -0.987148234869, -11.9499390902, 0.000452069818004, 3.16849798562
2.81, -0.987101490944, -11.9183804954, 0.00961417430318, 3.1488475988
2.82, -0.986985915729, -11.887018819, 0.0124014951076, 3.12905647441
2.83, -0.986909699163, -11.8558550496, 0.00395122672167, 3.10928664026
2.84, -0.986909651819, -11.8248880866, 0.00145397848813, 3.08972350307
2.85, -0.986902895355, -11.7941147989, 0.00365235706393, 3.0704989272
2.86, -0.986830588332, -11.7635331428, 0.010787329889, 3.05149283512
2.87, -0.98672825149, -11.7331397395, 0.00931987592989, 3.03280072028
2.88, -0.986684779621, -11.7029319634, 0.00149164814749, 3.01435672926
2.89, -0.986692447845, -11.6729068935, 0.000274272881046, 2.99631237467
2.9, -0.986658000554, -11.6430607173, 0.00778870939682, 2.97847772436
2.91, -0.986557721476, -11.6133919057, 0.0115182969511, 2.960897225
2.92, -0.986478637502, -11.5838970573, 0.00506447980372, 2.9436732195
2.93, -0.986474347582, -11.5545728012, -0.000965596058878, 2.92677316819
2.94, -0.986474245586, -11.52541615, 0.00351910417634, 2.91010806233
2.95, -0.986399780152, -11.4964249641, 0.0111450131938, 2.89370681905
2.96, -0.986296371829, -11.467596131, 0.00909699739354, 2.87762773216
2.97, -0.986259432238, -11.438926789, 0.000594060691936, 2.86176800698
2.98, -0.986274934034, -11.4104149643, -0.000244687944843, 2.84614823909
2.99, -0.98624083126, -11.3820579433, 0.00810303042363, 2.83080301806
3.0, -0.986136916177, -11.3538532014, 0.0117373802586, 2.81565441617
3.01, -0.986060393957, -11.3257988645, 0.00441177479431, 2.8007452778
3.02, -0.986064711928, -11.2978920415, -0.0018048632149, 2.78613803261
3.03, -0.986068844708, -11.2701302839, 0.00351373873236, 2.77173610654
3.04, -0.985990884357, -11.2425114794, 0.0116215874694, 2.75750657334
3.05, -0.98588574535, -11.2150340619, 0.0088925386909, 2.74348554393
3.06, -0.985855474163, -11.1876955274, -0.00032317355499, 2.7297202455
3.07, -0.985878632088, -11.1604939566, -0.000706014298711, 2.71606670094
3.08, -0.985843903977, -11.133428003, 0.00852992404257, 2.7026138121
3.09, -0.985735492647, -11.1064953768, 0.0120056426998, 2.68939573821
3.1, -0.9856615315, -11.0796938027, 0.00372846783106, 2.67640075045
3.11, -0.985666778543, -11.0530212676, 0.000634433610273, 2.66350454327
3.12, -0.985671171914, -11.0264766916, 0.00243597080425, 2.65083854766
3.13, -0.985608806279, -11.0000581298, 0.0100911389082, 2.63833634305
3.14, -0.985509726611, -10.9737638725, 0.00921421678386, 2.62594518014
3.15, -0.98546830544, -10.9475928807, 0.00106966109363, 2.61371010913
3.16, -0.985484293829, -10.9215432514, -0.000839345521532, 2.60166597525
3.17, -0.985461321504, -10.895613401, 0.00678064853796, 2.58971710963
3.18, -0.985367036746, -10.8698024008, 0.0112673784819, 2.57792208281
3.19, -0.985288718033, -10.8441085043, 0.0049770225739, 2.56629738352
3.2, -0.98528884783, -10.8185295056, -0.00175338332759, 2.55495935472
3.21, -0.985299595818, -10.7930616241, 0.00234093398401, 2.54412966803
3.22, -0.985234262119, -10.7676992225, 0.0105673803483, 2.53381905967
3.23, -0.985132676122, -10.7424373756, 0.00913740714737, 2.52399718181
3.24, -0.985096681186, -10.7172710537, 0.000245588961131, 2.51473691194
3.25, -0.9851201152, -10.6921946641, -0.00133374217321, 2.50595905787
3.26, -0.985096990591, -10.6672039445, 0.00717978682958, 2.49759129644
3.27, -0.984997763933, -10.6422942312, 0.0116457352792, 2.48977098739
3.28, -0.984920512831, -10.6174604675, 0.00444956452639, 2.48235420302
3.29, -0.984928488437, -10.5926991026, -0.00254935674592, 2.47527880608
3.3, -0.984943088821, -10.5680068803, 0.00239106721023, 2.46851712791
3.31, -0.984873217202, -10.5433814142, 0.011191910733, 2.46186783908
3.32, -0.984768215603, -10.5188221297, 0.00909999269956, 2.45527721426
3.33, -0.984737646794, -10.4943283955, -0.000588121904187, 2.44875074771
3.34, -0.984768248545, -10.4699002858, -0.00175699134206, 2.44213072103
3.35, -0.984743820168, -10.4455386829, 0.00771154114204, 2.43548459534
3.36, -0.984638598969, -10.4212431781, 0.012088423952, 2.42890359203
3.37, -0.984562327679, -10.397013352, 0.00389217231197, 2.42235344037
3.38, -0.984570457165, -10.372849079, -5.4655079849e-05, 2.41571061646
3.39, -0.984584954158, -10.3487516418, 0.00135827037365, 2.40898413388
3.4, -0.984529761165, -10.3247238378, 0.00979204884938, 2.40173035612
3.41, -0.98442927052, -10.3007721461, 0.00957494519185, 2.39375121839
3.42, -0.984386424133, -10.2769036631, 0.000871656865301, 2.38515026755
3.43, -0.984409602569, -10.253124006, -0.0018878447158, 2.37600098545
3.44, -0.98439666543, -10.2294443303, 0.00601887750518, 2.3649279587
3.45, -0.984304553583, -10.2058815342, 0.0114708762836, 2.35289741741
3.46, -0.984222859028, -10.1824422669, 0.00520975480221, 2.34024104207
3.47, -0.984225769139, -10.1591346128, -0.00249522576037, 2.32633430773
3.48, -0.984247022079, -10.1359773461, 0.00124231291496, 2.3102730182
3.49, -0.984188604889, -10.1129866199, 0.0103092780283, 2.29324059842
3.5, -0.984085272768, -10.0901698014, 0.00949413497321, 2.27551338463
3.51, -0.98404835605, -10.0675389041, -5.21255161501e-05, 2.25560100314
3.52, -0.984066468288, -10.0451171739, -0.00173456023343, 2.23423930218
3.53, -0.984063589231, -10.0229095335, 0.00432837257275, 2.21303813375
3.54, -0.983986764454, -10.0009177953, 0.0104703288745, 2.19067219096
3.55, -0.983903719913, -9.97915516563, 0.00618051979806, 2.16731242322
3.56, -0.983894805475, -9.95762980425, -0.00159812319597, 2.14344183713
3.57, -0.983918048093, -9.93634364028, 6.2911036163e-05, 2.11946010883
3.58, -0.983877293965, -9.91529954704, 0.00849174099485, 2.09485565897
3.59, -0.983782838443, -9.8945043965, 0.00956919371376, 2.06986031574
3.6, -0.983736159592, -9.87395983244, 0.00127806207265, 2.04474829546
3.61, -0.983761082627, -9.85366584405, -0.00270185365024, 2.01985359588
3.62, -0.983762297971, -9.83361838411, 0.00432920210836, 1.99545596426
3.63, -0.98368314293, -9.81381205541, 0.0107090210752, 1.97160758962
3.64, -0.983601612588, -9.79424145813, 0.00562628261668, 1.94829282788
3.65, -0.983601841381, -9.77490208013, -0.00264703579006, 1.92529244964
3.66, -0.983632779858, -9.75579064754, -0.00033988151881, 1.90278086928
3.67, -0.983591396947, -9.73690186463, 0.00882471516153, 1.88069190487
3.68, -0.983494840012, -9.71823172416, 0.00950421673838, 1.85907372314
3.69, -0.983453956924, -9.69977464996, 0.000337263670215, 1.8381153179
3.7, -0.983488725896, -9.68152341623, -0.00351245057613, 1.8178706742
3.71, -0.983492866804, -9.66347094912, 0.00447572674312, 1.79836045651
3.72, -0.983410084051, -9.64560738764, 0.0110480355207, 1.78033015339
3.73, -0.983329688136, -9.62791608567, 0.00507782456196, 1.76364943669
3.74, -0.983339012032, -9.61038650641, -0.00366304947425, 1.74797716195
3.75, -0.98336334973, -9.59300718103, -0.00116492615024, 1.73369608687
3.76, -0.983337411552, -9.57576383996, 0.00709206386284, 1.72061854971
3.77, -0.983250691403, -9.55864576611, 0.0094077080986, 1.70858793794
3.78, -0.983201007662, -9.54164124275, 0.00172113625869, 1.69797552836
3.79, -0.983226263996, -9.52473733345, -0.00327846132489, 1.6883516892
3.8, -0.983239495833, -9.50792508963, 0.00283155897875, 1.67961363223
3.81, -0.983172507483, -9.49119576046, 0.00997856282877, 1.67175335941
3.82, -0.983090952447, -9.47453905833, 0.00612735782754, 1.66519198421
3.83, -0.983086504895, -9.45794174709, -0.00247160168358, 1.65969894771
3.84, -0.983123185828, -9.44139526604, -0.00147979728682, 1.65500163969
3.85, -0.983095313462, -9.42489116212, 0.00761688937828, 1.65136348133
3.86, -0.983003820576, -9.40841686498, 0.00966619953302, 1.64883885631
3.87, -0.982956719448, -9.39196402559, 0.00107935201421, 1.64704927
3.88, -0.982989569795, -9.37552499263, -0.00391780394559, 1.64602838015
3.89, -0.983004253648, -9.35909173678, 0.0031381849876, 1.64603588601
3.9, -0.982931301305, -9.34265314855, 0.0106283233869, 1.64692691163
3.91, -0.982847232002, -9.32620271561, 0.00595895169439, 1.64839931076
3.92, -0.982848723743, -9.30973421484, -0.00324524238232, 1.65076120095
3.93, -0.982890561043, -9.29323197638, -0.00160699019105, 1.65481594294
3.94, -0.982858531727, -9.27668658501, 0.00837881751915, 1.65939800553
3.95, -0.982760243785, -9.26009260234, 0.0100793582395, 1.66451837433
3.96, -0.982714829662, -9.24344323702, 0.000485458544495, 1.67058890828
3.97, -0.982742704391, -9.22672876989, -0.00281053693837, 1.6773719248
3.98, -0.982760912198, -9.20994399627, 0.00195764638862, 1.684630199
3.99, -0.982700956423, -9.19308300411, 0.00967286009345, 1.69274418744
4.0, -0.98261550068, -9.17613670084, 0.0070273234152, 1.70152800733
4.01, -0.982601457419, -9.15910037154, -0.00171705666674, 1.7107344485
4.02, -0.982637463742, -9.14196998635, -0.00197040358337, 1.72049011344
4.03, -0.982617402398, -9.12473678884, 0.00688636787847, 1.73110095037
4.04, -0.98252713741, -9.10739566352, 0.010160777773, 1.74207019694
4.05, -0.982470053997, -9.08994300126, 0.00226240336206, 1.753395766
4.06, -0.982495509958, -9.07237391564, -0.00371555172209, 1.76547363024
4.07, -0.982514769519, -9.05468064656, 0.00233909245711, 1.77807560858
4.08, -0.982447461912, -9.03685985183, 0.0105233724115, 1.79097241725
4.09, -0.982356883821, -9.01890617747, 0.0071403420785, 1.80471692222
4.1, -0.982346336976, -9.00081266955, -0.00229950335938, 1.81883541817
4.11, -0.98238623151, -8.98257689462, -0.00201654897102, 1.83316878934
4.12, -0.982361206193, -8.96419494887, 0.0077497007707, 1.84818836246
4.13, -0.982262417451, -8.94565926309, 0.0108008757017, 1.86373435722
4.14, -0.982204455546, -8.92696735961, 0.00191737722559, 1.87945209423
4.15, -0.982235094886, -8.90811714708, -0.00415183155159, 1.895387388
4.16, -0.982253653754, -8.88910420292, 0.0028886052648, 1.91207002976
4.17, -0.98217735949, -8.86992216579, 0.0115101473983, 1.92908793905
4.18, -0.982080894022, -8.85056893196, 0.00728037486226, 1.94630193508
4.19, -0.982073805734, -8.83104287046, -0.00287904135947, 1.96394963601
4.2, -0.982102452857, -8.8113329195, -0.0018862437248, 1.98274280858
4.21, -0.982085573353, -8.79143451383, 0.00649719912727, 2.00164906741
4.22, -0.981994592741, -8.77134640415, 0.010756247161, 2.02068082293
4.23, -0.981926219887, -8.75106584564, 0.00364942880211, 2.04026545393
4.24, -0.981940697471, -8.73058685745, -0.00304955711579, 2.06020520651
4.25, -0.98195970956, -8.70990790752, 0.00197257399963, 2.0802486755
4.26, -0.981895243641, -8.68902684834, 0.0105618662937, 2.10077316397
4.27, -0.981797474766, -8.66793815928, 0.0083822542953, 2.12162053001
4.28, -0.981773046784, -8.64664007375, -0.00104951354939, 2.14261925947
4.29, -0.981806853342, -8.62513068408, -0.00197130316536, 2.16403865471
4.3, -0.981785020736, -8.60340475403, 0.00739531782306, 2.18576357034
4.31, -0.98168445545, -8.58146117954, 0.011553853586, 2.20756016153
4.32, -0.981613455119, -8.55929954742, 0.00346514278584, 2.2293854527
4.33, -0.981632124859, -8.53691736497, -0.00344542237792, 2.25176344709
4.34, -0.981650375663, -8.51430965846, 0.00252360884176, 2.27435424434
4.35, -0.981576356979, -8.49147594656, 0.0116625150087, 2.29696640469
4.36, -0.981471042133, -8.46841568723, 0.00870573111445, 2.32000344887
4.37, -0.981448633534, -8.44512032528, -0.00153544974147, 2.3434941766
4.38, -0.981485540632, -8.42159203641, -0.0019319683422, 2.36690961937
4.39, -0.981457338172, -8.39782773412, 0.00844737012434, 2.39038027525
4.4, -0.981346016484, -8.37382823921, 0.0124212398497, 2.41418020172
4.41, -0.981272331094, -8.34958927303, 0.00324615195592, 2.43814993155
4.42, -0.981283247674, -8.32511066007, -0.00214467943746, 2.46210719832
4.43, -0.981303725746, -8.30038945299, 0.00146460297989, 2.48691968447
4.44, -0.981240519258, -8.27541680186, 0.0110191621562, 2.51211316576
4.45, -0.981129783446, -8.25019238116, 0.0102099871074, 2.53727369944
4.46, -0.981088179221, -8.22471459773, 0.000258806523749, 2.56288822763
4.47, -0.981117847439, -8.19898002631, -0.00222751766098, 2.58853732264
4.48, -0.981100534901, -8.17298900794, 0.00713753048501, 2.61416045905
4.49, -0.98099405863, -8.14674218248, 0.0129098323677, 2.63970958916
4.5, -0.980904624764, -8.12023885715, 0.00537427376716, 2.6656059096
4.51, -0.980903020171, -8.09347508463, 0.00041230979958, 2.6916107809
4.52, -0.980920516061, -8.06645117927, 0.000719726983327, 2.71763225126
4.53, -0.980868627192, -8.0391671828, 0.0100299590658, 2.74398692012
4.54, -0.980757208925, -8.01161541804, 0.0112766798925, 2.77069920612
4.55, -0.980697465783, -7.98379883699, 0.00226331909461, 2.79710692388
4.56, -0.980715330552, -7.95571849309, -0.00199979886981, 2.82344551011
4.57, -0.980706175544, -7.92737323118, 0.00580535979525, 2.85019231204
4.58, -0.980608079437, -7.89875943413, 0.0128731835809, 2.87702798862
4.59, -0.980506690064, -7.869877558, 0.00737014528774, 2.90380159673
4.6, -0.980494180476, -7.84072592015, -0.00162179550002, 2.93127243821
4.61, -0.980514461886, -7.81129594115, 0.00100420533383, 2.95914333437
4.62, -0.980454480592, -7.78158792954, 0.0111457185902, 2.9868855031
4.63, -0.980333199519, -7.7516016061, 0.0119619294597, 3.01494115514
4.64, -0.980272274485, -7.72133386712, 0.00197947751187, 3.04304698316
4.65, -0.980293536667, -7.69078561429, -0.00216064300687, 3.07103840891
4.66, -0.980280319487, -7.65995831099, 0.00669463935721, 3.09887052588
4.67, -0.98017082372, -7.62885187227, 0.0139957763084, 3.12700348952
4.68, -0.98006319497, -7.59746232376, 0.00749849791099, 3.15531543352
4.69, -0.980053605618, -7.56578929381, -0.00205363813764, 3.18386077849
4.7, -0.980060552723, -7.53382733894, 0.000811089908358, 3.213033479
4.71, -0.980009537474, -7.50157353187, 0.0100742275075, 3.24214045819
4.72, -0.979891218877, -7.46902942265, 0.0125566852176, 3.27109832188
4.73, -0.979814716605, -7.43619621586, 0.00400923775574, 3.2999481878
4.74, -0.979820327969, -7.40307405314, -0.00134282526778, 3.32903818671
4.75, -0.979810380554, -7.36965998232, 0.00562779400853, 3.35818533989
4.76, -0.979710721084, -7.33595527238, 0.0135237419166, 3.38717300712
4.77, -0.979595862432, -7.30195948648, 0.00914944961457, 3.41650752606
4.78, -0.979566567118, -7.26766923865, -0.000290815240678, 3.44591696783
4.79, -0.979580952155, -7.23308625576, 0.00104060553914, 3.47508685656
4.8, -0.979522094644, -7.19821101703, 0.0112028624722, 3.50450798243
4.81, -0.9793931654, -7.16304048902, 0.0133541931899, 3.53399941557
4.82, -0.979314418396, -7.12757581615, 0.00380242743977, 3.56333888032
4.83, -0.979323301563, -7.09181858847, -0.00154132881785, 3.59251319826
4.84, -0.979309871711, -7.05576908089, 0.00646309474292, 3.62193385545
4.85, -0.979198751306, -7.01942434749, 0.0147087697852, 3.651415209
4.86, -0.979076550207, -6.98278682732, 0.00940297882751, 3.68039056591
4.87, -0.979049401708, -6.94586320227, -0.000705573973352, 3.70862462228
4.88, -0.979050955736, -6.90866138269, 0.000755665792189, 3.73605667536
4.89, -0.979001778835, -6.87118924663, 0.0100993049654, 3.76270982557
4.9, -0.978875384877, -6.8334544038, 0.0140382643091, 3.78862127784
4.91, -0.978780150696, -6.79546409875, 0.00588933577979, 3.81382136142
4.92, -0.978773612609, -6.7572254018, -0.000818713701322, 3.83831825306
4.93, -0.978764717306, -6.71874535084, 0.00527045827469, 3.86211390704
4.94, -0.978663992865, -6.6800308147, 0.0142391509016, 3.88523804807
4.95, -0.978534040361, -6.64108830206, 0.011108726067, 3.90772725372
4.96, -0.978487230768, -6.60192406893, 0.000976599560967, 3.92959791724
4.97, -0.978497773718, -6.56254432324, 0.000787277188907, 3.95084712519
4.98, -0.97844236182, -6.52295523684, 0.0111176567772, 3.97148706734
4.99, -0.97830561989, -6.48316270198, 0.0148553542286, 3.99155501617
5.0, -0.978208065053, -6.44317229034, 0.00563997880863, 4.01107642545
5.01, -0.97819397213, -6.40298947033, 0.00045720818705, 4.03005066352
5.02, -0.97818749933, -6.36261969807, 0.00418218810615, 4.0484833445
5.03, -0.97809800919, -6.32206831526, 0.0135319820796, 4.06639159688
5.04, -0.977963410742, -6.28134037574, 0.0125191999238, 4.08380907804
5.05, -0.97789826173, -6.24044069535, 0.00268833163603, 4.1007514651
5.06, -0.977902226882, -6.19937405402, 0.000427519462111, 4.11721402883
5.07, -0.97785836299, -6.15814524954, 0.00972749022276, 4.13320066296
5.08, -0.977727469227, -6.11675887684, 0.0152184619186, 4.14874270148
5.09, -0.977615513637, -6.07521923703, 0.00762652803556, 4.16386473423
5.1, -0.977590160584, -6.03353052522, 0.00287697023226, 4.17852661042
5.11, -0.977581708742, -5.99169697096, 0.0033420244708, 4.19284733777
5.12, -0.977504608911, -5.9497227248, 0.012410985672, 4.20671909728
5.13, -0.977370926204, -5.90761171946, 0.0134026106531, 4.22021088925
5.14, -0.97728944892, -5.86536766156, 0.00451808721656, 4.23333827704
5.15, -0.977283061919, -5.82299422184, 0.000528189708267, 4.24609646822
5.16, -0.977248559235, -5.78049512204, 0.0082633350366, 4.25848311587
5.17, -0.977127694507, -5.73787395194, 0.0149827397616, 4.27052305915
5.18, -0.977005993556, -5.69513403846, 0.00938948399493, 4.2822400488
5.19, -0.976971743771, -5.65227859088, 0.000689177192586, 4.29363696686
5.2, -0.97696762644, -5.6093108768, 0.0034675611375, 4.30470303433
5.21, -0.976884218481, -5.56623416226, 0.0133198299056, 4.31544962144
5.22, -0.976742979794, -5.52305148182, 0.0138394833514, 4.3259051901
5.23, -0.97666270919, -5.47976566747, 0.0040074681258, 4.33608231737
5.24, -0.976649661188, -5.43637956711, 0.00184962840437, 4.34596947611
5.25, -0.976616592172, -5.39289607367, 0.00724608322137, 4.35557052037
5.26, -0.976507932125, -5.3493179795, 0.0140268441303, 4.36490021914
5.27, -0.97638514149, -5.30564786806, 0.010426626443, 4.37398057192
5.28, -0.976334909259, -5.26188820624, 0.00231963790851, 4.38281542142
5.29, -0.976323460247, -5.21804151047, 0.00325801964543, 4.39139443999
5.3, -0.97625102273, -5.17411036118, 0.0118611624834, 4.39971665721
5.31, -0.976118132414, -5.13009715648, 0.0138402906211, 4.40781282539
5.32, -0.976026790371, -5.08600408936, 0.0057538783115, 4.41569260219
5.33, -0.976011115043, -5.04183335851, 0.000984789837255, 4.42335135752
5.34, -0.975978946569, -4.9975872151, 0.00757927041446, 4.43078234974
5.35, -0.975864250998, -4.95326786863, 0.0146801506997, 4.43800063148
5.36, -0.975738423258, -4.90887729611, 0.0103530010918, 4.44503340511
5.37, -0.975692599239, -4.86441737721, 0.00172826910317, 4.451873112
5.38, -0.975684651118, -4.81989007674, 0.00324281446526, 4.45851139182
5.39, -0.975607636245, -4.77529740231, 0.0125963904047, 4.46495784787
5.4, -0.975468316842, -4.73064119366, 0.014233018814, 4.47122687229
5.41, -0.975378096429, -4.68592310837, 0.00527522131539, 4.47733477065
5.42, -0.975367886547, -4.64114482208, 0.000583599150518, 4.48327092686
5.43, -0.975334621424, -4.59630812413, 0.00813150966782, 4.48902443148
5.44, -0.975211935687, -4.55141474014, 0.0154781118827, 4.49461558012
5.45, -0.975082463949, -4.50646617557, 0.0102655653868, 4.50006349142
5.46, -0.975041761751, -4.46146386341, 0.00103490957323, 4.50536712988
5.47, -0.975037922023, -4.41640935263, 0.00322272622814, 4.51050487044
5.48, -0.974955876246, -4.37130423485, 0.0134054996699, 4.51549184342
5.49, -0.974809633713, -4.32614991537, 0.0146263618621, 4.5203528079
5.5, -0.974721237217, -4.28094765264, 0.00467183432862, 4.52508784648
5.51, -0.974703668915, -4.23569874632, 0.000884714732607, 4.52968537304
5.52, -0.974679164192, -4.19040458374, 0.0066324886506, 4.53413840359
5.53, -0.974568370354, -4.14506651422, 0.0149520871688, 4.53847236221
5.54, -0.974432196523, -4.09968573275, 0.0117746655081, 4.54269026657
5.55, -0.974375537663, -4.05426330002, 0.00223166462748, 4.54680120746
5.56, -0.97437163, -4.00880039514, 0.00223867723956, 4.55078284474
5.57, -0.974304366932, -3.96329827471, 0.011989028125, 4.55464601371
5.58, -0.974161764999, -3.91775807258, 0.0152882215397, 4.55840483458
5.59, -0.97405814171, -3.8721807434, 0.00647120348717, 4.56207220123
5.6, -0.974032431066, -3.82656726161, 0.00179826374872, 4.5656364954
5.61, -0.974012860235, -3.78091870087, 0.00530492702039, 4.56909109402
5.62, -0.973915895962, -3.73523613944, 0.0139714455253, 4.57244226035
5.63, -0.973777843179, -3.68952049714, 0.0129167512187, 4.57571514683
5.64, -0.973705284225, -3.64377258075, 0.00372723620846, 4.57890371519
5.65, -0.973696807635, -3.59799327829, 0.0016847507149, 4.5819899994
5.66, -0.973643202259, -3.55218357573, 0.0103762898063, 4.58498713555
5.67, -0.973508960741, -3.50634438883, 0.0153992535686, 4.58789719281
5.68, -0.973393398392, -3.46047645963, 0.00823414791027, 4.59073285774
5.69, -0.973366351589, -3.41458044985, 0.000709903655922, 4.59350953901
5.7, -0.973350092989, -3.36865725075, 0.00545889564195, 4.59618331132
5.71, -0.973247234498, -3.32270773961, 0.0147560025304, 4.59876959426
5.72, -0.973103885573, -3.27673261385, 0.0130717319178, 4.60130763194
5.73, -0.973035063572, -3.23073247707, 0.00303207290277, 4.6037733769
5.74, -0.973018614329, -3.18470800168, 0.00215368501401, 4.60616955748
5.75, -0.972971976323, -3.13865997539, 0.00899895016849, 4.60849379919
5.76, -0.972850100827, -3.09258912699, 0.0146861778079, 4.61074604522
5.77, -0.972730336997, -3.04649600482, 0.00951253171248, 4.61294710813
5.78, -0.972688193663, -3.00038113575, 0.00196314368473, 4.61509328476
5.79, -0.972670260042, -2.95424517408, 0.00466363312713, 4.61716221402
5.8, -0.972581402407, -2.90808882384, 0.0132847430819, 4.61916948264
5.81, -0.972443894854, -2.86191264981, 0.0134342852224, 4.62112881193
5.82, -0.972362201368, -2.81571708876, 0.00470893170277, 4.62304621664
5.83, -0.972348898869, -2.76950264168, 0.00161686223936, 4.62491223173
5.84, -0.972301731762, -2.72326995369, 0.00946766671206, 4.62670558715
5.85, -0.972173335826, -2.67701960455, 0.0152907796662, 4.62844919078
5.86, -0.972052029548, -2.63075199433, 0.0092352347911, 4.63015078597
5.87, -0.972015868785, -2.58446751897, 0.00127721413866, 4.63180795998
5.88, -0.972001292439, -2.53816668851, 0.00473485410043, 4.6334277081
5.89, -0.971907225538, -2.4918500952, 0.0140343683976, 4.63498105937
5.9, -0.971764272423, -2.44551814726, 0.0136474513734, 4.63648671071
5.91, -0.971685719845, -2.3991711483, 0.00405182167918, 4.63798750605
5.92, -0.971678687687, -2.35280950695, 0.0012176884264, 4.63943044465
5.93, -0.971629957342, -2.30643375365, 0.0100559574072, 4.64080293531
5.94, -0.971494165326, -2.26004431591, 0.0159465574904, 4.64216715773
5.95, -0.971371230374, -2.21364150954, 0.00894235265711, 4.64347795707
5.96, -0.971341310211, -2.16722557649, 0.000586209158188, 4.6447878431
5.97, -0.971315996196, -2.1207969935, 0.00431849392924, 4.64601693927
5.98, -0.971233801001, -2.07435616312, 0.0125947056378, 4.64723527059
5.99, -0.971098408349, -2.02790346278, 0.013720624869, 4.64840224922
6.0, -0.971009211877, -1.9814391065, 0.00563530911215, 4.64955552712
6.01, -0.970989999253, -1.93496338966, 0.00174769201443, 4.65068144142
6.02, -0.970947432356, -1.88847673201, 0.00866184662711, 4.65174750088
6.03, -0.970825612734, -1.84197948756, 0.0149755460894, 4.6527928091
6.04, -0.970700777608, -1.79547188397, 0.010060850625, 4.65382740568
6.05, -0.970655676718, -1.74895412902, 0.00197138109504, 4.65483008744
6.06, -0.970640602481, -1.70242653338, 0.00424211735763, 4.65578041944
6.07, -0.970554366821, -1.65588948064, 0.0132634553452, 4.65671732958
6.08, -0.970413446939, -1.60934323434, 0.0140026468201, 4.65763660067
6.09, -0.970326526035, -1.56278794103, 0.0050555044871, 4.65853412977
6.1, -0.970313664475, -1.51622379715, 0.00127678302912, 4.65940354562
6.11, -0.970270782509, -1.46965115743, 0.00911373233799, 4.6602280849
6.12, -0.970142303342, -1.42307034867, 0.0156229301551, 4.66102658657
6.13, -0.970015532745, -1.37648150413, 0.00981651702864, 4.66182528522
6.14, -0.969976577965, -1.32988475492, 0.00123622318978, 4.6626058057
6.15, -0.969965554907, -1.28328035967, 0.00423539432742, 4.66336228513
6.16, -0.969874450073, -1.2366686591, 0.0140153083822, 4.6640802521
6.17, -0.969727721878, -1.1900498396, 0.0142510376707, 4.66478675404
6.18, -0.969643808231, -1.14342397835, 0.00437264114349, 4.66548650114
6.19, -0.969623869338, -1.09679124749, 0.00158105888619, 4.66616151306
6.2, -0.969589594769, -1.05015191782, 0.00760480047034, 4.66680700031
6.21, -0.969473736462, -1.00350625965, 0.0149717068784, 4.66742286752
6.22, -0.96934174257, -0.956854390461, 0.011178984853, 4.66803911055
6.23, -0.969287790944, -0.910196394278, 0.00238862934669, 4.66864736153
6.24, -0.969276785349, -0.863532442545, 0.00326312735711, 4.66923003216
6.25, -0.969200810648, -0.816862834686, 0.0125243581132, 4.66979062732
6.26, -0.96905901529, -0.770187743477, 0.0147694388658, 4.67034249393
6.27, -0.968961240642, -0.72350720969, 0.00608198999821, 4.67088619848
6.28, -0.968945377864, -0.676821314535, 0.000862108647456, 4.67141422536
6.29, -0.968912363865, -0.630130317385, 0.00794375006809, 4.67190241935
6.3, -0.96879001331, -0.583434448531, 0.0156756648633, 4.67237493024
6.31, -0.968654983433, -0.536733764751, 0.0110445725807, 4.67286200065
6.32, -0.968606718999, -0.490028291579, 0.0016237857648, 4.67334606918
6.33, -0.968586327266, -0.443318207579, 0.00321916646757, 4.67379635497
6.34, -0.968520494613, -0.396603748896, 0.0110208408983, 4.67421600095
6.35, -0.968389504242, -0.349885049765, 0.0143933627807, 4.67462873236
6.36, -0.968284451931, -0.303162137918, 0.00752532948866, 4.67506302474
6.37, -0.968254789869, -0.256435074767, 0.00176501066852, 4.6754744429
6.38, -0.968224242734, -0.209704053237, 0.00680596006321, 4.67584294064
6.39, -0.96811659939, -0.162969248694, 0.014386690965, 4.67621448966
6.4, -0.967983819186, -0.116230731906, 0.0117995076133, 4.67660141381
6.41, -0.967921104773, -0.0694885077275, 0.00320524718771, 4.67696295115
