timestamp, prius1 x posi, prius1 y posi, prius1 x vel, prius1 y vel.
0.0, 0.0, 0.0, 0.0, 0.0
0.00999999999999, -30.0355124656, -0.99996971441, 0.128546347596, 0.00636056827449
0.02, -30.0341706281, -0.99992175457, 0.144899378485, 0.000683766561893
0.03, -30.0326584484, -0.999958697287, 0.16232659649, -0.00757286585489
0.04, -30.030968938, -1.00002207166, 0.180365776482, -0.00461084435922
0.05, -30.0290960191, -1.00000805207, 0.199190662036, 0.00478129043471
0.06, -30.0270276748, -0.999941191254, 0.219181424763, 0.00491115781097
0.07, -30.024756764, -0.999935642714, 0.239714350057, -0.00464717311063
0.08, -30.022278165, -1.00000486911, 0.260717013322, -0.00803334889077
0.09, -30.0195872272, -1.00003726015, 0.282341399618, 0.000520183115821
0.1, -30.0166730644, -0.999981394584, 0.305108521178, 0.0068270701625
0.11, -30.0135293947, -0.999933320312, 0.328233207352, 0.000247067738082
0.12, -30.0101521442, -0.999978053652, 0.351839436354, -0.00845456777667
0.13, -30.0065366753, -1.00004666161, 0.376071222921, -0.00472679114532
0.14, -30.0026720728, -1.00002920474, 0.401418290928, 0.00535198393033
0.15, -29.9985528662, -0.999958572388, 0.426973651134, 0.00494668147952
0.16, -29.9941764907, -0.999958000263, 0.45284086612, -0.00550745369603
0.17, -29.9895396291, -1.00002219328, 0.47908001387, -0.00744185754652
0.18, -29.9846388258, -1.00006193384, 0.505627642191, -0.00101939745133
0.19, -29.979469509, -1.00002168582, 0.533205106296, 0.00568154295532
0.2, -29.9740144959, -0.999973687088, 0.562239563433, 0.00115717306812
0.21, -29.9682679962, -1.00000525831, 0.591513266743, -0.00726197182705
0.22, -29.9622277383, -1.00007220726, 0.620987525604, -0.00554709741529
0.23, -29.9558910336, -1.00007048031, 0.651005934227, 0.00357081305138
0.24, -29.9492488198, -1.00000977855, 0.681822863364, 0.00486831041158
0.25, -29.942297208, -0.999999812023, 0.712906775672, -0.00406082707568
0.26, -29.935034541, -1.00006756868, 0.744007911624, -0.00843279158193
0.27, -29.9274593304, -1.00011017335, 0.775608315537, -0.000841652684014
0.28, -29.9195630662, -1.00006557965, 0.807975522639, 0.00611368274497
0.29, -29.9113425764, -1.00001762633, 0.840643140511, 0.000696284549488
0.3, -29.9027911789, -1.00005783252, 0.873931958713, -0.008278779706
0.31, -29.8939069996, -1.0001316917, 0.907201743704, -0.00582433315878
0.32, -29.8846905662, -1.00012753219, 0.940460764724, 0.00409613763899
0.33, -29.8751317424, -1.00006314429, 0.975465008255, 0.00491059438558
0.34, -29.8652237166, -1.00005839107, 1.01039827082, -0.00497700435557
0.35, -29.854966768, -1.0001356034, 1.04526162741, -0.00919397099964
0.36, -29.8443616149, -1.0001802912, 1.08015651142, -0.00059560921907
0.37, -29.8334050371, -1.00013091476, 1.11536551321, 0.00655993153767
0.38, -29.8220968163, -1.00008330441, 1.15066359013, 0.000185324698446
0.39, -29.8104331646, -1.00013258919, 1.18643240202, -0.00932931440059
0.4, -29.798410531, -1.00019888031, 1.22227851713, -0.00636663288331
0.41, -29.7860308884, -1.000209006, 1.25783968003, 0.00230194924009
0.42, -29.773296021, -1.00015668211, 1.29349184948, 0.00451192529052
0.43, -29.7602035388, -1.00014512011, 1.32928532467, -0.00366156932221
0.44, -29.7467518951, -1.00021163603, 1.36518369657, -0.0087378299562
0.45, -29.7329431397, -1.00026355603, 1.40073871989, -0.00217247089886
0.46, -29.7187803615, -1.00023150159, 1.43617954979, 0.00516303545595
0.47, -29.704259307, -1.00018636976, 1.47216130117, 0.000911590901613
0.48, -29.6893806976, -1.00022310818, 1.50782125795, -0.00808617787455
0.49, -29.6741446997, -1.00030133366, 1.54363782553, -0.00682137597834
0.5, -29.6585510772, -1.00031064916, 1.57921862059, 0.00270959604722
0.51, -29.6426040408, -1.00025488224, 1.61434148618, 0.00460437328419
0.52, -29.6263074913, -1.00024781165, 1.64926059911, -0.00451893114098
0.53, -29.6096621067, -1.00032401367, 1.68409201142, -0.00958377667101
0.54, -29.5926689838, -1.00037921051, 1.71859736211, -0.00203877973563
0.55, -29.5753334872, -1.00034288087, 1.75273776948, 0.00562301048034
0.56, -29.5576579995, -1.0002974873, 1.78665868892, 0.000481099433253
0.57, -29.5396433738, -1.00034284779, 1.82046118967, -0.00912635728863
0.58, -29.5212930326, -1.00042854725, 1.85382039647, -0.00716218909852
0.59, -29.5026105259, -1.00043582774, 1.88702672995, 0.00323847035696
0.6, -29.4835962974, -1.0003759241, 1.92003689293, 0.00471540897946
0.61, -29.4642540986, -1.0003737079, 1.95263451442, -0.00543659545601
0.62, -29.4445878337, -1.00044636435, 1.98487529172, -0.00919424476553
0.63, -29.4246006086, -1.00051085943, 2.01704528655, -0.00371636396046
0.64, -29.4042893661, -1.0004904559, 2.04943275153, 0.00453817655785
0.65, -29.383656366, -1.00044422095, 2.08141329703, 0.00147234181966
0.66, -29.3627050788, -1.00047660953, 2.11321665426, -0.0080359245095
0.67, -29.3414357689, -1.00056235249, 2.14490682244, -0.00816179163414
0.68, -29.3198515757, -1.00058647006, 2.17620407401, 0.00143147980934
0.69, -29.2979557378, -1.00053588819, 2.20734307832, 0.00475269129406
0.7, -29.2757490569, -1.00052339948, 2.23825446264, -0.00395213068817
0.71, -29.2532354392, -1.00060036504, 2.26875480673, -0.010324807426
0.72, -29.2304190182, -1.00066914788, 2.29890748933, -0.00363967399796
0.73, -29.2073003753, -1.0006444251, 2.3292940683, 0.00506102907517
0.74, -29.183877039, -1.00059685274, 2.35964857968, 0.00115904084173
0.75, -29.1601522578, -1.00063729125, 2.38967521917, -0.00908424423546
0.76, -29.136127329, -1.00073121368, 2.41968195686, -0.00860276852061
0.77, -29.1118035075, -1.00075392277, 2.44936996914, 0.00195373656872
0.78, -29.0871852529, -1.00069840364, 2.47857896426, 0.00499937533507
0.79, -29.0622772315, -1.00068945705, 2.50733906979, -0.00477697612632
0.8, -29.0370837342, -1.00076292504, 2.53581877422, -0.0100093797404
0.81, -29.0116051881, -1.00084191652, 2.56420531316, -0.00539386307708
0.82, -28.9858449767, -1.00083308019, 2.59223369472, 0.0040552764741
0.83, -28.9598057726, -1.00078329205, 2.61999273415, 0.00230195757541
0.84, -28.9334901077, -1.00080990264, 2.64752870658, -0.00798177870189
0.85, -28.9069005021, -1.00090454605, 2.67473434661, -0.0097091682927
0.86, -28.880041301, -1.00094476936, 2.70146687303, 0.00014150245332
0.87, -28.8529171896, -1.0008976721, 2.72777548838, 0.00519041290659
0.88, -28.8255312237, -1.00087694238, 2.75379004785, -0.00317953482073
0.89, -28.7978874775, -1.00094398638, 2.77940225191, -0.00886840533708
0.9, -28.7699888737, -1.00102850473, 2.80471391309, -0.00688103639202
0.91, -28.7418392476, -1.00103659973, 2.8296687602, 0.00266152411607
0.92, -28.7134414747, -1.00098939691, 2.85428999621, 0.00303755689079
0.93, -28.6847997466, -1.0010027423, 2.87852267661, -0.00661799222647
0.94, -28.6559170763, -1.00109337087, 2.90244139022, -0.0103053359815
0.95, -28.6267975397, -1.00114881967, 2.92589439723, -0.00174800294649
0.96, -28.5974460961, -1.00111399064, 2.94885335874, 0.00486043234854
0.97, -28.5678672143, -1.001084864, 2.97138129372, -0.00165577213587
0.98, -28.5380653702, -1.0011500783, 2.99345872841, -0.0106432098223
0.99, -28.5080453086, -1.00124168631, 3.01502065205, -0.00705581500359
1.0, -28.4778123661, -1.00124638313, 3.03606428796, 0.00327208511536
1.01, -28.4473710834, -1.00119510244, 3.05667713765, 0.00308793594925
1.02, -28.4167263866, -1.00121380901, 3.07676789099, -0.00754043057719
1.03, -28.3858834161, -1.0013001246, 3.09635117567, -0.00975940726107
1.04, -28.3548471738, -1.00136284867, 3.11543563901, -0.00322778680699
1.05, -28.3236224986, -1.00134285451, 3.13405576707, 0.00380342824891
1.06, -28.2922139234, -1.00131324603, 3.15221553626, -0.000714481934878
1.07, -28.2606261925, -1.00136533512, 3.16991089483, -0.00945741389562
1.08, -28.2288637747, -1.00145518166, 3.18716075468, -0.0078294084483
1.09, -28.1969311802, -1.00147484003, 3.20395447305, 0.00159274020893
1.1, -28.1648329198, -1.00143257629, 3.22030885032, 0.00309652221634
1.11, -28.132573243, -1.00144122028, 3.23625028412, -0.0060307738478
1.12, -28.1001563393, -1.00153045227, 3.25176528796, -0.0106739022007
1.13, -28.0675864735, -1.00159527322, 3.26685436596, -0.00295831492956
1.14, -28.0348677992, -1.00156993061, 3.2815376349, 0.00435210263702
1.15, -28.0020042957, -1.0015392153, 3.2958288541, -0.0010532717966
1.16, -27.9689998981, -1.00159882359, 3.30973164508, -0.0103658499725
1.17, -27.9358584523, -1.00169462915, 3.32324933059, -0.00800955691676
1.18, -27.9025839221, -1.00171080182, 3.33635870102, 0.00224861854637
1.19, -27.8691801458, -1.00166333858, 3.34910490381, 0.00330521358615
1.2, -27.8356512969, -1.0016757455, 3.36138225813, -0.00681976442053
1.21, -27.802001707, -1.0017601371, 3.37326489208, -0.0101334565239
1.22, -27.768235256, -1.00183242829, 3.38476529271, -0.0044452664801
1.23, -27.7343557585, -1.00182136268, 3.39586972195, 0.0034063197401
1.24, -27.7003672535, -1.00178868603, 3.40657956959, 3.88422577294e-05
1.25, -27.6662736502, -1.00183419964, 3.4169184033, -0.00914170512564
1.26, -27.6320784305, -1.00192841068, 3.42691479579, -0.00882478359559
1.27, -27.5977849492, -1.0019596011, 3.43657467122, 0.000612585895635
1.28, -27.5633965138, -1.00192003529, 3.4459011873, 0.00346580697363
1.29, -27.5289166105, -1.00192098215, 3.45489215234, -0.00520844676787
1.3, -27.4943483845, -1.00200792185, 3.46357651234, -0.0110682673787
1.31, -27.4596947952, -1.00208276319, 3.47197353971, -0.00421110404978
1.32, -27.4249589838, -1.00206599268, 3.48002847418, 0.00405565294587
1.33, -27.3901439747, -1.00203071928, 3.48781191116, -0.000140781305855
1.34, -27.3552528991, -1.00208271608, 3.49523928546, -0.0100109094818
1.35, -27.3202892587, -1.00218316806, 3.50235936368, -0.00906692138715
1.36, -27.2852557098, -1.00221115277, 3.50922425022, 0.00129291438763
1.37, -27.250154736, -1.00217935415, 3.51583883327, 0.00303502523031
1.38, -27.2149891064, -1.00217310286, 3.52216385981, -0.0038329064373
1.39, -27.1797615798, -1.00224816526, 3.52824123574, -0.0104355498248
1.4, -27.1444744439, -1.00232802278, 3.53409187807, -0.00554514818748
1.41, -27.1091299315, -1.00232644957, 3.5397080455, 0.00283229502459
1.42, -27.0737304767, -1.0022924359, 3.54509825806, 0.000689894849584
1.43, -27.0382781684, -1.00233048564, 3.55028689951, -0.00858502123359
1.44, -27.0027750082, -1.00242595675, 3.55526770733, -0.00952836281415
1.45, -26.967223215, -1.00246739863, 3.56003034172, -0.000399772453915
1.46, -26.9316247168, -1.00243207296, 3.56460969731, 0.00364510450079
1.47, -26.895981311, -1.00242591802, 3.56901950189, -0.00429474224558
1.48, -26.8602947656, -1.00250791806, 3.57323468815, -0.0111115656685
1.49, -26.8245671571, -1.00259000933, 3.57724874643, -0.0053157708544
1.5, -26.7888002177, -1.00258231663, 3.58110130748, 0.00357601378936
1.51, -26.752995503, -1.00254421822, 3.58481721536, 0.000681356436129
1.52, -26.7171547517, -1.00258743122, 3.58831319693, -0.00937840547227
1.53, -26.681279774, -1.00268915066, 3.59166406769, -0.00982062448636
1.54, -26.6453719925, -1.00272780019, 3.59488078373, 0.000273960444022
1.55, -26.6094328015, -1.00269750718, 3.59793258993, 0.00247659110847
1.56, -26.5734640025, -1.00268867437, 3.60081699411, -0.0031723207706
1.57, -26.5374670187, -1.00275741262, 3.60357704642, -0.0100401938784
1.58, -26.5014431031, -1.00283915812, 3.60620197818, -0.00618812178386
1.59, -26.4653937952, -1.00284570434, 3.608666583, 0.00211537657467
1.6, -26.4293204362, -1.00281349187, 3.61101123001, 0.00101007188991
1.61, -26.3932242203, -1.00284480558, 3.61323738234, -0.00783268021283
1.62, -26.3571065946, -1.00293705989, 3.6153079849, -0.00968586905717
1.63, -26.3209688255, -1.0029851306, 3.617265351, -0.00129793177464
1.64, -26.2848119717, -1.00295612929, 3.61912528992, 0.00342593165764
1.65, -26.2486369933, -1.00294611782, 3.62090428724, -0.003524076297
1.66, -26.2124453211, -1.00302110163, 3.62248174917, -0.01069652627
1.67, -26.1762380789, -1.00310544595, 3.62400139054, -0.00602536245105
1.68, -26.1400160657, -1.00310632166, 3.62544551697, 0.00285286635472
1.69, -26.1037803816, -1.00306944265, 3.62673312074, 0.00110186733944
1.7, -26.0675322187, -1.00310492195, 3.62794089878, -0.00855247952749
1.71, -26.0312724193, -1.00320334393, 3.6290661865, -0.0100228433623
1.72, -25.995001814, -1.00324927837, 3.63009231442, -0.000682067842097
1.73, -25.95872156, -1.00321331576, 3.6310055722, 0.00397224433183
1.74, -25.9224325197, -1.00320320031, 3.6318530942, -0.00397472369639
1.75, -25.8861354258, -1.00328532491, 3.63261348019, -0.0114144365273
1.76, -25.8498313299, -1.00337227786, 3.63326758605, -0.00581675886335
1.77, -25.8135210221, -1.00336684064, 3.63385281954, 0.00364624021408
1.78, -25.7772052056, -1.00332524504, 3.63435952323, 0.00115107958358
1.79, -25.7408848663, -1.0033656442, 3.63477487276, -0.00935371346019
1.8, -25.7045607155, -1.00345626079, 3.63512593788, -0.00992569192779
1.81, -25.668233375, -1.00351147812, 3.63541163898, -0.00214511449729
1.82, -25.6319034588, -1.0034868106, 3.63562976581, 0.00349133959595
1.83, -25.595571869, -1.00347047424, 3.63575942355, -0.00259760036223
1.84, -25.5592392446, -1.00353859287, 3.63584203456, -0.0104226316099
1.85, -25.5229061113, -1.00362684676, 3.63585396493, -0.00685691400555
1.86, -25.486573317, -1.00363589125, 3.63578404625, 0.00230698208461
1.87, -25.4502414376, -1.00359768784, 3.63566995079, 0.00177427583338
1.88, -25.4139109348, -1.00362432508, 3.63551267071, -0.00776050967966
1.89, -25.377582322, -1.00372107043, 3.63528495844, -0.010438062918
1.9, -25.3412564138, -1.00377544101, 3.63498328623, -0.00162601459836
1.91, -25.3049336774, -1.00374402671, 3.6346496828, 0.00407817932115
1.92, -25.2686145395, -1.003726831, 3.63425326452, -0.00297281510598
1.93, -25.2322997825, -1.00380192049, 3.63379023445, -0.0111820988294
1.94, -25.1959898237, -1.00389368607, 3.63329833011, -0.0067544325798
1.95, -25.1596849703, -1.00389701796, 3.63276497217, 0.00309649324021
1.96, -25.1233856389, -1.00385345338, 3.63218191522, 0.00192448409589
1.97, -25.0870924993, -1.00388421297, 3.63154473799, -0.00852504436737
1.98, -25.0508059371, -1.00397353554, 3.63086892512, -0.010428450915
1.99, -25.0145262585, -1.0040380577, 3.63017348509, -0.00314817355763
2.0, -24.9782542209, -1.00401779163, 3.629351683, 0.0036707858353
2.01, -24.9419902551, -1.00399337136, 3.62853944104, -0.00150239298647
2.02, -24.9057346064, -1.00405416722, 3.62767343783, -0.0102247018284
2.03, -24.8694882145, -1.00414807923, 3.626713959, -0.00789457398475
2.04, -24.8332515061, -1.00416638365, 3.6257336933, 0.00176816868977
2.05, -24.7970246872, -1.00412541027, 3.62473428419, 0.00266334712415
2.06, -24.7608079911, -1.00414152681, 3.62370286455, -0.00689348982634
2.07, -24.7246019653, -1.00423738093, 3.62261539055, -0.0110358632212
2.08, -24.6884069129, -1.00430200453, 3.62150699959, -0.00269240054809
2.09, -24.6522230462, -1.00427479703, 3.6203646583, 0.0043432068389
2.1, -24.6160508814, -1.0042483841, 3.61917993693, -0.00177439884964
2.11, -24.5798906733, -1.00431586794, 3.61797627261, -0.0110273197496
2.12, -24.5437425961, -1.00440010795, 3.61675599183, -0.00815952495911
2.13, -24.5076068515, -1.00442955077, 3.61549583159, 0.000301012368202
2.14, -24.4714839513, -1.00439776685, 3.61419722553, 0.00251010627332
2.15, -24.4353741048, -1.00440507731, 3.61288635321, -0.00539650351373
2.16, -24.3992774625, -1.00448814315, 3.61155072147, -0.010332548445
2.17, -24.3631944654, -1.00455703365, 3.6101692694, -0.00394168169587
2.18, -24.3271253147, -1.00454396444, 3.60877777754, 0.00323729906922
2.19, -24.2910701441, -1.00451767966, 3.60736283656, -0.000845277247632
2.2, -24.2550293989, -1.00457052123, 3.60590804277, -0.00955662162668
2.21, -24.219003264, -1.00466358159, 3.60444260757, -0.00832939493786
2.22, -24.1829918171, -1.00468958586, 3.6029678084, 0.000956644936248
2.23, -24.1469951287, -1.00465191868, 3.60148386611, 0.00285017629331
2.24, -24.1110135769, -1.00466110456, 3.5999500438, -0.00597972330861
2.25, -24.0750474051, -1.00475101683, 3.59840991638, -0.0108929446444
2.26, -24.0390967178, -1.00482042979, 3.59684215876, -0.00354620200154
2.27, -24.0031619198, -1.00480062085, 3.59524044262, 0.00393771820313
2.28, -23.9672431391, -1.00477152731, 3.59363813636, -0.00100938489751
2.29, -23.9313404149, -1.00483025193, 3.59203285769, -0.0103225882188
2.3, -23.8954538202, -1.00492809497, 3.59040419634, -0.00841226223295
2.31, -23.8595837381, -1.00494962407, 3.58873898082, 0.00171822258033
2.32, -23.8237302972, -1.00490544894, 3.58707264075, 0.00320537073204
2.33, -23.7878935537, -1.00491685957, 3.58539181338, -0.00662287254586
2.34, -23.7520738691, -1.00501400567, 3.58367710161, -0.0114573063219
2.35, -23.7162713483, -1.00508343627, 3.58195735189, -0.00306505337057
2.36, -23.6804860004, -1.00506407937, 3.58023461312, 0.00137906393374
2.37, -23.6447181377, -1.00503574837, 3.57846715342, -5.45663457495e-05
2.38, -23.6089679558, -1.0050807829, 3.57669838135, -0.00903538632831
2.39, -23.5732354605, -1.00517523848, 3.57493289016, -0.00899157100814
2.4, -23.5375206581, -1.00520987914, 3.57314696022, 0.000189249276825
2.41, -23.5018238924, -1.00517378318, 3.57133465953, 0.0032629909591
2.42, -23.4661452508, -1.00517464761, 3.56952241651, -0.00504709776487
2.43, -23.4304847554, -1.0052600249, 3.56769957643, -0.0109851351945
2.44, -23.3948427205, -1.00533620545, 3.56584175857, -0.00450526310185
2.45, -23.3592192156, -1.00532306188, 3.56398953095, 0.00373379673413
2.46, -23.3236142708, -1.00528903864, 3.56211696249, -7.03467743035e-05
2.47, -23.2880282275, -1.0053389871, 3.56022533192, -0.0097639634286
2.48, -23.2524610967, -1.00543854746, 3.55833098704, -0.00914565822897
2.49, -23.2169131397, -1.00546922774, 3.55639637417, 0.000941092766564
2.5, -23.1813844997, -1.00542600575, 3.55445294286, 0.00372847055929
2.51, -23.1458754761, -1.00542800658, 3.55248658263, -0.00561132108958
2.52, -23.1103861077, -1.00551032334, 3.55052506877, -0.00933606714239
2.53, -23.0749163073, -1.00558759184, 3.54857804943, -0.00553937908653
2.54, -23.0394659904, -1.00558782972, 3.54661983223, 0.0025741629199
2.55, -23.0040351713, -1.00555544768, 3.54467631403, 0.000681286968083
2.56, -22.9686237976, -1.00559150463, 3.54272344723, -0.00825046512613
2.57, -22.9332321641, -1.00568401807, 3.54074251413, -0.00933855252678
2.58, -22.8978603285, -1.00572589899, 3.53875211971, -0.000609895589525
2.59, -22.8625085664, -1.00569315183, 3.53673541835, 0.00344680128437
2.6, -22.8271769189, -1.00568681847, 3.53472328701, -0.00407868493372
2.61, -22.791865607, -1.00576550664, 3.53268484022, -0.0107655151823
2.62, -22.7565746767, -1.00584600384, 3.53064244042, -0.00534437858333
2.63, -22.7213041024, -1.0058404387, 3.52860859007, 0.00329432580237
2.64, -22.6860538356, -1.00580392214, 3.52656925905, 0.000700068389769
2.65, -22.6508241442, -1.00584468594, 3.52450825064, -0.00899384077086
2.66, -22.6156150412, -1.00594309324, 3.52245364106, -0.00961384808706
2.67, -22.5804265112, -1.00598218414, 3.52037903761, 5.48505742444e-05
2.68, -22.5452588339, -1.00594243654, 3.5182923764, 0.00395897295289
2.69, -22.5101119435, -1.00593649994, 3.51622493278, -0.00457472912878
2.7, -22.4749857971, -1.0060223366, 3.51413381506, -0.0114421103625
2.71, -22.4398807088, -1.00610468616, 3.51202549623, -0.00505053493036
2.72, -22.4047966228, -1.00609228338, 3.50992929845, 0.00409984047639
2.73, -22.3697334308, -1.00606493934, 3.5078447558, 0.00126963715814
2.74, -22.3346910679, -1.00609298307, 3.50575617289, -0.0075320904003
2.75, -22.2996697834, -1.00618415021, 3.50364356316, -0.00974898485376
2.76, -22.2646698471, -1.00623410181, 3.50148861802, -0.00150496870506
2.77, -22.229691339, -1.00620557388, 3.49935323323, 0.00356014225132
2.78, -22.1947341448, -1.00619239985, 3.49722412545, -0.00311949888786
2.79, -22.1597981895, -1.00626436065, 3.49510862138, -0.0105421534697
2.8, -22.1248833874, -1.0063493528, 3.4929840013, -0.00622206642673
2.81, -22.0899900341, -1.00635189136, 3.49081583814, 0.00280013372823
2.82, -22.0551184732, -1.00631320601, 3.48863560189, 0.00146201001757
2.83, -22.0202686511, -1.00634460818, 3.48647088497, -0.00819312544861
2.84, -21.9854404666, -1.00644166738, 3.48430943038, -0.0100804079447
2.85, -21.9506338149, -1.00648941868, 3.48216254862, -0.000873249164268
2.86, -21.9158485842, -1.0064535253, 3.48001138717, 0.00416508470226
2.87, -21.8810850439, -1.00643959458, 3.47782672208, -0.00351007332228
2.88, -21.8463435444, -1.00651832805, 3.47561736346, -0.0112456506544
2.89, -21.811624067, -1.00660594069, 3.47342293981, -0.0060195302921
2.9, -21.7769264746, -1.00660206283, 3.47123530255, 0.00362212445771
2.91, -21.7422507214, -1.00657256014, 3.46904161637, 0.00149091100745
2.92, -21.7075970201, -1.00659409264, 3.46684060309, -0.00672186726687
2.93, -21.6729652918, -1.00668035072, 3.46464938905, -0.00967317884066
2.94, -21.6383554124, -1.00673478937, 3.46246331869, -0.00225167446687
2.95, -21.603767551, -1.00671229573, 3.46025286564, 0.00327621436746
2.96, -21.5692017227, -1.00669611354, 3.45805374149, -0.0024043986806
2.97, -21.5346578652, -1.00676039989, 3.45585121583, -0.00995895905568
2.98, -21.5001362041, -1.00684534831, 3.45362708619, -0.00670226067044
2.99, -21.4656367019, -1.00685517765, 3.45141541101, 0.00209657748408
3.0, -21.431159227, -1.00681848015, 3.44921927695, 0.0017655704583
3.01, -21.3967037141, -1.00684259421, 3.4470048574, -0.00731858021348
3.02, -21.3622707386, -1.00693463269, 3.44473817064, -0.0100419206407
3.03, -21.3278603553, -1.00698758738, 3.44248374111, -0.001697318338
3.04, -21.2934724004, -1.00695804344, 3.44024888414, 0.00389994854892
3.05, -21.2591070055, -1.00694042075, 3.43797530827, -0.00270511244833
3.06, -21.2247642597, -1.0070109031, 3.43571968839, -0.010649674151
3.07, -21.1904440173, -1.00709895518, 3.43347534249, -0.00658476230334
3.08, -21.1561461323, -1.00710309972, 3.4312440978, 0.00287858366174
3.09, -21.1218704982, -1.00706093249, 3.42901267188, 0.00194763740828
3.1, -21.0876173282, -1.00708863551, 3.42676552655, -0.00802117257297
3.11, -21.0533866152, -1.00718712211, 3.42451360782, -0.0104314433147
3.12, -21.0191785695, -1.00723827132, 3.42224161141, -0.001082087267
3.13, -20.9849931514, -1.00720122813, 3.41998300105, 0.00453550845626
3.14, -20.9508302625, -1.00718260799, 3.41772583268, -0.00308835558508
3.15, -20.9166901094, -1.00725541861, 3.41545186133, -0.0067136471445
3.16, -20.8825726364, -1.007338572, 3.41319096924, -0.00730301338687
3.17, -20.8484776789, -1.00735564444, 3.41094421768, 0.00152068292652
3.18, -20.8144051466, -1.00731873506, 3.40869214592, 0.00231110404369
3.19, -20.7803552552, -1.00733423129, 3.40643017834, -0.00643672705428
3.2, -20.7463279526, -1.00742255557, 3.40417612853, -0.0102043752881
3.21, -20.7123231035, -1.00748212167, 3.40193251924, -0.00256197780939
3.22, -20.6783408655, -1.00745776368, 3.39965829416, 0.00385275354199
3.23, -20.6443812568, -1.0074343794, 3.39740532119, -0.00176367459124
3.24, -20.6104441257, -1.00749690352, 3.39516580633, -0.0102131624285
3.25, -20.5765293771, -1.00758746174, 3.39291949605, -0.00733116976157
3.26, -20.5426372159, -1.00759991915, 3.39065674523, 0.00224623852154
3.27, -20.5087675874, -1.0075573703, 3.38840971464, 0.00255700491969
3.28, -20.474920403, -1.0075758498, 3.38615908331, -0.00710822003859
3.29, -20.4410958709, -1.00767101491, 3.38389533841, -0.0106870238138
3.3, -20.407293889, -1.00772986258, 3.38165305476, -0.00203963738881
3.31, -20.3735142912, -1.00769823467, 3.37940835002, 0.00452842730011
3.32, -20.3397570477, -1.00767301708, 3.37717096454, -0.00205525525972
3.33, -20.3060223549, -1.00774218832, 3.37491336937, -0.0109865981689
3.34, -20.2723101789, -1.00783668927, 3.3726683172, -0.00727663765381
3.35, -20.2386203965, -1.00784351152, 3.37042059856, 0.00307075532717
3.36, -20.2049532111, -1.00780922827, 3.36815786736, 0.00272179269457
3.37, -20.1713085754, -1.00781686512, 3.36591208043, -0.00560508913022
3.38, -20.1376863331, -1.00790192801, 3.36368094659, -0.010415949135
3.39, -20.1040866254, -1.00796875673, 3.36140923108, -0.00350257567566
3.4, -20.0705095406, -1.00795029904, 3.35914892236, 0.0037456531714
3.41, -20.0369549497, -1.00792147286, 3.35691005285, -0.00083194241839
3.42, -20.0034227172, -1.00797600206, 3.35467056684, -0.00977090334621
3.43, -19.9699130168, -1.00806917787, 3.35242710848, -0.00810572890983
3.44, -19.936425484, -1.00809037141, 3.35021125113, 0.00156687094318
3.45, -19.9029602624, -1.00804776326, 3.34796486212, 0.00315173898854
3.46, -19.8695176532, -1.0080569347, 3.345701099, -0.00617289673309
3.47, -19.836097629, -1.00814858454, 3.34345048231, -0.0109337857546
3.48, -19.8027000479, -1.00821526891, 3.34121122876, -0.00302788030523
3.49, -19.769324819, -1.00818939792, 3.33896457287, 0.0044928000638
3.5, -19.7359721661, -1.00815765166, 3.33670762888, -0.00101028273913
3.51, -19.7026420176, -1.00821825354, 3.33446707331, -0.0105469993338
3.52, -19.6693342713, -1.00830186259, 3.33221840229, -0.00839839429622
3.53, -19.6360491387, -1.00833431192, 3.32995329774, 0.00011319463484
3.54, -19.6027865586, -1.0083003842, 3.32770428559, 0.00307225430808
3.55, -19.569546367, -1.00830008212, 3.32547684746, -0.0046307480296
3.56, -19.5363287029, -1.00837892602, 3.32320509619, -0.0102622112271
3.57, -19.5031336643, -1.00845029153, 3.32094850073, -0.00431036798143
3.58, -19.4699610964, -1.00843849086, 3.31870720842, 0.00342925632472
3.59, -19.4368108828, -1.00840621971, 3.31646624404, -1.35556702752e-05
3.6, -19.4036832341, -1.00845184109, 3.31420882608, -0.00907960423717
3.61, -19.3705781077, -1.0085446498, 3.31196326509, -0.00862367037491
3.62, -19.3374954132, -1.00857400274, 3.30970832809, 0.000764880585129
3.63, -19.3044353666, -1.00853379727, 3.30744279582, 0.003478966912
3.64, -19.2713979127, -1.00853474727, 3.30518992934, -0.0051725460822
3.65, -19.238382895, -1.00862049854, 3.30295982883, -0.0108656489392
3.66, -19.2053903816, -1.00869293587, 3.3007024453, -0.00396082899317
3.67, -19.1724203811, -1.00867440663, 3.2984424925, 0.00416860028504
3.68, -19.1394728676, -1.00863867248, 3.29620108544, -0.000108649837873
3.69, -19.1065477681, -1.00868985291, 3.29394282125, -0.0098527234839
3.7, -19.0736456397, -1.00878790086, 3.29163247783, -0.00876920557192
3.71, -19.0407665231, -1.00881316367, 3.28933617104, 0.00152258428324
3.72, -19.0079102492, -1.00877990353, 3.28705915308, 0.0031185849567
3.73, -18.975076966, -1.0087730678, 3.28474310934, -0.00374521425431
3.74, -18.9422667055, -1.00884633, 3.28246590697, -0.0101626705421
3.75, -18.909479165, -1.00892293018, 3.2801868699, -0.0052040053875
3.76, -18.8767143806, -1.00891873813, 3.27790299849, 0.00301850621519
3.77, -18.8439725549, -1.00888370061, 3.27560525069, 0.000764351945223
3.78, -18.811253641, -1.00892050887, 3.27332229573, -0.00838032715014
3.79, -18.7785575661, -1.00901294154, 3.27102805091, -0.00915608919951
3.8, -18.7458845283, -1.00905085742, 3.2687255094, -9.35531684268e-05
3.81, -18.7132344133, -1.00901356995, 3.26643983236, 0.00376799865519
3.82, -18.6806070994, -1.00900638943, 3.26415591519, -0.00415856152654
3.83, -18.6480027865, -1.00908600019, 3.26185474003, -0.010774999316
3.84, -18.6154214187, -1.00916419322, 3.25956627058, -0.00491592748601
3.85, -18.5828628398, -1.0091533901, 3.25729261913, 0.00380179561975
3.86, -18.5503269518, -1.00911390306, 3.25501540388, 0.000791418447877
3.87, -18.5178139834, -1.00915542667, 3.25272319576, -0.00912214776539
3.88, -18.4853238638, -1.00925351991, 3.25044223799, -0.00938912118582
3.89, -18.4528567109, -1.00928811619, 3.24813607699, 0.000623034146397
3.9, -18.4204127964, -1.00924354075, 3.2457932699, 0.00428591185664
3.91, -18.3879921916, -1.00923691349, 3.24347235758, -0.00467932456444
3.92, -18.355594743, -1.00931352201, 3.24116516556, -0.00917326672728
3.93, -18.3232203255, -1.00939347916, 3.23885611099, -0.00601501174463
3.94, -18.2908691225, -1.00939626057, 3.23653025642, 0.00266551139205
3.95, -18.2585410753, -1.00935781398, 3.23422209558, 0.00161526394402
3.96, -18.2262360886, -1.00938504751, 3.23190902361, -0.00760920974687
3.97, -18.1939543452, -1.00947657805, 3.22959076298, -0.00965570285239
3.98, -18.1616957233, -1.00952292246, 3.22728080535, -0.000949105373262
3.99, -18.1294601132, -1.0094884811, 3.22498307383, 0.00407461132565
4.0, -18.0972474285, -1.00947282977, 3.22268520415, -0.00310072010578
4.01, -18.065057849, -1.00954590663, 3.22037839728, -0.0106562410694
4.02, -18.0328912486, -1.00962979297, 3.21809483757, -0.00588170157899
4.03, -18.0007474607, -1.00962688015, 3.21579753402, 0.00342178264157
4.04, -17.9686267654, -1.00958359471, 3.21348406881, 0.00171193392968
4.05, -17.9365291291, -1.0096151555, 3.21118754769, -0.008359941783
4.06, -17.9044543582, -1.00971313193, 3.20891961715, -0.0100096109148
4.07, -17.8724025037, -1.00975723363, 3.20660214019, -0.000301557813074
4.08, -17.8403736808, -1.00972731587, 3.20430512598, 0.00301256136185
4.09, -17.8083677432, -1.0097078074, 3.20202490307, -0.001878117346
4.1, -17.7763846125, -1.00976724962, 3.19973490166, -0.00960458846204
4.11, -17.7444245128, -1.00985131542, 3.19743217832, -0.00680979672542
4.12, -17.7124873553, -1.00986264126, 3.19514259502, 0.00201737335965
4.13, -17.6805730048, -1.00982413437, 3.19285893923, 0.00217226912727
4.14, -17.648681632, -1.00984284381, 3.19056097747, -0.0067711257505
4.15, -17.6168131812, -1.00993159427, 3.18827683483, -0.00993974722059
4.16, -17.5849675325, -1.00998560674, 3.18598871453, -0.00188491213273
4.17, -17.5531449159, -1.00995640679, 3.18366809249, 0.00406967354067
4.18, -17.5213456234, -1.00993443495, 3.181335162, -0.0021165332213
4.19, -17.4895695866, -1.00999969243, 3.17902024999, -0.0102829112206
4.2, -17.4578166123, -1.01008700271, 3.17673068514, -0.00671953768383
4.21, -17.4260867347, -1.01009280492, 3.17440056512, 0.00280201516505
4.22, -17.3943800655, -1.01004851854, 3.1720766179, 0.00240332253829
4.23, -17.3626964885, -1.0100703696, 3.16979390697, -0.00744385167761
4.24, -17.3310360188, -1.0101655944, 3.1674550017, -0.0103569032704
4.25, -17.2993988086, -1.01021815835, 3.16513432324, -0.00129948515292
4.26, -17.2677847141, -1.01018146673, 3.16282684437, 0.00473075884641
4.27, -17.2361936238, -1.01015806956, 3.16052348115, -0.00245465494043
4.28, -17.2046257287, -1.01022544941, 3.15820358569, -0.00635294805256
4.29, -17.1730809623, -1.01030817943, 3.15589927019, -0.00748118471983
4.3, -17.1415591421, -1.0103271818, 3.15360375477, 0.00143943438267
4.31, -17.1100604149, -1.01028789312, 3.15128834499, 0.00281109056032
4.32, -17.0785847656, -1.01029715397, 3.14898683604, -0.00583790635403
4.33, -17.0471321041, -1.01038233282, 3.14668311551, -0.0101659154351
4.34, -17.0157026411, -1.01044372659, 3.1443569928, -0.00281227645515
4.35, -16.9842963371, -1.01041972926, 3.14204634889, 0.00407487556975
4.36, -16.9529130117, -1.01039113351, 3.13976239894, -0.00108592442639
4.37, -16.9215525052, -1.01044805875, 3.13747493671, -0.00986374880267
4.38, -16.8902150339, -1.01053856515, 3.13516825452, -0.00755666454946
4.39, -16.8589005524, -1.01055323962, 3.13287220541, 0.00216095129544
4.4, -16.8276089438, -1.01050803205, 3.13058105654, 0.00310340720755
4.41, -16.7963403841, -1.01051988596, 3.12827624212, -0.00648861223438
4.42, -16.7650948118, -1.01061204644, 3.12598179073, -0.0106878261806
4.43, -16.7338723455, -1.01067316014, 3.12367106137, -0.00232359356202
4.44, -16.7026726841, -1.01064188427, 3.1213927008, 0.00478059398887
4.45, -16.6714959313, -1.01061100068, 3.11910110824, -0.00133313819228
4.46, -16.6403420295, -1.0106744292, 3.11682554504, -0.0106527731879
4.47, -16.6092108737, -1.01075515496, 3.11454278359, -0.00780914384004
4.48, -16.5781026659, -1.01078079507, 3.11224469725, 0.000714855975767
4.49, -16.5470174095, -1.01074455377, 3.10993721292, 0.00297066165653
4.5, -16.5159553352, -1.01074746561, 3.10762163087, -0.00498465444189
4.51, -16.4849164087, -1.01082680936, 3.10529931011, -0.00998300281298
4.52, -16.4539008142, -1.01089212559, 3.10296757662, -0.00356162268855
4.53, -16.4229084298, -1.01087482887, 3.10065341097, 0.00369239834092
4.54, -16.3919391523, -1.01084392693, 3.09832495528, -0.000393948836981
4.55, -16.3609935324, -1.01089267282, 3.09594792568, -0.00918224525078
4.56, -16.3300716, -1.01098219993, 3.09358852096, -0.00797574787496
4.57, -16.2991731583, -1.01100431509, 3.09124368097, 0.00138293836188
4.58, -16.2682983389, -1.01096205401, 3.08886659817, 0.00332341817997
4.59, -16.2374471508, -1.01096675363, 3.08651902558, -0.00556307181473
4.6, -16.206619396, -1.01105293115, 3.08418155043, -0.0105437075584
4.61, -16.17581497, -1.01111874503, 3.08184158941, -0.00315988076014
4.62, -16.1450340552, -1.01109459452, 3.07948671603, 0.00440663757384
4.63, -16.1142765798, -1.01106076662, 3.07715238812, -0.000550086489115
4.64, -16.0835424292, -1.01111537033, 3.07481393829, -0.0099492914261
4.65, -16.052831798, -1.01120968355, 3.07246250271, -0.00805655004282
4.66, -16.0221445849, -1.0112272457, 3.07012637604, 0.00215636436214
4.67, -15.9914806548, -1.01117834702, 3.06779245106, 0.00368996272568
4.68, -15.9608402253, -1.01118521503, 3.06542973695, -0.00620585794742
4.69, -15.9302235445, -1.01126554473, 3.06306754012, -0.00992759706303
4.7, -15.8996302392, -1.01133792245, 3.06073049757, -0.00454124276997
4.71, -15.8690604432, -1.01132671547, 3.05836384261, 0.00360733429284
4.72, -15.8385144098, -1.01128949457, 3.05598832157, 0.000668220397389
4.73, -15.8079920625, -1.01132901906, 3.05362826742, -0.00865177118048
4.74, -15.7774932368, -1.01142106154, 3.05128034873, -0.00880185956105
4.75, -15.7470180573, -1.01145266685, 3.04890481848, 0.000638080256432
4.76, -15.7165665141, -1.01141033172, 3.04654794338, 0.00398198641597
4.77, -15.6861384369, -1.01140464856, 3.04421270171, -0.00451268889612
4.78, -15.6557336932, -1.01148673527, 3.04187401483, -0.0107973177067
4.79, -15.625352472, -1.01156111499, 3.039519802, -0.00425217490523
4.8, -15.594994685, -1.01154340359, 3.03718239517, 0.00435699546845
4.81, -15.564660228, -1.01150240326, 3.03484084161, 0.000607558625719
4.82, -15.5343492875, -1.01154742359, 3.03249596041, -0.00944826500543
4.83, -15.5040617422, -1.01164521228, 3.03016350865, -0.0090085813432
4.84, -15.4737974675, -1.01167312677, 3.02782768289, 0.00138360732425
4.85, -15.4435566565, -1.01163749025, 3.02547868764, 0.00366840778792
4.86, -15.4133392307, -1.01162360752, 3.02315196364, -0.00306311663261
4.87, -15.3831450317, -1.01169338073, 3.02083496212, -0.0101413155273
4.88, -15.3529739848, -1.01177245861, 3.01850184964, -0.00553897714967
4.89, -15.322826628, -1.01176913498, 3.01611589186, 0.00323540269455
4.9, -15.292702975, -1.01172833865, 3.01376090841, 0.00153174517729
4.91, -15.2626028344, -1.01175878913, 3.01140538576, -0.00798970415665
4.92, -15.2325264105, -1.01185142232, 3.00903055177, -0.00945470390318
4.93, -15.2024736409, -1.01189235511, 3.00667131138, -0.000238515371995
4.94, -15.1724443513, -1.01185234862, 3.00433054419, 0.00437555199779
4.95, -15.1424384037, -1.01183764217, 3.00199330837, -0.00345177910885
4.96, -15.1124559822, -1.01191395229, 2.99964050939, -0.0108036925831
4.97, -15.0824970169, -1.01199517005, 2.9973017194, -0.0052924542477
4.98, -15.0525613041, -1.01198522354, 2.99499561589, 0.00405595178917
4.99, -15.0226490099, -1.01193941117, 2.99260195826, 0.00161411208364
5.0, -14.9927605992, -1.01197439609, 2.99023834442, -0.00875048292435
5.01, -14.9628957295, -1.01205888142, 2.98787752283, -0.00932611494305
5.02, -14.9330545191, -1.01210882339, 2.98550079532, -0.00167864789116
5.03, -14.9032371556, -1.01207990629, 2.98311692482, 0.00391389705628
5.04, -14.8734435088, -1.01205875957, 2.98075771938, -0.00205044836202
5.05, -14.8436734154, -1.01212079102, 2.97839926471, -0.00978433758917
5.06, -14.813927088, -1.01220306287, 2.97600684344, -0.00631206885012
5.07, -14.7842047959, -1.01220743056, 2.97359977414, 0.00273089761185
5.08, -14.7545064797, -1.01216485221, 2.9711996638, 0.00225506183326
5.09, -14.724832283, -1.01218585942, 2.96879090485, -0.00713397566776
5.1, -14.695182107, -1.01227620182, 2.96639741911, -0.00981588683782
5.11, -14.6655557871, -1.01232515153, 2.96401592744, -0.00115133727691
5.12, -14.6359531287, -1.01228941728, 2.96167148194, 0.00450941098321
5.13, -14.6063735026, -1.01226724451, 2.95941788956, -0.00240255755567
5.14, -14.576815821, -1.01233597656, 2.95728517849, -0.0105179297265
5.15, -14.5472787552, -1.01242157975, 2.95532650737, -0.00620015338247
5.16, -14.5177598693, -1.01242020251, 2.95360939605, 0.00352076097611
5.17, -14.4882573462, -1.01237219737, 2.95204833127, 0.00241838133354
5.18, -14.4587695979, -1.01239710572, 2.95067472676, -0.0078736869143
5.19, -14.4292944022, -1.0124941643, 2.94951118433, -0.0102196957412
5.2, -14.3998299495, -1.01254126359, 2.94856281656, -0.000521630316212
5.21, -14.3703734349, -1.01250984709, 2.94788505242, 0.00349344664752
5.22, -14.3409224284, -1.01248331266, 2.9475009369, -0.00114382734002
5.23, -14.3114732758, -1.01253844563, 2.94746390401, -0.00950628384831
5.24, -14.2820235525, -1.01262482521, 2.9476096732, -0.00719136193173
5.25, -14.252570804, -1.01263798351, 2.94815811327, 0.00211879065293
5.26, -14.2231099801, -1.01259441175, 2.94910767025, 0.00292344722828
5.27, -14.1936387724, -1.01260624615, 2.9502231915, -0.00629598621834
5.28, -14.1641554282, -1.01269458506, 2.9515397892, -0.0102266023637
5.29, -14.1346579058, -1.01275226268, 2.95309814645, -0.00215127983165
5.3, -14.1051429738, -1.01272156719, 2.95496150535, 0.00457979629908
5.31, -14.0756085613, -1.01269224731, 2.95699203743, -0.00136771754337
5.32, -14.0460529489, -1.01275348706, 2.95924359581, -0.0102526399444
5.33, -14.0164731383, -1.01284394997, 2.96177728205, -0.00718312643939
5.34, -13.9868672248, -1.01285199878, 2.96445990117, 0.00289786019852
5.35, -13.9572336667, -1.01280240526, 2.96734188652, 0.0031843173
5.36, -13.9275695828, -1.01281739016, 2.97051583687, -0.00700772428596
5.37, -13.897873176, -1.01289981867, 2.9738088969, -0.0095562847687
5.38, -13.868143322, -1.01296348467, 2.97719686461, -0.0034996729887
5.39, -13.8383784431, -1.01294607462, 2.98090022531, 0.00368901711688
5.4, -13.8085744486, -1.01291456031, 2.98490783035, -0.000268676486039
5.41, -13.7787299291, -1.01296135008, 2.98900597868, -0.00896323903741
5.42, -13.7488437913, -1.01304912665, 2.99327604289, -0.00787124008325
5.43, -13.7189136419, -1.01307106946, 2.99775521732, 0.00133957050807
5.44, -13.6889383209, -1.01302909072, 3.00230586677, 0.00333426990848
5.45, -13.6589171112, -1.01303272631, 3.00693229514, -0.0053938612937
5.46, -13.6288492268, -1.01311704829, 3.0116810372, -0.010390416365
5.47, -13.598732618, -1.01318224914, 3.01662511488, -0.00318629023439
5.48, -13.5685662383, -1.01315881749, 3.02163089593, 0.00432634080791
5.49, -13.5383492951, -1.01312498594, 3.02677885093, -0.000474390432417
5.5, -13.5080797611, -1.01317806868, 3.03209875689, -0.00977621349763
5.51, -13.4777567737, -1.01327122686, 3.03747260961, -0.00802550380915
5.52, -13.4473797871, -1.01328943443, 3.0428942401, 0.00202948188702
5.53, -13.4169481759, -1.01324150908, 3.0484347851, 0.00364554887857
5.54, -13.3864599837, -1.01324771868, 3.05416427908, -0.00607139743251
5.55, -13.3559144363, -1.01333972007, 3.05990032694, -0.0110114198335
5.56, -13.3253111173, -1.01340560822, 3.065763956, -0.00277820398867
5.57, -13.294648136, -1.0133833574, 3.07177312351, 0.00168476499765
5.58, -13.2639247954, -1.01335075775, 3.07784290884, 0.000451816422419
5.59, -13.2331406337, -1.01339039507, 3.08396514226, -0.00852096039602
5.6, -13.2022941551, -1.01348071605, 3.09027016322, -0.00868054602386
5.61, -13.1713834711, -1.01351289496, 3.09675084236, 0.000414235339695
5.62, -13.1404088077, -1.01347370966, 3.10312438234, 0.00365546595041
5.63, -13.1093701892, -1.01346968293, 3.1095811357, -0.00452178512508
5.64, -13.0782660272, -1.0135503122, 3.11618701709, -0.0105970856929
5.65, -13.04709575, -1.01362374011, 3.12280510686, -0.00431006610982
5.66, -13.0158589328, -1.01360848742, 3.1295714421, 0.00399214218988
5.67, -12.9845526346, -1.0135706527, 3.13660276398, 0.000394136719223
5.68, -12.9531760629, -1.01361567219, 3.14362981872, -0.00930530780587
5.69, -12.9217293135, -1.01371177652, 3.15067537303, -0.00891191999849
5.7, -12.8902113605, -1.01374076838, 3.15785911277, 0.00109287776569
5.71, -12.8586211304, -1.01369506056, 3.16508529567, 0.00406966503032
5.72, -12.826958885, -1.0136926497, 3.17226861593, -0.00513719048502
5.73, -12.7952249847, -1.01378111346, 3.1794617849, -0.0112944248587
5.74, -12.7634186761, -1.01385622176, 3.18668845906, -0.00398962447904
5.75, -12.7315396413, -1.01383427527, 3.19397681028, 0.00473446110531
5.76, -12.699588653, -1.01380691063, 3.20115012038, 0.000822395495511
5.77, -12.6675657888, -1.01384030396, 3.2083166158, -0.00791044920343
5.78, -12.6354719059, -1.01392928977, 3.21536032714, -0.00902732453064
5.79, -12.6033081647, -1.01396907882, 3.22228933703, -0.000494926177573
5.8, -12.5710756018, -1.01393553802, 3.22914299794, 0.00352925219402
5.81, -12.5387746511, -1.01392736356, 3.23595146212, -0.00380748893123
5.82, -12.5064062227, -1.01400255672, 3.24264448023, -0.0104002367483
5.83, -12.4739713505, -1.01408009546, 3.24926070032, -0.00514285820174
5.84, -12.4414704156, -1.0140734855, 3.25583692267, 0.00333953922741
5.85, -12.4089042423, -1.01403608344, 3.26230971719, 0.00085238050079
5.86, -12.3762737867, -1.01407414188, 3.26871645431, -0.00865368769801
5.87, -12.3435793584, -1.0141691484, 3.27510231723, -0.00932810894664
5.88, -12.3108213234, -1.01420654709, 3.28141323684, 0.000121905702429
5.89, -12.2780006303, -1.01416648792, 3.28764017149, 0.00399812119724
5.9, -12.24511811, -1.01415905622, 3.2938014103, -0.0043314012437
5.91, -12.2121742108, -1.01424169332, 3.29990370601, -0.0111118957004
5.92, -12.1791698105, -1.0143215791, 3.30590406684, -0.00490956340379
5.93, -12.1461058563, -1.01430879741, 3.31182266203, 0.00407920599327
5.94, -12.1129828251, -1.01426756535, 3.31770797905, 0.000799526586223
5.95, -12.0798015451, -1.01431129362, 3.323472601, -0.00949503689791
5.96, -12.0465630946, -1.01439837552, 3.32915298965, -0.00919886891171
5.97, -12.0132683094, -1.01444494366, 3.33475467568, -0.00136206846595
5.98, -11.9799176705, -1.01441688121, 3.34030824935, 0.00341554841006
5.99, -11.9465119746, -1.01440420657, 3.34576934565, -0.0030297892306
6.0, -11.9130519922, -1.01447308006, 3.35119877434, -0.0101047598853
6.01, -11.8795377579, -1.01455398812, 3.35659014258, -0.00593146611139
6.02, -11.8459700836, -1.01455598739, 3.36188700485, 0.00266677289083
6.03, -11.8123498925, -1.01451916786, 3.36710497775, 0.00131632123693
6.04, -11.7786777625, -1.01454980566, 3.37226745259, -0.00792612835863
6.05, -11.744954478, -1.01464291011, 3.37735259496, -0.00967647805811
6.06, -11.7111806363, -1.01468846299, 3.38234561717, -0.00085891932139
6.07, -11.6773578478, -1.0146543513, 3.38713499445, 0.00389652499798
6.08, -11.6434883103, -1.01464187127, 3.3917134435, -0.00348854887383
6.09, -11.6095739171, -1.0147179959, 3.39611478286, -0.0108476900723
6.1, -11.5756164792, -1.01480207555, 3.4003079014, -0.00580177601052
6.11, -11.5416183905, -1.0147985923, 3.40426947467, 0.00338683499072
6.12, -11.5075814594, -1.01475745728, 3.4080808979, 0.0013550951692
6.13, -11.4735072388, -1.01479292994, 3.41173356074, -0.00871537814264
6.14, -11.4393973248, -1.01489271938, 3.41521648407, -0.0100441013261
6.15, -11.4052535519, -1.0149362084, 3.41851915996, -0.000237028434479
6.16, -11.3710774246, -1.01489514668, 3.42169271278, 0.00442820473283
6.17, -11.3368703575, -1.01488295331, 3.42469683501, -0.00399413300076
6.18, -11.3026341409, -1.01495644191, 3.42754164794, -0.00932455390113
6.19, -11.2683701426, -1.01504349138, 3.43025810647, -0.00702971850295
6.2, -11.2340796444, -1.01505443686, 3.43283194678, 0.0022181582406
6.21, -11.1997642564, -1.01501411917, 3.43523910821, 0.0022292182751
6.22, -11.1654256103, -1.0150350606, 3.437500931, -0.0072192521306
6.23, -11.1310649468, -1.01512910054, 3.43964880333, -0.01043251279
6.24, -11.0966834131, -1.01518550911, 3.4416661569, -0.00189648332951
6.25, -11.0622824314, -1.01515477935, 3.44354986306, 0.00425100085346
6.26, -11.0278631176, -1.01513302863, 3.44533561715, -0.00237146478915
6.27, -10.9934265052, -1.0152032197, 3.447006238, -0.0108943565519
6.28, -10.9589739177, -1.01529537696, 3.44854653567, -0.00701542280274
6.29, -10.9245063949, -1.01530128556, 3.44999141776, 0.00296631586207
6.3, -10.8900248463, -1.01525567785, 3.45135246224, 0.00239414803794
6.31, -10.8555301685, -1.01528063483, 3.45261263478, -0.00798830138112
6.32, -10.8210235521, -1.01536882902, 3.45375989226, -0.00972397760141
6.33, -10.7865059051, -1.01543067744, 3.45481772029, -0.0031930372588
6.34, -10.7519781287, -1.01541317624, 3.45577240286, 0.00332617763817
6.35, -10.7174413517, -1.01538986723, 3.45663301154, -0.00133782934696
6.36, -10.6828963572, -1.0154458687, 3.45742137848, -0.0095845553726
6.37, -10.6483438975, -1.01553470456, 3.45811966922, -0.00761681713647
6.38, -10.613785049, -1.0155538831, 3.45869988742, 0.00143750019797
6.39, -10.5792209263, -1.01551611107, 3.4591854734, 0.00249253310182
6.4, -10.5446522638, -1.0155301718, 3.45961136452, -0.00639127093784
6.41, -10.5100797221, -1.01561985024, 3.45995591895, -0.0104726109399
6.42, -10.4755042707, -1.01568228399, 3.46020530728, -0.0027955095482
6.43, -10.4409265886, -1.01565844195, 3.46039944941, 0.00395189818412
6.44, -10.4063471857, -1.01563323184, 3.46055223827, -0.0015873656278
6.45, -10.3717668362, -1.01569554563, 3.46059795244, -0.0103513799791
6.46, -10.3371862869, -1.01578883407, 3.46059247507, -0.00765456300217
6.47, -10.3026060343, -1.01580338341, 3.46053053812, 0.00217846779437
6.48, -10.2680268745, -1.01575974047, 3.46038151546, 0.00276179398771
6.49, -10.2334494286, -1.01577671904, 3.46019004244, -0.00707297738732
6.5, -10.198874163, -1.01587350731, 3.45994958095, -0.0109887873957
6.51, -10.1643015671, -1.01593546359, 3.45964532376, -0.00228372675385
6.52, -10.1297323842, -1.015912304, 3.4592780049, 0.00132529112332
6.53, -10.0951670639, -1.01588866234, 3.4588735844, -0.000703677252568
6.54, -10.0606060584, -1.015937518, 3.4584068107, -0.00904263215777
6.55, -10.0260501007, -1.01602689215, 3.45788027993, -0.00817420949896
6.56, -9.991499547, -1.0160543378, 3.45733459857, 0.000629234079685
6.57, -9.95695473343, -1.0160194219, 3.45672149433, 0.0027337995713
6.58, -9.92241613678, -1.01602647871, 3.45608226197, -0.00552259124222
6.59, -9.88788433528, -1.01611120995, 3.4553790502, -0.0104531354611
6.6, -9.85335972421, -1.01617934305, 3.45464416625, -0.00369187599779
6.61, -9.81884265405, -1.01616263787, 3.45384781677, 0.00361590397663
6.62, -9.78433408966, -1.01613413069, 3.45296845687, -0.000792784434225
6.63, -9.74983443897, -1.01618809689, 3.45207252654, -0.00974081759744
6.64, -9.71534392792, -1.01628192835, 3.45113887705, -0.0082566236329
6.65, -9.68086285341, -1.01630513795, 3.45017549194, 0.00136001498225
6.66, -9.64639176722, -1.0162638036, 3.44914736703, 0.00310660525475
6.67, -9.61193104045, -1.01627263845, 3.44810531055, -0.00610866133301
6.68, -9.57748090466, -1.01636420472, 3.44702295987, -0.0110024967368
6.69, -9.54304190475, -1.0164325679, 3.44589008561, -0.00325472940554
6.7, -9.50861431925, -1.01640872342, 3.44473538386, 0.00434692054259
6.71, -9.47419839769, -1.01637734449, 3.4435462236, -0.000969996465016
6.72, -9.43979469081, -1.01643742136, 3.4422991054, -0.0105283973168
6.73, -9.40540371649, -1.01653605437, 3.44102477985, -0.00832227979163
6.74, -9.37102532657, -1.016554474, 3.43976101106, 0.0021567606286
6.75, -9.33665990793, -1.01652085801, 3.43842690124, 0.00338073658294
6.76, -9.30230811368, -1.01651783436, 3.43704794629, -0.00454383962157
6.77, -9.26797018057, -1.01659958427, 3.43565810066, -0.0108293476851
6.78, -9.23364617633, -1.01667713112, 3.43426222983, -0.00482145499714
6.79, -9.19933643614, -1.01666666975, 3.43280847248, 0.00361809263277
6.8, -9.16504126399, -1.01663062329, 3.4313435088, 0.000368653528203
6.81, -9.13076077154, -1.01667556735, 3.42987628653, -0.009337022742
6.82, -9.09649505095, -1.01677387383, 3.42838197093, -0.00928641223474
6.83, -9.06224454398, -1.01680759376, 3.4268420002, 0.000622980623678
6.84, -9.02800943726, -1.01676502425, 3.42529821821, 0.00392969300199
6.85, -8.99378984142, -1.0167624739, 3.4237305806, -0.00505087757966
6.86, -8.95958615785, -1.01685118026, 3.42213280902, -0.0114575729146
6.87, -8.92539847794, -1.0169298847, 3.4205302251, -0.00445457422014
6.88, -8.89122685756, -1.01691215059, 3.4189067871, 0.00443426183232
6.89, -8.85707171721, -1.01688554814, 3.41723478124, 0.000893346233829
6.9, -8.82293354162, -1.01691808045, 3.41552803371, -0.00788148889746
6.91, -8.7888124654, -1.01700882635, 3.41381696914, -0.0093641409515
6.92, -8.75470846924, -1.01705284708, 3.4121111693, -0.000898182420897
6.93, -8.72062180761, -1.01702156612, 3.41035080845, 0.0034878234644
6.94, -8.68655267986, -1.01701235721, 3.40861252479, -0.00364722128422
6.95, -8.65250110012, -1.01708728683, 3.40682366184, -0.0105283561325
6.96, -8.61846755554, -1.01716806025, 3.40501837412, -0.0055623193364
6.97, -8.5844520563, -1.01716497338, 3.4032102882, 0.00312565540646
6.98, -8.55045462295, -1.0171275214, 3.40139407569, 0.00101609523774
6.99, -8.51647557085, -1.01716390597, 3.39954874942, -0.00855960811052
7.0, -8.48251500066, -1.01726022388, 3.39769108992, -0.0096327692685
7.01, -8.44857321848, -1.01730149039, 3.39579992487, -0.000234382994645
7.02, -8.41465033155, -1.01726300075, 3.39389778101, 0.00404177819581
7.03, -8.38074665025, -1.0172536468, 3.39197166923, -0.00408889105413
7.04, -8.34686222909, -1.01733542338, 3.39004888278, -0.0112004373257
7.05, -8.31299702149, -1.01741825737, 3.38812930969, -0.00530077750467
7.06, -8.27915102991, -1.01740851867, 3.38619006963, 0.00393297571463
7.07, -8.24532456438, -1.01736637985, 3.38423541469, 0.0010553500427
7.08, -8.21151759886, -1.01740764658, 3.38229765335, -0.0093403877729
7.09, -8.17773002258, -1.0174957723, 3.38035730283, -0.00948333246653
7.1, -8.14396210338, -1.01754582697, 3.37836681562, -0.00166033224392
7.11, -8.11021401984, -1.01751851876, 3.37638330921, 0.00355196541057
7.12, -8.07648574551, -1.01750309049, 3.37439544636, -0.00272164123787
7.13, -8.04277755025, -1.01757071507, 3.37238269967, -0.0101728833214
7.14, -8.0090894615, -1.01765435559, 3.37036834292, -0.00629051929115
7.15, -7.97542172103, -1.01765879521, 3.36831809873, 0.00260246851727
7.16, -7.9417744403, -1.01762016199, 3.3662629712, 0.00165794979296
7.17, -7.90814789179, -1.01764774578, 3.36418569668, -0.00773769012144
7.18, -7.87454210622, -1.01774162065, 3.36211201056, -0.00994465494606
7.19, -7.84095702393, -1.01779039193, 3.36003359651, -0.0011133160575
7.2, -7.80739288411, -1.01775633061, 3.35793124321, 0.00411988599859
7.21, -7.77384968933, -1.01774024755, 3.35584493406, -0.00310812590625
7.22, -7.74032736169, -1.01781467705, 3.35375135469, -0.0108935785081
7.23, -7.70682615657, -1.01790133844, 3.3516327925, -0.00614196039302
7.24, -7.67334606595, -1.01789984966, 3.34952391828, 0.0033895168719
7.25, -7.63988697184, -1.01785606594, 3.34743336645, 0.00178168691135
7.26, -7.60644879879, -1.01788784783, 3.3453303252, -0.00848822364454
7.27, -7.57303184603, -1.0179882541, 3.34320347578, -0.0103090353183
7.28, -7.53963609576, -1.01803478552, 3.34108740277, -0.000454949249192
7.29, -7.50626142979, -1.01800504324, 3.33897340167, 0.00308143758732
7.3, -7.47290832651, -1.01798496616, 3.33680041594, -0.00188324989668
7.31, -7.43957669585, -1.01804586027, 3.33465679552, -0.00985790010333
7.32, -7.40626668535, -1.01813281116, 3.33248973085, -0.00707264679198
7.33, -7.37297834567, -1.0181454615, 3.33030682754, 0.00200290958305
7.34, -7.33971192355, -1.01810629639, 3.3281168819, 0.00225157394478
7.35, -7.30646735736, -1.01812526713, 3.32593678576, -0.00691320666198
7.36, -7.27324456504, -1.0182166091, 3.32375555662, -0.010252299651
7.37, -7.24004376278, -1.01827306401, 3.32154849002, -0.00202907099078
7.38, -7.20686490822, -1.01824387955, 3.31936402116, 0.00415565448593
7.39, -7.17370791275, -1.01822126017, 3.31716325293, -0.0021245551941
7.4, -7.14057304672, -1.01828812206, 3.31495425703, -0.0105576653581
7.41, -7.10746022657, -1.01837846846, 3.3127550754, -0.00698763794517
7.42, -7.07436932012, -1.01838549525, 3.31056751073, 0.0028072913028
7.43, -7.04130026614, -1.0183403698, 3.30836178395, 0.00249335432023
7.44, -7.00825360674, -1.01836253656, 3.30612470109, -0.00760376590722
7.45, -6.9752292781, -1.01846056617, 3.30388541825, -0.0106873389643
7.46, -6.94222731081, -1.01851559946, 3.30164562217, -0.00143301429575
7.47, -6.90924790782, -1.01849065655, 3.29937717705, 0.00318589478464
7.48, -6.87629107217, -1.01846300181, 3.29713166046, -0.000795860775931
7.49, -6.84335663728, -1.0185159252, 3.29489975124, -0.00954715694625
7.5, -6.81044454642, -1.01860739707, 3.29265237962, -0.00802454446686
7.51, -6.77755503919, -1.01862917318, 3.29039219646, 0.00141805496278
7.52, -6.74468806366, -1.0185879545, 3.28813297652, 0.00307573919321
7.53, -6.71184384285, -1.01859639744, 3.28584507729, -0.0059836733846
7.54, -6.67902266463, -1.01868573523, 3.28353915908, -0.0107258570883
7.55, -6.64622448817, -1.01875170182, 3.28124246517, -0.00308128273009
7.56, -6.61344919441, -1.01872724259, 3.27894862386, 0.00433465996843
7.57, -6.58069696002, -1.01869597587, 3.27664181924, -0.000935208585711
7.58, -6.54796773479, -1.01875455177, 3.27434920978, -0.0102845778486
7.59, -6.51526137009, -1.0188503691, 3.27207149274, -0.00805362844781
7.6, -6.48257772963, -1.01886714688, 3.26979050909, 0.00222366411652
7.61, -6.44991702894, -1.01883308359, 3.26749150508, 0.00264914552605
7.62, -6.41727923218, -1.01883440285, 3.26521049376, -0.00459705160137
7.63, -6.38466419033, -1.01891101416, 3.26293593309, -0.00994812796356
7.64, -6.35207206827, -1.01898020293, 3.26063647257, -0.0042402412141
7.65, -6.31950282039, -1.01896985215, 3.25835920183, 0.00315046346557
7.66, -6.2869562734, -1.01894005125, 3.25609285199, -0.000149684035818
7.67, -6.2544323191, -1.0189846636, 3.2538365044, -0.00879896365528
7.68, -6.2219311336, -1.01907414651, 3.25154955465, -0.00833979629764
7.69, -6.18945272625, -1.01910286236, 3.24927665921, 0.00063295005889
7.7, -6.1569970453, -1.01906522309, 3.24697947576, 0.00320804006829
7.71, -6.12456465294, -1.01906705324, 3.24464476526, -0.00506447429515
7.72, -6.0921555441, -1.01914981317, 3.24232539882, -0.0104830428195
7.73, -6.0597695913, -1.01921963242, 3.24000268035, -0.00386940481428
7.74, -6.02740698139, -1.01920253407, 3.23766437903, 0.00388462200529
7.75, -5.99506764711, -1.01916920287, 3.23534597777, -0.00022203153454
7.76, -5.96275144528, -1.01921896827, 3.23303992014, -0.00952320908759
7.77, -5.93045835198, -1.01931331459, 3.23070376277, -0.00846464132175
7.78, -5.89818892143, -1.01933798607, 3.22832899123, 0.00136923990172
7.79, -5.86594309052, -1.01929361729, 3.22598244874, 0.0036233988633
7.8, -5.83372068089, -1.01929692388, 3.22363507582, -0.00563980214241
7.81, -5.80152189862, -1.01938668558, 3.22127174937, -0.0110661769986
7.82, -5.76934668032, -1.01945702306, 3.2189203694, -0.00344696131017
7.83, -5.73719487644, -1.01943263354, 3.21658364953, 0.00465274113576
7.84, -5.70506634506, -1.0193959917, 3.2142555056, -0.000361655442314
7.85, -5.67296124532, -1.01945176241, 3.21190655666, -0.0103248567094
7.86, -5.64087981666, -1.01953706858, 3.20953301224, -0.0088185048799
7.87, -5.60882208611, -1.01957334936, 3.20715037236, -8.87711320373e-05
7.88, -5.57678828149, -1.01953733732, 3.20475545819, 0.0035957631545
7.89, -5.54477830001, -1.01953077623, 3.20238684759, -0.00408210675565
7.9, -5.51279201051, -1.01960797594, 3.20000842378, -0.0104460201127
7.91, -5.48082959877, -1.01968350982, 3.1976246215, -0.00476552520944
7.92, -5.44889092206, -1.01967313878, 3.19525679974, 0.00362745817242
7.93, -5.41697583168, -1.01963544433, 3.1929046364, 0.000683374726661
7.94, -5.38508419338, -1.01967611797, 3.19055961352, -0.00888067975997
7.95, -5.35321614817, -1.01977112433, 3.18820212355, -0.00910148802718
7.96, -5.32137160354, -1.0198046023, 3.1858544701, 0.000567610110004
7.97, -5.2895504217, -1.01976187883, 3.18351921141, 0.00406510819116
7.98, -5.25775275393, -1.01975611923, 3.18116133292, -0.00460806754966
7.99, -5.22597861165, -1.01984051847, 3.17881535428, -0.0111079360481
8.0, -5.19422783578, -1.01991767485, 3.17648821019, -0.00445086020178
8.01, -5.16250019631, -1.01990045402, 3.17419373353, 0.00441527337588
8.02, -5.13079571714, -1.01987224355, 3.17182176471, 0.00121830373729
8.03, -5.09911508324, -1.01990037878, 3.16945190745, -0.00741815534292
8.04, -5.06745815002, -1.01998793088, 3.16707293581, -0.00920422569639
8.05, -5.03582512254, -1.02003201217, 3.16468048104, -0.000980793988664
8.06, -5.00421590353, -1.02000065862, 3.16230719406, 0.00363256990732
8.07, -4.97263036784, -1.01998801018, 3.15993303605, -0.0031776784328
8.08, -4.94106867719, -1.02005849579, 3.15755460543, -0.0101806907847
8.09, -4.90953141078, -1.02013791237, 3.15482967567, -0.00558647791578
8.1, -4.87802639531, -1.02013552859, 3.15118077124, 0.00309986331534
8.11, -4.84656375609, -1.02009636392, 3.14613622057, 0.00136869714229
8.12, -4.81516093949, -1.02012798689, 3.13949641176, -0.00805684438899
8.13, -4.78383024206, -1.02022089149, 3.13134593567, -0.00946358270858
8.14, -4.75259890477, -1.02026227865, 3.1185028309, -0.000322375310073
8.15, -4.72153795308, -1.02022364999, 3.09813267836, 0.00420793086012
8.16, -4.69070505422, -1.0202105443, 3.07365390664, -0.00354408886315
8.17, -4.6601284701, -1.02028674418, 3.04692733693, -0.0106859473007
8.18, -4.62982944321, -1.02036674018, 3.01813233956, -0.00518752851648
8.19, -4.59984426542, -1.02035721138, 2.98512463115, 0.00393895276844
8.2, -4.57020160715, -1.02031271927, 2.94908932991, 0.00156119644024
8.21, -4.54093541812, -1.02034695973, 2.90836409834, -0.00853581690195
8.22, -4.51210797373, -1.02042937487, 2.86294440289, -0.00905204744735
8.23, -4.48374332256, -1.02047728471, 2.81585013926, -0.00151034839488
8.24, -4.45585786558, -1.020447776, 2.76715057506, 0.00396565391553
8.25, -4.42846936618, -1.02042589143, 2.71589795459, -0.00186602501576
8.26, -4.40161416324, -1.02048504334, 2.66125085993, -0.00936802245725
8.27, -4.37531311953, -1.02056316257, 2.60506047786, -0.00587818440784
8.28, -4.34958468541, -1.0205643909, 2.54607284193, 0.00301028186805
8.29, -4.32446316064, -1.02051956099, 2.48451322466, 0.0025461372816
8.3, -4.29996348611, -1.02053679735, 2.42174393958, -0.0066007543385
8.31, -4.27609553423, -1.02062114939, 2.35881315023, -0.00912921475715
8.32, -4.2528618286, -1.02066408889, 2.29406180388, -0.000576261894966
8.33, -4.23027680751, -1.02062375161, 2.22991316149, 0.0049762216134
8.34, -4.20832416098, -1.02059672283, 2.16754248379, -0.00178979081473
8.35, -4.186986284, -1.02065833549, 2.10691306458, -0.00966662755559
8.36, -4.16624598784, -1.02073547182, 2.04797701992, -0.00533208693889
8.37, -4.14608655025, -1.0207266496, 1.99068890305, 0.00422809831217
8.38, -4.12649172346, -1.02068501582, 1.93500540381, 0.00367075934334
8.39, -4.10744571496, -1.02068497502, 1.8808814122, -0.0047889180058
8.4, -4.08893317641, -1.02075937776, 1.82826982306, -0.00902968340313
8.41, -4.07093918782, -1.02081003292, 1.77712719313, -0.00174273321592
8.42, -4.0534492438, -1.02077594629, 1.72741513718, 0.00511238585855
8.43, -4.0364492467, -1.02073668177, 1.67909649846, 8.00055794411e-05
8.44, -4.01992549264, -1.02078136364, 1.63212993879, -0.00855233706445
8.45, -4.0038646642, -1.02085897971, 1.58647421315, -0.00625850656041
8.46, -3.98825381164, -1.02086147369, 1.54209396918, 0.00337056146043
8.47, -3.9730803493, -1.02080435797, 1.49895708175, 0.00435516848048
8.48, -3.95833204282, -1.02080309725, 1.45702930949, -0.00507737740252
8.49, -3.9439970029, -1.02088088653, 1.41627250133, -0.00920935447207
8.5, -3.93006367131, -1.02092785912, 1.37665290265, -0.000929723512667
8.51, -3.91652081046, -1.02089098635, 1.33814280851, 0.00293089825516
8.52, -3.9033574996, -1.02084971796, 1.30071064486, 0.00126200106392
8.53, -3.89056312234, -1.02087835552, 1.26432727645, -0.00701677854186
8.54, -3.87812736225, -1.02094954794, 1.22895916073, -0.00650559778728
8.55, -3.86604018782, -1.02096170896, 1.19457855588, 0.00216317063698
8.56, -3.85429184875, -1.02090994493, 1.16116104959, 0.00463011535588
8.57, -3.84287286752, -1.02089623533, 1.1286808639, -0.00332478998774
8.58, -3.83177403344, -1.02096004647, 1.09710805975, -0.00848130624714
8.59, -3.82098639345, -1.02101076, 1.06641564842, -0.00206024548303
8.6, -3.81050124161, -1.02097755429, 1.03658152328, 0.00540184740011
8.61, -3.80031011773, -1.02092890011, 1.00758475636, 0.00142896394331
8.62, -3.79040479743, -1.02096017909, 0.979400043817, -0.00749271951349
8.63, -3.78077728978, -1.02103379914, 0.952000956886, -0.00640653224187
8.64, -3.77141982286, -1.02103984827, 0.925366459018, 0.00308472943595
8.65, -3.76232484334, -1.02097951287, 0.899478691085, 0.00522664446832
8.66, -3.75348500892, -1.02096528512, 0.874317834616, -0.00369456057904
8.67, -3.74489318492, -1.02103396431, 0.849859348584, -0.00886038866213
8.68, -3.7365424358, -1.02108330274, 0.826082071687, -0.00147138575895
8.69, -3.72842601658, -1.02104125384, 0.802969804849, 0.00631420896642
8.7, -3.72053737353, -1.02098771641, 0.780507242833, 0.0014540166064
8.71, -3.71287013521, -1.02102317481, 0.758673876628, -0.00810971850113
8.72, -3.70541811228, -1.02110010085, 0.737448153119, -0.00634332583912
8.73, -3.69817528316, -1.0211000224, 0.716814327591, 0.0040201650094
8.74, -3.69113579654, -1.02104549089, 0.696759571369, 0.00567904208973
8.75, -3.68429396462, -1.02101783807, 0.677268370173, -0.00199999087912
8.76, -3.67764425986, -1.02107552967, 0.65832165376, -0.00857905799778
8.77, -3.67118131049, -1.0211327782, 0.639901909931, -0.00289654250264
8.78, -3.66489989074, -1.02110246622, 0.621996771936, 0.00575466956922
8.79, -3.65879492364, -1.02104267081, 0.604595358578, 0.00292837329214
8.8, -3.65286147299, -1.02106188811, 0.587682265228, -0.00682964900983
8.81, -3.64709474455, -1.0211375604, 0.571239559462, -0.00720749729995
8.82, -3.64149007393, -1.02115149194, 0.555254569994, 0.00263179595883
8.83, -3.63604292751, -1.0210985092, 0.53971833328, 0.00474042349587
8.84, -3.63074889943, -1.0210663979, 0.524618957636, -0.000725162628674
8.85, -3.6256037073, -1.02110933378, 0.50994182689, -0.00736098277439
8.86, -3.62060319024, -1.02116460991, 0.495672598211, -0.00360000016228
8.87, -3.6157432999, -1.0211467944, 0.481801590551, 0.00445987518774
8.88, -3.61102010304, -1.0210913853, 0.468320862958, 0.0033860772108
8.89, -3.60642977568, -1.02109752976, 0.455219014043, -0.00517616691416
8.9, -3.60196860379, -1.02116254338, 0.442481597473, -0.00694570432153
8.91, -3.59763297455, -1.02118447039, 0.430098244337, 0.0012049571726
8.92, -3.5934193754, -1.02113160703, 0.418062139124, 0.00578228502729
8.93, -3.589324393, -1.02109720003, 0.406365645651, -0.000957734974687
8.94, -3.58534471017, -1.02114509707, 0.394996004605, -0.00789148232609
8.95, -3.58147710415, -1.02120180518, 0.383941515328, -0.00333635779694
8.96, -3.57771843799, -1.02117742405, 0.373195399665, 0.00527663182714
8.97, -3.57406566485, -1.02111648871, 0.362752480189, 0.00356935457036
8.98, -3.57051582208, -1.02112573151, 0.352603499453, -0.00578378303641
8.99, -3.56706603343, -1.02119579823, 0.342736040129, -0.00718223337127
9.0, -3.56371349971, -1.02121473661, 0.333142283146, 0.00189011846326
9.01, -3.56045547104, -1.02115424906, 0.323832424274, 0.00639475304103
9.02, -3.55728897145, -1.02111891761, 0.314828198474, -0.00131618278016
9.03, -3.55421074695, -1.02117293557, 0.306246385569, -0.00850837575783
9.04, -3.55121533978, -1.02123135045, 0.298198857148, -0.0030552343022
9.05, -3.54829792028, -1.021200096, 0.290643749018, 0.00611305570205
9.06, -3.54545363007, -1.02113393798, 0.283609496507, 0.00367853099069
9.07, -3.54267628137, -1.02114727743, 0.277311237446, -0.00649357828905
9.08, -3.53995702907, -1.02122300237, 0.271876278265, -0.00743522763847
9.09, -3.53728871422, -1.02123867531, 0.26728316095, 0.00261975195618
9.1, -3.53465909638, -1.02118229838, 0.264038075434, 0.00533455717202
9.11, -3.53205688521, -1.02114330119, 0.26167855796, -0.000119554184132
9.12, -3.52947482369, -1.02118358233, 0.260003447493, -0.00741710946471
9.13, -3.52690611499, -1.02124144375, 0.259104565464, -0.00390560090035
9.14, -3.52434066229, -1.02122392065, 0.259187985981, 0.00471709217244
9.15, -3.52177134755, -1.02116287479, 0.259864968505, 0.00407464744331
9.16, -3.51919221934, -1.02116384849, 0.261305748501, -0.00493307012233
9.17, -3.51658986896, -1.02123014688, 0.264274511255, -0.00732215733385
9.18, -3.51395552543, -1.02125529236, 0.267707289541, 0.00105431644572
9.19, -3.51128386414, -1.02119991104, 0.271842509099, 0.00631830177173
9.2, -3.50856485957, -1.02115928556, 0.27727630088, -0.000441063670096
9.21, -3.50578346331, -1.02120578956, 0.284025407973, -0.00810563162125
9.22, -3.50293235711, -1.02126671851, 0.291219903882, -0.00380124628329
9.23, -3.50000696724, -1.02124384547, 0.298983799291, 0.0054387687827
9.24, -3.49699903041, -1.02117802657, 0.307561367424, 0.00417791688197
9.25, -3.49390338398, -1.02118320914, 0.316521920956, -0.00568735521149
9.26, -3.49071623125, -1.02125626502, 0.325932886335, -0.00774100124473
9.27, -3.48742995584, -1.02128000403, 0.336209654317, 0.00160546982984
9.28, -3.48403916069, -1.02121801488, 0.346848526363, 0.00684214125649
9.29, -3.48054031425, -1.02117746311, 0.357813496755, -0.00092500375733
9.3, -3.47692980377, -1.02123169641, 0.369305047286, -0.00891276442463
9.31, -3.47320006876, -1.02129624915, 0.381498781017, -0.00369779204111
9.32, -3.46934683158, -1.02126783429, 0.394003243518, 0.00617658828588
9.33, -3.46536642495, -1.02121222203, 0.407175968163, 0.0041157063931
9.34, -3.46124734265, -1.02120833904, 0.421431981697, -0.00429806011927
9.35, -3.45698462793, -1.02127150847, 0.435908608981, -0.0074427303855
9.36, -3.45257609675, -1.02130316463, 0.450584367179, 8.92153423559e-05
9.37, -3.44801876346, -1.02125591389, 0.46581060246, 0.00582450951001
9.38, -3.44330579209, -1.02121419233, 0.481543257392, 8.37368331154e-05
9.39, -3.4384344382, -1.02125489116, 0.497491172784, -0.00772584721629
9.4, -3.43340257346, -1.02131795597, 0.513760256922, -0.00451985688655
9.41, -3.42820454614, -1.02130474846, 0.530535853472, 0.00449520351456
9.42, -3.42283773893, -1.02124313625, 0.547534156124, 0.00426408911491
9.43, -3.41729956098, -1.0212431248, 0.564953704683, -0.00503184062248
9.44, -3.41158401627, -1.02131347883, 0.582846524561, -0.00795658399427
9.45, -3.4056885088, -1.02134504752, 0.601071731224, 0.000507961783017
9.46, -3.39960729733, -1.02129200335, 0.619831395853, 0.00632470211842
9.47, -3.39333646331, -1.02125010098, 0.639285928769, -0.00035495805578
9.48, -3.3868656022, -1.02129853673, 0.659633381639, -0.00858661750469
9.49, -3.38018824054, -1.02136640045, 0.680443436406, -0.00456708015525
9.5, -3.37330202546, -1.02134892849, 0.701644437649, 0.00514404392303
9.51, -3.36619844659, -1.02128319379, 0.723620345929, 0.00429720486282
9.52, -3.35887509546, -1.02128844521, 0.745622261504, -0.00592052378726
9.53, -3.3513319527, -1.02136710908, 0.767585284273, -0.00853057045005
9.54, -3.34356884215, -1.02139851661, 0.789905821735, 0.000970621082664
9.55, -3.33557478714, -1.02133942575, 0.813388018763, 0.00680772946951
9.56, -3.32734642665, -1.02129822938, 0.836803262351, -0.000929188304068
9.57, -3.31888449226, -1.02135084242, 0.860203385082, -0.00473079857118
9.58, -3.31018667084, -1.02141538635, 0.883859043372, -0.00547700629583
9.59, -3.30125265306, -1.02141301733, 0.907557732651, 0.00355641837155
9.6, -3.29207960431, -1.02135461326, 0.931647306896, 0.00447917180919
9.61, -3.28266407161, -1.02134913919, 0.955936388447, -0.00446953941289
9.62, -3.27300612683, -1.02141911336, 0.980248286922, -0.00847739122185
9.63, -3.26310319479, -1.02146105703, 1.0049183738, -0.000749055173318
9.64, -3.25295172999, -1.0214170204, 1.02994296599, 0.00590266825234
9.65, -3.24254890213, -1.02137287681, 1.0549618612, 0.000243401355868
9.66, -3.23189598727, -1.0214167284, 1.08006405959, -0.00849842491256
9.67, -3.22099336395, -1.02149078641, 1.10500791533, -0.00570672239569
9.68, -3.20983926046, -1.02148567141, 1.13026569616, 0.00410275541413
9.69, -3.19843391001, -1.02142344653, 1.155243889, 0.00453378806555
9.7, -3.1867794888, -1.02142298495, 1.18009988181, -0.0053536189902
9.71, -3.17487687078, -1.02150193885, 1.20501539555, -0.00917030093732
9.72, -3.16272369266, -1.02154513227, 1.23008699345, -0.000411156531295
9.73, -3.15032063397, -1.02149558668, 1.25499806766, 0.00640142421785
9.74, -3.13766919022, -1.02145153105, 1.27986917953, -0.000255243099413
9.75, -3.12476754612, -1.02149941618, 1.3049173431, -0.00468674780381
9.76, -3.11161627378, -1.02157131808, 1.32980864365, -0.00675759149466
9.77, -3.09821676243, -1.02158222743, 1.35466936362, 0.00248977136097
9.78, -3.08456700536, -1.02152676406, 1.37974260634, 0.00482144734371
9.79, -3.07066694748, -1.02151477291, 1.40485694294, -0.003870395925
9.8, -3.05651490876, -1.02158559687, 1.43000562617, -0.00923226337784
9.81, -3.04211205838, -1.02164052717, 1.45512868604, -0.00222035321967
9.82, -3.02745670399, -1.02160608321, 1.48038485478, 0.00556522865871
9.83, -3.01254982221, -1.02155801851, 1.50544313056, 0.00102166625348
9.84, -2.99739306352, -1.02159684224, 1.53053102062, -0.00849650525721
9.85, -2.9819815777, -1.02167919178, 1.55618161487, -0.00710220955992
9.86, -2.96631483818, -1.0216881707, 1.58159906596, 0.00300689292562
9.87, -2.95039501716, -1.0216283837, 1.60680606249, 0.00497757578797
9.88, -2.93422361349, -1.02162048523, 1.63212639985, -0.00469911958322
9.89, -2.91779585356, -1.02170055152, 1.65784717637, -0.0100128158966
9.9, -2.90111194407, -1.02175779591, 1.68346416279, -0.00197398338076
9.91, -2.88417081423, -1.02171802052, 1.70927310485, 0.00611399506553
9.92, -2.86697102841, -1.02166906062, 1.73507639714, 0.000630215603022
9.93, -2.84951431578, -1.02171625977, 1.76077868764, -0.00951764788456
9.94, -2.83180013989, -1.02179114408, 1.78647659624, -0.00764100356364
9.95, -2.81383025051, -1.02181389229, 1.81201089478, 0.00131266599302
9.96, -2.79560442393, -1.02176483371, 1.83757059229, 0.00472178395696
9.97, -2.77712449535, -1.0217491127, 1.8628416074, -0.00332692574504
9.98, -2.75839278156, -1.02181836541, 1.88804036816, -0.00956757100338
9.99, -2.73940913806, -1.0218827412, 1.91312463115, -0.00350413679509
10.0, -2.72017615244, -1.02185926636, 1.93790845062, 0.00485594916499
10.01, -2.700696897, -1.02181143721, 1.96238594981, 0.00147504902858
10.02, -2.68097178512, -1.02184535344, 1.98706182814, -0.00824254897288
10.03, -2.66100161773, -1.02193206783, 2.01142997835, -0.00810407299027
10.04, -2.64078910777, -1.02195368484, 2.03553651163, 0.00180319948966
10.05, -2.62033597101, -1.02189978952, 2.05974580308, 0.00498729808706
10.06, -2.59963910947, -1.02188704248, 2.08399205555, -0.00407455822922
10.07, -2.5787018279, -1.02196564605, 2.10800852076, -0.0104330362197
10.08, -2.55752454679, -1.02203350131, 2.13200487979, -0.00336155777401
10.09, -2.5361066043, -1.02200488587, 2.15605133733, 0.00546767755652
10.1, -2.51444972255, -1.02195493811, 2.17979668714, 0.0012232050823
10.11, -2.4925560907, -1.02199647383, 2.20350621692, -0.00925911492979
10.12, -2.4704250434, -1.02207649744, 2.22726477685, -0.00875725413702
10.13, -2.44805595962, -1.02211270957, 2.25102041388, 7.95894605853e-05
10.14, -2.42545066978, -1.02206898996, 2.27451298009, 0.00484293256184
10.15, -2.40261149297, -1.02204726611, 2.29788912931, -0.0026121495193
10.16, -2.37953800409, -1.02211492764, 2.32129281947, -0.0100388003031
10.17, -2.3562319125, -1.02219078369, 2.34441788162, -0.0049785679236
10.18, -2.33269538449, -1.02217868788, 2.36753202042, 0.00425456654739
10.19, -2.30892535531, -1.0221288084, 2.39094099035, 0.00219585519987
10.2, -2.28492265545, -1.02215629291, 2.41408539918, -0.0079741834808
10.21, -2.26068986107, -1.02224880722, 2.43697020556, -0.00933230183264
10.22, -2.23622894535, -1.02228472458, 2.45980518621, 0.000540913263601
10.23, -2.21153963288, -1.02223554303, 2.48255045717, 0.00522909085707
10.24, -2.18662416668, -1.02221563301, 2.50504392918, -0.00328010180905
10.25, -2.16148458348, -1.0222821683, 2.52747430611, -0.00864480704652
10.26, -2.13612057858, -1.02236261349, 2.54983219366, -0.0063853890222
10.27, -2.11053420934, -1.02236676566, 2.57195416023, 0.00290652474237
10.28, -2.08472788656, -1.02231932073, 2.59388229609, 0.00292892478075
10.29, -2.05869944757, -1.02233340657, 2.61626614901, -0.00657826143681
10.3, -2.03244854977, -1.02242136304, 2.63842628625, -0.0098667280084
10.31, -2.00597731319, -1.02247200657, 2.66034222284, -0.0013194549899
10.32, -1.97928776455, -1.02243504043, 2.6821738425, 0.00488817671107
10.33, -1.95237942177, -1.02240679062, 2.70401483419, -0.00175212845831
10.34, -1.92525389182, -1.0224712069, 2.72562431486, -0.0103769929598
10.35, -1.89791334316, -1.02255840094, 2.74713563845, -0.00654174730559
10.36, -1.8703549632, -1.02255916505, 2.76904448581, 0.00350058901842
10.37, -1.84257878043, -1.0225077875, 2.79071618836, 0.00296802192713
10.38, -1.81458704339, -1.02252720628, 2.81216446074, -0.00748943171495
10.39, -1.7863811233, -1.02261059412, 2.83373589039, -0.00929257392656
10.4, -1.75795763009, -1.02266834446, 2.85548759467, -0.00280371607355
10.41, -1.72931769926, -1.02264652144, 2.87703159259, 0.00377814870448
10.42, -1.70046297119, -1.02261826672, 2.89854305835, -0.000847171300803
10.43, -1.67139276448, -1.02266956898, 2.92004033478, -0.00917012510906
10.44, -1.64210883141, -1.02275471049, 2.94129406655, -0.00729795180119
10.45, -1.61261296157, -1.02277058449, 2.96251917788, 0.00177281054903
10.46, -1.58290455842, -1.02272889904, 2.98370066629, 0.00290253596629
10.47, -1.55298542426, -1.02273871872, 3.00467303806, -0.00599999231562
10.48, -1.52285765994, -1.02282494708, 3.02543616511, -0.0101923948696
10.49, -1.4925223259, -1.0228848166, 3.04637024613, -0.00256230481106
10.5, -1.46197564465, -1.0228582028, 3.06751395898, 0.00425190928409
10.51, -1.43121875949, -1.02282953268, 3.08841210045, -0.00124414018421
10.52, -1.40025393929, -1.02288864139, 3.10915663038, -0.0100896393951
10.53, -1.36908073735, -1.0229798003, 3.13002806466, -0.00749438410169
10.54, -1.33769993402, -1.02299262164, 3.15068882347, 0.00235830259997
10.55, -1.30611351868, -1.02294657421, 3.17115348684, 0.00302396522365
10.56, -1.27432293956, -1.02296078451, 3.19168709231, -0.00683003330239
10.57, -1.2423246155, -1.02305565175, 3.21252865197, -0.0108649145945
10.58, -1.21011903326, -1.02311662522, 3.23314367255, -0.00220942963718
10.59, -1.17770799317, -1.02308423094, 3.25370285901, 0.00479062093783
10.6, -1.14509065983, -1.02305514562, 3.27431663607, -0.00168819860982
10.61, -1.11226823625, -1.02311785628, 3.29473504045, -0.00626443708219
10.62, -1.07924240666, -1.02320671184, 3.31508469815, -0.00853029011274
10.63, -1.04601225208, -1.02323529301, 3.33551125417, 0.000781745842013
10.64, -1.01257889789, -1.02319560318, 3.35572732323, 0.00335149914202
10.65, -0.978943754408, -1.02319794226, 3.37596786551, -0.00531944917888
10.66, -0.945104846829, -1.02328448394, 3.39656458366, -0.0109111786084
10.67, -0.911058095451, -1.02335701424, 3.41734044552, -0.00399295435983
10.68, -0.876804335286, -1.02333934272, 3.4380471081, 0.00400026735767
10.69, -0.84234255819, -1.02330579983, 3.4589350789, -0.000372602676727
10.7, -0.80767102671, -1.02335918881, 3.47999664094, -0.0100448461847
10.71, -0.772788296477, -1.02345845283, 3.50109337959, -0.00887651925632
10.72, -0.737695651335, -1.02348493176, 3.52198700292, 0.00133745240218
10.73, -0.70239480847, -1.02344032047, 3.54281660373, 0.00357795370288
10.74, -0.666884823745, -1.02344619131, 3.56381093112, -0.00611476618417
10.75, -0.631164199309, -1.02353147514, 3.58486088237, -0.00939091650174
10.76, -0.595233852809, -1.02360668657, 3.60584667069, -0.00521089024674
10.77, -0.55909284609, -1.02360452561, 3.6268996905, 0.00261105267123
10.78, -0.522742235497, -1.02357481909, 3.64777643868, 0.000180134188908
10.79, -0.486183584477, -1.02361593735, 3.66859758732, -0.00866841510484
10.8, -0.449415845998, -1.02370951078, 3.6895055538, -0.0092157414907
10.81, -0.412440039143, -1.02374898129, 3.71021587297, -0.000420509711214
10.82, -0.375257941654, -1.02371706974, 3.73076885089, 0.00307370389423
10.83, -0.337871028381, -1.02371652926, 3.75126572333, -0.00474127865303
10.84, -0.300278174182, -1.02379967209, 3.77192955085, -0.0109795129299
10.85, -0.262477767076, -1.02387939091, 3.79261852002, -0.00514357561925
10.86, -0.224470828114, -1.02387304456, 3.81336889244, 0.00313760035535
10.87, -0.186255175678, -1.02384137107, 3.8343138955, -2.54314509705e-05
10.88, -0.147831227366, -1.02388922277, 3.85503897304, -0.00958672702494
10.89, -0.109200909883, -1.02399007974, 3.87559313409, -0.0096102859289
10.9, -0.070365629355, -1.02402805871, 3.89611685638, 9.32445418818e-05
