timestamp, prius1 x posi, prius1 y posi, prius1 x vel, prius1 y vel.
0.0, 0.0, 0.0, 0.0, 0.0
0.00999999999999, -24.9962187396, -1.00001627197, 0.186563584322, 0.00220647755435
0.02, -24.9940436367, -0.999997594862, 0.233915534448, -0.000438945468369
0.03, -24.9913993631, -1.00001895889, 0.280460627895, -0.00435196698168
0.04, -24.9882938056, -1.00005313901, 0.326224324914, -0.0030050228203
0.05, -24.9847346823, -1.00005110548, 0.371220864353, 0.00141601146016
0.06, -24.9807295968, -1.00002393818, 0.415463829, 0.00151908252759
0.07, -24.9762860312, -1.00002536549, 0.458965578961, -0.0029719064566
0.08, -24.9714113415, -1.00006224828, 0.501736824723, -0.00460873028105
0.09, -24.9661127558, -1.00008212713, 0.543789503216, -0.000597491910067
0.1, -24.9602345631, -1.00006028776, 0.620488783393, 0.00242726137763
0.11, -24.9535094055, -1.00004057871, 0.707647643475, -0.000470971400804
0.12, -24.9459126633, -1.00006310678, 0.79586923757, -0.00460537810442
0.13, -24.9374403512, -1.0000999842, 0.884172865624, -0.00332467218673
0.14, -24.9280926008, -1.00010067751, 0.972420329066, 0.00115744570986
0.15, -24.9178696683, -1.00007588577, 1.06065735105, 0.00124279927698
0.16, -24.9067716171, -1.0000807923, 1.14889854215, -0.00344103482902
0.17, -24.8947984424, -1.00012317087, 1.2371429229, -0.00525158098833
0.18, -24.8819510553, -1.00014921417, 1.32445222327, -0.00120627286389
0.19, -24.8682371086, -1.00013274023, 1.41057575515, 0.00187575364542
0.2, -24.8536672216, -1.00011985755, 1.49564533083, -0.00132035062855
0.21, -24.8382519344, -1.00015254135, 1.57966690925, -0.00563551950322
0.22, -24.8220016668, -1.00019791106, 1.66265148358, -0.00393430387437
0.23, -24.8049267039, -1.00020223654, 1.74461308912, 0.000916446071623
0.24, -24.7870372031, -1.00018101446, 1.82556661624, 0.000694587077356
0.25, -24.7683431958, -1.0001943266, 1.90552452877, -0.00446040511881
0.26, -24.7488545901, -1.0002466937, 1.98449671664, -0.00610733628037
0.27, -24.7285811721, -1.00027835616, 2.06249472537, -0.0015331814249
0.28, -24.707532608, -1.00026439579, 2.13953249391, 0.00158002156521
0.29, -24.6857184452, -1.0002571724, 2.21562340989, -0.00212670228487
0.3, -24.6631484199, -1.00029969077, 2.29074306614, -0.00664697485378
0.31, -24.6398367455, -1.00035301445, 2.36484585861, -0.00447667276007
0.32, -24.6157949323, -1.00036024376, 2.43814367434, 0.000755164946705
0.33, -24.5910314861, -1.00034191612, 2.5105753369, 0.000217637428784
0.34, -24.5655551242, -1.00036286038, 2.58212066996, -0.00539115758385
0.35, -24.5393745983, -1.00042409371, 2.65278403513, -0.0068370249696
0.36, -24.5124985894, -1.00045994303, 2.72257607055, -0.00171113037503
0.37, -24.4849356644, -1.00044715248, 2.79150896601, 0.00139673234857
0.38, -24.4566943941, -1.00044475959, 2.85933428377, -0.00287166269773
0.39, -24.4277873612, -1.00049643244, 2.92509419691, -0.00757803833999
0.4, -24.3982325028, -1.00055661258, 2.98901311661, -0.00489067980513
0.41, -24.3680477991, -1.00056536292, 3.05114570309, 0.000730141238416
0.42, -24.3372507859, -1.0005488672, 3.11154409459, -0.000183429515733
0.43, -24.3058585385, -1.00057706054, 3.17025602917, -0.00630232821625
0.44, -24.2738876735, -1.00064687536, 3.2273252087, -0.00751357177373
0.45, -24.2413543543, -1.00068598938, 3.28279628117, -0.00176317399312
0.46, -24.2082743032, -1.00067306312, 3.33671574068, 0.00134123037607
0.47, -24.1746628125, -1.00067458466, 3.38912920158, -0.00354140513506
0.48, -24.1405347461, -1.00073477422, 3.44007655867, -0.00843110842262
0.49, -24.1059045531, -1.00080078758, 3.4895968364, -0.00517205980989
0.5, -24.0707862767, -1.00080966834, 3.5377313894, 0.000842227478366
0.51, -24.0351935689, -1.00079395276, 3.5845216385, -0.000503940791404
0.52, -23.9991396984, -1.00082878966, 3.63000461644, -0.00715415423823
0.53, -23.9626375644, -1.00090638604, 3.67421380542, -0.00808451275081
0.54, -23.9256997045, -1.00094749697, 3.71718468237, -0.00167871628847
0.55, -23.8883383055, -1.00093325121, 3.75895453169, 0.0013810219776
0.56, -23.8505652133, -1.00093803144, 3.79955849295, -0.00416545597815
0.57, -23.8123919426, -1.00100620677, 3.83902648934, -0.00921466654125
0.58, -23.7738296868, -1.00107693965, 3.8773882831, -0.00531329940188
0.59, -23.7348893249, -1.00108442866, 3.91467651789, 0.00109772917749
0.6, -23.6955814326, -1.00106840942, 3.9509240372, -0.000751645127663
0.61, -23.6559162887, -1.00110938092, 3.98615911689, -0.00796242365445
0.62, -23.6159038866, -1.00119402523, 4.02040677915, -0.00855338087748
0.63, -23.5755539386, -1.00123578415, 4.05369470834, -0.00144861843999
0.64, -23.5348758854, -1.00121895396, 4.0860526352, 0.00151534441134
0.65, -23.4938789037, -1.00122645141, 4.11750806019, -0.00476404664461
0.66, -23.4525719138, -1.00130230456, 4.14808317571, -0.00995105433728
0.67, -23.4109635876, -1.00137686198, 4.177800634, -0.00533650205048
0.68, -23.3690623521, -1.00138169673, 4.20668640822, 0.00146641341695
0.69, -23.3268764002, -1.00136465073, 4.23476672794, -0.000966044548565
0.7, -23.2844136945, -1.00141164988, 4.26206298938, -0.00876516878713
0.71, -23.2416819774, -1.00150294605, 4.28859361127, -0.00894931959723
0.72, -23.1986887722, -1.0015442784, 4.31438031086, -0.00109908989505
0.73, -23.1554413925, -1.00152389444, 4.33944703596, 0.00171259270099
0.74, -23.111946947, -1.00153390458, 4.36381534511, -0.0053698975487
0.75, -23.0682123465, -1.00161741464, 4.38750132665, -0.0106637465375
0.76, -23.0242443092, -1.00169508904, 4.41052215361, -0.00525703025858
0.77, -22.9800493627, -1.00169617069, 4.43289870946, 0.001930321845
0.78, -22.9356338541, -1.00167759098, 4.4546521465, -0.00117033092185
0.79, -22.8910039514, -1.0017307307, 4.47579841989, -0.00958112395786
0.8, -22.8461656533, -1.00182841707, 4.49635078002, -0.00928117890642
0.81, -22.8011247876, -1.00186832281, 4.51632640482, -0.000637951448128
0.82, -22.7558870195, -1.00184353823, 4.53574484649, 0.00195694476133
0.83, -22.7104578559, -1.00185604115, 4.55462301935, -0.00600140080162
0.84, -22.6648426508, -1.00194733313, 4.57297215777, -0.0113628418255
0.85, -22.6190466088, -1.00202747826, 4.59080523364, -0.00507890991215
0.86, -22.5730747861, -1.00202377425, 4.60813927289, 0.00247951284182
0.87, -22.5269320995, -1.00200330501, 4.62499154213, -0.00138246585809
0.88, -22.4806233271, -1.00206287163, 4.64137365244, -0.0104248446303
0.89, -22.4341531166, -1.00216677983, 4.65729480121, -0.00955404504638
0.9, -22.387525982, -1.00220430074, 4.67276873976, -7.03984521161e-05
0.91, -22.3407463119, -1.00217437147, 4.68781168403, 0.00223400547644
0.92, -22.2938183719, -1.00218951923, 4.70243691889, -0.00667569487272
0.93, -22.2467463102, -1.00228884813, 4.71665178028, -0.0120565530088
0.94, -22.1995341587, -1.00237085841, 4.73046603448, -0.00480410802457
0.95, -22.1521858336, -1.00236138479, 4.74389380869, 0.00310553641847
0.96, -22.1047051439, -1.00233880871, 4.75694941118, -0.00161913584083
0.97, -22.0570957908, -1.00240524595, 4.76964093989, -0.0113088581558
0.98, -22.0093613757, -1.00251527665, 4.78197440819, -0.00977030050941
0.99, -21.9615053945, -1.00254947147, 4.79396101083, 0.000600634133694
1.0, -21.9135312471, -1.0025137399, 4.8056144721, 0.00253063713222
1.01, -21.8654422374, -1.00253184427, 4.81694520267, -0.00740843756536
1.02, -21.8172415796, -1.00262629732, 4.82795732003, -0.0115521138626
1.03, -21.7689323971, -1.00271623585, 4.83865891113, -0.00632598298047
1.04, -21.7205177233, -1.00272090792, 4.84906056391, 0.00221419860675
1.05, -21.6720005089, -1.00269557723, 4.85917423874, -0.000447294060135
1.06, -21.6233836207, -1.00274753327, 4.8690067527, -0.0100898318666
1.07, -21.5746698493, -1.00285642025, 4.87856163985, -0.0106479572498
1.08, -21.5258619029, -1.0029059749, 4.88784705095, -0.0010328528807
1.09, -21.4769624148, -1.00287762171, 4.89687419658, 0.00277071637582
1.1, -21.4279739448, -1.00288359712, 4.90565220156, -0.00576043865452
1.11, -21.3788989822, -1.00298075661, 4.91418383126, -0.0125423451565
1.12, -21.3297399479, -1.00307387917, 4.92247362345, -0.0061416829121
1.13, -21.2804991914, -1.00307281868, 4.93053090872, 0.00291036111717
1.14, -21.2311790002, -1.00304418225, 4.93836600332, -0.00055652284062
1.15, -21.1817815956, -1.0031023522, 4.94598362923, -0.0109774470763
1.16, -21.1323091396, -1.00320360728, 4.95338538275, -0.0105351733653
1.17, -21.0827637301, -1.00326243328, 4.96057815314, -0.00252544006498
1.18, -21.0331474069, -1.00324623921, 4.9675706973, 0.00216486747769
1.19, -20.9834621529, -1.00324728492, 4.97437062789, -0.00449276198924
1.2, -20.9337098963, -1.00333096977, 4.98098022933, -0.011555316499
1.21, -20.883892513, -1.00342521405, 4.98740208884, -0.00716543334823
1.22, -20.8340118227, -1.00343897076, 4.99364338107, 0.00149062211702
1.23, -20.7840695961, -1.00341490417, 4.99971276926, -6.25535440232e-05
1.24, -20.7340675534, -1.00346024515, 5.00561438517, -0.00943281147118
1.25, -20.68400737, -1.00356769901, 5.01134862678, -0.0110194835598
1.26, -20.6338906715, -1.00362548991, 5.01691997071, -0.0020152449523
1.27, -20.5837190375, -1.00360326149, 5.02233680255, 0.00263649042503
1.28, -20.5334940043, -1.00360470948, 5.02760529528, -0.00497572525136
1.29, -20.4832170656, -1.00369582641, 5.0327259866, -0.0123069785811
1.3, -20.4328896756, -1.00379318898, 5.03770034096, -0.0070209063144
1.31, -20.3825132426, -1.00380134414, 5.04253470412, 0.00221648371716
1.32, -20.3320891391, -1.00377303908, 5.04723685695, -4.12098550487e-05
1.33, -20.281618697, -1.00382344825, 5.05180946553, -0.0102440723445
1.34, -20.2311032155, -1.0039376826, 5.05625147594, -0.0113857220476
1.35, -20.1805439529, -1.00399332136, 5.06056684545, -0.00138311133704
1.36, -20.1299421331, -1.0039761412, 5.06476287018, 0.00149533256043
1.37, -20.0792989462, -1.00397454374, 5.06884437086, -0.00382641889506
1.38, -20.0286155492, -1.00405249483, 5.07281178975, -0.011278539325
1.39, -19.9778930688, -1.00415013871, 5.07666542109, -0.00795898017736
1.4, -19.9271325966, -1.00417284462, 5.08041011626, 0.000757902926376
1.41, -19.8763351948, -1.00415008502, 5.08405245308, 0.000332844144068
1.42, -19.8255018957, -1.00418833938, 5.08759491054, -0.00870172846461
1.43, -19.7746337053, -1.00429354138, 5.09103661141, -0.0113166606799
1.44, -19.7237315995, -1.00435917729, 5.09437927545, -0.00299145831412
1.45, -19.6727965251, -1.00434320306, 5.09762945963, 0.00248346195398
1.46, -19.6218294046, -1.00433999293, 5.1007918147, -0.00414767118158
1.47, -19.5708311344, -1.00442432693, 5.10386556842, -0.0119838839154
1.48, -19.5198025873, -1.00452524111, 5.10685048462, -0.00786057473976
1.49, -19.4687446079, -1.00454255413, 5.1097508196, 0.00150466770939
1.5, -19.4176580197, -1.00451472799, 5.11257269922, 0.000475975011101
1.51, -19.3665436215, -1.00455691286, 5.11531806108, -0.00943310366105
1.52, -19.3154021945, -1.00466879774, 5.11798411715, -0.0117277961627
1.53, -19.2642344939, -1.00473289824, 5.12057285259, -0.00240859006894
1.54, -19.2130412531, -1.0047098217, 5.12309043213, 0.00307606215543
1.55, -19.1618231869, -1.00470602402, 5.1255408039, -0.00456746614012
1.56, -19.1105809878, -1.00479294725, 5.12792418708, -0.00804906111542
1.57, -19.0593153378, -1.004889172, 5.13023470541, -0.00861001387057
1.58, -19.0080268865, -1.00491985126, 5.13248105431, 9.67056824455e-05
1.59, -18.9567162728, -1.00489775833, 5.13466666036, 0.00079937368935
1.6, -18.9053841158, -1.00492801395, 5.13679356203, -0.0078662048998
1.61, -18.8540310196, -1.00502992043, 5.13885935877, -0.0115237954378
1.62, -18.8026575701, -1.0051027987, 5.14086481457, -0.00393445326625
1.63, -18.7512643349, -1.00509291374, 5.14281452029, 0.00234565262869
1.64, -18.6998518672, -1.00508471147, 5.14471307289, -0.00326580544052
1.65, -18.6484207053, -1.00516151903, 5.14655869791, -0.0115811843984
1.66, -18.5969713743, -1.00526537748, 5.14834964191, -0.00866405170361
1.67, -18.5455043805, -1.00529177523, 5.1500891621, 0.000783278380547
1.68, -18.4940202183, -1.00526445411, 5.15178241072, 0.00100640940463
1.69, -18.4425193664, -1.00529799285, 5.15343112044, -0.0085588963304
1.7, -18.3910022927, -1.00540690365, 5.1550314494, -0.0120220918887
1.71, -18.3394694509, -1.00547928719, 5.15658443818, -0.00344269573316
1.72, -18.28792128, -1.00546253656, 5.15809455919, 0.002975221034
1.73, -18.2363582106, -1.0054529344, 5.1595656913, -0.0035947643891
1.74, -18.1847806591, -1.00553664664, 5.16099620073, -0.0123717753319
1.75, -18.1331890331, -1.00564460531, 5.16238317273, -0.00862756713379
1.76, -18.0815837235, -1.00566564734, 5.1637302438, 0.00157187562349
1.77, -18.0299651138, -1.00564704616, 5.16504165141, 0.00113182513922
1.78, -17.978333575, -1.00567000867, 5.16631931738, -0.0070711742544
1.79, -17.92668947, -1.00576891198, 5.16755946922, -0.0117601342455
1.8, -17.8750331507, -1.00584948512, 5.1687624152, -0.00493780192761
1.81, -17.8233649573, -1.0058463128, 5.16993184593, 0.00215041691287
1.82, -17.7716852224, -1.005833445, 5.17107108496, -0.00239421147992
1.83, -17.7199942674, -1.00590262962, 5.17218015895, -0.0111614002473
1.84, -17.6682924091, -1.00600937108, 5.17325496264, -0.00947569899819
1.85, -17.6165799505, -1.00604513512, 5.17429780196, 2.37164620643e-05
1.86, -17.5648571881, -1.00601858725, 5.175313701, 0.00152497716014
1.87, -17.5131244092, -1.00604333428, 5.17630419532, -0.00765461161061
1.88, -17.4613818957, -1.00614892884, 5.17726521853, -0.0122876771938
1.89, -17.4096299204, -1.00622955302, 5.1781962429, -0.00449094749244
1.9, -17.357868746, -1.00621932171, 5.17910154044, 0.0028593671273
1.91, -17.3060986305, -1.00620384183, 5.17998477257, -0.0025950095694
1.92, -17.2543198226, -1.00627922932, 5.18084446863, -0.0119466235853
1.93, -17.2025325689, -1.00639066899, 5.18167672426, -0.00953266016216
1.94, -17.1507371031, -1.00642167696, 5.18248427113, 0.000802915968581
1.95, -17.0989336548, -1.00640267595, 5.18327137352, 0.00105506264361
1.96, -17.0471224469, -1.00642071364, 5.1840386577, -0.00630366716871
1.97, -16.9953036978, -1.00651383456, 5.18478354448, -0.0115273655426
1.98, -16.9434776197, -1.0065978267, 5.18550490462, -0.00566581020245
1.99, -16.8916444159, -1.00660195388, 5.1862058212, 0.00164330063202
2.0, -16.8398042856, -1.00658830037, 5.18688999602, -0.00184540371305
2.01, -16.7879574214, -1.00665000778, 5.18755624878, -0.0104809676322
2.02, -16.7361040138, -1.00675525616, 5.18820108458, -0.00983052981452
2.03, -16.6842442447, -1.00679837221, 5.18882623409, -0.000811818768355
2.04, -16.6323782916, -1.00677606696, 5.18943536332, 0.00158057675848
2.05, -16.5805063266, -1.00679498247, 5.19003049064, -0.00680564216402
2.06, -16.528628519, -1.00689450239, 5.19060801703, -0.0120788082504
2.07, -16.4767450337, -1.0069792264, 5.19116652112, -0.00530385707367
2.08, -16.4248560276, -1.00697677815, 5.19170905301, 0.00235199354691
2.09, -16.3729616552, -1.00695993814, 5.19223959431, -0.00195622487197
2.1, -16.3210620661, -1.0070271241, 5.19275611474, -0.0112304818245
2.11, -16.2691574086, -1.00713736542, 5.19325530858, -0.00996020387888
2.12, -16.2172478228, -1.00717651035, 5.19373912028, -8.830101612e-05
2.13, -16.165333446, -1.00714772498, 5.19421135312, 0.00196226948726
2.14, -16.1134144122, -1.00716846922, 5.19467316073, -0.00741343002267
2.15, -16.0614908529, -1.00727520891, 5.19512018041, -0.0126737172024
2.16, -16.0095628948, -1.00736051824, 5.19555225623, -0.00488801074073
2.17, -15.9576306594, -1.00735092387, 5.19597225521, 0.00309612040512
2.18, -15.9056942672, -1.00733110314, 5.19638355287, -0.00213302348404
2.19, -15.8537538333, -1.00740459855, 5.19678431295, -0.0120533713314
2.2, -15.8018094733, -1.00750588125, 5.19717150273, -0.0103206122547
2.21, -15.7498612953, -1.00755677521, 5.1975458767, -0.00156798677599
2.22, -15.697909406, -1.00753666805, 5.19791060906, 0.00189643530233
2.23, -15.6459539083, -1.00754790168, 5.19826893606, -0.00588503344284
2.24, -15.5939949041, -1.00764225557, 5.19861611824, -0.0120627445403
2.25, -15.5420324935, -1.00773284117, 5.19895025017, -0.00621778044604
2.26, -15.4900667686, -1.00773749409, 5.19927536827, 0.00203906045336
2.27, -15.4380978233, -1.00771698295, 5.19959375151, -0.00112367070701
2.28, -15.3861257466, -1.00777563083, 5.19990471082, -0.0106235461073
2.29, -15.3341506284, -1.00788670456, 5.20020493811, -0.0106046985973
2.3, -15.2821725529, -1.00793483403, 5.20049380226, -0.000923157724434
2.31, -15.2301916017, -1.00790827479, 5.20077697222, 0.00233005216164
2.32, -15.178207855, -1.00792067814, 5.20105485716, -0.00644423814337
2.33, -15.1262213921, -1.00802241173, 5.20132389964, -0.0127312550776
2.34, -15.0742322899, -1.00811463064, 5.20158292133, -0.00590536444328
2.35, -15.0222406208, -1.00811258468, 5.20183345118, 0.0027988292587
2.36, -14.9702464562, -1.00808838203, 5.20208115601, -0.00120605190514
2.37, -14.9182498658, -1.00815281431, 5.20232251213, -0.0114476656545
2.38, -14.8662509195, -1.00825559927, 5.20255515924, -0.0110697047881
2.39, -14.8142496826, -1.00831630538, 5.20277849959, -0.00244279666897
2.4, -14.7622596379, -1.00829803413, 5.19844796506, 0.00235842951032
2.41, -14.7103415803, -1.00829985502, 5.19049190624, -0.00482446375149
2.42, -14.6585021046, -1.00838904235, 5.18272510259, -0.0121560952651
2.43, -14.6067392382, -1.00848726556, 5.17516553963, -0.00729708030134
2.44, -14.5550508519, -1.00849947265, 5.16781811628, 0.00181099763028
2.45, -14.5034348547, -1.00847335358, 5.16067987375, -4.92284816268e-05
2.46, -14.4518892181, -1.00852194334, 5.15374359907, -0.00997093583317
2.47, -14.4004119771, -1.0086347841, 5.14699801111, -0.0114130960899
2.48, -14.3490012176, -1.00869311426, 5.14043906148, -0.00178311502562
2.49, -14.2976550785, -1.00866744356, 5.13406521008, 0.00294894395892
2.5, -14.2463773992, -1.00866889184, 5.12501130857, -0.00525938953747
2.51, -14.1952264496, -1.00876037245, 5.11075262426, -0.00819641043628
2.52, -14.1442158039, -1.00885263464, 5.0968797889, -0.00787662196773
2.53, -14.0933419284, -1.00887679681, 5.08338484463, 0.000507250879093
2.54, -14.0426010323, -1.00885609678, 5.07026992643, 0.000267175389881
2.55, -13.9919893879, -1.00889276806, 5.05752522696, -0.00836817561304
2.56, -13.9415033789, -1.00899449861, 5.04513557592, -0.0110325448559
2.57, -13.8911394911, -1.00905965108, 5.03308937201, -0.00312193562915
2.58, -13.8408943067, -1.00904602454, 5.02138113723, 0.00227343916062
2.59, -13.7907645067, -1.00904296918, 5.01000334706, -0.00395182764973
2.6, -13.7407468631, -1.00912370558, 4.99894388442, -0.0115546141866
2.61, -13.6908567536, -1.00922186056, 4.98281252686, -0.00775698175762
2.62, -13.6411498096, -1.00924031005, 4.96421019071, 0.00129608014286
2.63, -13.5916263875, -1.00921380661, 4.94609649922, 0.000516168378276
2.64, -13.5422815242, -1.00925317813, 4.92848675369, -0.00896070953675
2.65, -13.4931102377, -1.00936041539, 4.91136873627, -0.0113413877987
2.66, -13.4441076658, -1.00942321331, 4.89472776448, -0.00246334296295
2.67, -13.3952690875, -1.00940157787, 4.87855275912, 0.002980764961
2.68, -13.3465899149, -1.00939649782, 4.8628338594, -0.00420384848832
2.69, -13.2980656886, -1.00948289109, 4.84755442309, -0.0121709380547
2.7, -13.2496935966, -1.00958311592, 4.8314223849, -0.00751840536571
2.71, -13.2015235478, -1.00959500047, 4.80857945163, 0.002151225166
2.72, -13.1535768481, -1.0095762321, 4.78649527685, 0.000746023622448
2.73, -13.1058479237, -1.009603553, 4.76501392136, -0.00728614066195
2.74, -13.0583307331, -1.00969880238, 4.74413270368, -0.0108850802554
2.75, -13.011019348, -1.00976826101, 4.72383421995, -0.0038387167371
2.76, -12.9639080079, -1.00975927597, 4.70410358214, 0.00224482176982
2.77, -12.9169911216, -1.00974973316, 4.68492715349, -0.00284703170573
2.78, -12.870263256, -1.00981969625, 4.66628688396, -0.0107506017636
2.79, -12.8237191339, -1.00991678185, 4.64816458317, -0.00818859106858
2.8, -12.7773536207, -1.00994167248, 4.63054720827, 0.00075527422193
2.81, -12.7311861407, -1.00991418788, 4.60722166351, 0.00120608992757
2.82, -12.6852668436, -1.00994226539, 4.58245068684, -0.00772499043089
2.83, -12.6395919168, -1.01004215719, 4.55833910402, -0.0111654176513
2.84, -12.5941546556, -1.01010933013, 4.5348965355, -0.00318577404484
2.85, -12.5489484114, -1.01009191636, 4.51211194017, 0.00304462631397
2.86, -12.5039667151, -1.0100789683, 4.48996821679, -0.00294949075299
2.87, -12.4592032836, -1.0101534833, 4.46844429841, -0.0113101422443
2.88, -12.4146520148, -1.01025269537, 4.44751924272, -0.00798305979508
2.89, -12.3703069722, -1.01027080014, 4.42717832006, 0.00168121871785
2.9, -12.3261623885, -1.01023602081, 4.40740856171, 0.00159431583666
2.91, -12.2822596765, -1.0102657912, 4.37953391396, -0.00826603495015
2.92, -12.2386274831, -1.01037090482, 4.35278105982, -0.0114595528067
2.93, -12.1952591161, -1.01043530254, 4.32675236014, -0.00245165982154
2.94, -12.1521472638, -1.01042040217, 4.30145207698, 0.00227413551213
2.95, -12.1092847483, -1.01040082543, 4.27686335003, -0.00148702889415
2.96, -12.0666645902, -1.01046024781, 4.25296366868, -0.0101851907972
2.97, -12.0242800127, -1.01055918624, 4.22972952989, -0.00885076717096
2.98, -11.9821244254, -1.01059007829, 4.20714357512, 0.000503029634191
2.99, -11.9401914232, -1.01055727216, 4.18519124726, 0.00234839051173
3.0, -11.8984747799, -1.01057194857, 4.16385565939, -0.00653206511939
3.01, -11.8569694889, -1.01066725382, 4.14207242299, -0.0113813494562
3.02, -11.815722726, -1.01074102097, 4.11347666044, -0.00392002082505
3.03, -11.7747557247, -1.01072490713, 4.08582269473, 0.00358067390873
3.04, -11.7340613808, -1.01069997177, 4.05892778716, -0.00144075438944
3.05, -11.69363212, -1.01076331324, 4.03278647699, -0.0107571515016
3.06, -11.6534605251, -1.01086508513, 4.00737452158, -0.00873540614751
3.07, -11.6135393836, -1.01088948339, 3.98267162457, 0.00146810400301
3.08, -11.5738616918, -1.0108622874, 3.95866136035, 0.00281715399984
3.09, -11.5344206431, -1.01086337675, 3.93532486939, -0.00480461048056
3.1, -11.4952096224, -1.01094722235, 3.91264006117, -0.0110335193175
3.11, -11.4562278471, -1.01102827453, 3.88772511475, -0.00528728783948
3.12, -11.4175290929, -1.01102351298, 3.85804735125, 0.00304578729499
3.13, -11.3791225563, -1.01099212648, 3.82919599459, 6.17006810778e-05
3.14, -11.341000462, -1.0110387916, 3.80114144302, -0.00940782474086
3.15, -11.3031548874, -1.01113852609, 3.77387035751, -0.00951032073231
3.16, -11.2655780881, -1.01117620639, 3.74736111908, 0.000142036493408
3.17, -11.2282625408, -1.01113840365, 3.72159495426, 0.00354883835825
3.18, -11.191200937, -1.01113799483, 3.69655262538, -0.00510567491451
3.19, -11.1543861749, -1.01122681476, 3.6722097544, -0.0114726343855
3.2, -11.1178113521, -1.01130731006, 3.64854463853, -0.00475759767177
3.21, -11.0814788909, -1.01129368515, 3.62182820958, 0.00402167335588
3.22, -11.045443439, -1.01126972006, 3.59127155954, 0.000764248220963
3.23, -11.0097091836, -1.01130227587, 3.56154467483, -0.00778616001489
3.24, -10.9742679969, -1.01139274219, 3.53263807656, -0.00940464329573
3.25, -10.9391117044, -1.01143878906, 3.50453927294, -0.00117587221443
3.26, -10.9042323304, -1.01141026984, 3.47722794162, 0.0033016135924
3.27, -10.8696221266, -1.01140138631, 3.45068349946, -0.00352972615383
3.28, -10.8352735645, -1.01147473413, 3.42488115624, -0.0103686426542
3.29, -10.8011793283, -1.01155542574, 3.39979767781, -0.00566592588893
3.3, -10.7673323027, -1.01155438981, 3.37541495355, 0.00292281713629
3.31, -10.7337255738, -1.01151785585, 3.35171683337, 0.00107605198682
3.32, -10.700385641, -1.01155256114, 3.32145526993, -0.00833376692987
3.33, -10.6673535015, -1.01164714776, 3.29095741483, -0.00949640033565
3.34, -10.6346221318, -1.01168808213, 3.26128269526, -0.000236437268871
3.35, -10.6021832221, -1.01164981788, 3.23243720415, 0.0040713835019
3.36, -10.5700285924, -1.01163937072, 3.20440319476, -0.00387992459792
3.37, -10.5381502863, -1.01171866093, 3.17715300554, -0.0109242390571
3.38, -10.5065405765, -1.01179950428, 3.15066181156, -0.00515222915013
3.39, -10.4751919497, -1.01178905064, 3.12491069028, 0.00399988136511
3.4, -10.4440971061, -1.01175903975, 3.09988235898, 0.00182142915222
3.41, -10.4132800818, -1.01177985516, 3.06853163415, -0.00676339404602
3.42, -10.3827836646, -1.01186586319, 3.03677250357, -0.00947043525847
3.43, -10.3526004621, -1.01191567122, 3.00587045618, -0.00156884991644
3.44, -10.3227218213, -1.01188623008, 2.97583107525, 0.00391196285398
3.45, -10.2931392254, -1.01186642378, 2.9466363909, -0.00223859600064
3.46, -10.2638443874, -1.01193022632, 2.91825878733, -0.0098723225424
3.47, -10.2348292589, -1.01201201822, 2.89067215183, -0.00612967182442
3.48, -10.2060860135, -1.012014248, 2.8638560558, 0.00294533946651
3.49, -10.1776070467, -1.01197085169, 2.83779247588, 0.00224497175249
3.5, -10.1493849657, -1.01199278699, 2.81246006094, -0.00721627834395
3.51, -10.1214125876, -1.01208293501, 2.7878340797, -0.00965758088533
3.52, -10.093682928, -1.01212916317, 2.7638943794, -0.0008031430416
3.53, -10.0662203309, -1.01209065277, 2.73360098401, 0.00471073104354
3.54, -10.0390678819, -1.01206787072, 2.70287487079, -0.00239759969518
3.55, -10.0122184799, -1.01213637581, 2.67297926645, -0.0103906849753
3.56, -9.98566375861, -1.0122192714, 2.64391458732, -0.00578866351391
3.57, -9.95939547542, -1.01221357473, 2.6156632253, 0.00394064766072
3.58, -9.93340561368, -1.01217610596, 2.58820482881, 0.00314975739053
3.59, -9.90768638398, -1.01218257885, 2.56151660205, -0.00555599912757
3.6, -9.88224873041, -1.01226446004, 2.53019494433, -0.00974041590949
3.61, -9.85714397879, -1.01232064675, 2.49682565647, -0.0022002344064
3.62, -9.83236829521, -1.01229068699, 2.46435578149, 0.00465989493298
3.63, -9.80791264755, -1.01225728813, 2.43279219394, -0.000646954579121
3.64, -9.78376809342, -1.01231007509, 2.40211366402, -0.00939741174883
3.65, -9.75992592707, -1.01239500205, 2.37229087179, -0.00688564117528
3.66, -9.73637768694, -1.01240247081, 2.34330067, 0.00291531533211
3.67, -9.71311515237, -1.01235055419, 2.31512345266, 0.00371703248167
3.68, -9.69013033156, -1.01235714487, 2.28773701204, -0.0059714926389
3.69, -9.66741545903, -1.01244364903, 2.26111471407, -0.0100222214445
3.7, -9.64496298533, -1.01249712336, 2.23523414703, -0.00147397387656
3.71, -9.62277208913, -1.01246548868, 2.20700563071, 0.00230324530691
3.72, -9.60089595131, -1.01243167646, 2.17432353244, 0.000408047789191
3.73, -9.57934172591, -1.0124689377, 2.14254684033, -0.00783855537526
3.74, -9.5581007846, -1.01254715121, 2.11164540862, -0.00711478488461
3.75, -9.53716439396, -1.01256504946, 2.08160775372, 0.00156702502703
3.76, -9.5165240293, -1.01252030217, 2.05241259194, 0.00382389384628
3.77, -9.49617140748, -1.01251533747, 2.02403671747, -0.00421876523126
3.78, -9.47609848117, -1.01258722974, 1.99645337849, -0.00919809868116
3.79, -9.45629742857, -1.0126441145, 1.96963886185, -0.0026341909359
3.8, -9.43675858323, -1.01261716259, 1.94495993702, 0.00469337799984
3.81, -9.41743446205, -1.01257678942, 1.92543713513, 0.000518296131568
3.82, -9.39830337368, -1.01261706158, 1.90643364365, -0.00834827107742
3.83, -9.37935954136, -1.01269795706, 1.88796918873, -0.00704931097405
3.84, -9.36059769651, -1.01271008831, 1.87001881395, 0.00244431274787
3.85, -9.34201275335, -1.01265729261, 1.85257160952, 0.00436020717098
3.86, -9.32359976576, -1.0126524238, 1.8356151879, -0.00465058674792
3.87, -9.30535392553, -1.01272970542, 1.81913167755, -0.00962626471616
3.88, -9.28727055839, -1.01278564955, 1.80310630493, -0.00209371448603
3.89, -9.26934511819, -1.01275040988, 1.78752914135, 0.00553682530679
3.9, -9.25157318837, -1.01270588829, 1.77239100151, 0.000468179753105
3.91, -9.23391759312, -1.01275098985, 1.76373334574, -0.0090190821059
3.92, -9.21635031868, -1.01283569761, 1.75507424257, -0.00703801811473
3.93, -9.19886828181, -1.01284229811, 1.74667040284, 0.00330587953269
3.94, -9.18146905059, -1.01279582268, 1.73850399674, 0.00401374491802
3.95, -9.16415031094, -1.01278307629, 1.73056742593, -0.00320697781326
3.96, -9.14690981538, -1.01284717907, 1.72285195362, -0.00881872026301
3.97, -9.12974537721, -1.01290599307, 1.71534960635, -0.00321738374692
3.98, -9.11265486736, -1.01288433165, 1.70805666366, 0.00440902899622
3.99, -9.0956362184, -1.01284065838, 1.7009704915, 0.00130349083674
4.0, -9.07868741946, -1.01287143001, 1.69408384924, -0.00751513476142
4.01, -9.06178474793, -1.01294962862, 1.69229919904, -0.00730532747812
4.02, -9.04489155838, -1.01296788526, 1.69146001156, 0.00174821989109
4.03, -9.02800648524, -1.01291748042, 1.69066585521, 0.00460407897583
4.04, -9.01112922566, -1.0129049308, 1.68989840727, -0.00365919345036
4.05, -8.99425956082, -1.01297513077, 1.68915035396, -0.00936377095488
4.06, -8.97739728364, -1.01303466385, 1.68842006768, -0.0028565093327
4.07, -8.9605421864, -1.01300621558, 1.68770990147, 0.00515109970381
4.08, -8.94369406872, -1.012958876, 1.68702274643, 0.00123667701863
4.09, -8.9268527342, -1.01299484114, 1.68635608732, -0.00826050973458
4.1, -8.91001799565, -1.01307818935, 1.68570525218, -0.0074666664216
4.11, -8.8931678959, -1.01309261873, 1.68998246842, 0.00247509479788
4.12, -8.87626751029, -1.01303548461, 1.69503936307, 0.00502006096934
4.13, -8.8593171444, -1.01302449963, 1.69997808571, -0.00426280275262
4.14, -8.84231812199, -1.0131021194, 1.70477884092, -0.0100048426295
4.15, -8.82527180408, -1.01316268828, 1.70944114302, -0.00248129549472
4.16, -8.8081795155, -1.01312723178, 1.71397260977, 0.00589933005161
4.17, -8.79104254352, -1.0130903811, 1.71838055011, 0.00165214113229
4.18, -8.77386213686, -1.01311467408, 1.7226663732, -0.0068471816716
4.19, -8.7566395122, -1.01319049264, 1.72683008628, -0.00753512257458
4.2, -8.73937584955, -1.01321532372, 1.73087528413, 0.000908782788528
4.21, -8.72205522308, -1.01317032796, 1.73914606107, 0.00446880828444
4.22, -8.7046402825, -1.013153727, 1.7486571886, -0.00294277017922
4.23, -8.68713147816, -1.01321796056, 1.7579240249, -0.00908746144746
4.24, -8.66953134246, -1.01328062022, 1.76693121043, -0.00360884689674
4.25, -8.65184242431, -1.01326042444, 1.77568484667, 0.00448759388625
4.26, -8.63406721177, -1.01321390532, 1.78419621562, 0.00164233431856
4.27, -8.61620811841, -1.01324305257, 1.79247109092, -0.00759163976489
4.28, -8.59826749262, -1.0133246868, 1.80051198449, -0.00781168346053
4.29, -8.58024761358, -1.01334702539, 1.80832583521, 0.00151096699796
4.3, -8.56215069744, -1.01329590458, 1.81592261235, 0.00488007825958
4.31, -8.54394601727, -1.01328050629, 1.82936630787, -0.00349673401924
4.32, -8.52561182473, -1.01335223792, 1.84219246842, -0.0097898571708
4.33, -8.50715113285, -1.01341716177, 1.8546716791, -0.00338344656626
4.34, -8.48856742951, -1.01339112413, 1.8668015789, 0.00516823191848
4.35, -8.46986415835, -1.01334143103, 1.87859456974, 0.00152437369097
4.36, -8.45104466571, -1.01337663934, 1.89005906927, -0.00845178501652
4.37, -8.43211220546, -1.01346479649, 1.9012000384, -0.00811146532341
4.38, -8.41306993556, -1.01348445847, 1.91202721585, 0.00214952259262
4.39, -8.39392092698, -1.01342713323, 1.92255330488, 0.00526124246321
4.4, -8.37466816438, -1.01341376314, 1.93278840922, -0.00416236844732
4.41, -8.35531455073, -1.01348347746, 1.94273579353, -0.00823736967634
4.42, -8.33588141948, -1.01355070706, 1.94702420369, -0.00454254810593
4.43, -8.31643019447, -1.01353913619, 1.94827066252, 0.00392962963214
4.44, -8.29696686072, -1.01349163546, 1.94945086364, 0.00224808318669
4.45, -8.27749192733, -1.01351333266, 1.95059489119, -0.00698041236349
4.46, -8.2580057309, -1.01359517268, 1.95170619646, -0.00838803708708
4.47, -8.23850857915, -1.01362690309, 1.95278463895, 0.000529904094985
4.48, -8.21900077595, -1.01358046631, 1.95383397441, 0.00497032186059
4.49, -8.19948261905, -1.01355876804, 1.95485717631, -0.00262335029144
4.5, -8.17995439842, -1.01362517762, 1.95585128052, -0.00972820374624
4.51, -8.16041934419, -1.013696185, 1.95483299162, -0.00438361725125
4.52, -8.14093505907, -1.01367895433, 1.9474602656, 0.00465984778044
4.53, -8.12152255326, -1.01362712653, 1.94033649618, 0.00229136418239
4.54, -8.10218036055, -1.01365350497, 1.93339927306, -0.00773195122059
4.55, -8.0829065589, -1.01374149991, 1.9266543198, -0.00868517716467
4.56, -8.06369922839, -1.01377052091, 1.92009666224, 0.00121272832224
4.57, -8.04455650559, -1.0137285993, 1.91372401392, 0.00389019616146
4.58, -8.02547658319, -1.01370334755, 1.9075320537, -0.00141732384871
4.59, -8.00645770463, -1.01375594997, 1.90151342188, -0.00861958117272
4.6, -7.98749816462, -1.01382635162, 1.89566042246, -0.00521959412126
4.61, -7.96859630188, -1.01382277424, 1.88997000895, 0.00328243912857
4.62, -7.94976392415, -1.01377585504, 1.87989157246, 0.00271511464245
4.63, -7.93106019388, -1.01378950742, 1.86634813721, -0.00612280597757
4.64, -7.91249012294, -1.01386757462, 1.85314832151, -0.0085036202443
4.65, -7.89405019477, -1.0139054486, 1.84030839994, -0.000275824864524
4.66, -7.87573678439, -1.01386386641, 1.82782979983, 0.00495120500064
4.67, -7.85754634634, -1.0138362145, 1.81570399406, -0.00164737482122
4.68, -7.83947543877, -1.01389409623, 1.80391729224, -0.00919834782051
4.69, -7.82152072057, -1.01396649138, 1.79245728475, -0.00499451039449
4.7, -7.80367894021, -1.0139564295, 1.78131674376, 0.00412879660095
4.71, -7.78595607478, -1.01390353659, 1.76677765608, 0.00295110949368
4.72, -7.76841022307, -1.01392005172, 1.74805687462, -0.00672789081018
4.73, -7.75104893178, -1.01400340099, 1.72983115419, -0.00876431168596
4.74, -7.73386733282, -1.01403833909, 1.71210359075, 0.000437985039988
4.75, -7.71686042262, -1.01398854466, 1.69487414063, 0.00564788036808
4.76, -7.70002330831, -1.01395924202, 1.67813076087, -0.00194658130102
4.77, -7.68335123805, -1.01402303006, 1.66185542201, -0.00981318275415
4.78, -7.66683959782, -1.01409714792, 1.64603206415, -0.0046944320861
4.79, -7.6504838984, -1.0140796419, 1.63065027319, 0.00506243882547
4.8, -7.63427977914, -1.01403379438, 1.61570132767, 0.00374595231455
4.81, -7.61822864591, -1.01403591791, 1.59831119717, -0.00516558136481
4.82, -7.60238640803, -1.01411172773, 1.57594681849, -0.00890849154156
4.83, -7.58676433407, -1.01415723226, 1.55419883788, -0.00103301547527
4.84, -7.57135666353, -1.01411695979, 1.53304775054, 0.00547764082038
4.85, -7.55615743184, -1.01407823175, 1.512492635, -0.000305291246263
4.86, -7.54116080171, -1.0141271429, 1.49251378449, -0.00887611511987
4.87, -7.52636110572, -1.01420375374, 1.47309081867, -0.00583358291917
4.88, -7.51175283346, -1.01420007712, 1.4542096379, 0.00394907614545
4.89, -7.49733063151, -1.01414072863, 1.43585889669, 0.00419160933647
4.9, -7.48310271546, -1.01414415393, 1.41347449974, -0.00568022798531
4.91, -7.46912475945, -1.01422521566, 1.38796532392, -0.00921975573354
4.92, -7.45539838049, -1.01426816584, 1.36313358476, -0.000315711679669
4.93, -7.4419167629, -1.0142303625, 1.33899013689, 0.0047256037685
4.94, -7.42867307751, -1.0141847691, 1.31552602785, 0.00117601686334
4.95, -7.41566066165, -1.01421860037, 1.29271996455, -0.00776967068941
4.96, -7.40287304708, -1.01429526246, 1.27054909157, -0.00673585966506
4.97, -7.39030394491, -1.01430457534, 1.24899645747, 0.00276746812347
4.98, -7.3779472438, -1.01424705141, 1.22804836168, 0.00496902352727
4.99, -7.36579700247, -1.0142352485, 1.20768907344, -0.00394376885214
5.0, -7.3538474475, -1.01430668928, 1.18789790185, -0.00916892195312
5.01, -7.34212410033, -1.01435931814, 1.16163331854, -0.00180934242769
5.02, -7.33067118778, -1.01432033926, 1.13481990651, 0.00604247486087
5.03, -7.31948272021, -1.01428245966, 1.10873065639, 0.00179583228284
5.04, -7.30855140831, -1.01430270949, 1.08336991294, -0.00614991964209
5.05, -7.297870063, -1.01436954821, 1.05871788617, -0.00654636307659
5.06, -7.28743168644, -1.01438659321, 1.03475383202, 0.0014697652805
5.07, -7.27722948153, -1.01433884701, 1.01146115579, 0.00462588976568
5.08, -7.26725684254, -1.01431956688, 0.988822595993, -0.00244050122041
5.09, -7.2575073493, -1.01437557911, 0.966816547728, -0.00801299629371
5.1, -7.24798095867, -1.01442764672, 0.942904889567, -0.00265135952704
5.11, -7.23871309558, -1.01440125906, 0.916547808514, 0.00487486553951
