timestamp, prius0 x posi, prius0 y posi, prius0 x vel, prius0 y vel.
0.0, 0.0, 0.0, 0.0, 0.0
0.00999999999999, 24.9969734367, 0.999992858579, -0.140390602122, 0.00537601494859
0.02, 24.995434081, 1.00002793171, -0.172158297543, -0.000350652289184
0.03, 24.9935737744, 0.999993055207, -0.204459365358, -0.00623324492283
0.04, 24.9913912394, 0.999951528859, -0.236635634492, -0.00222045292526
0.05, 24.9888875549, 0.999980597398, -0.268688368149, 0.00525122945847
0.06, 24.9860635606, 1.00004126697, -0.300849118565, 0.0037731947236
0.07, 24.9829151367, 1.00004116329, -0.333394515683, -0.00431462853781
0.08, 24.9794422139, 0.999989010845, -0.365760050957, -0.00539414190596
0.09, 24.9756359361, 0.999983479866, -0.403253700918, 0.00292768294759
0.1, 24.9713872458, 1.00003326488, -0.450247890698, 0.00447164733416
0.11, 24.9666680662, 1.00006344032, -0.49716299144, 0.00279397882323
0.12, 24.9614806032, 1.00006928496, -0.544107437922, 0.000270034588954
0.13, 24.9558201925, 1.00006613283, -0.591583748824, 0.00115333534536
0.14, 24.9496857007, 1.00008915227, -0.639202424749, 0.00446552568665
0.15, 24.943072195, 1.00013183864, -0.687149060948, 0.00465093773047
0.16, 24.9359803263, 1.00015348183, -0.735095375926, 0.00127934116925
0.17, 24.9284059387, 1.00014865919, -0.783414187327, 0.000112134781431
0.18, 24.9203498727, 1.00015819097, -0.831458466892, 0.00334788837881
0.19, 24.9118137855, 1.00020150257, -0.879664768703, 0.00582030991754
0.2, 24.9027920893, 1.00024346665, -0.928556957893, 0.0035267344244
0.21, 24.8932802719, 1.00025214342, -0.97720712032, 0.00037488053114
0.22, 24.8832829684, 1.00025233216, -1.02602429567, 0.00177637781305
0.23, 24.872799306, 1.00028485739, -1.07448167165, 0.0055869100265
0.24, 24.8618273398, 1.00033818511, -1.12350379451, 0.00557316512711
0.25, 24.8503656248, 1.00036692411, -1.17271666653, 0.00183096764562
0.26, 24.8384099538, 1.00036770265, -1.22202744166, 0.000751150801472
0.27, 24.825963135, 1.00038590357, -1.27093524357, 0.00439495275616
0.28, 24.8130281126, 1.00044051517, -1.31990689453, 0.00693841246353
0.29, 24.7996009613, 1.00049182141, -1.36908368716, 0.00429772019582
0.3, 24.7856835247, 1.00050702506, -1.41801324629, 0.00102197469378
0.31, 24.7712793386, 1.00051543771, -1.4662413707, 0.00279948710029
0.32, 24.7563920734, 1.00056024617, -1.51497498991, 0.00692279248665
0.33, 24.741015677, 1.00062605191, -1.56399641619, 0.00667223628361
0.34, 24.7251454003, 1.00066343536, -1.61363146233, 0.00254184124532
0.35, 24.7087817389, 1.00067159131, -1.6625025021, 0.00159818420855
0.36, 24.6919241639, 1.00070076384, -1.71262043726, 0.00567246945273
0.37, 24.6745629831, 1.00076857636, -1.76316846719, 0.00818947171652
0.38, 24.656698517, 1.00082989505, -1.81331161524, 0.0050829565344
0.39, 24.638333699, 1.00085163897, -1.86346984292, 0.00166664777637
0.4, 24.6194649206, 1.00086855708, -1.91386020407, 0.00387782523523
0.41, 24.600093819, 1.0009263833, -1.96397132236, 0.00833000557682
0.42, 24.5802233365, 1.00100492031, -2.01394455076, 0.00775964375672
0.43, 24.5598508065, 1.00105058076, -2.06416332569, 0.00321172849315
0.44, 24.5389725151, 1.0010657658, -2.11496848525, 0.00243200979109
0.45, 24.517586685, 1.00110618015, -2.16601738654, 0.00701960388046
0.46, 24.4956888644, 1.00118814459, -2.21710970432, 0.00954532076341
0.47, 24.4732815411, 1.00126022259, -2.26813873489, 0.00590581243665
0.48, 24.4503615045, 1.00128852516, -2.31941446241, 0.0022996740564
0.49, 24.4269309218, 1.00131406741, -2.37026904382, 0.00498403101872
0.5, 24.4029936975, 1.00138525239, -2.4209054195, 0.00976051260699
0.51, 24.3785466073, 1.00147652217, -2.47207237116, 0.00882621343185
0.52, 24.3535913801, 1.00153018727, -2.52233804369, 0.00386362800744
0.53, 24.3281286383, 1.00155264235, -2.57364878272, 0.00331812645288
0.54, 24.3021553648, 1.00160469491, -2.62478710125, 0.00837797069588
0.55, 24.2756686834, 1.00170046016, -2.6761185958, 0.0108349226518
0.56, 24.2486651365, 1.00178266226, -2.72807234256, 0.0066919808714
0.57, 24.2211449736, 1.00181780586, -2.7795031447, 0.00300937842731
0.58, 24.1931113386, 1.001852845, -2.83103544145, 0.00616454300246
0.59, 24.1645611302, 1.00193767523, -2.88255831026, 0.0111820951949
0.6, 24.1354988708, 1.00204136432, -2.93324962507, 0.0098446467769
0.61, 24.1059364153, 1.00210247471, -2.98302347519, 0.00445103409109
0.62, 24.0758730219, 1.00213152949, -3.03346120213, 0.00415087003117
0.63, 24.0453019807, 1.00219524979, -3.08461045916, 0.00977903047857
0.64, 24.0142185867, 1.00230523096, -3.13581624841, 0.0121402630379
0.65, 23.9826214554, 1.0023970582, -3.18698647198, 0.00736212081314
0.66, 23.9505125837, 1.00243724819, -3.23869004919, 0.00351069831907
0.67, 23.9178874461, 1.00248018414, -3.29000611638, 0.00724804697787
0.68, 23.8847524358, 1.00257838676, -3.34069559566, 0.0126039239778
0.69, 23.8511138573, 1.00269396841, -3.39069016337, 0.0107456585964
0.7, 23.8169804503, 1.00276062573, -3.43955916142, 0.00481849935956
0.71, 23.7823664142, 1.00279453428, -3.4868845124, 0.00484881403711
0.72, 23.7472868452, 1.00286862877, -3.53272846252, 0.0110352967952
0.73, 23.7117563011, 1.00299097499, -3.57713792282, 0.0132181165682
0.74, 23.675788908, 1.00308988937, -3.62015204809, 0.00776643248409
0.75, 23.6393983815, 1.00313283792, -3.66181700804, 0.00380859304475
0.76, 23.6025979296, 1.0031818029, -3.70219022312, 0.0081242636467
0.77, 23.5654002309, 1.0032908269, -3.7413173401, 0.0137146876301
0.78, 23.5278175531, 1.00341492069, -3.77923223738, 0.0112859080367
0.79, 23.489861844, 1.00348372958, -3.81596729021, 0.00485077504881
0.8, 23.4515446667, 1.00351924707, -3.85157013193, 0.00521780986296
0.81, 23.4128771121, 1.00360056416, -3.88608733378, 0.0119705243167
0.82, 23.3738698573, 1.00373192687, -3.91955100242, 0.0139359668032
0.83, 23.3345332943, 1.0038340981, -3.95198597649, 0.007771027519
0.84, 23.2948775383, 1.00387590317, -3.98342608331, 0.00373267613035
0.85, 23.2549123184, 1.00392751237, -4.01391681704, 0.00869006761037
0.86, 23.2146469561, 1.00404437387, -4.04349110645, 0.0145239569252
0.87, 23.1740904841, 1.00417364486, -4.0721709771, 0.0114682563311
0.88, 23.1332517276, 1.0042409047, -4.09997807359, 0.0045222176586
0.89, 23.0921392305, 1.00427479987, -4.1269505084, 0.00530475341998
0.9, 23.050761165, 1.00436084021, -4.1531240944, 0.0126725039154
0.91, 23.0091253946, 1.00449867464, -4.17852036952, 0.0143752009514
0.92, 22.967239599, 1.00460098813, -4.20315451413, 0.00745126856482
0.93, 22.9251112714, 1.00463857955, -4.2270520838, 0.00338164847923
0.94, 22.8827476045, 1.00469054337, -4.25024996266, 0.0090622407224
0.95, 22.8401554729, 1.00481334935, -4.27277149534, 0.0151344023471
0.96, 22.7973415524, 1.00494541672, -4.29463004083, 0.0113840278112
0.97, 22.7543123938, 1.00500834702, -4.31583962931, 0.00392621852899
0.98, 22.7110743393, 1.00503836575, -4.33643160175, 0.00520891157929
0.99, 22.6676334346, 1.00512761956, -4.35643353274, 0.0132370133034
1.0, 22.6239954957, 1.00527028432, -4.37585903591, 0.0146207440634
1.01, 22.5801662291, 1.00537044477, -4.39471628318, 0.00688756103912
1.02, 22.5361512198, 1.00540158454, -4.41302508522, 0.0028408451402
1.03, 22.4919558143, 1.00545249046, -4.43081590001, 0.00932800186516
1.04, 22.447585108, 1.00558018281, -4.44810473687, 0.0156243787748
1.05, 22.4030440655, 1.00571339626, -4.46489862437, 0.01110227794
1.06, 22.3583375838, 1.00576991042, -4.48120626899, 0.00313333627366
1.07, 22.3134704046, 1.00579454272, -4.49705427602, 0.00500650521539
1.08, 22.2684470277, 1.00588625556, -4.51246385021, 0.0137364148122
1.09, 22.2232717829, 1.00603277463, -4.52744272371, 0.0147336305059
1.1, 22.1779489443, 1.00612906852, -4.54199410292, 0.00613699093531
1.11, 22.1324827093, 1.0061521225, -4.55613397633, 0.00217340368373
1.12, 22.0868770821, 1.00620121391, -4.5698880039, 0.00955264258296
1.13, 22.0411358659, 1.00633334583, -4.58326657536, 0.0160497922757
1.14, 21.9952627821, 1.00646655964, -4.59627217462, 0.0106697943659
1.15, 21.9492615261, 1.00651504725, -4.60890994356, 0.00219312081953
1.16, 21.9031356738, 1.0065333219, -4.62120326575, 0.00475373443917
1.17, 21.8568886, 1.00662729267, -4.63316836849, 0.0142228847078
1.18, 21.810523554, 1.00677714989, -4.64480864825, 0.0147544499599
1.19, 21.7640437674, 1.00686824326, -4.65612388451, 0.00523705429617
1.2, 21.7174524264, 1.00688199265, -4.66712769204, 0.00142441726496
1.21, 21.6707525548, 1.00692899232, -4.67784209986, 0.00978407576338
1.22, 21.6239470138, 1.00706555177, -4.68827315375, 0.0164487238975
1.23, 21.5770386193, 1.00719794566, -4.69842013093, 0.0101156539663
1.24, 21.5300301884, 1.00723710221, -4.70828592522, 0.00113881688006
1.25, 21.4829244437, 1.00724843175, -4.7178917776, 0.00449177394328
1.26, 21.4357239365, 1.00734486312, -4.72724992927, 0.0147334569837
1.27, 21.3884311265, 1.00749784808, -4.73636058708, 0.0147081937815
1.28, 21.3410484822, 1.00758263497, -4.74522125857, 0.00421062477696
1.29, 21.2935784446, 1.00760019132, -4.75384547622, 0.00142273992394
1.3, 21.2460233138, 1.00763566906, -4.76224826967, 0.00799821993012
1.31, 21.1983852797, 1.00775682706, -4.77043584045, 0.0155095921287
1.32, 21.1506664829, 1.00789136186, -4.77840668507, 0.0111546298869
1.33, 21.1028690764, 1.00794224189, -4.78616112626, 0.00196547045825
1.34, 21.0549951573, 1.00795050167, -4.79371511051, 0.00321895021969
1.35, 21.0070466886, 1.00802897082, -4.80108032511, 0.0129527142137
1.36, 20.9590255496, 1.00817393946, -4.80825633651, 0.0148912239383
1.37, 20.9109336272, 1.00826915949, -4.81524015001, 0.00556116680859
1.38, 20.8627728058, 1.00827912315, -4.82203923082, 0.000367902190845
1.39, 20.8145448705, 1.00831034286, -4.8286703256, 0.00805451581423
1.4, 20.7662514915, 1.00843502454, -4.83513619169, 0.0158917027325
1.41, 20.7178943167, 1.0085689775, -4.84143372263, 0.010628208323
1.42, 20.6694750186, 1.00861016269, -4.8475623658, 0.000810348086917
1.43, 20.6209952195, 1.00862357891, -4.85353771157, 0.00219914493503
1.44, 20.5724564383, 1.0086850927, -4.85936674735, 0.0111176423408
1.45, 20.5238601281, 1.00881999359, -4.86505006471, 0.0148041495341
1.46, 20.4752077418, 1.00892389081, -4.87058449676, 0.00687068756677
1.47, 20.4265007427, 1.00894173509, -4.87597409598, 0.000362853347552
1.48, 20.3777405271, 1.00896137267, -4.88123314271, 0.00617094942723
1.49, 20.3289283938, 1.00906864537, -4.8863649088, 0.0147093155165
1.5, 20.2800656152, 1.00920300461, -4.89136620271, 0.0115928341308
1.51, 20.231153488, 1.00925651281, -4.89623529107, 0.00177994035024
1.52, 20.1821932881, 1.00925440046, -4.90098330654, 0.00156310486731
1.53, 20.1331862, 1.00931526075, -4.90561962287, 0.0114350266797
1.54, 20.0841333468, 1.00945343886, -4.91014201951, 0.0149230084788
1.55, 20.0350358655, 1.0095529005, -4.91454666741, 0.0059718977807
1.56, 19.9858949099, 1.00956786275, -4.91892611391, 0.00266692855579
1.57, 19.9367115618, 1.0095858341, -4.92302800286, 0.00495714333744
1.58, 19.8874868467, 1.00967613513, -4.92711829808, 0.0130296827783
1.59, 19.8382217579, 1.00980277661, -4.93110664866, 0.0117326095945
1.6, 19.7889173063, 1.00986560583, -4.9349913319, 0.00299267843934
1.61, 19.7395744943, 1.00986905551, -4.93878011253, 0.00128130270308
1.62, 19.6901942584, 1.00991676993, -4.94248141285, 0.00954397604523
1.63, 19.6407774814, 1.01003926693, -4.94609363468, 0.0140115591198
1.64, 19.5913250517, 1.01014121908, -4.94961350596, 0.00702515416513
1.65, 19.5418378726, 1.0101593159, -4.95304329621, 4.91664850284e-05
1.66, 19.4923168095, 1.01016933768, -4.95639349997, 0.00473735354519
1.67, 19.4427626613, 1.01026146211, -4.95966619029, 0.013378244116
1.68, 19.3931762087, 1.01038889766, -4.96285773513, 0.0114423765813
1.69, 19.343558253, 1.01044392706, -4.96596641514, 0.00192443581776
1.7, 19.2939095898, 1.01043782926, -4.96899998436, 0.000608373519135
1.71, 19.2442309556, 1.01048424894, -4.97196563492, 0.00980676187363
1.72, 19.1945230438, 1.01061008463, -4.97486056869, 0.0141922063852
1.73, 19.144786558, 1.01070858064, -4.9776813329, 0.00622939202061
1.74, 19.0950222177, 1.01071624181, -4.98043048547, -0.000988851652439
1.75, 19.0452307085, 1.01072042944, -4.98311797916, 0.00461494097607
1.76, 18.9954126585, 1.01081541853, -4.98574442811, 0.013816449493
1.77, 18.9455686853, 1.01094398735, -4.98830563506, 0.0111362661953
1.78, 18.8956994275, 1.01099071629, -4.99080018039, 0.000799588613327
1.79, 18.8458055175, 1.01098937878, -4.99323626968, 4.48325486411e-05
1.8, 18.7958875389, 1.01102087178, -4.99561814925, 0.00791202012447
1.81, 18.7459460452, 1.01113332385, -4.99794436371, 0.0136471984599
1.82, 18.6959815914, 1.01123738706, -5.0002116084, 0.00745207164863
1.83, 18.6459947464, 1.01125530021, -5.0024212811, -0.000552712562922
1.84, 18.5959860599, 1.01125191578, -5.00458162641, 0.0029751095402
1.85, 18.5459560352, 1.01132846884, -5.00669415349, 0.012269995378
1.86, 18.495905162, 1.01145305005, -5.00875484197, 0.0117360255736
1.87, 18.4458339443, 1.01151170798, -5.01076219014, 0.00202161048737
1.88, 18.395742888, 1.0114984537, -5.01272193951, -0.000788268340521
1.89, 18.3456324618, 1.01152745253, -5.01464009675, 0.00810162117627
1.9, 18.2955031034, 1.01164339255, -5.0165134646, 0.0139092538581
1.91, 18.2453552565, 1.01174499462, -5.01833880782, 0.0067376778378
1.92, 18.195189377, 1.01175248929, -5.02011804721, -0.00165928659396
1.93, 18.1450059018, 1.01175577006, -5.02185904742, 0.00215746923786
1.94, 18.0948052342, 1.01181663714, -5.02356143693, 0.0104580263016
1.95, 18.044587768, 1.01192996703, -5.02522247999, 0.011447443478
1.96, 17.9943539029, 1.01199558409, -5.02684092801, 0.00323902217201
1.97, 17.9441040406, 1.01199083439, -5.02842095895, -0.00061750629959
1.98, 17.8938385591, 1.01201023162, -5.02996770938, 0.00637462538617
1.99, 17.8435578119, 1.01210883374, -5.0314788853, 0.0126061796885
2.0, 17.7932621532, 1.01220890435, -5.03295159845, 0.00750865507702
2.01, 17.742951944, 1.01222807071, -5.03438733025, -0.000622754124564
2.02, 17.6926275357, 1.01221773298, -5.03579211183, 0.00175018650538
2.03, 17.6422892526, 1.01227926678, -5.03716682728, 0.0107874318676
2.04, 17.5919374107, 1.01239451843, -5.03850757856, 0.0113505882284
2.05, 17.5415723308, 1.01245402971, -5.03981364185, 0.00227039697092
2.06, 17.4911943346, 1.01243930553, -5.04108947891, -0.00143756243719
2.07, 17.4408037243, 1.01245569248, -5.04233944687, 0.00650197872576
2.08, 17.3904007842, 1.01255765019, -5.04356037625, 0.0129084753559
2.09, 17.3399858005, 1.01265618386, -5.04474955587, 0.006908619937
2.1, 17.2895590619, 1.01266571495, -5.04590914279, -0.00170063080429
2.11, 17.2391208495, 1.01264802708, -5.04704487298, 0.00143200434117
2.12, 17.1886714238, 1.01271127007, -5.04815658532, 0.011218077094
2.13, 17.1382110411, 1.01282898365, -5.04924001255, 0.0112594311618
2.14, 17.0877399593, 1.01288199608, -5.05029516241, 0.00124357354948
2.15, 17.0372584351, 1.01285699054, -5.05132678314, -0.00224911676097
2.16, 16.9867667103, 1.01287096874, -5.05233836108, 0.00671962661484
2.17, 16.9362650161, 1.01297704417, -5.05332587558, 0.01325507084
2.18, 16.8857535847, 1.01307388428, -5.05428696508, 0.00624984549445
2.19, 16.8352326463, 1.01308114046, -5.05523589856, 0.000496092077254
2.2, 16.7847024239, 1.01305969235, -5.05614361339, -6.15669885633e-06
2.21, 16.7341631301, 1.0131051233, -5.05704349626, 0.0096096590196
2.22, 16.6836149743, 1.01321736183, -5.05792035947, 0.011692599589
2.23, 16.6330581632, 1.01328167531, -5.05877404741, 0.00251961562405
2.24, 16.5824928992, 1.01326095761, -5.05960868865, -0.00277314454669
2.25, 16.531919378, 1.01325966568, -5.06042765144, 0.00471576340445
2.26, 16.4813377891, 1.01335095368, -5.06122745531, 0.0125848685721
2.27, 16.4307483221, 1.0134530541, -5.06200536839, 0.00753160492268
2.28, 16.3801511582, 1.0134637906, -5.06276422884, -0.00224884959068
2.29, 16.3295464756, 1.01344558388, -5.06350829932, -0.00105821227518
2.3, 16.2789344467, 1.01347384268, -5.06423732584, 0.00776360582215
2.31, 16.2283152443, 1.01357598676, -5.06494765844, 0.0116095107362
2.32, 16.177689036, 1.01364900072, -5.06563885186, 0.00382938645428
2.33, 16.1270559803, 1.01363610227, -5.06631470214, -0.00278684037642
2.34, 16.0764162337, 1.01362315459, -5.06697822107, 0.00283042706549
2.35, 16.0257699523, 1.01369709938, -5.06762656572, 0.0114173617188
2.36, 15.9751172935, 1.01379978051, -5.06825666527, 0.00851429930376
2.37, 15.9244584005, 1.0138229488, -5.0688712612, -0.00127358257824
2.38, 15.8737934125, 1.01378929442, -5.06947439252, -0.00169610673659
2.39, 15.8231224697, 1.01381687198, -5.07006585759, 0.00808348879379
2.4, 15.7724457179, 1.01392243458, -5.07064110335, 0.0117535201623
2.41, 15.7217632929, 1.01399130876, -5.07120050332, 0.00296049498634
2.42, 15.6710753163, 1.01397568936, -5.07173423457, -0.000485328486401
2.43, 15.6203819145, 1.01396107346, -5.07228655877, 0.00162042073521
2.44, 15.5696832156, 1.01401818904, -5.07281237509, 0.00976271276448
2.45, 15.5189793509, 1.01411346129, -5.07332309439, 0.00868673645377
2.46, 15.4682704353, 1.01414618262, -5.07382120531, -4.65137445832e-05
2.47, 15.4175565762, 1.01411813272, -5.07431025249, -0.00197710482272
2.48, 15.3668378867, 1.01413262561, -5.07479005885, 0.00620775077482
2.49, 15.3161144891, 1.01422277199, -5.07525662752, 0.0108764110045
2.5, 15.2653864963, 1.01429445474, -5.07570997238, 0.00404005600201
2.51, 15.2146540023, 1.01428213039, -5.07615430333, -0.00308639293887
2.52, 15.1639171035, 1.01425959125, -5.07659135672, 0.00140118409802
2.53, 15.1131759092, 1.01431862033, -5.07701804586, 0.0101311615093
2.54, 15.0624305319, 1.01441499283, -5.07743142607, 0.00843318459919
2.55, 15.0116810603, 1.01444022158, -5.07783508612, -0.00109226984326
2.56, 14.9609275744, 1.01440270986, -5.07823245374, -0.00264964162845
2.57, 14.9101701669, 1.01441591547, -5.07862238764, 0.00647759867157
2.58, 14.8594089454, 1.01450960491, -5.07900039554, 0.0110887039631
2.59, 14.8086440024, 1.01457817936, -5.07936733077, 0.00327702844339
2.6, 14.7578754285, 1.014555612, -5.07971641443, -0.00411659220384
2.61, 14.7071036131, 1.01452722936, -5.08000929567, 0.00127676683381
2.62, 14.6563292215, 1.0145892029, -5.08024988759, 0.0105890211729
2.63, 14.6055527079, 1.01468701403, -5.08042869754, 0.00816280904765
2.64, 14.5547747414, 1.01470422487, -5.08054621848, -0.00219864072364
2.65, 14.5039957408, 1.01467148252, -5.08062983181, -0.00321730044562
2.66, 14.4532162897, 1.01466977163, -5.08063894471, 0.00459289845491
2.67, 14.4024371116, 1.01475030726, -5.08058790136, 0.0105753079042
2.68, 14.351658613, 1.01482474929, -5.08050509552, 0.00452360904452
2.69, 14.300881102, 1.0148125287, -5.08037651958, -0.00368178765499
2.7, 14.2501057741, 1.01477651914, -5.07992046246, -0.000366473667124
2.71, 14.199339108, 1.01482013733, -5.07862588023, 0.00906188337666
2.72, 14.1485929072, 1.01491423188, -5.07574226254, 0.00879035485342
2.73, 14.097887129, 1.0149435459, -5.07006159712, -0.000972640399382
2.74, 14.0472539623, 1.01489882282, -5.06192882498, -0.00407324644199
2.75, 13.9967089285, 1.01489441375, -5.05213495071, 0.00476096525633
2.76, 13.9462736109, 1.01497841106, -5.04069521837, 0.0108378981428
2.77, 13.8959737265, 1.01505048596, -5.02464965946, 0.00381086761538
2.78, 13.8458428356, 1.01503575712, -5.00705791385, -0.00154337454829
2.79, 13.7958922403, 1.01499578228, -4.98867793682, -0.00184557035708
2.8, 13.7461337307, 1.01502102997, -4.96804097327, 0.00737353431424
2.81, 13.6966016967, 1.0151090442, -4.94415543784, 0.00915269958534
2.82, 13.6473128702, 1.0151489255, -4.9193757588, 0.000204783036677
2.83, 13.5982779819, 1.01511929771, -4.8930031076, -0.00306880363989
2.84, 13.5495172113, 1.01509564097, -4.86499669716, 0.00106986597011
2.85, 13.5010395082, 1.01514382524, -4.83647794835, 0.00832747439867
2.86, 13.4528512472, 1.01521762671, -4.80707129544, 0.00607376030016
2.87, 13.4049614381, 1.01522564008, -4.77644225856, -0.0021557306283
2.88, 13.3573894916, 1.01518447894, -4.74358980626, -0.00273432283296
2.89, 13.3101562889, 1.01519288586, -4.70904103223, 0.00537406665621
2.9, 13.2632721649, 1.01526730197, -4.67315150457, 0.00861597598213
2.91, 13.2167638818, 1.01531265789, -4.63431965637, 0.00135821265519
2.92, 13.1706523253, 1.01528007889, -4.59413739951, -0.00447865751495
2.93, 13.1249441405, 1.01525001243, -4.55316379925, 0.000873599686527
2.94, 13.0796611784, 1.01529973463, -4.50971883512, 0.00857330654789
2.95, 13.0348115771, 1.01537263722, -4.4665894302, 0.00556715374258
2.96, 12.9903953559, 1.01537116526, -4.42260492833, -0.00333772500705
2.97, 12.9464258142, 1.01532041262, -4.37725953362, -0.00335218142604
2.98, 12.9029162483, 1.01532810907, -4.33066930899, 0.00565287478116
2.99, 12.8598807724, 1.01540532191, -4.28247905019, 0.00866384308988
3.0, 12.8173352038, 1.01544546425, -4.23241819266, 0.00037153416038
3.01, 12.7753015081, 1.01540897696, -4.18060423121, -0.00240043020544
3.02, 12.7337862875, 1.01537672763, -4.12842641694, -0.000312801703424
3.03, 12.6928052173, 1.01541006403, -4.07420362633, 0.00694153843618
3.04, 12.6523665981, 1.01547527444, -4.01968167477, 0.00566071177434
3.05, 12.6124787824, 1.0154823817, -3.96408936076, -0.0022235610053
3.06, 12.5731576605, 1.01543645763, -3.9064536761, -0.00367865011758
3.07, 12.5344137981, 1.01543119715, -3.84894936682, 0.00380591759194
3.08, 12.4962421148, 1.01549309062, -3.79232856227, 0.00773914400448
3.09, 12.4586463187, 1.01553547124, -3.7334936005, 0.00136476001193
3.1, 12.421636843, 1.01550199789, -3.67516065768, -0.0048480629828
3.11, 12.3852064615, 1.0154628967, -3.61758761093, -0.000460956871087
3.12, 12.3493469855, 1.01549812849, -3.56097807484, 0.00723827977669
3.13, 12.3140531731, 1.01556344163, -3.504695517, 0.00530413199776
3.14, 12.2793220255, 1.01556267417, -3.44848533112, -0.00323662154038
3.15, 12.2451430013, 1.0155084, -3.39384907742, -0.00420759128445
3.16, 12.2115161424, 1.01550311499, -3.33821709907, 0.0041854455697
3.17, 12.1784427134, 1.01556907708, -3.28302199421, 0.00797747007147
3.18, 12.1459202392, 1.01560764608, -3.2278103774, 0.000533143895754
3.19, 12.1139541629, 1.01556474095, -3.17173811613, -0.00559095082438
3.2, 12.0825516303, 1.01552594968, -3.11552448236, 0.000295243489241
3.21, 12.0517154611, 1.01557410536, -3.05820269509, 0.00866454740683
3.22, 12.0214512669, 1.01564771041, -3.00112950371, 0.00541755363026
3.23, 11.9917596161, 1.01564011595, -2.94392296452, -0.00437041431446
3.24, 11.9626351381, 1.01559040226, -2.88753624821, -0.00458904241557
3.25, 11.9340742537, 1.01557494823, -2.83137589806, 0.00291338374139
3.26, 11.906075056, 1.01563299121, -2.7752183694, 0.00780830243111
3.27, 11.8786332542, 1.01567837414, -2.71963885207, 0.001656110836
3.28, 11.8517479357, 1.01564284919, -2.6639860424, -0.00558343925252
3.29, 11.825417022, 1.01559157937, -2.60851811092, -0.00183981267149
3.3, 11.7996416334, 1.01561679417, -2.55312607302, 0.00671693717811
3.31, 11.7744170658, 1.01568265295, -2.498172117, 0.00567668207812
3.32, 11.7497426864, 1.01568357687, -2.44312694427, -0.00345038964631
3.33, 11.725624972, 1.01562074893, -2.3871227115, -0.00550328750749
3.34, 11.7020633482, 1.01560211392, -2.33184877398, 0.00304751864231
3.35, 11.6790518871, 1.01566302879, -2.27687214598, 0.00801288997554
3.36, 11.656589478, 1.01570555924, -2.22208219475, 0.000944471153045
3.37, 11.6346745918, 1.01566818399, -2.1672691896, -0.00336362544938
3.38, 11.6133063175, 1.01561569066, -2.11275301136, -0.0029319532404
3.39, 11.5924831485, 1.0156265639, -2.0585304437, 0.00543270531349
3.4, 11.5722026993, 1.01568901266, -2.00425174313, 0.00623526319492
3.41, 11.5524617425, 1.01570168012, -1.95051287607, -0.0020809435964
3.42, 11.5332550897, 1.01564700195, -1.89741836187, -0.00524519108597
3.43, 11.5145778627, 1.01562644418, -1.84472019811, 0.00275531771954
3.44, 11.49642147, 1.01568984722, -1.79319304761, 0.0088234211368
3.45, 11.4787745562, 1.01574597117, -1.74280200279, 0.00244173421938
3.46, 11.461625698, 1.01571051157, -1.69356070909, -0.00630639293027
3.47, 11.4449633144, 1.01566024428, -1.64548982726, -0.00372687980057
3.48, 11.4287755545, 1.01566017517, -1.59862142802, 0.00435369581851
3.49, 11.4130501853, 1.01571773001, -1.55299426651, 0.00635467738541
3.5, 11.3977745044, 1.01573714659, -1.50865550622, -0.00119364144433
3.51, 11.3829354072, 1.01568564825, -1.46564149224, -0.00565231094299
3.52, 11.3685195317, 1.0156505391, -1.42397563847, 0.000699417318799
3.53, 11.3545133042, 1.01569541711, -1.38367975785, 0.00762595832971
3.54, 11.3409030752, 1.01575172137, -1.34472108906, 0.00344884653391
3.55, 11.3276756297, 1.0157292508, -1.30706986181, -0.00516300360155
3.56, 11.3148192601, 1.01566704778, -1.27046880251, -0.00391546140016
3.57, 11.3023233447, 1.01567266178, -1.23495298869, 0.00548134509242
3.58, 11.2901778145, 1.01574269254, -1.20038629526, 0.00741527031175
3.59, 11.2783727384, 1.01576553634, -1.16680486133, -0.00151603221608
3.6, 11.2668984562, 1.01571817799, -1.13421407577, -0.00489336499554
3.61, 11.2557457104, 1.01567651772, -1.10246577996, -0.000689200920624
3.62, 11.2449054282, 1.01570824258, -1.07168214349, 0.00678132825765
3.63, 11.2343688428, 1.01576697515, -1.04173309415, 0.00456101314943
3.64, 11.2241274503, 1.01575921538, -1.01259591521, -0.00380666368579
3.65, 11.2141728828, 1.01570092923, -0.984343505289, -0.00446510944581
3.66, 11.2044970067, 1.01569296389, -0.956840786146, 0.00383712036629
3.67, 11.1950919073, 1.01575328307, -0.930151344818, 0.00728523775241
3.68, 11.1859497128, 1.01578482312, -0.904239269867, -8.73321686397e-05
3.69, 11.1770626638, 1.01573678166, -0.879099994191, -0.00606129986829
3.7, 11.1684230837, 1.0156912527, -0.854725564575, -0.000590242029787
3.71, 11.1600234228, 1.01572738527, -0.831100225116, 0.00732022589445
3.72, 11.151856277, 1.01578819751, -0.808205488854, 0.00437625246151
3.73, 11.143914394, 1.01577391699, -0.786025413699, -0.00468800276564
3.74, 11.1361907769, 1.0157089347, -0.76453077777, -0.00477872025208
3.75, 11.1286788091, 1.01570316743, -0.743678918339, 0.00441535690495
3.76, 11.1213723, 1.01576890241, -0.72342788795, 0.00759204696904
3.77, 11.1142653356, 1.01579790832, -0.703754259233, -0.000790462500347
3.78, 11.1073522118, 1.01574057504, -0.68463910471, -0.00694814511277
3.79, 11.1006275035, 1.01569096415, -0.666053194903, -0.000499756024226
3.8, 11.0940860736, 1.01573224192, -0.647970288057, 0.00802143463555
3.81, 11.0877229722, 1.01579697021, -0.630372863486, 0.00438112812061
3.82, 11.081533351, 1.01577762281, -0.613253388909, -0.00546605708388
3.83, 11.0755125339, 1.01572063234, -0.596592863248, -0.00498157543372
3.84, 11.0696560661, 1.01570381919, -0.580371814155, 0.00292363853219
3.85, 11.0639596649, 1.01575998153, -0.564571902529, 0.00740035542756
3.86, 11.0584191499, 1.01579792335, -0.5491843825, 0.000768304254147
3.87, 11.0530303995, 1.01575473191, -0.534204657438, -0.00608215153916
3.88, 11.0477894248, 1.01570219411, -0.519617446867, -0.00168479779082
3.89, 11.042692406, 1.01572887514, -0.505406503787, 0.00677415479697
3.9, 11.0377356277, 1.01579169298, -0.491561855199, 0.00513687710653
3.91, 11.0329153917, 1.01578601062, -0.47808379629, -0.00401713438023
3.92, 11.028228068, 1.01572050415, -0.464964262518, -0.00542754210084
3.93, 11.0236701751, 1.0157048424, -0.452187931238, 0.00345175625176
3.94, 11.0192383652, 1.01576718004, -0.439742138214, 0.00790064551534
3.95, 11.0149293284, 1.01580512623, -0.427623869641, 0.000346991436324
3.96, 11.010739772, 1.01575526915, -0.415832527102, -0.0067440232092
3.97, 11.0066665091, 1.01570046673, -0.404355243053, -0.00146565398084
3.98, 11.0027064978, 1.01573334148, -0.393178134064, 0.00754248298553
3.99, 10.9988567732, 1.01580070394, -0.38229337611, 0.00517926001589
4.0, 10.9951143599, 1.01579023191, -0.371704258768, -0.00479684967305
4.01, 10.9914763308, 1.0157182498, -0.361404224255, -0.00576678724715
4.02, 10.9879398934, 1.01570487947, -0.351379158077, 0.00408917502449
4.03, 10.9845023726, 1.01577409409, -0.341617902878, 0.00841546198597
4.04, 10.9811611052, 1.01581154676, -0.332120255205, -0.000166367765039
4.05, 10.9779134258, 1.01576597963, -0.322886448892, -0.00582585811864
4.06, 10.9747567798, 1.01570541487, -0.313905714453, -0.00285271918398
4.07, 10.9716887196, 1.01572439977, -0.305165643001, 0.00660002280255
4.08, 10.9687068854, 1.01579402134, -0.29665805428, 0.00634182963116
4.09, 10.9658089045, 1.01579903678, -0.28838609677, -0.00339413775849
4.1, 10.9629924271, 1.01573041757, -0.280346569148, -0.00643936401254
4.11, 10.9602552185, 1.01570266555, -0.272526602591, 0.00244911416792
4.12, 10.9575951602, 1.01576371443, -0.264915339479, 0.00855609757934
4.13, 10.9550101515, 1.01581306316, -0.257511508003, 0.00154773850019
4.14, 10.9524980667, 1.0157758835, -0.250208606227, -0.00373862369001
4.15, 10.9500568726, 1.01571422092, -0.24332652052, -0.003969720834
4.16, 10.947684626, 1.01571848336, -0.236525337964, 0.00528805967635
4.17, 10.9453794743, 1.01578539031, -0.229906515601, 0.00704514989698
4.18, 10.9431395533, 1.01580452801, -0.223472598802, -0.00181523316115
4.19, 10.9409629993, 1.01574350278, -0.217223444609, -0.00661343054605
4.2, 10.9388480426, 1.01570396553, -0.21114789883, 0.000783039334701
4.21, 10.9367930237, 1.01575331742, -0.205235665792, 0.00817371359632
4.22, 10.9347963097, 1.01581071357, -0.199484294437, 0.00311324337067
4.23, 10.9328562325, 1.01578016556, -0.193899208206, -0.00612239559465
4.24, 10.9309711714, 1.01571165387, -0.188473403482, -0.00409923024377
4.25, 10.9291396198, 1.01571996722, -0.183195639951, 0.00601043296888
4.26, 10.9273601442, 1.01579291909, -0.178058628536, 0.00735387045402
4.27, 10.9256312807, 1.01580938677, -0.173067119387, -0.00249487490719
4.28, 10.9239515558, 1.01575274097, -0.168220840191, -0.00554848052138
4.29, 10.9223195981, 1.01570952993, -0.163510505805, -0.000415151417852
4.3, 10.9207341087, 1.01574536933, -0.158927231714, 0.00712083709911
4.31, 10.9191938265, 1.01580276857, -0.154468033247, 0.00401660534909
4.32, 10.9176974541, 1.01578629968, -0.150138248109, -0.00471952835306
4.33, 10.916243719, 1.01572276013, -0.14593375096, -0.00452581401522
4.34, 10.9148314441, 1.0157185448, -0.141844653819, 0.0044456500227
4.35, 10.9134595231, 1.0157822894, -0.137864109609, 0.00727017250122
4.36, 10.9121268274, 1.01580847201, -0.133995555643, -0.00092569002742
4.37, 10.9108322046, 1.01575263936, -0.13024172937, -0.00657476960769
4.38, 10.9095745709, 1.01570735015, -0.126593811144, -0.000137814863155
4.39, 10.9083529373, 1.01574921575, -0.123043047741, 0.00780365453139
4.4, 10.9071663338, 1.01580974867, -0.119587551755, 0.0039108846341
4.41, 10.9060137396, 1.01578772642, -0.116234377862, -0.00549023763043
4.42, 10.9048941553, 1.01571874437, -0.112979428645, -0.00471156081348
4.43, 10.9038066756, 1.01571805345, -0.109813053198, 0.00514395748501
4.44, 10.9027504598, 1.01578829158, -0.106728967597, 0.00767365080234
4.45, 10.9017246288, 1.01581287298, -0.103732385334, -0.00151771339806
4.46, 10.9007282714, 1.01574970844, -0.10082674926, -0.00720040210116
4.47, 10.8997605454, 1.01570343202, -0.0980030802934, 0.00024276925234
4.48, 10.8988207008, 1.0157523208, -0.0952529834173, 0.00856165291886
4.49, 10.897907995, 1.01581613533, -0.0925756813773, 0.00377080244899
4.5, 10.8970216211, 1.01578798312, -0.0899798235494, -0.00631457539897
4.51, 10.8961607982, 1.01572707613, -0.0874598973049, -0.00542885855969
4.52, 10.8953248257, 1.01571273231, -0.085009357049, 0.00366915474681
4.53, 10.8945130601, 1.01577670101, -0.0826214101308, 0.00797349432896
4.54, 10.8937248326, 1.01581357248, -0.0802998119349, 0.000127263794233
4.55, 10.8929594277, 1.01576132137, -0.0780501377933, -0.00691561678187
4.56, 10.8922161797, 1.01570648078, -0.075865119823, -0.00131442287477
4.57, 10.8914945108, 1.01574156281, -0.0737366563238, 0.00776442704372
4.58, 10.8907938628, 1.01580960096, -0.0716626683351, 0.00510367409437
4.59, 10.8901136117, 1.01579706967, -0.0696518658832, -0.00504231330949
4.6, 10.8894531361, 1.01573806473, -0.067701548484, -0.00569205775256
4.61, 10.8888118917, 1.01571191004, -0.0658053693746, 0.00208933372115
4.62, 10.8881893854, 1.01576560074, -0.063956881929, 0.00773750192061
4.63, 10.8875851129, 1.01581112245, -0.0621582062916, 0.00166199886728
4.64, 10.8869985149, 1.01577231785, -0.0604161480381, -0.00615201579218
4.65, 10.8864290622, 1.01571323016, -0.058725528442, -0.00261875177501
4.66, 10.8858763067, 1.01573318613, -0.057078599333, 0.00654544032061
4.67, 10.8853398305, 1.01580045277, -0.0554722862645, 0.00602387878372
4.68, 10.8848191558, 1.01580308256, -0.0539143820732, -0.00349116384936
4.69, 10.8843137847, 1.01573559019, -0.0524059767774, -0.00618344985075
4.7, 10.8838232882, 1.01571027129, -0.0509389305597, 0.00260572552009
4.71, 10.8833473057, 1.01577066439, -0.0495069889674, 0.00832135613695
4.72, 10.8828854493, 1.01581700325, -0.0481133956133, 0.00128354897493
4.73, 10.8824372681, 1.01577120098, -0.0467658653464, -0.00691344389376
4.74, 10.8820023451, 1.01570856943, -0.0454585054414, -0.00252118409813
4.75, 10.8815803474, 1.01573419062, -0.0441835029694, 0.00733223405192
4.76, 10.881170967, 1.01580676674, -0.0429381767695, 0.00616930965431
4.77, 10.880773824, 1.01580524166, -0.0417318217443, -0.0042563402897
4.78, 10.8803885196, 1.01574470154, -0.0405642276332, -0.00581517963606
4.79, 10.8800147307, 1.01571174852, -0.0394290357237, 0.00119748886926
4.8, 10.8796521782, 1.01575983219, -0.0383204083473, 0.0076331511496
4.81, 10.8793005749, 1.01581042132, -0.0372399851699, 0.00253086878986
4.82, 10.8789595706, 1.01577899841, -0.0361955659163, -0.0057556726632
4.83, 10.878628831, 1.01571719723, -0.0351835965607, -0.00337417158071
4.84, 10.8783080956, 1.01572867275, -0.0341967251631, 0.00588274634077
4.85, 10.8779971374, 1.01579580959, -0.0332316300613, 0.00656874746022
4.86, 10.8776956692, 1.01580700423, -0.0322958569175, -0.00263621382322
4.87, 10.87740337, 1.01574250747, -0.0313925658217, -0.00645084260357
4.88, 10.8771199772, 1.0157094386, -0.0305140993854, 0.00163983266471
4.89, 10.8768452958, 1.01576413405, -0.029654437247, 0.00826638956572
4.9, 10.8765791089, 1.01581641697, -0.028816034282, 0.00224641956278
4.91, 10.8763211289, 1.01577841126, -0.0280076049533, -0.00653293380544
4.92, 10.8760710872, 1.01571232979, -0.0272249857495, -0.00337569483281
4.93, 10.8758287935, 1.01572881162, -0.0264606870613, 0.00665254132866
4.94, 10.8755940876, 1.01580179329, -0.0257114135513, 0.00681156161089
4.95, 10.8753667387, 1.01580970115, -0.0249861538469, -0.00335067247878
4.96, 10.8751464828, 1.0157519241, -0.0242867048588, -0.00616156559351
4.97, 10.8749331226, 1.0157102614, -0.0236071839456, 0.000152111191835
4.98, 10.8747265053, 1.01575256258, -0.0229417282532, 0.00763336220628
4.99, 10.8745264775, 1.01581005583, -0.0222911959485, 0.00359548745588
5.0, 10.8743328154, 1.01578684675, -0.0216642214262, -0.00539736704622
5.01, 10.8741452966, 1.01572076399, -0.0210587537926, -0.00433854636089
5.02, 10.8739637698, 1.0157223997, -0.0204676264173, 0.0051887932191
5.03, 10.8737881237, 1.01579055865, -0.0198868517343, 0.00731753641557
5.04, 10.8736181887, 1.01581211447, -0.0193236864205, -0.00167766317684
5.05, 10.8734537476, 1.01575006687, -0.0187828668099, -0.00688983570926
5.06, 10.8732946326, 1.0157072418, -0.0182575434052, 0.000511617337921
5.07, 10.8731407467, 1.01575612787, -0.0177413450792, 0.00833336625943
5.08, 10.872991979, 1.01581638357, -0.0172357523136, 0.00341767954786
5.09, 10.8728481406, 1.01578698074, -0.0167505732258, -0.00620586434023
5.1, 10.8727090518, 1.01573007658, -0.0162818534557, -0.00438147633873
5.11, 10.8725746026, 1.01572167829, -0.0158246201514, 0.00370697226749
5.12, 10.8724447079, 1.01577911795, -0.0153748139194, 0.00693609873812
5.13, 10.8723192455, 1.01580771248, -0.0149375144119, -0.000263600565251
5.14, 10.8721980419, 1.01575927679, -0.0145183876459, -0.00599492540884
5.15, 10.872080958, 1.01571411518, -0.0141122033001, -0.000607880640611
5.16, 10.8719679193, 1.01574852378, -0.0137128745409, 0.00705817448714
5.17, 10.8718588505, 1.01580641207, -0.0133206525125, 0.00414073736741
5.18, 10.8717536075, 1.0157910785, -0.0129439979116, -0.00465385750949
5.19, 10.8716520381, 1.01572701772, -0.0125822198836, -0.00466465603356
5.2, 10.8715540536, 1.0157211168, -0.0122285150774, 0.00430277819521
5.21, 10.8714596081, 1.01578451815, -0.0118787332784, 0.00733819847744
5.22, 10.8713686045, 1.01581203156, -0.011539176796, -0.000779193025205
5.23, 10.8712808922, 1.01575675229, -0.0112155346449, -0.0066149708121
5.24, 10.87119636, 1.01571006538, -0.010901947763, -0.000318972760809
5.25, 10.8711149652, 1.0157506875, -0.0105921222858, 0.00776670962663
5.26, 10.8710366592, 1.01581203686, -0.0102867019953, 0.00406891738468
5.27, 10.8709613168, 1.01579138833, -0.00999521190966, -0.00541254021297
5.28, 10.8708888072, 1.015721882, -0.00971637014768, -0.00485767335387
5.29, 10.8708190698, 1.01571946956, -0.00944275862028, 0.00500393508271
5.3, 10.8707520859, 1.01578952471, -0.00917039475307, 0.0077656760191
5.31, 10.870687777, 1.01581567399, -0.0089064993866, -0.00135358097659
5.32, 10.8706260086, 1.01575310386, -0.00865699795304, -0.00724793479177
5.33, 10.8705666919, 1.01570530898, -0.00841519556669, 5.02182305482e-05
5.34, 10.8705098106, 1.01575296016, -0.00817461707325, 0.00853566108935
5.35, 10.8704553366, 1.01581779018, -0.00793625236699, 0.00394987449207
5.36, 10.8704031571, 1.01579113383, -0.00771095113827, -0.00623582717026
5.37, 10.8703531642, 1.01572962366, -0.00749520549169, -0.0055940640385
5.38, 10.8703053112, 1.01571339831, -0.00728437467656, 0.00352067970562
5.39, 10.8702595914, 1.01577726388, -0.00707334755189, 0.00808518754374
5.4, 10.8702159569, 1.01581592731, -0.00686738462189, 0.000308889646414
5.41, 10.8701742934, 1.01576429985, -0.00667404729764, -0.00697396359144
5.42, 10.8701345184, 1.01570775668, -0.00648791925357, -0.0015260812987
5.43, 10.8700966221, 1.01574154409, -0.00630231931582, 0.00774633157671
5.44, 10.8700606, 1.01581079688, -0.00611651115772, 0.00530718754207
5.45, 10.8700263662, 1.01579991698, -0.00594084209687, -0.00496095375949
5.46, 10.8699938198, 1.01574017853, -0.00577442170951, -0.00587696876958
5.47, 10.8699629225, 1.01571198479, -0.00561218393432, 0.00193345006606
5.48, 10.8699336749, 1.01576566148, -0.00544891066386, 0.00786884680904
5.49, 10.8699060538, 1.01581318755, -0.00528796416096, 0.00185918926086
5.5, 10.8698799651, 1.01577500647, -0.00513786911347, -0.00622336352037
5.51, 10.8698553311, 1.01571402055, -0.00499467628636, -0.00284973931182
5.52, 10.8698321431, 1.01573263425, -0.00485176387375, 0.0065360161403
5.53, 10.8698104129, 1.01580132159, -0.00470710098503, 0.00625124499815
5.54, 10.8697900795, 1.0158057365, -0.00456977566319, -0.0034089271456
5.55, 10.8697710477, 1.01573734238, -0.00444222543276, -0.00639150569599
5.56, 10.8697532805, 1.01570983685, -0.00431737348569, 0.00244716494352
5.57, 10.8697367999, 1.01577035618, -0.00418988213638, 0.00847630782414
5.58, 10.8697215913, 1.01581890764, -0.00406388566747, 0.00149339339761
5.59, 10.8697075648, 1.01577367659, -0.00394840717712, -0.0070027834515
5.6, 10.8696946577, 1.01572251202, -0.00383757093174, -0.00334794517102
5.61, 10.8696828675, 1.01572874258, -0.00372758981901, 0.00506545268183
5.62, 10.8696722077, 1.01578966638, -0.00361534839979, 0.00631389753006
5.63, 10.8696626385, 1.01580446298, -0.00350800818681, -0.00185908131797
5.64, 10.8696540786, 1.01574777777, -0.00340930074731, -0.005905556467
5.65, 10.8696464907, 1.0157138675, -0.00331337268892, 0.00104884536414
5.66, 10.8696398952, 1.01576046205, -0.00321503066032, 0.00752368496791
5.67, 10.8696342922, 1.0158109726, -0.00311655390785, 0.00260784365033
5.68, 10.8696296111, 1.0157807056, -0.00302651560859, -0.00564732495545
5.69, 10.8696257877, 1.01571910033, -0.00294224599992, -0.0034396308086
5.7, 10.8696228241, 1.01572923857, -0.00285722525324, 0.00573005380809
5.71, 10.8696207485, 1.01579553981, -0.0027688112039, 0.00656819239237
5.72, 10.8696195236, 1.01580766804, -0.00268514415965, -0.00249289088571
5.73, 10.8696190705, 1.01574422094, -0.00260991416205, -0.00641205157699
5.74, 10.8696193607, 1.01571044867, -0.0025365236941, 0.00149744906736
5.75, 10.8696204267, 1.01576374727, -0.00245948100433, 0.00817208652582
5.76, 10.8696222739, 1.01581620626, -0.00238174986275, 0.00235318911447
5.77, 10.8696248319, 1.01577961517, -0.00231268657051, -0.00640560297157
5.78, 10.8696280413, 1.01571377868, -0.00224874873149, -0.00344617281595
5.79, 10.8696319147, 1.01572884821, -0.00218302828599, 0.00649472667586
5.8, 10.8696364898, 1.01580105943, -0.0021128675268, 0.00682712409723
5.81, 10.8696417295, 1.01581010923, -0.0020476182358, -0.00318838663825
5.82, 10.8696475554, 1.01575149418, -0.00198977145997, -0.00526099704929
5.83, 10.869653957, 1.01571489091, -0.00193364026329, 0.000360127648642
5.84, 10.869660955, 1.01575470292, -0.00187439255696, 0.00707372476888
5.85, 10.8696685638, 1.01580650346, -0.00181353365306, 0.00319555958757
5.86, 10.8696767292, 1.01578390509, -0.0017593950989, -0.00496300126378
5.87, 10.869685396, 1.01572382357, -0.00171039367902, -0.00378474987376
5.88, 10.8696945701, 1.01572685494, -0.00166017136645, 0.00493171810862
5.89, 10.8697042883, 1.01578935216, -0.00160574636688, 0.00666472044288
5.9, 10.8697145295, 1.01580755818, -0.00155421306017, -0.00163765334667
5.91, 10.8697252265, 1.01575013408, -0.00151014606135, -0.0062127158487
5.92, 10.8697363549, 1.01571227157, -0.00146759709453, 0.000698438700997
5.93, 10.8697479505, 1.01575810442, -0.00142107508845, 0.00770333670585
5.94, 10.8697600317, 1.01581225022, -0.00137248465096, 0.00301339599642
5.95, 10.8697725422, 1.01578387638, -0.00133100411942, -0.00570246396747
5.96, 10.8697854285, 1.01571912253, -0.00129431507119, -0.0038790765988
5.97, 10.8697987047, 1.01572619834, -0.00125567214238, 0.0056319550199
5.98, 10.8698124149, 1.01579462211, -0.00121203470077, 0.0069789840049
5.99, 10.8698265371, 1.01581054997, -0.00117153370234, -0.00225792109349
6.0, 10.8698410023, 1.01574618801, -0.00113862404501, -0.00675363112885
6.01, 10.8698557913, 1.01570820818, -0.00110661548017, 0.00114026366009
6.02, 10.8698709489, 1.01576099978, -0.00106980279252, 0.00839860247245
6.03, 10.8698864957, 1.01581755702, -0.00103066616326, 0.0027923202769
6.04, 10.8699023722, 1.01578285915, -0.000999159830303, -0.00648810162631
6.05, 10.8699185265, 1.01571347081, -0.000972102636379, -0.0039229674516
