timestamp, prius1 x posi, prius1 y posi, prius1 x vel, prius1 y vel.
0.0, 0.0, 0.0, 0.0, 0.0
0.00999999999999, 0.999947846916, -24.9970507074, 0.00348440887789, 0.195597911151
0.02, 0.999982324959, -24.9946404868, 0.00415516664572, 0.265409882712
0.03, 0.999996300752, -24.9915370982, 0.000305073339327, 0.33407867139
0.04, 0.999974816333, -24.9877585839, -0.00195444401227, 0.40173313888
0.05, 0.999961267685, -24.9833131394, 0.00121537849384, 0.468634926812
0.06, 0.999987468309, -24.9782039581, 0.0046272997773, 0.535081018958
0.07, 1.00001883793, -24.9724358572, 0.00253579709954, 0.601329162603
0.08, 1.00001216566, -24.9660108323, -0.00151631276617, 0.667430820834
0.09, 0.999990535964, -24.9588992771, 0.000166053472104, 0.743710195878
0.1, 1.00004538027, -24.9509485297, 0.0112886231218, 0.831261163225
0.11, 1.00016146449, -24.9421266636, 0.0100344596232, 0.919408016853
0.12, 1.00018067772, -24.9324294085, -0.00166897750378, 1.00766300651
0.13, 1.00015398275, -24.9218567353, -0.00431534030487, 1.09591655843
0.14, 1.00013373132, -24.9104088811, -0.000539097571626, 1.18415324101
0.15, 1.00016728897, -24.8980865501, 0.00467728106787, 1.27185011574
0.16, 1.00022045346, -24.8848939744, 0.00342346588371, 1.35873352262
0.17, 1.00023314818, -24.8708391222, -0.00161880043254, 1.44444198205
0.18, 1.00021858474, -24.8559324899, -0.00143409997076, 1.52909411964
0.19, 1.00024129939, -24.8401846429, 0.00419208417889, 1.61269717118
0.2, 1.00030765159, -24.8236059623, 0.00613047910781, 1.69527405106
0.21, 1.00035222808, -24.8062066095, 0.00112780201421, 1.77684127782
0.22, 1.00034540387, -24.7879966494, -0.00251556496014, 1.85740282083
0.23, 1.00034376625, -24.7689861233, 0.00141971198729, 1.93696380762
0.24, 1.00039731062, -24.7491849543, 0.00661779620037, 2.01554279276
0.25, 1.00046624721, -24.728602847, 0.0046239646109, 2.09316054625
0.26, 1.00048701586, -24.7072493516, -0.00102944129472, 2.1698265742
0.27, 1.0004791427, -24.6851339914, -0.000564633332207, 2.24554231278
0.28, 1.00051402068, -24.6622680612, 0.0056809380291, 2.32022006468
0.29, 1.00059538059, -24.6386658393, 0.00752653147128, 2.39401117298
0.3, 1.00065010838, -24.6143368523, 0.00187750071133, 2.46697832542
0.31, 1.00064973462, -24.5892896541, -0.00176885499659, 2.5390630031
0.32, 1.00065917161, -24.5635330722, 0.00286743809543, 2.61025286647
0.33, 1.00072899625, -24.5370759193, 0.00823852199721, 2.68056562784
0.34, 1.00081030842, -24.5099268092, 0.00545716449771, 2.75002001323
0.35, 1.00083538729, -24.4820942257, -0.000804340552599, 2.81861784398
0.36, 1.00083158763, -24.4535880132, 0.000128609022739, 2.88544677217
0.37, 1.00087729871, -24.4244246492, 0.00698637033407, 2.95027542423
0.38, 1.0009705578, -24.3946228048, 0.00849429567616, 3.01324154836
0.39, 1.00103082872, -24.3642007804, 0.00215526877285, 3.07438935152
0.4, 1.00103285827, -24.3331764216, -0.00139383698515, 3.13377534378
0.41, 1.00105001607, -24.3015671934, 0.00398501311588, 3.19142789257
0.42, 1.00113281365, -24.2693902439, 0.00953730437849, 3.24738465193
0.43, 1.00122357363, -24.2366623527, 0.00605527735442, 3.30167846437
0.44, 1.00125121981, -24.2034000664, -0.000680047524184, 3.3543275686
0.45, 1.00125043891, -24.1696196578, 0.00069946798014, 3.40536366044
0.46, 1.00130533098, -24.1353372254, 0.00812023118579, 3.45479252631
0.47, 1.00140892872, -24.1005687178, 0.00931605233298, 3.50264400644
0.48, 1.00147305848, -24.0653297069, 0.00223291007878, 3.5489574865
0.49, 1.00147493782, -24.0296353618, -0.00130778493739, 3.59377268833
0.5, 1.00149669536, -23.9935004375, 0.00478685836023, 3.63713601797
0.51, 1.00158927198, -23.9569391455, 0.0105152495572, 3.6791077275
0.52, 1.00168610909, -23.9199650818, 0.0063011540181, 3.71974628743
0.53, 1.0017126925, -23.8825913301, -0.000921463478722, 3.75909554325
0.54, 1.00171164154, -23.8448305943, 0.000985293546725, 3.7971918047
0.55, 1.00177326988, -23.8066951894, 0.0090259027062, 3.834080204
0.56, 1.00188462967, -23.7681969202, 0.00984131811406, 3.86981287253
0.57, 1.00194920149, -23.7293471134, 0.00194501060887, 3.90443069818
0.58, 1.00194750883, -23.6901567504, -0.00153084985834, 3.9379635141
0.59, 1.0019713197, -23.6506365337, 0.00536640230706, 3.97044278047
0.6, 1.00207147748, -23.6107967816, 0.0112535615873, 4.00191262352
0.61, 1.00217158029, -23.5706473631, 0.00623101651629, 4.03241374184
0.62, 1.00219390226, -23.530197802, -0.00147083360513, 4.06197445254
0.63, 1.00219003024, -23.4894573846, 0.00105855648812, 4.09061777603
0.64, 1.00225659728, -23.4484351349, 0.00975671977914, 4.1183766778
0.65, 1.0023736691, -23.4071396894, 0.010123621586, 4.14529052768
0.66, 1.00243593322, -23.365579333, 0.00136707993776, 4.17138800661
0.67, 1.00242808116, -23.3237621165, -0.00197606769427, 4.19668884835
0.68, 1.00245226614, -23.281695909, 0.0058086882614, 4.22121505832
0.69, 1.00255860963, -23.2393882909, 0.0118286021791, 4.24500080793
0.7, 1.00265989132, -23.196846499, 0.00591592534003, 4.26807586384
0.71, 1.00267547629, -23.1540775246, -0.00225292652423, 4.29045957639
0.72, 1.0026670117, -23.1110882047, 0.000999707123558, 4.31216712881
0.73, 1.00273750769, -23.0678851926, 0.0103893686753, 4.33322354464
0.74, 1.00285894573, -23.0244748402, 0.0102293565904, 4.35365873767
0.75, 1.00291678569, -22.9808632413, 0.00056294175487, 4.37349266091
0.76, 1.00290085669, -22.93705633, -0.00257230341504, 4.39273846443
0.77, 1.00292446414, -22.8930599247, 0.00618682849443, 4.41141170217
0.78, 1.00303627551, -22.8488796232, 0.0123034157758, 4.42953900255
0.79, 1.00313721791, -22.8045207627, 0.00541010166514, 4.44714156528
0.8, 1.00314414085, -22.7599885072, -0.00320942122398, 4.46423268343
0.81, 1.00312993586, -22.7152879219, 0.000874213906054, 4.48082238591
0.82, 1.00320398592, -22.6704239425, 0.010984312463, 4.49692994556
0.83, 1.00332897647, -22.6254012698, 0.0102068060189, 4.51257765058
0.84, 1.00338072963, -22.5802244193, -0.000421408571632, 4.52777906437
0.85, 1.0033698779, -22.5348978028, -0.00283310219155, 4.54254303211
0.86, 1.00338034412, -22.4894257351, 0.00436417512251, 4.55688216218
0.87, 1.00347830088, -22.4438123872, 0.0116613505702, 4.57081437538
0.88, 1.00358436996, -22.3980617379, 0.00668043166736, 4.58435547366
0.89, 1.00360324822, -22.3521776336, -0.00252063787273, 4.5975156593
0.9, 1.00358374227, -22.3061638422, -0.000604548826895, 4.61030243035
0.91, 1.00363950977, -22.26002405, 0.00935048473154, 4.62272855743
0.92, 1.0037592532, -22.2137617786, 0.0107105046668, 4.63481042447
0.93, 1.00382326216, -22.1673804097, 0.000954870592017, 4.64655785804
0.94, 1.00381588033, -22.120883241, -0.00259144122171, 4.65797823333
0.95, 1.00381611816, -22.0742735028, 0.00259662315943, 4.66908044713
0.96, 1.00389715603, -22.0275543264, 0.0104730423898, 4.67987673471
0.97, 1.0040030616, -21.9807287074, 0.00757740842544, 4.69037848677
0.98, 1.0040340122, -21.9337995428, -0.00151662165025, 4.70059338756
0.99, 1.00401354565, -21.8867696614, -0.00170205090994, 4.71052796211
1.0, 1.00405139645, -21.8396418365, 0.00743038779636, 4.72019071751
1.01, 1.00416070136, -21.7924187296, 0.010642507718, 4.72959321729
1.02, 1.00423402917, -21.7451029022, 0.00235110770189, 4.73874215156
1.03, 1.00422166714, -21.6976968448, -0.00379907834056, 4.74764437454
1.04, 1.00421634151, -21.6502029995, 0.0025158517323, 4.75630560413
1.05, 1.00430008186, -21.6026237373, 0.010844156173, 4.76473572544
1.06, 1.00440611419, -21.55496133, 0.00716866642954, 4.77294152944
1.07, 1.00442820489, -21.5072179848, -0.00264383024635, 4.78092867928
1.08, 1.00439853144, -21.4593958509, -0.00226958113043, 4.78870305761
1.09, 1.00443625842, -21.4114970347, 0.00778561195609, 4.79627139311
1.1, 1.00454889542, -21.3635235594, 0.0107434867371, 4.80364139364
1.11, 1.00461747837, -21.3154773861, 0.00142493580851, 4.81081647225
1.12, 1.00460449804, -21.2673604213, -0.00251701550434, 4.81780322896
1.13, 1.00459411126, -21.2191745242, 0.00107210103456, 4.82460676015
1.14, 1.00466043065, -21.1709215024, 0.00929606649797, 4.83123373966
1.15, 1.00476118854, -21.1226030996, 0.00757680033368, 4.83768816963
1.16, 1.0047937507, -21.0742210175, -0.00147906639764, 4.84397384951
1.17, 1.0047673659, -21.0257769045, -0.00285856004448, 4.8500969628
1.18, 1.0047898119, -20.9772723675, 0.00582889523968, 4.85606265701
1.19, 1.00488813076, -20.9287089607, 0.0101001799255, 4.86187570973
1.2, 1.00496159769, -20.8800882022, 0.00261916648717, 4.86753731067
1.21, 1.00494858804, -20.8314115686, -0.00434337064834, 4.873053482
1.22, 1.00493097026, -20.7826804857, 0.000868576733165, 4.87842947424
1.23, 1.00499924572, -20.7338963401, 0.00964770277301, 4.88367014718
1.24, 1.00510058063, -20.6850604812, 0.0072458345579, 4.88877605575
1.25, 1.00512482081, -20.6361742398, -0.00259720716932, 4.89375009393
1.26, 1.00508860643, -20.5872388903, -0.00353681551592, 4.89859916417
1.27, 1.00510985036, -20.5382556668, 0.00610586714305, 4.903327735
1.28, 1.00521147693, -20.489225768, 0.010258018624, 4.90793771937
1.29, 1.00528102049, -20.4401503866, 0.00176550920101, 4.9124278489
1.3, 1.00526179626, -20.3910306842, -0.000695815653588, 4.91679971931
1.31, 1.00524631752, -20.341867741, -0.000133269583576, 4.92107478173
1.32, 1.00529809172, -20.2926626473, 0.00786302215211, 4.92523951895
1.33, 1.00538933706, -20.2434164486, 0.0071108036875, 4.92929872236
1.34, 1.00542135002, -20.1941301941, -0.00138837570957, 4.93325366197
1.35, 1.00539229471, -20.1448048825, -0.00356946668129, 4.93711143318
1.36, 1.00540220446, -20.0954414658, 0.00428065634189, 4.94087635354
1.37, 1.00548680232, -20.0460408746, 0.00908303667822, 4.94454882107
1.38, 1.00555620124, -19.9966040488, 0.00263619830835, 4.94812615546
1.39, 1.00554358904, -19.9471319064, -0.00451935546167, 4.95161418514
1.4, 1.00551803383, -19.8976253019, -0.000427614036594, 4.95501932396
1.41, 1.00557099805, -19.848085059, 0.00817023168249, 4.95834374515
1.42, 1.00566302359, -19.7985120064, 0.00684727809463, 4.96158361949
1.43, 1.00568750422, -19.7489069871, -0.00244363133527, 4.96473981997
1.44, 1.00564863941, -19.6992707857, -0.00429927391143, 4.96782085111
1.45, 1.00565652297, -19.6496041337, 0.00447380694797, 4.97083090262
1.46, 1.00574411465, -19.5999077548, 0.00926339535081, 4.9737680081
1.47, 1.00581032111, -19.5501824066, 0.00187554741508, 4.97662743021
1.48, 1.00578734851, -19.5004288257, -0.00558196521502, 4.97941634814
1.49, 1.00575535024, -19.4506476726, -0.000628600655523, 4.98214209025
1.5, 1.00581052993, -19.4008395793, 0.00856901995577, 4.98480558721
1.51, 1.0059037293, -19.3510052058, 0.00657470260342, 4.98740004174
1.52, 1.00592021924, -19.3011452421, -0.00355561332586, 4.98992637906
1.53, 1.00587134456, -19.2512603063, -0.00500681044362, 4.99239491942
1.54, 1.00587789017, -19.2013509553, 0.00475800988409, 4.99480978606
1.55, 1.00596914829, -19.1514177527, 0.00947309651851, 4.99716643674
1.56, 1.00603188011, -19.101461321, 0.00104911912362, 4.99945821788
1.57, 1.00600824765, -19.0514822547, -0.00439782920109, 5.00169549519
1.58, 1.00596982008, -19.001481067, -0.00220571270291, 5.00388237987
1.59, 1.00600714211, -18.9514582463, 0.00706409983287, 5.00602225989
1.6, 1.00609625326, -18.9014143087, 0.00712601848064, 5.00810707754
1.61, 1.00612401863, -18.8513498213, -0.00239159787094, 5.01013495859
1.62, 1.00607746764, -18.8012652889, -0.00574606338554, 5.01211690065
1.63, 1.00606757553, -18.7511611382, 0.00274922038859, 5.01405845253
1.64, 1.00614511263, -18.7010377991, 0.00896466622474, 5.01595510103
1.65, 1.00621412921, -18.6508957742, 0.00234283795057, 5.01779781904
1.66, 1.00619041547, -18.6007355656, -0.00631466307391, 5.01959406765
1.67, 1.00614334471, -18.5505575729, -0.00254737650441, 5.02135433828
1.68, 1.00618221251, -18.5003621553, 0.00747046734678, 5.02307896873
1.69, 1.00627328515, -18.4501497287, 0.00696187090844, 5.02475714553
1.7, 1.00629370541, -18.3999207771, -0.00350080324469, 5.026386995
1.71, 1.0062495072, -18.3496756971, -0.0053941334346, 5.02798306989
1.72, 1.00623059806, -18.2994148181, 0.00109745821241, 5.02954688926
1.73, 1.00629145608, -18.2491384721, 0.00770277256546, 5.03107641242
1.74, 1.00635870919, -18.1988470613, 0.00304378674808, 5.03256156258
1.75, 1.00634577345, -18.1485410075, -0.00535513368167, 5.03400746146
1.76, 1.00629844286, -18.0982206335, -0.00351041875863, 5.03542556647
1.77, 1.00632048268, -18.0478862079, 0.00559301139298, 5.03681723088
1.78, 1.00640033227, -17.997538053, 0.00672674140165, 5.0381719812
1.79, 1.00642829083, -17.9471765707, -0.00224567379843, 5.03948545441
1.8, 1.00637907028, -17.8968021027, -0.00650449378636, 5.04077034159
1.81, 1.00635596303, -17.8464148876, 0.00113726916967, 5.04203410242
1.82, 1.00641968463, -17.7960151687, 0.00798847833277, 5.04327065389
1.83, 1.00648547797, -17.7456032909, 0.00245699886295, 5.04446770516
1.84, 1.00646276752, -17.6951796189, -0.00647732648411, 5.04563220881
1.85, 1.00640735874, -17.6447443962, -0.00391336208738, 5.04677754772
1.86, 1.0064304442, -17.5942978081, 0.00598356690288, 5.04790428813
1.87, 1.00651275882, -17.5438401151, 0.00666026876493, 5.0489988351
1.88, 1.00653440586, -17.4933716759, -0.00327366872086, 5.05005665652
1.89, 1.00647449958, -17.442892771, -0.00738656106516, 5.05109323931
1.9, 1.0064482047, -17.39240356, 0.00128672808387, 5.05211666796
1.91, 1.00650773112, -17.3419042253, 0.00501552097492, 5.05308612601
1.92, 1.00656858392, -17.2913950631, 0.00300411945171, 5.05408469978
1.93, 1.0065558722, -17.2408763764, -0.00552463164434, 5.05502402073
1.94, 1.00650072192, -17.1903483709, -0.0048028423813, 5.05594859482
1.95, 1.0065072734, -17.1398111758, 0.00407878744478, 5.05686071097
1.96, 1.0065774254, -17.0892649842, 0.00629576432955, 5.05774770681
1.97, 1.00660560466, -17.0387100985, -0.00206918138005, 5.05860230223
1.98, 1.00655416403, -16.9881467681, -0.00721957880127, 5.05943846432
1.99, 1.00651799063, -16.9375751127, -0.000488174552062, 5.06026621399
2.0, 1.00656753423, -16.8869952495, 0.00696861938182, 5.0610787866
2.01, 1.00662988851, -16.836407421, 0.00257593939745, 5.06186066793
2.02, 1.00660854732, -16.7858119147, -0.00658666630608, 5.06261758325
2.03, 1.00654522095, -16.7352088821, -0.00525882472198, 5.06336592982
2.04, 1.00655237546, -16.6845983918, 0.00445747821377, 5.0641074347
2.05, 1.00662553808, -16.6339805977, 0.00633263257286, 5.06482626721
2.06, 1.00664851705, -16.5833557836, -0.00300697880901, 5.06551467341
2.07, 1.00658658912, -16.5327241623, -0.0081426346125, 5.0661896771
2.08, 1.00654646559, -16.4820857956, -0.000416897012901, 5.06686225032
2.09, 1.00659962529, -16.4314407525, 0.00735740589824, 5.06752328842
2.1, 1.00666146288, -16.380789256, 0.002057277085, 5.06815450149
2.11, 1.00663047073, -16.3301315751, -0.00773983689392, 5.06876389868
2.12, 1.00655860419, -16.2794678138, -0.00570020838002, 5.0693703982
2.13, 1.00656689249, -16.2287979862, 0.00489975405075, 5.06997492451
2.14, 1.00662887488, -16.1781222344, 0.00626885699564, 5.07055752031
2.15, 1.00666030645, -16.1274407865, -0.00179033386862, 5.07111424869
2.16, 1.00660456396, -16.0767538507, -0.00834382893959, 5.0716578223
2.17, 1.0065514862, -16.0260614682, -0.00235689888589, 5.07220236592
2.18, 1.00658768199, -15.9753636581, 0.00628339251908, 5.07274121007
2.19, 1.00665080587, -15.9246605928, 0.0030573549673, 5.07325424794
2.2, 1.00663142916, -15.8739525286, -0.00691365746151, 5.07374498392
2.21, 1.0065561207, -15.8232395677, -0.00704544288009, 5.07423413864
2.22, 1.0065453915, -15.77252169, 0.00300624495815, 5.0747259925
2.23, 1.00659897821, -15.7217989827, 0.00569161649545, 5.07520068356
2.24, 1.00663592287, -15.6710716477, -0.000610736212038, 5.07565210479
2.25, 1.0065894612, -15.6203398849, -0.00802838539964, 5.07608958993
2.26, 1.00652787537, -15.5696037297, -0.00404571624082, 5.07652987917
2.27, 1.00654580569, -15.5188631637, 0.00480029352998, 5.07696937964
2.28, 1.00660551552, -15.4681183089, 0.0036864571733, 5.07738767298
2.29, 1.00659770814, -15.4173694045, -0.00577543927701, 5.0777832343
2.3, 1.0065238996, -15.3666165604, -0.00789260966764, 5.0781770198
2.31, 1.00649600038, -15.3158597369, 0.00097481260678, 5.07857684702
2.32, 1.00655030599, -15.2650989561, 0.00606903197721, 5.07896656656
2.33, 1.00658498832, -15.2143344256, -0.001305701425, 5.07932941996
2.34, 1.00652859435, -15.1635663416, -0.00906519858807, 5.07968096811
2.35, 1.00646078369, -15.1127947007, -0.00422235164792, 5.08003979884
2.36, 1.00648131593, -15.0620194471, 0.00524893415916, 5.08040056231
2.37, 1.00654273617, -15.0112406968, 0.00346352843827, 5.08073921152
2.38, 1.0065272603, -14.9604586945, -0.00687232027982, 5.08105556508
2.39, 1.00644346212, -14.9096735251, -0.00860343241274, 5.08137408409
2.4, 1.00641430003, -14.8588861487, 0.00127877429641, 5.08066067999
2.41, 1.00646064122, -14.8081500543, 0.00465736119913, 5.0724622128
2.42, 1.00649564493, -14.7574926744, -0.000430388640898, 5.06464784989
2.43, 1.0064493714, -14.7069122567, -0.00835387496048, 5.05706847749
2.44, 1.00637793901, -14.6564062474, -0.00548814753747, 5.04975418797
2.45, 1.00638077683, -14.6059720373, 0.00349871056237, 5.04269513665
2.46, 1.00643387259, -14.5556072502, 0.00357059186864, 5.03585908451
2.47, 1.00642769455, -14.5053097498, -0.00562968173529, 5.02923233727
2.48, 1.00634968749, -14.4550773628, -0.0088667981296, 5.02282938152
2.49, 1.00630724727, -14.4049078167, -0.000638579521301, 5.01665298392
2.5, 1.00634948555, -14.3548235123, 0.00538105042623, 5.00443316418
2.51, 1.00638352768, -14.3048781205, -0.00101558938811, 4.9904425674
2.52, 1.00632791309, -14.2550705189, -0.00937949971213, 4.97686975661
2.53, 1.0062498132, -14.2053962749, -0.00572594333648, 4.96375203693
2.54, 1.00625493696, -14.1558508946, 0.00396762992554, 4.95107528015
2.55, 1.00629629651, -14.1064302272, 0.00339623861794, 4.93879592791
2.56, 1.00629778254, -14.0571303554, -0.00441924437541, 4.92689978981
2.57, 1.00622705909, -14.0079474559, -0.00887255565586, 4.91538876982
2.58, 1.00617362944, -13.9588776585, -0.00242088267534, 4.90426271692
2.59, 1.00619925138, -13.9099172436, 0.00424833962632, 4.89349519283
2.6, 1.00623356237, -13.8610670714, -8.07894052706e-05, 4.8808986034
2.61, 1.00619104398, -13.8123810784, -0.00828553736959, 4.86237045929
2.62, 1.00611139572, -13.7638760436, -0.00702164268583, 4.84451871904
2.63, 1.0060960156, -13.7155465565, 0.0018296526013, 4.82723887493
2.64, 1.00614107259, -13.667387023, 0.00358570007771, 4.8105034242
2.65, 1.00614074933, -13.6193921834, -0.00492044093056, 4.79428272123
2.66, 1.00606264881, -13.5715568745, -0.00966727752036, 4.7785802763
2.67, 1.00600387682, -13.5238759038, -0.00265130424737, 4.76339329249
2.68, 1.00603041553, -13.4763442776, 0.00450110791705, 4.74868898267
2.69, 1.00606556933, -13.4289574141, -0.000278325971035, 4.73442417326
2.7, 1.00601608704, -13.381710972, -0.00925550337923, 4.72059263606
2.71, 1.00592864995, -13.3346005457, -0.00746343388007, 4.70720481976
2.72, 1.00591407459, -13.2876689466, 0.0022268509536, 4.68554554155
2.73, 1.00594863035, -13.2409463883, 0.00285871101547, 4.66488051103
2.74, 1.00595253879, -13.1944273176, -0.00380986101413, 4.64482985353
2.75, 1.0058842796, -13.148105493, -0.00918548277637, 4.62540906645
2.76, 1.00581914404, -13.1019746048, -0.00413330468456, 4.60661664391
2.77, 1.00582836773, -13.0560285273, 0.00300717016651, 4.58842025054
2.78, 1.00585916009, -13.0102615563, 0.000237441551428, 4.57077365923
2.79, 1.00582100526, -12.9646683003, -0.00803112705103, 4.55366098536
2.8, 1.00573711517, -12.9192433792, -0.00804058916822, 4.53708792385
2.81, 1.00570758933, -12.8740202085, 0.000334605258366, 4.51317316096
2.82, 1.00574266018, -12.8290365614, 0.00314548015824, 4.48951341792
2.83, 1.00574377004, -12.7842859512, -0.00448107052686, 4.4665495666
2.84, 1.00566714841, -12.7397612531, -0.00996740870323, 4.44430685552
2.85, 1.00559844425, -12.6954552378, -0.00408342450596, 4.42278409284
2.86, 1.00561123336, -12.6513608888, 0.00344637919146, 4.40194381958
2.87, 1.00564309802, -12.6074716705, -3.92089880537e-05, 4.38173396807
2.88, 1.00559789738, -12.5637813865, -0.00894824528282, 4.36213883216
2.89, 1.00550707852, -12.5203168947, -0.00838288290364, 4.33592544451
2.9, 1.00547888715, -12.477119975, 0.000758752382124, 4.30946262119
2.91, 1.00551729783, -12.4341835409, 0.00323802381841, 4.28380326218
2.92, 1.00551444753, -12.391499597, -0.00523328796112, 4.25893717633
2.93, 1.00542957642, -12.3490601852, -0.0106648513355, 4.23487020647
2.94, 1.00535857045, -12.3068573125, -0.00390908179529, 4.21159741517
2.95, 1.00537542676, -12.2648832309, 0.0038615445706, 4.18907851337
2.96, 1.00539420334, -12.2231307352, 0.00014102781492, 4.16725989559
2.97, 1.00535908795, -12.1815928215, -0.00762623661959, 4.14613369464
2.98, 1.0052747815, -12.1402625723, -0.00858656672625, 4.12570287014
2.99, 1.00523434358, -12.0991330556, -0.00101550295763, 4.10595827135
3.0, 1.00525862812, -12.0581982061, 0.00249510995607, 4.08675146669
3.01, 1.00525978239, -12.0174804026, -0.00405938241666, 4.06141614112
3.02, 1.00518678449, -11.9770267422, -0.00987808220234, 4.03515071552
3.03, 1.005112135, -11.9368321862, -0.00517644283516, 4.00959943792
3.04, 1.00511231795, -11.8968892749, 0.00231624467669, 3.98483563528
3.05, 1.00513914898, -11.8571911139, 4.42613490153e-05, 3.96063691764
3.06, 1.0050985399, -11.8177309923, -0.00843162984623, 3.93721967928
3.07, 1.00500743118, -11.778502182, -0.00899850016608, 3.91435754182
3.08, 1.00496778409, -11.739497973, -0.000578711878412, 3.89221509703
3.09, 1.00499671033, -11.7007120128, 0.00278230473798, 3.87075299244
3.1, 1.00499604759, -11.6621486365, -0.00463101401805, 3.84588350888
3.11, 1.00491566354, -11.6238630105, -0.0106204503046, 3.8172679804
3.12, 1.00483733188, -11.5858587279, -0.00519064360782, 3.7895073885
3.13, 1.00484076393, -11.5481280579, 0.00279244759252, 3.76252383255
3.14, 1.0048700893, -11.5106633075, -4.54829436093e-05, 3.73635594226
3.15, 1.00482453522, -11.4734572946, -0.00917843722005, 3.71078458206
3.16, 1.00472692151, -11.4365026766, -0.00941685745065, 3.68600355225
3.17, 1.00468779524, -11.3997921917, -0.000200047888454, 3.66192817829
3.18, 1.00470766261, -11.3633189868, 0.00236603043962, 3.63857660572
3.19, 1.00471503466, -11.3270857475, -0.00319093877524, 3.61204302934
3.2, 1.00464627006, -11.2911472996, -0.0100791658116, 3.58176080789
3.21, 1.0045616226, -11.2555077548, -0.00665450923027, 3.55221041236
3.22, 1.00454911749, -11.2201587728, 0.00152633711125, 3.5235596315
3.23, 1.0045771836, -11.1850921893, 0.000816616337213, 3.49576882987
3.24, 1.00454549217, -11.1503003178, -0.00779882345325, 3.46862052669
3.25, 1.00445211508, -11.1157754499, -0.00996757716598, 3.44234774926
3.26, 1.00439858479, -11.0815099284, -0.001948703233, 3.41667608504
3.27, 1.00442146121, -11.0474962517, 0.00294495451994, 3.39189478245
3.28, 1.00442920776, -11.0137276316, -0.00354476471457, 3.3677188314
3.29, 1.00435424133, -10.9802003314, -0.0107715871246, 3.34222861743
3.3, 1.00426624293, -10.9469648073, -0.00661782752896, 3.31111379656
3.31, 1.00425812976, -10.9140351361, 0.00217992563481, 3.28089767696
3.32, 1.00427722226, -10.8814032962, 0.0014566114405, 3.25157239761
3.33, 1.00425908111, -10.8490611826, -0.00627904714932, 3.22293750418
3.34, 1.00417236256, -10.8170006796, -0.0102471150255, 3.19516913907
3.35, 1.00410614827, -10.7852137974, -0.00370830529465, 3.16815097874
3.36, 1.00411692746, -10.7536925623, 0.00257710557734, 3.14205833827
3.37, 1.00413281232, -10.7224297808, -0.00198850537276, 3.11651962123
3.38, 1.0040719133, -10.69141841, -0.00993098658192, 3.0916650274
3.39, 1.00397979642, -10.660698192, -0.00796144206414, 3.05899947899
3.4, 1.00395547052, -10.6302962929, 0.00080159989221, 3.02752255272
3.41, 1.00397250854, -10.6002046407, 0.00102711534871, 2.9968762763
3.42, 1.00396162062, -10.5704147325, -0.00485475169078, 2.96711084226
3.43, 1.00388799104, -10.5409181679, -0.00944411806259, 2.93825080328
3.44, 1.00381839962, -10.511706685, -0.00492662804892, 2.9100838028
3.45, 1.00381422052, -10.4827719615, 0.00130310173557, 2.88285512611
3.46, 1.00382819247, -10.454106461, -0.00119107437961, 2.85624252941
3.47, 1.00378181198, -10.4257027715, -0.00836371996857, 2.83041586401
3.48, 1.00369630254, -10.3975265028, -0.00827325971733, 2.81083544968
3.49, 1.00365899785, -10.3695403937, -0.000958806302242, 2.79216944118
3.5, 1.00367762487, -10.3417385923, 0.0014107847945, 2.773943629
3.51, 1.00366575673, -10.3141161149, -0.00530608217945, 2.75623142123
3.52, 1.00358634011, -10.2866679587, -0.0100088689278, 2.73904982427
3.53, 1.00351469395, -10.2593892355, -0.00480248503357, 2.72240737995
3.54, 1.00351460578, -10.2322749479, 0.00176923004261, 2.70614400835
3.55, 1.00353012038, -10.2053205309, -0.00142181682792, 2.69035720491
3.56, 1.00347761338, -10.1785218963, -0.00918789670557, 2.67498440991
3.57, 1.0033861771, -10.1518576191, -0.00858695754559, 2.66440742227
3.58, 1.00335000298, -10.1252845956, -0.000594854750312, 2.65562046478
3.59, 1.00337150694, -10.0987981097, 0.00146042353444, 2.6471376339
3.6, 1.00335590039, -10.0723960814, -0.00601455722179, 2.63873399185
3.61, 1.00326845514, -10.0460761282, -0.0107384856821, 2.63064643315
3.62, 1.00319329543, -10.0198357997, -0.00480044857408, 2.62280555902
3.63, 1.0031953255, -9.99367263061, 0.00201268232428, 2.61524784679
3.64, 1.00321036256, -9.9675848037, -0.00179888687625, 2.60774387621
3.65, 1.00315042803, -9.94157045786, -0.0100908920996, 2.60048883386
3.66, 1.00305218691, -9.91562734558, -0.00892424657474, 2.59348853349
3.67, 1.00301782303, -9.88975310642, -5.19187680038e-05, 2.58670144798
3.68, 1.00303089008, -9.86392988956, 0.0010167475191, 2.58431344802
3.69, 1.0030234295, -9.8381170714, -0.00443643634182, 2.58347832689
3.7, 1.00295092917, -9.81231179554, -0.00969842047651, 2.58273840631
3.71, 1.00287515362, -9.78651365662, -0.00573473318775, 2.58209167921
3.72, 1.00286501818, -9.76072236543, 0.00101477341784, 2.58137324923
3.73, 1.00288123219, -9.73493774253, -0.000675813503278, 2.58073785347
3.74, 1.00283985062, -9.70915992326, -0.00809540723715, 2.58001531706
3.75, 1.00275267465, -9.68338867329, -0.00882039271001, 2.57941936513
3.76, 1.00270927064, -9.65762373984, -0.00145794751667, 2.57876322471
3.77, 1.00272772847, -9.63186077152, 0.0018178134807, 2.58022825089
3.78, 1.00272287476, -9.60605792429, -0.00455829528937, 2.58536316533
3.79, 1.00264718178, -9.58020450079, -0.0100601837567, 2.59037355059
3.8, 1.00257132493, -9.5543015556, -0.00539509847927, 2.59524583385
3.81, 1.00256770181, -9.52835021828, 0.00176715553003, 2.60000006243
3.82, 1.00258882296, -9.50235197988, -0.000542557260267, 2.60465256963
3.83, 1.00254463701, -9.47630849293, -0.00861403401666, 2.60910214996
3.84, 1.00245308111, -9.45022108405, -0.00903697014372, 2.61345702161
3.85, 1.00241183123, -9.42409074331, -0.000922794492591, 2.61768825635
3.86, 1.00243616057, -9.39791853365, 0.00224489275404, 2.62180918934
3.87, 1.00243109874, -9.3716919964, -0.0049695157586, 2.62967105364
3.88, 1.00234905493, -9.34537232923, -0.0107142492687, 2.63917163642
3.89, 1.00227010047, -9.31895896549, -0.0053521355046, 2.64841466215
3.9, 1.00227032067, -9.29245472207, 0.00227436333155, 2.65736714799
3.91, 1.00229398931, -9.26586286185, -0.000623648963564, 2.66595225385
3.92, 1.00224437871, -9.23918674089, -0.00944152275735, 2.67423911794
3.93, 1.00214565467, -9.21242933931, -0.00950213792154, 2.68222904527
3.94, 1.00210456899, -9.18559314675, -0.000581598151412, 2.68999926069
3.95, 1.00213261752, -9.15868080961, 0.0024638251391, 2.69747900316
3.96, 1.00212501435, -9.1316952191, -0.00561633549487, 2.70466961613
3.97, 1.0020347449, -9.10463692836, -0.011463040148, 2.71300944186
3.98, 1.00195280228, -9.07746789499, -0.0052078193377, 2.72558627342
3.99, 1.00194979245, -9.05017564141, -0.000501564666939, 2.73763656758
4.0, 1.00197234082, -9.02276373556, 0.000393676184176, 2.74952908688
4.01, 1.00193687761, -8.99523611017, -0.00819357917073, 2.76091446134
4.02, 1.00183954829, -8.96759641007, -0.0104050190557, 2.77196038583
4.03, 1.00178197808, -8.93984782679, -0.0023979384438, 2.78268577904
4.04, 1.00180078608, -8.91199354984, 0.00254395978746, 2.79310368116
4.05, 1.00180474196, -8.88403706061, -0.00395355374003, 2.80315898671
4.06, 1.00172550713, -8.8559796514, -0.01123810298, 2.81428247919
4.07, 1.00163303388, -8.82778396771, -0.00708769516989, 2.82958161164
4.08, 1.00162051464, -8.79943813911, 0.0016881366164, 2.84441361667
4.09, 1.00163335426, -8.77094636414, 0.000263281421175, 2.85878460438
4.1, 1.0016067265, -8.74231327399, -0.00679995391068, 2.87269398701
4.11, 1.00151897779, -8.71354323762, -0.0101844187339, 2.88619224367
4.12, 1.00145180653, -8.68464017646, -0.00413472482427, 2.89930883065
4.13, 1.00145362094, -8.65560797861, 0.00132839248543, 2.9120271669
4.14, 1.00145744657, -8.6264507829, -0.00302438138427, 2.92432331997
4.15, 1.00139117814, -8.59717269415, -0.0101199086659, 2.93622561603
4.16, 1.00129866641, -8.56777737462, -0.00812454539756, 2.947782725
4.17, 1.001268206, -8.5382352302, -0.000278604930522, 2.96507922878
4.18, 1.00128481262, -8.50852584243, 0.000266789081955, 2.98159405813
4.19, 1.00125324016, -8.47865401805, -0.00763812360398, 2.99758611424
4.2, 1.00115649094, -8.44862481601, -0.0109557944792, 3.01309300301
4.21, 1.00108595537, -8.41844286509, -0.00410124145428, 3.02814949187
4.22, 1.00108984918, -8.38811273022, 0.00150622055264, 3.04274090765
4.23, 1.00109122825, -8.35763922399, -0.00367709191103, 3.05684376637
4.24, 1.0010148304, -8.32702709302, -0.0112598805009, 3.0704915375
4.25, 1.00091362373, -8.29628021864, -0.00863676352935, 3.08410442155
4.26, 1.00088225775, -8.26536743175, -0.000135362847946, 3.10295348407
4.27, 1.00089863591, -8.23427152842, -5.08266818515e-05, 3.12101085348
4.28, 1.00085883837, -8.20299826039, -0.00879561003733, 3.13845435793
4.29, 1.00075043611, -8.17155354881, -0.0119284603151, 3.1553305781
4.3, 1.00067518723, -8.13994280244, -0.0041642864987, 3.17168052008
4.31, 1.00068016519, -8.10817133735, 0.00156079641128, 3.18749052865
4.32, 1.00067757959, -8.07624469305, -0.00449867563928, 3.20274221958
4.33, 1.00058978961, -8.04416823193, -0.012476181048, 3.21748450051
4.34, 1.00048011209, -8.01194667037, -0.00906260635748, 3.23178234354
4.35, 1.00044913575, -7.97958362323, 0.000140838947181, 3.24637518471
4.36, 1.00046637635, -7.94704631438, -0.000291009273424, 3.26571009978
4.37, 1.0004188886, -7.9143204274, -0.0099130414748, 3.28430764794
4.38, 1.00029954124, -7.88141148605, -0.0128024034481, 3.30234694191
4.39, 1.0002211161, -7.84832487485, -0.00404524342323, 3.31985866125
4.4, 1.00022094996, -7.81506598619, -0.00158129013929, 3.3366990544
4.41, 1.00021218434, -7.78164045453, -0.00402818706182, 3.35321449668
4.42, 1.00013443056, -7.74805367775, -0.0114642680348, 3.36909023657
4.43, 1.00002572886, -7.71431056669, -0.00990137215742, 3.38450139402
4.44, 0.999978050798, -7.68041563647, -0.00183967640144, 3.39946467856
4.45, 0.999982141173, -7.64636711221, -0.000741482465521, 3.41656076745
4.46, 0.999941056551, -7.61212663588, -0.00864927716514, 3.43636052957
4.47, 0.999831315056, -7.57769128865, -0.0125049472434, 3.45557909362
4.48, 0.999743817685, -7.54306658208, -0.00580305096597, 3.47424870887
4.49, 0.999733287374, -7.50825808224, 0.000334344973376, 3.49235170934
4.5, 0.999725590919, -7.47327160617, -0.00446594595989, 3.50986607647
4.51, 0.999639866051, -7.43811286786, -0.01240464947, 3.52683231342
4.52, 0.999524377598, -7.40278698909, -0.0102339840501, 3.54331351842
4.53, 0.999477884066, -7.36729869991, -0.00146289200845, 3.5593239579
4.54, 0.999484610964, -7.33165288976, -0.000747924966098, 3.57483090259
4.55, 0.999438542852, -7.29584821929, -0.00949355629194, 3.59244844823
4.56, 0.999319913089, -7.25984614806, -0.0132346668869, 3.61281337701
4.57, 0.999229970169, -7.22364339371, -0.00564223622549, 3.63261737983
4.58, 0.999223133857, -7.18724561015, 0.000677421919614, 3.65183154002
4.59, 0.999214631453, -7.15065890943, -0.0049704339777, 3.67042470008
4.6, 0.99912032844, -7.11388929814, -0.0133820552266, 3.68844294574
4.61, 0.998998232065, -7.07694213998, -0.0105040959001, 3.70595326781
4.62, 0.998953720612, -7.03982240495, -0.00101329461815, 3.72296753942
4.63, 0.998963326938, -7.00253526251, -0.000774200514254, 3.73944861103
4.64, 0.998911669677, -6.96508607108, -0.0104209421351, 3.75540271348
4.65, 0.998783691148, -6.92747937524, -0.0139660079769, 3.77126500679
4.66, 0.998691933862, -6.88968419329, -0.00537436992185, 3.79238235075
4.67, 0.9986775027, -6.85168315919, -0.000607569774282, 3.8127073758
4.68, 0.998671673802, -6.81348208029, -0.00383677545979, 3.83240917381
4.69, 0.99858930219, -6.77508720752, -0.0126083490917, 3.85149756301
4.7, 0.998462986162, -6.73650428209, -0.0119065920773, 3.87004172606
4.71, 0.99839990206, -6.69773857014, -0.00276965750573, 3.8880656756
4.72, 0.998402619765, -6.65879544128, -0.000429574097964, 3.90553808441
4.73, 0.99836270586, -6.6196804941, -0.00899673466023, 3.92245374162
4.74, 0.998240876668, -6.58039898287, -0.0143231757655, 3.93887530135
4.75, 0.998134393665, -6.54095553218, -0.00742576055677, 3.95485340779
4.76, 0.998115968298, -6.50133134206, 0.00024458424273, 3.9754808239
4.77, 0.99811124818, -6.46149718179, -0.00417873392321, 3.99624321156
4.78, 0.998021298028, -6.42145864323, -0.0135619133942, 4.0163821391
4.79, 0.997887697214, -6.38122167567, -0.0123023830416, 4.03595215348
4.8, 0.997825532785, -6.34079180682, -0.0023752626789, 4.05497351128
4.81, 0.997817387041, -6.30017475677, -0.00114437311427, 4.07340758118
4.82, 0.997782709983, -6.25937632482, -0.00775239962446, 4.09126847176
4.83, 0.997671685624, -6.21840206042, -0.0138183874624, 4.10859972483
4.84, 0.997558053269, -6.17725693307, -0.00905631509848, 4.12545576893
4.85, 0.997521104632, -6.13593622633, -0.0013077332514, 4.14504405004
4.86, 0.997512295503, -6.09440184225, -0.00359089901209, 4.16670622398
4.87, 0.9974342053, -6.05265424982, -0.0123337489863, 4.18771907723
4.88, 0.997303403431, -6.01069964948, -0.013015926472, 4.20813244985
4.89, 0.997224819051, -5.96854384928, -0.0043971909083, 4.22797293294
4.9, 0.997217052226, -5.92619269957, -0.000843174398584, 4.2472158493
4.91, 0.997179402033, -5.88365228269, -0.00848480813016, 4.26585099549
4.92, 0.997058851466, -5.84092839561, -0.0147560780294, 4.28393659384
4.93, 0.996940147492, -5.79802619176, -0.00913678183549, 4.30152907078
4.94, 0.996905987836, -5.75495059044, -0.000911921259506, 4.31862379757
4.95, 0.996897959083, -5.71170389602, -0.00390512843937, 4.33665343183
4.96, 0.996811953626, -5.66826031119, -0.0133804707942, 4.35697670153
4.97, 0.996672249545, -5.62461662347, -0.0135958540788, 4.37672834938
4.98, 0.996593174574, -5.58077817649, -0.0040847862382, 4.39593879143
4.99, 0.99658867883, -5.53675058352, -0.000713501265584, 4.41457033766
5.0, 0.996546916468, -5.492539749, -0.0093358343573, 4.43261169085
5.01, 0.996415851799, -5.44815126392, -0.0157586478752, 4.45012660994
5.02, 0.996291924838, -5.40359004116, -0.00919674815036, 4.46717228504
5.03, 0.996252636189, -5.35886081229, -0.00388348113338, 4.48361371531
5.04, 0.99624136833, -5.31396859577, -0.00311823573541, 4.49978813215
5.05, 0.996167002884, -5.26891840855, -0.0123808883457, 4.51534819647
5.06, 0.996026294067, -5.22371486654, -0.014715765132, 4.53047848677
5.07, 0.995928575884, -5.17836203037, -0.00611157650937, 4.54521383767
5.08, 0.995912511086, -5.13286398735, -0.000877331759823, 4.55952510549
5.09, 0.995879676044, -5.08722516925, -0.00792984400859, 4.5733857794
5.1, 0.995757349914, -5.04144986035, -0.015716841064, 4.5868449456
5.11, 0.995621290886, -4.9955417214, -0.0112063554607, 4.59996188796
5.12, 0.995571224799, -4.9495041443, -0.00181376486531, 4.6127337357
5.13, 0.995549878796, -4.90334089924, -0.00269978944552, 4.62511497989
5.14, 0.995486663187, -4.85705575073, -0.0111268408426, 4.63712092791
5.15, 0.995349758935, -4.81065225452, -0.0153007958681, 4.64880108555
5.16, 0.99523619336, -4.76413340877, -0.00815622846796, 4.66019527835
5.17, 0.995205160856, -4.71750216932, -0.00154172491679, 4.67128032183
5.18, 0.995177724653, -4.67076186335, -0.00663369144119, 4.68201934645
5.19, 0.995066805361, -4.62391582171, -0.0151647469379, 4.69244560866
5.2, 0.994923439963, -4.57696682811, -0.0129034890449, 4.702618631
5.21, 0.994853627732, -4.52991733371, -0.00350974234828, 4.71254422845
5.22, 0.994841192228, -4.48277007009, -0.00268875357516, 4.72217545555
5.23, 0.99477256536, -4.43552807704, -0.0120534845906, 4.73150566734
5.24, 0.994625846295, -4.3881940534, -0.0161156260199, 4.74059555462
5.25, 0.994509398734, -4.34077014793, -0.00800015179499, 4.74948265213
5.26, 0.994474099585, -4.29325855323, -0.00453212908201, 4.75800652462
5.27, 0.994442040032, -4.24566185947, -0.00601805953935, 4.76651412518
5.28, 0.994341975659, -4.19798260792, -0.0141275447795, 4.77465336924
5.29, 0.994199319079, -4.15022296493, -0.0137855029867, 4.78260060945
5.3, 0.994112688501, -4.10238473401, -0.00545509307382, 4.79036864644
5.31, 0.994087921788, -4.05446992302, -0.00303593015858, 4.79791633469
5.32, 0.994026405147, -4.00648088252, -0.0107672172098, 4.80522590456
5.33, 0.993888827074, -3.95841975495, -0.0159074442221, 4.81234633182
5.34, 0.993762416366, -3.91028817052, -0.0098165667957, 4.81931813469
5.35, 0.993716725704, -3.86208769816, -0.00258440874497, 4.82611937772
5.36, 0.993686348602, -3.81382031636, -0.00639974287086, 4.83270499344
5.37, 0.993578228948, -3.76548812103, -0.0151352893282, 4.83909613876
5.38, 0.993427596614, -3.71709273058, -0.0142520415018, 4.84535040882
5.39, 0.993341207539, -3.66863541141, -0.0051188487796, 4.85147692053
5.4, 0.993319259159, -3.62011770112, -0.00298869708176, 4.85742663855
5.41, 0.993252959432, -3.57154152775, -0.0116460494804, 4.86318062128
5.42, 0.993105324459, -3.52290858194, -0.0168112731186, 4.86879290282
5.43, 0.992974757006, -3.47422001213, -0.00979091584425, 4.87430405364
5.44, 0.992932226857, -3.42547694713, -0.00222479055827, 4.87968525952
5.45, 0.992887752907, -3.37668104967, -0.0062963964406, 4.88488675198
5.46, 0.992788637976, -3.32783388298, -0.0139586923635, 4.88993871279
5.47, 0.992642933216, -3.27893676712, -0.0146106308445, 4.8948830473
5.48, 0.99254265048, -3.22999065006, -0.0070672910788, 4.89973484987
5.49, 0.992504696911, -3.18099665921, -0.00390627235606, 4.90445439954
5.5, 0.992440934149, -3.13195629889, -0.0105853489382, 4.90901657921
5.51, 0.992304300443, -3.08287095163, -0.0161310289116, 4.91346244098
5.52, 0.99216872721, -3.03374152183, -0.0112526269811, 4.91783295837
5.53, 0.992107168831, -2.984568822, -0.0040205373717, 4.92210989872
5.54, 0.992068926895, -2.93535406709, -0.00660409721552, 4.92624571218
5.55, 0.991962451517, -2.88609866007, -0.0149248047648, 4.93025192815
5.56, 0.991808483262, -2.83680359468, -0.0151631447637, 4.93418306589
5.57, 0.9917073463, -2.78746949933, -0.0068328957811, 4.93805200654
5.58, 0.991671829829, -2.7380972371, -0.00383733679075, 4.94181198266
5.59, 0.991603964134, -2.6886880937, -0.011384269102, 4.94543647929
5.6, 0.991457580527, -2.63924320298, -0.0170620352191, 4.94897217469
5.61, 0.991316947039, -2.58976317936, -0.0113494582823, 4.95246151538
5.62, 0.991257614156, -2.54024857325, -0.0037069671049, 4.95588056521
5.63, 0.991219233271, -2.49070040297, -0.00700517300998, 4.95917601941
5.64, 0.991104348309, -2.4411198805, -0.0159917248007, 4.96236329645
5.65, 0.990941550601, -2.391507754, -0.0157279526219, 4.96550185566
5.66, 0.990839840833, -2.34186439518, -0.00655414176449, 4.96860213493
5.67, 0.990806945571, -2.29219047086, -0.00378624666972, 4.97160969373
5.68, 0.990734335143, -2.24248711616, -0.0122739588925, 4.97449720221
5.69, 0.990577437434, -2.19275527472, -0.0180395020507, 4.97731804181
5.7, 0.99043182649, -2.14299532338, -0.0113993480092, 4.98011626585
5.71, 0.990367207786, -2.09320763324, -0.00668736462545, 4.98271971524
5.72, 0.990325002884, -2.04339305758, -0.00628885022942, 4.98549846429
5.73, 0.990221259449, -1.9935525751, -0.0150153565697, 4.98804480538
5.74, 0.990057564061, -1.94368686681, -0.0168238334756, 4.99055044538
5.75, 0.989937336449, -1.89379616528, -0.0085969155297, 4.99303711421
5.76, 0.989892332333, -1.84388089101, -0.00403372572029, 4.99545789202
5.77, 0.98982781735, -1.79394196685, -0.0109383675482, 4.99777339707
5.78, 0.989679358339, -1.74398026008, -0.0179984716858, 5.00002605687
5.79, 0.989521745615, -1.69399608158, -0.0134041000007, 5.00226710499
5.8, 0.989445927775, -1.64398958934, -0.00473237917098, 5.00447897858
5.81, 0.98940642306, -1.59396142736, -0.00654230881595, 5.00659997924
5.82, 0.989295094645, -1.54391255146, -0.0160755597948, 5.00863383782
5.83, 0.989121762548, -1.4938434859, -0.017517303914, 5.01064463025
5.84, 0.988999967553, -1.44375428542, -0.00836152371875, 5.01265291958
5.85, 0.988946122039, -1.39364529454, -0.00552596538844, 5.01459603384
5.86, 0.988881551312, -1.34351727601, -0.0100726391692, 5.01646187788
5.87, 0.988743366773, -1.29337096434, -0.0172816699127, 5.01826679412
5.88, 0.988581869018, -1.24320664868, -0.014739905662, 5.02006406701
5.89, 0.988487355796, -1.19302438402, -0.0065991272145, 5.02184779614
5.9, 0.988438645403, -1.14282461629, -0.00649438652545, 5.02356159896
5.91, 0.98833646843, -1.09260815757, -0.0148304947412, 5.02519588366
5.92, 0.988168849265, -1.04237551184, -0.0178214344663, 5.02680689357
5.93, 0.988032918081, -0.992126699494, -0.0104031785735, 5.02842344924
5.94, 0.987973719097, -0.941861865041, -0.0049195165036, 5.03000276023
5.95, 0.987907454279, -0.891581681996, -0.010693335234, 5.03149761124
5.96, 0.987759845081, -0.841286857403, -0.0183173402088, 5.03294302596
5.97, 0.987591215757, -0.790977549804, -0.0150717558179, 5.03439492225
5.98, 0.987497666309, -0.740653689685, -0.00628546207687, 5.03584328076
5.99, 0.987450211407, -0.690315666179, -0.00668745448021, 5.03722446303
6.0, 0.987341048236, -0.639964258443, -0.0158626701739, 5.03853131947
6.01, 0.98716329063, -0.589599877318, -0.0186255241472, 5.03982725288
6.02, 0.987024498527, -0.539222411881, -0.0102811653642, 5.04114102423
6.03, 0.986956097681, -0.488831972098, -0.00637832614816, 5.04241391846
6.04, 0.986890577516, -0.438429112704, -0.00973997832092, 5.04362642535
6.05, 0.986753521714, -0.388014458929, -0.0176387634198, 5.04478547043
6.06, 0.986579965979, -0.337588201548, -0.016541314174, 5.04595030553
6.07, 0.986466791725, -0.287150204668, -0.00818702411783, 5.0471242722
6.08, 0.986410605693, -0.236700687996, -0.00654210713347, 5.04824889983
6.09, 0.986311446156, -0.186240327779, -0.014574544872, 5.04930193599
6.1, 0.98613896343, -0.135769566366, -0.0190386231592, 5.05033878413
6.11, 0.985984787684, -0.0852882990436, -0.0124267858909, 5.05139843238
