timestamp, prius1 x posi, prius1 y posi, prius1 x vel, prius1 y vel.
0.0, 0.0, 0.0, 0.0, 0.0
0.00999999999999, -24.9954612696, -0.999988120292, 0.273050519666, -6.10119395159e-05
0.02, -24.9921740194, -1.00000147849, 0.361377141886, -0.00342970064928
0.03, -24.9880110843, -1.00002908639, 0.449621917793, -0.00276086360383
0.04, -24.9829729495, -1.00003031696, 0.537855973313, 0.000697994109447
0.05, -24.9770596974, -1.00000993207, 0.626095867539, 0.00103754180927
0.06, -24.9702713218, -1.00001048384, 0.714338471252, -0.00250326156634
0.07, -24.9626078185, -1.00004128594, 0.80258004399, -0.00415599585978
0.08, -24.9540691933, -1.00006196168, 0.890819886271, -0.00119649227008
0.09, -24.9446554516, -1.00004929374, 0.979059764646, 0.00140090752264
0.1, -24.9343665944, -1.00003663938, 1.06730110199, -0.000838568850143
0.11, -24.9232026191, -1.00005913655, 1.15554294325, -0.00437205961151
0.12, -24.9111635206, -1.00009488772, 1.24378616277, -0.00343148758682
0.13, -24.8982505181, -1.00010094415, 1.33096988925, 0.000302847618055
0.14, -24.8844717544, -1.0000853472, 1.41701388329, 0.000425899004498
0.15, -24.8698378481, -1.00009437235, 1.50200414449, -0.00349625164094
0.16, -24.8543593289, -1.00013522463, 1.58594673732, -0.00507740523041
0.17, -24.8380466049, -1.00016298919, 1.66885382017, -0.00173208636337
0.18, -24.8209099537, -1.00015505043, 1.7507397856, 0.000898957925738
0.19, -24.8029595241, -1.00014947553, 1.8316187104, -0.00172646744865
0.2, -24.7842053377, -1.00018217412, 1.91150184821, -0.00540650061812
0.21, -24.7646572934, -1.00022652692, 1.99039970318, -0.00408770459617
0.22, -24.7443251699, -1.00023700145, 2.06832488732, -1.42459078515e-05
0.23, -24.7232186262, -1.00022537639, 2.1452913889, -0.000103268887051
0.24, -24.7013471989, -1.0002420571, 2.22131131276, -0.00440972027354
0.25, -24.6787207574, -1.00029205504, 2.29634779777, -0.00589374684629
0.26, -24.6553537941, -1.00032563469, 2.37038936015, -0.00211742656517
0.27, -24.6312573441, -1.00032075249, 2.44362435488, 0.000571559165927
0.28, -24.6064399113, -1.00032059716, 2.5159901802, -0.00246607804396
0.29, -24.5809102208, -1.00036222389, 2.58746842887, -0.00633158994387
0.3, -24.5546770224, -1.00041410423, 2.65806535957, -0.00463359640703
0.31, -24.5277489901, -1.00042782157, 2.72779246895, -0.000217891499084
0.32, -24.5001346844, -1.00041916256, 2.79666188734, -0.000551242788444
0.33, -24.4718427421, -1.00044284393, 2.86434724047, -0.0052705765522
0.34, -24.4428863005, -1.00050134426, 2.92996584629, -0.00662851615419
0.35, -24.4132834016, -1.00053956, 2.99374813054, -0.00235984772141
0.36, -24.3830519945, -1.00053629308, 3.0557488764, 0.000378958371043
0.37, -24.3522095806, -1.00054057443, 3.11601920742, -0.00313167408931
0.38, -24.3207731989, -1.00059056922, 3.17460544107, -0.00719676196381
0.39, -24.2887594304, -1.00064916815, 3.23155224617, -0.00507117431358
0.4, -24.256184406, -1.00066489751, 3.28690511765, -0.00029041794057
0.41, -24.2230638176, -1.00065813999, 3.34071048458, -0.000912476325639
0.42, -24.1894129237, -1.00068823072, 3.39301220263, -0.00607066299227
0.43, -24.1552465559, -1.00075442796, 3.44385002669, -0.00724949248116
0.44, -24.1205791317, -1.0007959874, 3.49326432641, -0.00245959975963
0.45, -24.0854246673, -1.00079310126, 3.54129688904, 0.000294899029077
0.46, -24.0497967851, -1.00080096264, 3.58798796064, -0.00371795978295
0.47, -24.0137087247, -1.00085839766, 3.63337323582, -0.00794580968766
0.48, -23.9771733566, -1.00092224766, 3.67748729775, -0.00534037712322
0.49, -23.9402031929, -1.00093833171, 3.72036665996, -0.000210839357856
0.5, -23.9028103965, -1.00093229835, 3.76204827628, -0.00118391074176
0.51, -23.865006787, -1.00096803788, 3.8025654497, -0.00679871005084
0.52, -23.8268038537, -1.00104098769, 3.84194812822, -0.00775556247691
0.53, -23.7882127659, -1.00108447564, 3.88022757614, -0.00240886780419
0.54, -23.7492443821, -1.00108059507, 3.91743683744, 0.000323770130212
0.55, -23.7099092556, -1.00109123635, 3.95360742853, -0.00424947904457
0.56, -23.6702176424, -1.00115556024, 3.9887662943, -0.00863064465437
0.57, -23.6301795138, -1.00122370004, 4.02293978306, -0.00549186054124
0.58, -23.5898045628, -1.00123887212, 4.05615662769, -1.347478514e-05
0.59, -23.5491022124, -1.0012326877, 4.08844614805, -0.00139902516506
0.6, -23.508081619, -1.00127371004, 4.11983386646, -0.00749736505693
0.61, -23.4667516834, -1.00135287471, 4.15034218168, -0.00818366659911
0.62, -23.4251210587, -1.00139722505, 4.17999537037, -0.00224084412774
0.63, -23.3831981574, -1.00139132136, 4.20881976246, 0.000430034655918
0.64, -23.3409911554, -1.00140430183, 4.2368401023, -0.00476068371492
0.65, -23.2985079978, -1.0014752657, 4.26407646581, -0.00927656429228
0.66, -23.2557564095, -1.0015469394, 4.29054883123, -0.00554257610504
0.67, -23.2127439001, -1.00156010262, 4.31627997448, 0.000284017863044
0.68, -23.1694777699, -1.001553098, 4.3412933548, -0.00157980483838
0.69, -23.1259651118, -1.00159925385, 4.36560839572, -0.00818620378832
0.7, -23.0822128216, -1.00168425273, 4.38924160409, -0.00854591465467
0.71, -23.0382276027, -1.00172850749, 4.41221190661, -0.00196627266128
0.72, -22.9940159725, -1.00171969381, 4.4345405088, 0.00059674032243
0.73, -22.9495842644, -1.00173476864, 4.45624689893, -0.0052714627068
0.74, -22.904938633, -1.00181229933, 4.47734573818, -0.00989779489705
0.75, -22.8600850627, -1.00188686319, 4.49785209156, -0.00550173317443
0.76, -22.8150293705, -1.00189703051, 4.51778419729, 0.000668562092116
0.77, -22.769777212, -1.00188870797, 4.53716103123, -0.00174542391322
0.78, -22.7243340809, -1.00194003775, 4.55599719492, -0.00888192075232
0.79, -22.6787053188, -1.00203061611, 4.5743045822, -0.00885115225737
0.8, -22.6328961179, -1.00207389475, 4.59209803865, -0.00159310486943
0.81, -22.586911527, -1.00206140187, 4.60939487257, 0.000809071643858
0.82, -22.5407564514, -1.00207849912, 4.62621047231, -0.00579920878173
0.83, -22.494435658, -1.00216266709, 4.6425551913, -0.0105049513967
0.84, -22.4479537819, -1.00223954889, 4.65844030728, -0.00537455148187
0.85, -22.4013153289, -1.00224580503, 4.67388061328, 0.00113035127392
0.86, -22.3545246795, -1.00223580718, 4.68889164222, -0.00191223599765
0.87, -22.3075860881, -1.0022925103, 4.70348416018, -0.00959809773741
0.88, -22.2605036921, -1.00238850597, 4.71766642925, -0.0091049737314
0.89, -22.2132815128, -1.00242997498, 4.73145019158, -0.00112663863686
0.9, -22.1659234609, -1.00241312871, 4.74484980914, 0.00105417293159
0.91, -22.1184333354, -1.00243233013, 4.7578774525, -0.00635928866567
0.92, -22.070814828, -1.00252332648, 4.77054001194, -0.0111060902882
0.93, -22.0230715288, -1.00260199991, 4.78284585618, -0.00516372510786
0.94, -21.9752069277, -1.00260348027, 4.79480718393, 0.00166146068017
0.95, -21.9272244178, -1.00259157491, 4.8064369081, -0.00209514014958
0.96, -21.8791272938, -1.00265399235, 4.81774268838, -0.0103461502703
0.97, -21.8309187604, -1.00275530858, 4.8287299228, -0.00930998341569
0.98, -21.7826019322, -1.00279415289, 4.83940802675, -0.000569678719314
0.99, -21.7341798389, -1.00277235458, 4.84978915768, 0.00132069207996
1.0, -21.6856554226, -1.00279388032, 4.85988294315, -0.00696538345433
1.01, -21.6370315429, -1.00289199329, 4.86969346212, -0.0117064874713
1.02, -21.5883109809, -1.00297194724, 4.87922687089, -0.00486899370119
1.03, -21.5394964399, -1.00296781289, 4.88849344407, 0.00225587575998
1.04, -21.4905905488, -1.00295387701, 4.89750411642, -0.00230758299848
1.05, -21.4415958592, -1.00302247312, 4.90626400196, -0.0111353353653
1.06, -21.3925148541, -1.00312905351, 4.9147762403, -0.0094661309816
1.07, -21.3433499504, -1.00316447664, 4.92304742931, 7.27440017606e-05
1.08, -21.2941035078, -1.00313720113, 4.93108844658, 0.00159909407119
1.09, -21.2447778117, -1.0031613605, 4.93890667375, -0.00762872763065
1.1, -21.195375078, -1.00326705683, 4.94650570017, -0.0123315328657
1.11, -21.1458974532, -1.00334817729, 4.95388973099, -0.00454392595699
1.12, -21.0963470381, -1.00333816934, 4.961066105, 0.00285461962759
1.13, -21.046725868, -1.00332260044, 4.96804468768, -0.00258957339111
1.14, -20.9970359195, -1.00339805441, 4.97483153577, -0.0119727482689
1.15, -20.9472791179, -1.00350988198, 4.98142403595, -0.00958148418976
1.16, -20.8974573336, -1.00354124521, 4.98783043675, 0.000779088806705
1.17, -20.8475723859, -1.00350831114, 4.99405874032, 0.00184981999859
1.18, -20.7976260414, -1.00353572507, 5.00011775062, -0.00835930373284
1.19, -20.7476200168, -1.00363596979, 5.00600332863, -0.0117266770486
1.2, -20.6975559799, -1.00372375645, 5.0117230942, -0.00594555908479
1.21, -20.6474355539, -1.00372724121, 5.01728203452, 0.00197341634993
1.22, -20.5972603152, -1.00370921111, 5.02268962135, -0.00146354139747
1.23, -20.547031796, -1.00377033738, 5.02794681283, -0.010731162087
1.24, -20.4967514891, -1.00388031339, 5.03305196033, -0.0103623124091
1.25, -20.4464208419, -1.00392622661, 5.03801602807, -0.000806571703476
1.26, -20.3960412657, -1.00390075284, 5.04284136036, 0.00204452384516
1.27, -20.3456141299, -1.00391653886, 5.04753410593, -0.0067414735505
1.28, -20.2951407605, -1.00401912455, 5.05209398806, -0.0126296791854
1.29, -20.2446224492, -1.00410904958, 5.05652577578, -0.00566207758535
1.3, -20.1940604566, -1.00410633627, 5.06083137917, 0.00266968636121
1.31, -20.1434560053, -1.00408535215, 5.06501995611, -0.00161879285258
1.32, -20.0928102791, -1.00415281108, 5.06909327087, -0.0115920523046
1.33, -20.0421244315, -1.00426891929, 5.07304967713, -0.0105909755611
1.34, -19.9913995865, -1.00431141878, 5.07689292338, -0.000102617131424
1.35, -19.9406368374, -1.00429343852, 5.08063068346, 0.00163504415173
1.36, -19.8898372409, -1.00430191197, 5.08426688365, -0.00536280558052
1.37, -19.8390018261, -1.0043925897, 5.0878011332, -0.0119900645808
1.38, -19.7881315964, -1.00448733316, 5.09123356205, -0.00696678871588
1.39, -19.7372275287, -1.00449944674, 5.09456568744, 0.00148228573055
1.4, -19.6862905664, -1.00447943662, 5.09781310813, -0.000770126257505
1.41, -19.6353216279, -1.00453282561, 5.10096932393, -0.010157949681
1.42, -19.5843216148, -1.00464379747, 5.10403133995, -0.0110303132543
1.43, -19.533291382, -1.00469945139, 5.10701223932, -0.00176329880152
1.44, -19.4822317805, -1.00467772514, 5.1099048153, 0.00225843368544
1.45, -19.4311436259, -1.0046862415, 5.1127258819, -0.00582692590921
1.46, -19.3800277289, -1.00478387799, 5.11546337113, -0.0126665063273
1.47, -19.3288848584, -1.00488077567, 5.11812080093, -0.00672048586859
1.48, -19.2777157701, -1.00488659468, 5.12070550794, 0.00224258198433
1.49, -19.2265212032, -1.0048623779, 5.12321919374, -0.000773399863365
1.5, -19.1753018651, -1.00492090359, 5.12566185741, -0.0109504093481
1.51, -19.1240584481, -1.00503803786, 5.12803628172, -0.0113067834713
1.52, -19.072791624, -1.0050906553, 5.13034541059, -0.00106223243429
1.53, -19.0215020547, -1.0050756978, 5.13258804355, 0.0019733014934
1.54, -18.9701903725, -1.00507560311, 5.1347707161, -0.00434629810398
1.55, -18.9188571928, -1.00516109693, 5.13689280542, -0.0120730202642
1.56, -18.8675031168, -1.00526366955, 5.13895269046, -0.00811711163717
1.57, -18.816128729, -1.00528457432, 5.14095350791, 0.00109326405508
1.58, -18.7647346004, -1.00526038666, 5.14290075885, 0.000191332151468
1.59, -18.7133212824, -1.00530417753, 5.14479223128, -0.0095092476291
1.6, -18.6618893074, -1.00541684655, 5.14663265401, -0.0118575833463
1.61, -18.6104391965, -1.00548349619, 5.14842220218, -0.00276108369127
1.62, -18.5589714643, -1.00546430087, 5.15015872406, 0.00270956251116
1.63, -18.5074866036, -1.0054630038, 5.15184857854, -0.00470802159428
1.64, -18.4559850876, -1.00555530266, 5.15349164859, -0.012806277291
1.65, -18.4044673748, -1.00566094972, 5.15509102586, -0.00796167205802
1.66, -18.3529339298, -1.00567568119, 5.15663819812, 0.00191826575178
1.67, -18.3013851927, -1.00566046529, 5.15814690412, 0.000259042040349
1.68, -18.2498215827, -1.00569407893, 5.15961794553, -0.00802655543214
1.69, -18.1982435239, -1.00579616428, 5.1610403374, -0.0114910231708
1.7, -18.1466514123, -1.00586987308, 5.16242783022, -0.00416539217094
1.71, -18.0950456515, -1.00586403131, 5.16376880417, 0.00185084787395
1.72, -18.043426615, -1.00586008928, 5.16508309229, -0.00357316999302
1.73, -17.9917946793, -1.00593796469, 5.16635570535, -0.0115516178845
1.74, -17.9401501994, -1.00604154506, 5.16759181247, -0.00870935990062
1.75, -17.8884935272, -1.00607045108, 5.16879373356, 0.000369468467449
1.76, -17.8368250083, -1.00604791975, 5.16995849643, 0.00055178596847
1.77, -17.785144965, -1.00608412899, 5.17110145436, -0.00865062698695
1.78, -17.733453726, -1.00619258441, 5.17220634444, -0.0119369625517
1.79, -17.6817516019, -1.00626548085, 5.17327572959, -0.00365565031125
1.8, -17.6300388961, -1.00625266249, 5.17431766163, 0.00249514164696
1.81, -17.5783159075, -1.00624707442, 5.1753358698, -0.00386094527434
1.82, -17.5265829244, -1.00633133428, 5.17632349134, -0.0122890258031
1.83, -17.4748402251, -1.00643856331, 5.17727892448, -0.00864441509993
1.84, -17.4230880798, -1.00646198551, 5.17820575888, 0.00116139983767
1.85, -17.3713267558, -1.00643365564, 5.17911098902, 0.000772831750224
1.86, -17.319556505, -1.00647334136, 5.17999623172, -0.00936926199732
1.87, -17.2677775799, -1.00658881522, 5.18085434456, -0.0124054862438
1.88, -17.2159902225, -1.00666060774, 5.18168398558, -0.00308939043974
1.89, -17.1641946691, -1.00665235369, 5.18249056005, 0.00148846380668
1.9, -17.1123911538, -1.00664204886, 5.18327719727, -0.00256185378498
1.91, -17.0605798883, -1.00671262683, 5.18404401786, -0.0113033764976
1.92, -17.0087610882, -1.00682124, 5.1847866034, -0.00971006435644
1.93, -16.9569349642, -1.00685968797, 5.18550641532, -0.000256141646308
1.94, -16.9051017232, -1.00683554618, 5.18620798532, 0.00132849390304
1.95, -16.8532615615, -1.00686173688, 5.18689316831, -0.0077734688976
1.96, -16.8014146756, -1.0069686954, 5.18755696483, -0.012461158633
1.97, -16.7495612602, -1.00705161781, 5.18819915351, -0.00475890044869
1.98, -16.697701494, -1.00704404006, 5.18882378919, 0.00261878806482
1.99, -16.6458355553, -1.0070303421, 5.18943185441, -0.00272277079498
2.0, -16.5939636134, -1.00710682203, 5.19002635712, -0.0120597501529
2.01, -16.5420858414, -1.00721997034, 5.1905984773, -0.00975598776743
2.02, -16.4902023961, -1.00725358358, 5.19115724658, 0.000534047120196
2.03, -16.4383134406, -1.00723684206, 5.19170067357, 0.000879559458248
2.04, -16.3864191288, -1.00725610041, 5.19223297354, -0.0064012581895
2.05, -16.3345196086, -1.00735043766, 5.19274805815, -0.0116925494277
2.06, -16.2826150268, -1.00743670672, 5.19324383825, -0.005932525201
2.07, -16.230705523, -1.00744346579, 5.19372513014, 0.00140956878951
2.08, -16.1787912351, -1.00743145023, 5.19419987248, -0.0019572129479
2.09, -16.1268722992, -1.00749410874, 5.19466266741, -0.0105904120992
2.1, -16.0749488425, -1.00760106084, 5.19510646615, -0.0100557249006
2.11, -16.0230209906, -1.00764685994, 5.19553537852, -0.00108764983331
2.12, -15.9710888683, -1.00762678312, 5.19595776535, 0.00141498834469
2.13, -15.9191525984, -1.0076467553, 5.19637127244, -0.00688514075035
2.14, -15.8672122981, -1.00774737849, 5.19676812896, -0.0122348575341
2.15, -15.8152680776, -1.00783437301, 5.19715293959, -0.00557397074772
2.16, -15.7633200425, -1.00783452649, 5.19752914157, 0.00212530281392
2.17, -15.711368302, -1.00781917723, 5.19789421139, -0.00204663736751
2.18, -15.6594129551, -1.00788714533, 5.19825180211, -0.0113236595647
2.19, -15.6074541047, -1.00799905326, 5.19859905273, -0.0101926521027
2.2, -15.5554918488, -1.00804091031, 5.19893049838, -0.000362110793823
2.21, -15.503526286, -1.00801429595, 5.19925597762, 0.00180690751701
2.22, -15.4515575048, -1.00803600409, 5.1995778389, -0.00748490920933
2.23, -15.3995856014, -1.00814384789, 5.1998832039, -0.0128411551551
2.24, -15.3476106547, -1.00823155344, 5.20018323944, -0.00517236674399
2.25, -15.2956327567, -1.00822466041, 5.20047207934, 0.00286821729915
2.26, -15.2436519872, -1.00820632504, 5.20075692009, -0.00222077836716
2.27, -15.1916684205, -1.00828057971, 5.20103725963, -0.0121512138365
2.28, -15.1396821451, -1.00838359682, 5.20130007209, -0.0105617202322
2.29, -15.0876932292, -1.00843724222, 5.2015619098, -0.00184442298447
2.3, -15.0357017559, -1.00841919956, 5.20181145891, 0.00176016368669
2.31, -14.9837077944, -1.00843117919, 5.20205905126, -0.00593632077212
2.32, -14.9317114122, -1.0085265056, 5.2022993157, -0.012220310721
2.33, -14.8797126759, -1.00861948432, 5.20253009871, -0.00650291956737
2.34, -14.8277116485, -1.00862677953, 5.20275379927, 0.00182388635935
2.35, -14.775708396, -1.00860757663, 5.20297404684, -0.00119017801445
2.36, -14.7237029815, -1.00866682018, 5.20318972619, -0.010708968917
2.37, -14.6716954624, -1.0087796435, 5.20339731118, -0.0108527142101
2.38, -14.6196858996, -1.00883063109, 5.20359623987, -0.00120288328549
2.39, -14.5676743498, -1.00880613233, 5.20379145284, 0.00220023140306
2.4, -14.5156742901, -1.00881917243, 5.19943487597, -0.0064810570646
2.41, -14.4637465043, -1.0089217947, 5.19145063312, -0.0128786219012
2.42, -14.4118975744, -1.00901626489, 5.18365379696, -0.00616487030454
2.43, -14.360125517, -1.00901658838, 5.1760671653, 0.00262150551921
2.44, -14.3084281953, -1.00900669648, 5.16869836145, -0.000648583795606
2.45, -14.2568035114, -1.00905339539, 5.16153665161, -0.00923489339877
2.46, -14.20524943, -1.00915848315, 5.15457418589, -0.0109041062911
2.47, -14.1537639765, -1.00921940659, 5.14780379003, -0.00267097878347
2.48, -14.1023452326, -1.00920559457, 5.14122378226, 0.00182570954934
2.49, -14.0509913353, -1.00921140715, 5.13483041553, -0.00502871902333
2.5, -13.9997315958, -1.00929993289, 5.12159092911, -0.0119282299696
2.51, -13.9486139353, -1.00939619747, 5.10743881443, -0.00723069657469
2.52, -13.8976359551, -1.00941054293, 5.09365123469, 0.00140035734292
2.53, -13.846793851, -1.00938909087, 5.08025018354, -0.00043787995262
2.54, -13.7960838208, -1.00943886129, 5.06722787257, -0.00984437417053
2.55, -13.7455021623, -1.00954899552, 5.05456776582, -0.011125762654
2.56, -13.6950452867, -1.00960670519, 5.0422588709, -0.00195181636203
2.57, -13.6447097021, -1.00958497364, 5.03029421173, 0.00246873280917
2.58, -13.5944920126, -1.00958967138, 5.01867095763, -0.00536597025232
2.59, -13.5443925408, -1.00968416793, 5.00516967868, -0.0125372744231
2.6, -13.4944660893, -1.00978231127, 4.98588956497, -0.00694954077951
2.61, -13.4447289157, -1.00978909505, 4.9671792902, 0.00237347029006
2.62, -13.3951762363, -1.00977413644, 4.9489782018, 0.000389301994498
2.63, -13.345802924, -1.00980973968, 4.93129220959, -0.00833713205747
2.64, -13.2966039593, -1.00991303405, 4.91409728799, -0.0113183831915
2.65, -13.2475744546, -1.00998141227, 4.89738260359, -0.00339066846525
2.66, -13.1987096755, -1.00996852818, 4.88113557273, 0.00236838840154
2.67, -13.1500050087, -1.00996358974, 4.86534738263, -0.00375097239932
2.68, -13.1014567506, -1.01004382361, 4.84921774521, -0.0116600488918
2.69, -13.0531120883, -1.01014486355, 4.82581063458, -0.00810854773015
2.7, -13.0049955149, -1.01016528158, 4.80325029685, 0.00130467807284
2.71, -12.9571013799, -1.01013641228, 4.78130816422, 0.000869973307481
2.72, -12.9094234817, -1.01017339759, 4.75998591242, -0.00890726259803
2.73, -12.8619557397, -1.01028294098, 4.73926113743, -0.0117560237139
2.74, -12.8146922672, -1.01034975234, 4.71911246045, -0.00274208292829
2.75, -12.7676273777, -1.01033592012, 4.69953174213, -4.25903874607e-05
2.76, -12.7207555701, -1.01033119923, 4.6804799029, -0.00278677097654
2.77, -12.6740715106, -1.0103976725, 4.66196209726, -0.0103303923277
2.78, -12.6275708028, -1.0104937683, 4.64316959736, -0.00845674373043
2.79, -12.5812999427, -1.0105255681, 4.61716953109, -0.000128100659658
2.8, -12.5352827437, -1.01050436121, 4.59208753794, 0.000961292203369
2.81, -12.489512869, -1.01052977398, 4.56769249573, -0.00714705140349
2.82, -12.4439834238, -1.01062501083, 4.54398376015, -0.0109944430285
2.83, -12.3986876188, -1.01069612122, 4.52094256676, -0.003996079258
2.84, -12.3536188798, -1.01068754931, 4.49854756042, 0.00231906200445
2.85, -12.3087708474, -1.01067635278, 4.47678252669, -0.0026514825727
2.86, -12.2641373441, -1.01074524735, 4.45562784986, -0.010747296306
2.87, -12.2197123703, -1.01084354845, 4.43506154287, -0.00837366729147
2.88, -12.1754900917, -1.01086982917, 4.41506842467, 0.00070322993162
2.89, -12.1315035073, -1.01084139432, 4.38779473855, 0.00140394302408
2.9, -12.0877898202, -1.01086747787, 4.3608159079, -0.00757314567554
2.91, -12.0443422151, -1.01096728518, 4.33456645887, -0.0112690320347
2.92, -12.0011533346, -1.01103599128, 4.30904766946, -0.00332172552286
2.93, -11.9582159415, -1.0110186556, 4.28424398463, 0.00316040686166
2.94, -11.9155229962, -1.01100364171, 4.26013776812, -0.0027176911231
2.95, -11.873067658, -1.0110768703, 4.23670643198, -0.0112978363633
2.96, -11.8308432796, -1.01117727017, 4.21392780993, -0.00816445990083
2.97, -11.7888434009, -1.01119662114, 4.19178434428, 0.00165472991227
2.98, -11.7470596816, -1.01116053263, 4.17164893225, 0.0018290302272
2.99, -11.7054459228, -1.01118806596, 4.15654236244, -0.00811407203442
3.0, -11.6639816836, -1.01129333867, 4.14182904731, -0.0116199501551
3.01, -11.622662398, -1.01135975573, 4.12753513124, -0.00264264279322
3.02, -11.581483976, -1.01134531263, 4.11364178954, 0.00235075160504
3.03, -11.5404424738, -1.01132361325, 4.10013993542, -0.0012373277323
3.04, -11.4995340523, -1.01138156729, 4.08701786198, -0.0101807088678
3.05, -11.4587549827, -1.01148205844, 4.0742607803, -0.00910672010355
3.06, -11.4181016431, -1.01151494179, 4.0618585019, 0.000398769871695
3.07, -11.3775705211, -1.01148130485, 4.04980419504, 0.00254773810841
3.08, -11.3371582057, -1.0114938933, 4.03808903395, -0.0063997497429
3.09, -11.2968285049, -1.01158973523, 4.03275508951, -0.0116019913751
3.1, -11.2565543619, -1.01166650301, 4.02732494917, -0.00423127727959
3.11, -11.2163336302, -1.01165187612, 4.02205944822, 0.00356369096335
3.12, -11.1761647864, -1.01162570057, 4.01694330156, -0.00129687810511
3.13, -11.1360463922, -1.01168870129, 4.01196947346, -0.010888467424
3.14, -11.0959770493, -1.01179347662, 4.00713108163, -0.00914809723138
3.15, -11.0559553886, -1.01182134584, 4.00242589649, 0.00121877891678
3.16, -11.0159800756, -1.01179437999, 3.99785492958, 0.00218074096006
3.17, -10.9760498043, -1.01179926875, 3.99341543283, -0.00497600026961
3.18, -10.9361633002, -1.01188227753, 3.98910114779, -0.0108387212798
3.19, -10.896286448, -1.01196240046, 3.99096145695, -0.00539513231267
3.2, -10.8563942121, -1.0119616816, 3.99252843475, 0.00241575582412
3.21, -10.8164864139, -1.01193651073, 3.99406884342, -0.000477268668347
3.22, -10.7765634377, -1.01198544261, 3.99556883801, -0.00942527829047
3.23, -10.7366257108, -1.01208429581, 3.997023285, -0.00948788381671
3.24, -10.6966736489, -1.01212444296, 3.99843425009, -0.000389069784716
3.25, -10.6567076547, -1.01209382849, 3.99980782838, 0.00275591529299
3.26, -10.6167281182, -1.01209912496, 4.00114542344, -0.0054554217401
3.27, -10.5767354153, -1.0121886906, 4.00244570441, -0.0114403482338
3.28, -10.536729916, -1.01227010354, 4.00370612818, -0.00508307348793
3.29, -10.4966790966, -1.01226286406, 4.01098662171, 0.00315322632308
3.3, -10.4565594632, -1.01223403395, 4.01782651398, -0.000545215057064
3.31, -10.4163723279, -1.01228839215, 4.02449132136, -0.0102141725222
3.32, -10.3761195305, -1.01239295203, 4.03096683016, -0.00970936384369
3.33, -10.3358029093, -1.01242977003, 4.03725882873, 0.000298335577494
3.34, -10.2954242557, -1.01239260838, 4.04337539615, 0.00316383889741
3.35, -10.2549853038, -1.01239959017, 4.04932523053, -0.00607927872664
3.36, -10.2144877393, -1.01249699022, 4.05510698783, -0.0121365336649
3.37, -10.1739292534, -1.01258000385, 4.06272515644, -0.00475564049516
3.38, -10.1332694607, -1.01256606355, 4.0739470228, 0.0038865128627
3.39, -10.0924992319, -1.01254777347, 4.08486242808, -0.000124096348863
3.4, -10.0516213748, -1.01259051803, 4.09548241818, -0.00882418753926
3.41, -10.0106388773, -1.01268803601, 4.10580245363, -0.00984172650192
3.42, -9.9695546706, -1.01273584396, 4.11583109476, -0.00131251073162
3.43, -9.92837160374, -1.01271103753, 4.1255798454, 0.00260344170412
3.44, -9.88709244175, -1.01271243361, 4.13505910725, -0.00477122101529
3.45, -9.84571987077, -1.01279678923, 4.14427269921, -0.0112697253839
3.46, -9.8042565036, -1.012882533, 4.1532261455, -0.00594503570523
3.47, -9.76270488025, -1.01288425059, 4.16192792404, 0.00246100740978
3.48, -9.72106674075, -1.0128562214, 4.17111865088, -0.000121466125187
3.49, -9.67930738029, -1.01290391407, 4.18524223437, -0.00958983584639
3.5, -9.63741028114, -1.01300767494, 4.19886925113, -0.0101675766132
3.51, -9.59537879163, -1.01305336791, 4.2121248497, -0.000735110538509
3.52, -9.55321663487, -1.01302243992, 4.22501073688, 0.00302633556476
3.53, -9.51092746869, -1.01302499484, 4.23753892027, -0.00533633416633
3.54, -9.46851484637, -1.01311715969, 4.24971609322, -0.0120201430061
3.55, -9.42598222201, -1.01320564849, 4.26154970047, -0.00575930339977
3.56, -9.38333295268, -1.01320172105, 4.27305102066, 0.00314089187238
3.57, -9.3405600272, -1.01317034605, 4.28756026083, -0.000201711082558
3.58, -9.29762450308, -1.0132239102, 4.30414272458, -0.0104719997469
3.59, -9.25452545686, -1.01333503266, 4.32028169646, -0.0105910693745
3.6, -9.21126731363, -1.01337909569, 4.33597170924, -0.000156492739816
3.61, -9.16785451492, -1.01335592823, 4.35122283481, 0.0026773715894
3.62, -9.12429139611, -1.01335018545, 4.36604959105, -0.00387976199284
3.63, -9.08058216122, -1.01343078789, 4.38046194233, -0.0115239846469
3.64, -9.03673089648, -1.01352630546, 4.39446829462, -0.00730764440426
3.65, -8.99274157293, -1.01353876979, 4.40808157222, 0.00189248394463
3.66, -8.94861805405, -1.01350804338, 4.4213167158, 0.000702868970816
3.67, -8.90436014296, -1.01354753903, 4.43618499739, -0.00910197015425
3.68, -8.85992951097, -1.01365497066, 4.45445260337, -0.0112197449266
3.69, -8.81531902606, -1.01371400087, 4.47221059203, -0.0019656523232
3.7, -8.7705334463, -1.01368761875, 4.48948024924, 0.00329892835506
3.71, -8.72557765302, -1.01368190362, 4.50626915708, -0.00437109133152
3.72, -8.68045641502, -1.01377044734, 4.52258726385, -0.0123589616071
3.73, -8.63517436739, -1.01386997524, 4.53844522841, -0.00724673271841
3.74, -8.58973601027, -1.01387735022, 4.5538581447, 0.00258916454209
3.75, -8.54414571887, -1.01384258266, 4.56884302519, 0.000694397355582
3.76, -8.49840773857, -1.0138877462, 4.58341151646, -0.0100068310109
3.77, -8.45252249197, -1.01398853816, 4.59907629015, -0.0112716099377
3.78, -8.40646917995, -1.01405850337, 4.61616285948, -0.00358685590466
3.79, -8.36024743313, -1.01404464296, 4.63278245986, 0.00273103584481
3.8, -8.31386184344, -1.01403332154, 4.64894427292, -0.00305113963898
3.81, -8.26731698284, -1.01410873345, 4.66465393503, -0.0114909842287
3.82, -8.22061731233, -1.01421118092, 4.67992060528, -0.00846749174761
3.83, -8.17376716597, -1.01423465804, 4.6947581575, 0.00111809668981
3.84, -8.12677075888, -1.01420415244, 4.70918265448, 0.00125925542776
3.85, -8.07963218334, -1.01423617906, 4.72320626172, -0.00849759932583
3.86, -8.03235541704, -1.01434461207, 4.73683569294, -0.0119594857821
3.87, -7.98494432534, -1.01441535858, 4.75008102734, -0.00320475589505
3.88, -7.93740266472, -1.01439569815, 4.76295640371, 0.00325735061515
3.89, -7.88973408497, -1.01438410231, 4.77547576691, -0.00349452886063
3.9, -7.84194212854, -1.01446760466, 4.78764596615, -0.0123957130277
3.91, -7.79403024169, -1.01457521031, 4.79947306772, -0.00852613031904
3.92, -7.74600177264, -1.01459422077, 4.81096816577, 0.00182274542664
3.93, -7.69785998006, -1.01457347485, 4.82214473826, 0.00128967186361
3.94, -7.64960802821, -1.01459580204, 4.83301145146, -0.00709009331952
3.95, -7.60124899486, -1.01469505407, 4.84357326695, -0.0117818873385
3.96, -7.55278587451, -1.0147749073, 4.8538368174, -0.00479405858418
3.97, -7.50422157951, -1.01476979721, 4.86381289514, 0.00233785779177
3.98, -7.4555589427, -1.01475580818, 4.87351300713, -0.00237315791749
3.99, -7.40680071353, -1.01482553101, 4.88294277717, -0.0112564996625
4.0, -7.35794956726, -1.01493268738, 4.89210594161, -0.00945510489869
4.01, -7.30900810241, -1.01496727985, 4.90101084893, 0.000187893360063
4.02, -7.2599788467, -1.01493929589, 4.90966875788, 0.00160657138072
4.03, -7.2108642518, -1.01496427001, 4.9180879191, -0.00776145691692
4.04, -7.16166670112, -1.01507105608, 4.92626900659, -0.0123832880176
4.05, -7.11238852413, -1.01515159617, 4.93421904222, -0.00440635326859
4.06, -7.06303199402, -1.01514010916, 4.94194365886, 0.00297723768599
4.07, -7.01359930643, -1.01512423298, 4.94945698456, -0.00264209420606
4.08, -6.96409257899, -1.01520069262, 4.95676151167, -0.0120752727166
4.09, -6.91451389089, -1.01531278669, 4.96385744392, -0.00952311503509
4.1, -6.86486524824, -1.01534273946, 4.97075273259, 0.000949408310492
4.11, -6.81514861169, -1.01532283182, 4.97745975205, 0.00106845936197
4.12, -6.76536588299, -1.01534173542, 4.98397960254, -0.00646493166543
4.13, -6.71551890928, -1.01543640292, 4.99031680465, -0.0116466536595
4.14, -6.6656094878, -1.01552054973, 4.99647440192, -0.00560713854647
4.15, -6.61563936451, -1.01552380081, 5.0024574271, 0.00170934096312
4.16, -6.56561023862, -1.01551045085, 5.00827759321, -0.00196658066599
4.17, -6.51552375773, -1.0155739673, 5.0139378013, -0.0106770033281
4.18, -6.46538152687, -1.01568036786, 5.01943584006, -0.00986266982086
4.19, -6.41518510491, -1.01572289307, 5.02477802851, -0.000716340289189
4.2, -6.36493601172, -1.0157000967, 5.02997064811, 0.00155252505043
4.21, -6.31463572006, -1.01572036809, 5.03502382864, -0.0070143074634
4.22, -6.26428565626, -1.01582184593, 5.03993393376, -0.0122304755469
4.23, -6.21388722031, -1.01590694885, 5.04470262749, -0.00526239379265
4.24, -6.1634417586, -1.01590382505, 5.04933642617, 0.00239124571814
4.25, -6.11295058955, -1.01588767798, 5.0538475075, -0.00212621240208
4.26, -6.06241498873, -1.01595713444, 5.05822994488, -0.0114657877864
4.27, -6.01183619774, -1.01606884824, 5.06248924537, -0.0100147191426
4.28, -5.96121542653, -1.01610762139, 5.06662889795, -1.59111849896e-05
4.29, -5.91055385328, -1.01607867077, 5.07065256245, 0.00189062861306
4.3, -5.8598526172, -1.01610123464, 5.07456668681, -0.00767040575244
4.31, -5.80911282368, -1.01621029809, 5.07837065607, -0.012848509916
4.32, -5.75833555124, -1.01629608557, 5.08206487731, -0.00485051623253
4.33, -5.70752185171, -1.01629395316, 5.08566269081, -0.000215756095993
4.34, -5.65667274735, -1.0162786206, 5.08914616084, -0.00115542800888
4.35, -5.60578922262, -1.01633438389, 5.09254297695, -0.0101995282436
4.36, -5.55487223884, -1.01644326132, 5.0958449105, -0.0106767102949
4.37, -5.5039227358, -1.0164959657, 5.09905001553, -0.00161468475817
4.38, -5.45294162742, -1.01647545744, 5.10216361388, 0.00194197229867
4.39, -5.40192978972, -1.01648742674, 5.10519894282, -0.00609177706083
4.4, -5.3508880855, -1.01658499198, 5.10814612295, -0.0124298458888
4.41, -5.29981734848, -1.01667834685, 5.11100808636, -0.00637783893585
4.42, -5.24871839, -1.0166829802, 5.11378671122, 0.00213011235947
4.43, -5.1975919976, -1.0166618496, 5.11649320408, -0.00114292212474
4.44, -5.14643893861, -1.01672232068, 5.11912826396, -0.0109280179742
4.45, -5.09525996093, -1.01683657703, 5.12168183639, -0.01087671763
4.46, -5.0440557843, -1.01688580793, 5.12416463892, -0.000899027816098
4.47, -4.99282711585, -1.01685832481, 5.1265817925, 0.00241144356987
4.48, -4.94157464432, -1.01687130152, 5.12893197326, -0.00664659444067
4.49, -4.89029903393, -1.01696594539, 5.13121492537, -0.0108178308508
4.5, -4.83900092939, -1.01706100736, 5.1334297435, -0.00748370591964
4.51, -4.78768096026, -1.01707964294, 5.13558391534, 0.000929928744127
4.52, -4.73633974023, -1.0170602972, 5.13768013833, -0.00039456223437
4.53, -4.68497786273, -1.0171070015, 5.13971962382, -0.00944271491303
4.54, -4.63359590489, -1.01721485657, 5.14170293975, -0.0111560020298
4.55, -4.58219442866, -1.01727611156, 5.14362632765, -0.00252047950599
4.56, -4.53077398208, -1.01725937933, 5.1454959721, 0.00213244511455
4.57, -4.47933509018, -1.01726387979, 5.14731467525, -0.00509951729199
4.58, -4.42787827194, -1.01735513259, 5.14908338056, -0.0123033879001
4.59, -4.37640402972, -1.01745409782, 5.15080098944, -0.00735780577921
4.6, -4.32491283676, -1.01746736196, 5.15247391842, 0.00163320144184
4.61, -4.27340516958, -1.0174437843, 5.15409664369, -0.000354158554291
4.62, -4.2218814854, -1.01749518952, 5.15567862498, -0.0102092716161
4.63, -4.17034222804, -1.01760945195, 5.15721766676, -0.0114992706791
4.64, -4.118787836, -1.01766852138, 5.15870782512, -0.00189331806603
4.65, -4.0672187429, -1.01764494444, 5.16015554536, 0.0026466727683
4.66, -4.01563536998, -1.01764980891, 5.1615637403, -0.00560312070441
4.67, -3.96403810367, -1.01774859489, 5.16293593486, -0.0130427885558
4.68, -3.91242733506, -1.01785016364, 5.16426580196, -0.00713018354405
4.69, -3.86080343924, -1.01785690594, 5.16555828944, 0.00244073932124
4.7, -3.80916678801, -1.01784234556, 5.16681689271, 0.000241484962218
4.71, -3.75751773549, -1.01788098111, 5.16804505243, -0.00877405312067
4.72, -3.70585663108, -1.01798860369, 5.16923113273, -0.0117129063517
4.73, -3.65418380693, -1.01805920438, 5.17038481155, -0.00349817072766
4.74, -3.60249959418, -1.01804688727, 5.17150962774, 0.00227251032941
4.75, -3.55080431375, -1.01804425215, 5.17260017757, -0.00413998080963
4.76, -3.49909826205, -1.01812948121, 5.1736644108, -0.0122068958486
4.77, -3.44738174437, -1.01823453456, 5.17469875829, -0.0083881585398
4.78, -3.39565505728, -1.01825673954, 5.17569644976, 0.00111969223632
4.79, -3.34391848795, -1.0182306823, 5.17667069736, 0.000451529722394
4.8, -3.2921723068, -1.01827276241, 5.17762168166, -0.00947163634292
4.81, -3.24041678933, -1.01838703325, 5.17854284463, -0.0121354031491
4.82, -3.18865219544, -1.01845624407, 5.17943526927, -0.00291893920424
4.83, -3.13687877648, -1.01843658973, 5.18030730413, 0.00290939990062
4.84, -3.08509678313, -1.01843281235, 5.18115290919, -0.0045056130865
4.85, -3.03330643772, -1.0185203043, 5.18198484598, -0.0082705288293
4.86, -2.98150800395, -1.01862071207, 5.18277566778, -0.00914600046312
4.87, -2.92970168095, -1.01865623355, 5.18355071734, -0.000268787478221
4.88, -2.877887694, -1.01863555175, 5.1843060714, 0.000818415355352
4.89, -2.82606626013, -1.01866537542, 5.1850427427, -0.00789005148719
4.9, -2.77423758864, -1.0187697014, 5.18575737334, -0.0119497804744
4.91, -2.72240188161, -1.0188478023, 5.18644938748, -0.00445016395059
4.92, -2.67055933362, -1.0188411963, 5.18712239272, 0.0022051824875
4.93, -2.61871013531, -1.01883279789, 5.18777987949, -0.0031935039754
4.94, -2.56685447474, -1.01891028601, 5.18841933068, -0.0118270011745
4.95, -2.51499253414, -1.01901869913, 5.18903838083, -0.00923336570238
4.96, -2.46312448558, -1.01905003518, 5.18963827222, 0.000430246525708
4.97, -2.41125050457, -1.01902381482, 5.19022272909, 0.00106675738972
4.98, -2.35937075089, -1.01905665132, 5.19079496522, -0.00857354197177
4.99, -2.30748538611, -1.01916814309, 5.19134936469, -0.0124741807277
5.0, -2.25559456982, -1.01924596759, 5.19188774601, -0.00395925495445
5.01, -2.20369845951, -1.01923222937, 5.19240494779, 0.00288486416243
5.02, -2.15179719833, -1.0192218635, 5.19291495751, -0.00347286560049
5.03, -2.09989092687, -1.01930603365, 5.19341457642, -0.012622975528
5.04, -2.04797978715, -1.01940458437, 5.1938908708, -0.00947671468576
5.05, -1.99606391227, -1.01944697922, 5.19435834606, -0.00103736143908
5.06, -1.94414344246, -1.01943014629, 5.19480829106, 0.000880510005244
5.07, -1.89221850048, -1.01945448141, 5.19525154143, -0.0071018829757
5.08, -1.84028921136, -1.01955327285, 5.19568137185, -0.0117714596818
5.09, -1.78835569477, -1.01963533884, 5.19609935825, -0.00521128506508
5.1, -1.73641807588, -1.01963590388, 5.1964992989, 0.00174970045325
5.11, -1.68447647028, -1.01962601412, 5.19689325285, -0.00257321300839
5.12, -1.63253098091, -1.01969569382, 5.19727892394, -0.0111453887222
5.13, -1.58058172035, -1.01980291003, 5.19765059191, -0.00962536002818
5.14, -1.5286287846, -1.01984169506, 5.19801352353, -0.000381905532168
5.15, -1.47667228878, -1.01981908039, 5.19836130712, 0.00120085163326
5.16, -1.42471232975, -1.01984551463, 5.19870531998, -0.0077024009394
5.17, -1.37274900385, -1.01995115707, 5.19903772445, -0.0123193652045
5.18, -1.32078240106, -1.02003361244, 5.19935964546, -0.00481134574846
5.19, -1.26881261826, -1.02002757418, 5.19967120579, 0.00241988960337
5.2, -1.21683974348, -1.02001528222, 5.19997773851, -0.002779574652
5.21, -1.1648638586, -1.02009112915, 5.20027998666, -0.011923021329
5.22, -1.11288504762, -1.02020310894, 5.20056512128, -0.00969856850706
5.23, -1.06090339409, -1.02023740937, 5.20084261704, 0.000373584984228
5.24, -1.00891898161, -1.02020856188, 5.20111461466, 0.00151415047296
5.25, -0.956931882068, -1.02023757292, 5.20138240174, -0.00836810471053
5.26, -0.904942168923, -1.02035049365, 5.2016408511, -0.012876004518
5.27, -0.85294991721, -1.02043279279, 5.20188864821, -0.00431490211999
5.28, -0.800955196378, -1.02042722605, 5.20214072667, -0.000157243391229
5.29, -0.748958083158, -1.02041597748, 5.20236802727, -0.00185459990819
5.3, -0.696958638052, -1.02047829315, 5.20260046249, -0.0106417498266
5.31, -0.644956924119, -1.0205868499, 5.20282426912, -0.0102743631229
5.32, -0.592953004426, -1.0206343397, 5.20303913004, -0.00117826580534
5.33, -0.540946947892, -1.02061396731, 5.20324908683, 0.00152606813807
5.34, -0.488938813369, -1.02063281415, 5.20345660334, -0.00681824002944
5.35, -0.436928655417, -1.02073402639, 5.20365738751, -0.0123976671126
5.36, -0.38491653312, -1.02082300993, 5.20384942592, -0.00575453287427
5.37, -0.332902501245, -1.02082381488, 5.20403555738, 0.00216605396973
5.38, -0.280886615583, -1.02080727872, 5.20421975635, -0.00190998017159
5.39, -0.228868922494, -1.0208747407, 5.204400524, -0.0113788165809
5.4, -0.176849473974, -1.02098826182, 5.20457305654, -0.0104047599556
5.41, -0.124828319416, -1.0210317338, 5.20473896424, -0.00044024920962
5.42, -0.0728055077628, -1.02100455536, 5.20490154437, 0.00194992747374
