timestamp, prius1 x posi, prius1 y posi, prius1 x vel, prius1 y vel.
0.0, 0.0, 0.0, 0.0, 0.0
0.00999999999999, 1.00000653738, -24.9960013732, 0.00590592784081, 0.255478815258
0.02, 1.00005008526, -24.9928885364, 0.00316150318308, 0.343829318046
0.03, 1.00003852723, -24.9888997619, -0.00294496576473, 0.432092374992
0.04, 1.00000026728, -24.9840356918, -0.00178694674017, 0.520328932
0.05, 1.00001305532, -24.9782965527, 0.00515939314695, 0.608561036515
0.06, 1.00007319319, -24.9716823561, 0.00658569915132, 0.696799913639
0.07, 1.00009966809, -24.9641930044, 0.000211305307594, 0.785048673003
0.08, 1.00006852319, -24.9558284565, -0.00320928116145, 0.873295543301
0.09, 1.00005406514, -24.9465888016, 0.00230721380325, 0.961530093042
0.1, 1.00010590721, -24.9364741119, 0.00786332533255, 1.04976321962
0.11, 1.00016539624, -24.9254843222, 0.00435588557421, 1.1380075811
0.12, 1.0001625588, -24.9136193343, -0.00220087174265, 1.22626064772
0.13, 1.00013398107, -24.9008797788, -0.000503122729651, 1.31375196454
0.14, 1.00016396339, -24.8872724846, 0.00713735958813, 1.39999726814
0.15, 1.00024351229, -24.8728080117, 0.00831574790364, 1.48519319598
0.16, 1.00028311609, -24.8574968, 0.00119759350857, 1.56935204796
0.17, 1.00026121228, -24.8413492374, -0.00217190504543, 1.65247167296
0.18, 1.00026158678, -24.8243757284, 0.00417034298011, 1.7345529592
0.19, 1.00033443745, -24.806586526, 0.00997211343737, 1.81562200391
0.2, 1.00041125315, -24.7879915986, 0.00567916384342, 1.89570552677
0.21, 1.00041774598, -24.768600764, -0.0014527019112, 1.97480957402
0.22, 1.00039875367, -24.7484238649, 0.000745534452832, 2.05292737479
0.23, 1.00044531006, -24.7274707108, 0.00901697624637, 2.13007259051
0.24, 1.00054250843, -24.7057508584, 0.00981527384152, 2.20627613796
0.25, 1.00059246039, -24.6832737541, 0.00189638624748, 2.28153892652
0.26, 1.00057718839, -24.6600530057, -0.00136014709823, 2.35575199983
0.27, 1.00059035374, -24.636101049, 0.00583400488412, 2.4291453756
0.28, 1.00068175624, -24.6114264986, 0.0117939779053, 2.50167666903
0.29, 1.00077256512, -24.5860379622, 0.0066550201492, 2.57333538373
0.3, 1.00078524972, -24.5599440802, -0.000969540153564, 2.64411851067
0.31, 1.00077395659, -24.5331535999, 0.00186836513212, 2.71401699801
0.32, 1.00083613203, -24.505675239, 0.0108036547369, 2.78304409281
0.33, 1.00094955235, -24.4775174995, 0.01112238152, 2.85107941774
0.34, 1.00100747344, -24.4486919593, 0.00233310163166, 2.91708121785
0.35, 1.00099626659, -24.4192162403, -0.000794205865473, 2.98123201449
0.36, 1.00102002257, -24.3891085069, 0.00728712273857, 3.0435739233
0.37, 1.00112787695, -24.35838643, 0.0133888354465, 3.10417460261
0.38, 1.00123027479, -24.3270670384, 0.00737575478759, 3.16309708508
0.39, 1.00124676925, -24.2951668895, -0.000706667031467, 3.22037910153
0.4, 1.00124136596, -24.2627022651, 0.00283476817222, 3.27604392089
0.41, 1.00131769079, -24.2296890874, 0.012433540135, 3.33014035744
0.42, 1.00144544169, -24.1961426783, 0.0122020991873, 3.38273457181
0.43, 1.00150869609, -24.1620778101, 0.00248485389532, 3.43387209185
0.44, 1.0014990855, -24.1275089471, -0.000434581920464, 3.48357366663
0.45, 1.00153194565, -24.0924503281, 0.00861790609389, 3.53186716229
0.46, 1.00165476503, -24.0569157309, 0.0147866336207, 3.57881138567
0.47, 1.00176595919, -24.0209183555, 0.0077575884894, 3.62445895574
0.48, 1.00178272373, -23.9844710287, -0.000779588108358, 3.66883593854
0.49, 1.00178056961, -23.9475864083, 0.00360123518577, 3.7119548251
0.5, 1.00186944857, -23.9102768788, 0.0139120168068, 3.75385721016
0.51, 1.00200949426, -23.8725542946, 0.0130272643663, 3.79459982133
0.52, 1.00207511669, -23.8344300583, 0.00233151211199, 3.83421761633
0.53, 1.00207889437, -23.7959153932, 0.00053240347249, 3.87271850532
0.54, 1.00210956129, -23.7570213315, 0.00771543521918, 3.91012897764
0.55, 1.00222534815, -23.7177585747, 0.0146492112041, 3.9464909941
0.56, 1.00234683418, -23.6781373544, 0.00963036033682, 3.9818498717
0.57, 1.00238413764, -23.6381675812, 0.000951954562588, 4.01622757169
0.58, 1.00238793786, -23.5978590474, 0.00320055258203, 4.04963023587
0.59, 1.00246703342, -23.5572213759, 0.0128967041013, 4.0820861841
0.6, 1.00260651181, -23.5162637764, 0.0139503870676, 4.11364286697
0.61, 1.00269040972, -23.4749950676, 0.00450062087965, 4.14433098724
0.62, 1.00269468782, -23.4334239032, 0.000302038333556, 4.1741571
0.63, 1.00272943842, -23.3915588762, 0.00858545825881, 4.20313063572
0.64, 1.00285638594, -23.3494083058, 0.0157438485404, 4.23129233878
0.65, 1.00298412988, -23.3069800889, 0.00977629444863, 4.25868109232
0.66, 1.00301882616, -23.2642818747, 0.00053828662793, 4.28531115828
0.67, 1.00302188213, -23.221321272, 0.00354817883908, 4.31118088496
0.68, 1.00310975333, -23.1781057802, 0.01405971367, 4.33631421899
0.69, 1.00325916651, -23.1346425255, 0.0145943633576, 4.36075426072
0.7, 1.0033435227, -23.0909382996, 0.00412380194951, 4.38452534349
0.71, 1.00335794306, -23.0469998172, 0.000898938995068, 4.40762504207
0.72, 1.00338692397, -23.0028337348, 0.00736861931816, 4.43006447204
0.73, 1.00350448885, -22.9584465284, 0.0154369251189, 4.4518714256
0.74, 1.00364100766, -22.9138443205, 0.0114864364065, 4.47308136054
0.75, 1.00369388216, -22.8690330038, 0.00197324135132, 4.49370759701
0.76, 1.00369951433, -22.8240184505, 0.00281043198319, 4.51374511886
0.77, 1.00377485163, -22.7788064964, 0.0128406715335, 4.53320782952
0.78, 1.00392230562, -22.7334026874, 0.0154112061814, 4.55213301427
0.79, 1.00402347043, -22.6878122617, 0.00609378494136, 4.57054388195
0.8, 1.00404798968, -22.6420403834, 0.00204561672413, 4.5884365859
0.81, 1.00407430048, -22.596092214, 0.00624989667143, 4.60581775693
0.82, 1.00417971006, -22.5499727886, 0.0145852513556, 4.62270550437
0.83, 1.00431915022, -22.5036868586, 0.0127272566251, 4.63913192587
0.84, 1.00438923999, -22.4572389587, 0.00362974190351, 4.65511016862
0.85, 1.00440139308, -22.4106336076, 0.0024628196568, 4.67063423427
0.86, 1.00446490427, -22.3638753368, 0.0113716906502, 4.68570988922
0.87, 1.00460509017, -22.3169684662, 0.0155974895146, 4.7003680431
0.88, 1.0047190894, -22.2699170386, 0.00796442310731, 4.71463099322
0.89, 1.00474630585, -22.2227250055, 0.00110509660305, 4.72849836543
0.9, 1.0047711031, -22.1753963766, 0.00658136686231, 4.7419628014
0.91, 1.004883805, -22.1279350864, 0.0154611608962, 4.75504492178
0.92, 1.00502891724, -22.0803447891, 0.012890548434, 4.76777404912
0.93, 1.00509559958, -22.0326289566, 0.00300101429069, 4.78015939011
0.94, 1.00510291162, -21.9847910889, 0.00228769371426, 4.79219027946
0.95, 1.00517031915, -21.9368347325, 0.0121552329812, 4.80387034015
0.96, 1.0053187648, -21.8887632343, 0.016235679848, 4.81522956112
0.97, 1.00543353017, -21.8405796851, 0.00757039339271, 4.82628724507
0.98, 1.00546255617, -21.7922871307, 0.00385702345759, 4.83699502002
0.99, 1.00548979783, -21.7438886957, 0.00576610590745, 4.84747458978
1.0, 1.00558973, -21.6953874282, 0.0142274251371, 4.85761389174
1.01, 1.00573189353, -21.646786174, 0.0135209047516, 4.86747991645
1.02, 1.00581263204, -21.5980876046, 0.00465903466966, 4.87708235507
1.03, 1.00582953297, -21.5492944083, 0.0023785619166, 4.88641186993
1.04, 1.00588751281, -21.5004093498, 0.0106566980694, 4.89546408539
1.05, 1.00602455053, -21.4514351263, 0.0157731565696, 4.90425555438
1.06, 1.00614634051, -21.4023741645, 0.00907013629632, 4.91281723008
1.07, 1.00618266683, -21.3532287576, 0.00162606001746, 4.92114947245
1.08, 1.00620600979, -21.3040013231, 0.00599208902206, 4.92923047127
1.09, 1.00631322908, -21.2546943574, 0.0151934266476, 4.93706866485
1.1, 1.0064627402, -21.2053100325, 0.013879940316, 4.94470599144
1.11, 1.00654162149, -21.1558503622, 0.00413067747064, 4.95213608573
1.12, 1.00655369386, -21.1063174423, 0.00212348131897, 4.95935913187
1.13, 1.00661478098, -21.0567134628, 0.0114007521023, 4.96636391581
1.14, 1.00676053948, -21.0070404733, 0.016534835981, 4.9731717563
1.15, 1.0068847075, -20.9573002915, 0.00881263939895, 4.97980338273
1.16, 1.00692324452, -20.907494707, 0.00430781394501, 4.98621279192
1.17, 1.00694774451, -20.8576256155, 0.0050227126369, 4.99250534265
1.18, 1.00704095367, -20.8076949015, 0.0139011627584, 4.99857839243
1.19, 1.00718777831, -20.757704287, 0.0145986716697, 5.00449076914
1.2, 1.00728141179, -20.7076553215, 0.00580581335358, 5.01025895142
1.21, 1.00730258179, -20.6575495912, 0.00213406788074, 5.01585532139
1.22, 1.00735362357, -20.6073888185, 0.0098683866194, 5.02127681536
1.23, 1.00748863033, -20.5571746081, 0.016218870902, 5.02653916286
1.24, 1.00762155399, -20.5069083688, 0.0104792013385, 5.03168479644
1.25, 1.00766823422, -20.4565914754, 0.00209002124732, 5.03668378213
1.26, 1.00768786127, -20.406225367, 0.00507711203726, 5.0415321834
1.27, 1.00778646556, -20.3558115618, 0.0146908570332, 5.04622158983
1.28, 1.00793942805, -20.3053513652, 0.0148909978516, 5.05080271923
1.29, 1.00803055549, -20.2548459534, 0.00518366163533, 5.05527651088
1.3, 1.00804545315, -20.2042965599, 0.00171243187381, 5.05961152465
1.31, 1.00809780334, -20.1537045307, 0.0104442210579, 5.06379947065
1.32, 1.00824061123, -20.1030711319, 0.0169547525849, 5.06789055118
1.33, 1.00837586954, -20.0523974224, 0.0102501054793, 5.0718756014
1.34, 1.00842450262, -20.0016843995, 0.00471190182874, 5.0757126032
1.35, 1.00844440267, -19.9509332241, 0.00402522685572, 5.0794995239
1.36, 1.00852881761, -19.9001450931, 0.0134411411394, 5.08313872179
1.37, 1.00868005997, -19.8493210434, 0.0157053337844, 5.08669602642
1.38, 1.00878648371, -19.7984619648, 0.0068645363962, 5.09015757406
1.39, 1.00880961366, -19.7475687828, 0.00157427277412, 5.09351008419
1.4, 1.00885029614, -19.6966425505, 0.00879208380466, 5.09676054475
1.41, 1.00898186236, -19.6456842741, 0.0166429214171, 5.09993224385
1.42, 1.00912639722, -19.5946947945, 0.0119464459928, 5.10301737003
1.43, 1.00918257, -19.5436748628, 0.00233865337849, 5.10602291816
1.44, 1.00920930583, -19.4926253876, 0.00331304175829, 5.10893270071
1.45, 1.00927980836, -19.4415472723, 0.0119222522897, 5.11175285267
1.46, 1.00942459907, -19.3904413534, 0.0160230450268, 5.11448513411
1.47, 1.00954405785, -19.3393082981, 0.00863008093648, 5.11716717427
1.48, 1.00957929035, -19.288148769, 0.00195758096212, 5.11979056168
1.49, 1.00961198494, -19.2369636062, 0.00724738937753, 5.12229954904
1.5, 1.00972965092, -19.1857536256, 0.0158439337693, 5.12475847317
1.51, 1.0098786133, -19.1345194855, 0.0133374443971, 5.12713562706
1.52, 1.00995143959, -19.0832617365, 0.00373972758644, 5.12946646256
1.53, 1.00996657856, -19.031981012, 0.00302478305367, 5.1317418932
1.54, 1.01003980167, -18.9806781167, 0.0125777218647, 5.13392232102
1.55, 1.01019155013, -18.9293536984, 0.0165368090223, 5.13605031212
1.56, 1.01031078311, -18.8780082327, 0.00815168400722, 5.13813107885
1.57, 1.01034711161, -18.826642251, 0.0046237427787, 5.14011149125
1.58, 1.0103814937, -18.7752564124, 0.00636538240975, 5.14209244244
1.59, 1.010485696, -18.7238513266, 0.0145395388242, 5.1439899113
1.6, 1.01063113029, -18.6724275531, 0.0139276214913, 5.14584793796
1.61, 1.01071763959, -18.6209854926, 0.00536218108387, 5.14764536859
1.62, 1.01074199597, -18.5695256115, 0.00307515359923, 5.14940997518
1.63, 1.01080528648, -18.5180485504, 0.0110076414121, 5.15110270966
1.64, 1.010944919, -18.4665548414, 0.0160260079026, 5.15272886969
1.65, 1.01107075462, -18.4150448458, 0.00962579579447, 5.15434065294
1.66, 1.01111396118, -18.3635189426, 0.00234503733313, 5.15592563483
1.67, 1.01114321849, -18.3119776731, 0.00639446715452, 5.15743403545
1.68, 1.01125191329, -18.2604215625, 0.0151823623506, 5.15889325444
1.69, 1.01140155024, -18.208851012, 0.0139984542555, 5.16030835365
1.7, 1.01148398224, -18.1572663313, 0.00465257918714, 5.16170491349
1.71, 1.0115018558, -18.1056678848, 0.00267417095936, 5.16307307365
1.72, 1.01156633637, -18.0540561782, 0.0115343793583, 5.16437233329
1.73, 1.01171218802, -18.0024317086, 0.0165265088939, 5.16561928931
1.74, 1.01183802949, -17.9507946825, 0.00917696151161, 5.16686025309
1.75, 1.01187396957, -17.8991453793, 0.00158505958692, 5.16808561951
1.76, 1.01189975066, -17.84748424, 0.00648895074886, 5.16923086313
1.77, 1.01201366811, -17.7958117176, 0.0158841023452, 5.17036230466
1.78, 1.01216753832, -17.7441281279, 0.0140326545087, 5.17144619879
1.79, 1.01224492127, -17.6924336304, 0.00382479141341, 5.17253964076
1.8, 1.01226991228, -17.6407285945, 0.00231098811658, 5.17357232968
1.81, 1.01232136318, -17.589013421, 0.00985013425065, 5.17454969388
1.82, 1.01245655568, -17.5372884817, 0.0162848575946, 5.17553057102
1.83, 1.01259091152, -17.4855539623, 0.0106769821441, 5.17648563622
1.84, 1.01263973697, -17.4338099944, 0.0022623469756, 5.17740877633
1.85, 1.01265986419, -17.382057073, 0.00500386850811, 5.17826592826
1.86, 1.01275694836, -17.3302956136, 0.014537372875, 5.17911952746
1.87, 1.01290939126, -17.2785259061, 0.0149332490561, 5.17993133664
1.88, 1.01300189298, -17.2267481281, 0.00533517397655, 5.18071356473
1.89, 1.01301719681, -17.1749626262, 0.00164358982071, 5.18147594856
1.9, 1.01306764482, -17.1231699162, 0.0101844890862, 5.18217630492
1.91, 1.01320830119, -17.0713703835, 0.0168031505249, 5.18284409894
1.92, 1.01334357141, -17.0195643024, 0.0103339181385, 5.18348606863
1.93, 1.01338525808, -16.967752005, 0.00143340675531, 5.18408755654
1.94, 1.01341464786, -16.9159340665, 0.00445516380319, 5.18462274691
1.95, 1.01349932503, -16.864111135, 0.0130916518831, 5.18508728763
1.96, 1.01364476624, -16.8122839509, 0.0150868297987, 5.18547813908
1.97, 1.01374829544, -16.7604532728, 0.00691967435828, 5.18579049561
1.98, 1.01377525193, -16.7086199792, 0.00207567891979, 5.18600788553
1.99, 1.01381853284, -16.6567850965, 0.00870894395337, 5.18611959461
2.0, 1.0139448785, -16.6049495907, 0.0158441630195, 5.18614452778
2.01, 1.01408205437, -16.5531141982, 0.0114191300129, 5.18610472711
2.02, 1.01413748038, -16.5012795457, 0.00258122183832, 5.1860026644
2.03, 1.01415333885, -16.4494463312, 0.00400169228499, 5.18582538693
2.04, 1.01423818213, -16.3976153052, 0.0133988933089, 5.18557618219
2.05, 1.01438557795, -16.3457870727, 0.0150086907987, 5.18527468763
2.06, 1.01448265377, -16.2939621409, 0.00586053494726, 5.18491896234
2.07, 1.01449776382, -16.2421411968, 0.00101374958068, 5.18448284094
2.08, 1.01453548408, -16.1903251708, 0.00861186674848, 5.18394645111
2.09, 1.01466362151, -16.1385150095, 0.0160523022961, 5.18332204161
2.1, 1.01479845917, -16.0867114903, 0.0107269473409, 5.18262693405
2.11, 1.01484254355, -16.0349153014, 0.00126894650588, 5.18186425667
2.12, 1.01486185721, -15.9831271809, 0.00282955059286, 5.18102636232
2.13, 1.01492834606, -15.9313477975, 0.0114385848478, 5.18012514646
2.14, 1.01506456552, -15.8795776822, 0.0148245556173, 5.17918148303
2.15, 1.01516949062, -15.8278171723, 0.00710256446712, 5.17820954579
2.16, 1.01519196505, -15.7760665637, 0.000970072516743, 5.177206475
2.17, 1.0152177504, -15.7243262155, 0.00669309144331, 5.17616471267
2.18, 1.01532806624, -15.6725964502, 0.0148271364215, 5.17509727616
2.19, 1.01546296838, -15.6208774218, 0.0116721515998, 5.17402093901
2.2, 1.01551944293, -15.5691692045, 0.00226816792977, 5.17293746137
2.21, 1.01552377597, -15.5174719351, 0.00224166526371, 5.17183509475
2.22, 1.01558993333, -15.4657858169, 0.0117779194161, 5.17071329833
2.23, 1.01572966383, -15.4141109467, 0.0149786961477, 5.16958910314
2.24, 1.01583078867, -15.3624472969, 0.00629366380387, 5.16847042983
2.25, 1.01585142179, -15.3107948601, 0.00337205038951, 5.16731914728
2.26, 1.01587655949, -15.2591537222, 0.00557612912165, 5.16621542992
2.27, 1.01597077419, -15.2075239498, 0.0132320010946, 5.1650786228
2.28, 1.01609888967, -15.1559055136, 0.0119193738028, 5.163949865
2.29, 1.0161659658, -15.1042983203, 0.00362528619568, 5.16283079025
2.3, 1.01617735312, -15.0527023292, 0.00210787139902, 5.16171118707
2.31, 1.01623170893, -15.0011175769, 0.010011479562, 5.16058697114
2.32, 1.01635696021, -14.9495440403, 0.0141920999203, 5.15947051445
2.33, 1.01646199658, -14.8979815931, 0.00750719605976, 5.1583693115
2.34, 1.01648755892, -14.8464301127, 0.000955167194892, 5.15727771344
2.35, 1.01650648821, -14.7949140901, 0.00550927456141, 5.14994622407
2.36, 1.01660375717, -14.743488946, 0.0136822335618, 5.14067924594
2.37, 1.01673376595, -14.6921552136, 0.0117451597272, 5.1316625854
2.38, 1.01679453274, -14.6409102264, 0.00271927517176, 5.12291913384
2.39, 1.01679804355, -14.5897513311, 0.00158762122683, 5.11443405925
2.4, 1.01685234256, -14.5386760285, 0.0103684143345, 5.10619369552
2.41, 1.01698174761, -14.4876818463, 0.0144489893477, 5.09820176841
2.42, 1.01708435019, -14.4367663007, 0.00683233860604, 5.09045638245
2.43, 1.01710090905, -14.3859270064, 6.18062536081e-05, 5.08294247831
2.44, 1.01711528213, -14.3351617612, 0.0054878651305, 5.07564007262
2.45, 1.01721625005, -14.2844741152, 0.0141990086579, 5.06567930852
2.46, 1.01734826992, -14.2339223451, 0.011545245066, 5.05050395348
2.47, 1.01740196269, -14.1835195965, 0.00172144027712, 5.03579703713
2.48, 1.01741114072, -14.1332616523, 0.00112089016371, 5.02153036103
2.49, 1.01745158941, -14.0831440994, 0.00857641404887, 5.00770074071
2.5, 1.01756852743, -14.0331626138, 0.0139800041793, 4.99430123833
2.51, 1.01767733488, -13.9833129275, 0.00811023788979, 4.98132385074
2.52, 1.01770477396, -13.9335909191, 0.000566575981926, 4.96874952687
2.53, 1.01771240363, -13.8839926992, 0.0039337506828, 4.95655240602
2.54, 1.01779575717, -13.8345145597, 0.01272078217, 4.94472158136
2.55, 1.0179245352, -13.785170127, 0.0122460379117, 4.92806189576
2.56, 1.01799118031, -13.7360153554, 0.00302197369066, 4.9087555212
2.57, 1.017988885, -13.6870507249, 0.0002539738517, 4.89001413921
2.58, 1.01802621686, -13.6382705554, 0.00871091401489, 4.87184289486
2.59, 1.018146959, -13.5896691417, 0.0143472931856, 4.85424055268
2.6, 1.01825487329, -13.5412408551, 0.00755645611769, 4.83719430904
2.61, 1.01827275764, -13.4929802642, -0.000536026662185, 4.82067967614
2.62, 1.01828606966, -13.444882232, 0.00301576857173, 4.80466567144
2.63, 1.01835343008, -13.3969418071, 0.0109503220526, 4.78913855515
2.64, 1.01847197947, -13.3491541743, 0.0120585901953, 4.77408886188
2.65, 1.01854620597, -13.3015175769, 0.0042757989675, 4.75751949507
2.66, 1.01855257632, -13.2540850562, 0.000438368370701, 4.73502802773
2.67, 1.01858040133, -13.2068730434, 0.00699154101352, 4.7132626416
2.68, 1.01868393005, -13.1598752717, 0.0130540275583, 4.69215884307
2.69, 1.01879049516, -13.1130850837, 0.00834556016895, 4.67171840325
2.7, 1.01882024525, -13.0664959771, 0.000516249437276, 4.65191701873
2.71, 1.01882025766, -13.0201017408, 0.00259666901954, 4.63272151236
2.72, 1.0188879032, -12.9738964322, 0.0112300248563, 4.61411081653
2.73, 1.01900811522, -12.9278742516, 0.0119611094056, 4.59607407784
2.74, 1.01907656594, -12.8820295527, 0.00335301534979, 4.57859293405
2.75, 1.01907333474, -12.8363729152, -0.000361876001486, 4.55666512635
2.76, 1.01909797813, -12.7909590456, 0.00707860636954, 4.5320447292
2.77, 1.01920439762, -12.7457875985, 0.0133166838435, 4.50815465121
2.78, 1.01930936193, -12.7008511794, 0.00776228826694, 4.4850108193
2.79, 1.01932980421, -12.6561424111, -0.000533017888788, 4.46259557618
2.8, 1.0193224689, -12.6116541961, 0.00224837809838, 4.44087424881
2.81, 1.01939127188, -12.5673797166, 0.0115950134304, 4.41982466814
2.82, 1.01951349388, -12.5233123107, 0.0118484415784, 4.3994340286
2.83, 1.01957554997, -12.4794455016, 0.00235162067341, 4.37968032112
2.84, 1.0195621927, -12.4357822301, -0.00117913916537, 4.35681586662
2.85, 1.01958402136, -12.3923778108, 0.00723040635884, 4.33004603926
2.86, 1.01969386654, -12.3492367661, 0.0136038353422, 4.3040897657
2.87, 1.01979688607, -12.3063510166, 0.00710469157775, 4.27895697709
2.88, 1.01981501014, -12.2637123774, 0.001591585427, 4.25461598553
2.89, 1.01980359812, -12.2213128881, 0.000785109981783, 4.23109809373
2.9, 1.01985433426, -12.1791447979, 0.00995703001755, 4.20832716273
2.91, 1.01997061552, -12.1372007441, 0.0122376365633, 4.18625810674
2.92, 1.02004369762, -12.0954741062, 0.00357563243829, 4.16482779678
2.93, 1.02003437817, -12.0539588772, -0.00176169701596, 4.14398044251
2.94, 1.02004057315, -12.0126541008, 0.00519900697194, 4.12101195599
2.95, 1.02013573392, -11.9716133445, 0.0129413895322, 4.09312064607
2.96, 1.02024371031, -11.9308476315, 0.00830773455157, 4.06596470912
2.97, 1.02026428695, -11.8903495895, -0.0012050694533, 4.03950841404
2.98, 1.02025508098, -11.8501117562, -0.000277400389468, 4.01390828575
2.99, 1.0202891152, -11.8101269786, 0.00819980638068, 3.98895224891
3.0, 1.02039576306, -11.770388001, 0.0121320009172, 3.96471504339
3.01, 1.02047612513, -11.7308879565, 0.00473314706927, 3.94115371302
3.02, 1.02047286975, -11.6916201881, -0.00187167602066, 3.91818905745
3.03, 1.02046730516, -11.652578071, 0.00336457597663, 3.89599217081
3.04, 1.02054551641, -11.6137564951, 0.011797967938, 3.87324383299
3.05, 1.02065356606, -11.5752023194, 0.00920798720905, 3.84383416072
3.06, 1.02068576606, -11.5369365031, -0.000315500137861, 3.81527788309
3.07, 1.02067423617, -11.4989515411, -0.000233615934939, 3.78763635045
3.08, 1.02069741582, -11.4612397909, 0.00641904847566, 3.76063500748
3.09, 1.02078738891, -11.4237935484, 0.0109400833026, 3.73450601201
3.1, 1.02086705845, -11.3866055341, 0.00549283459132, 3.70898703017
3.11, 1.02087412974, -11.3496682944, -0.00105848417583, 3.68426284943
3.12, 1.02086635055, -11.3129747565, 0.00223020492204, 3.66022725289
3.13, 1.0209268226, -11.2765181521, 0.00992277426721, 3.63692257682
3.14, 1.02102491729, -11.2403117958, 0.00915640392166, 3.60863316823
3.15, 1.02106566167, -11.2044069298, 0.000909160118688, 3.57837120577
3.16, 1.02104671872, -11.168799935, -0.00125467465925, 3.54904251548
3.17, 1.02106572531, -11.1334827944, 0.00642007905227, 3.52033669662
3.18, 1.02115803344, -11.0984471173, 0.0111494236621, 3.492698118
3.19, 1.02123557562, -11.0636851943, 0.00485221340686, 3.46565444029
3.2, 1.02123267712, -11.0291892298, -0.00219774570804, 3.43941810264
3.21, 1.02121655862, -10.9949517672, 0.00178535035634, 3.41387177995
3.22, 1.02127807759, -10.960965639, 0.010305516964, 3.38913737692
3.23, 1.02137806727, -10.9272240479, 0.00896497387218, 3.36484631075
3.24, 1.02141095537, -10.8937686908, -0.000192349969354, 3.33277610922
3.25, 1.02138209981, -10.8606250653, -0.00193145742505, 3.30196660038
3.26, 1.0213999556, -10.8277854033, 0.00671799626617, 3.27192507188
3.27, 1.02149567097, -10.7952411592, 0.0113233989274, 3.24278724861
3.28, 1.02156918914, -10.762984046, 0.00397771545281, 3.21447739026
3.29, 1.02155526463, -10.7310059467, -0.0032407672322, 3.18702302563
3.3, 1.02153379812, -10.699299112, 0.00171782285349, 3.16027577658
3.31, 1.02159816629, -10.6678560439, 0.0107102142735, 3.1342004942
3.32, 1.02169881927, -10.6366693064, 0.00862865286431, 3.10896675438
3.33, 1.02172329724, -10.6057316608, -0.00133692750318, 3.08436842621
3.34, 1.02169815863, -10.5750361834, -0.00182791750755, 3.06048040529
3.35, 1.02170589223, -10.5445895006, 0.00505521130684, 3.03271573539
3.36, 1.02178592239, -10.5144457078, 0.0102552974163, 3.00203521101
3.37, 1.02185946452, -10.4846049083, 0.00479438148285, 2.97209524732
3.38, 1.02185614185, -10.4550586997, -0.00242543443007, 2.94309528238
3.39, 1.02183253135, -10.4257988999, 0.000597859216265, 2.91485028295
3.4, 1.02187972495, -10.3968173919, 0.00891811678494, 2.88745632678
3.41, 1.02197077685, -10.3681065219, 0.00856102570463, 2.86067431979
3.42, 1.02200385942, -10.3396586128, -8.50270189961e-05, 2.83473828004
3.43, 1.02197178253, -10.3114663148, -0.00276332328924, 2.8095332873
3.44, 1.02197624019, -10.2835468131, 0.00512097673653, 2.77883669505
3.45, 1.02205855623, -10.2559482768, 0.010416252602, 2.74688979026
3.46, 1.02212919503, -10.228664646, 0.00408667629826, 2.71585909342
3.47, 1.02211602787, -10.2016872982, -0.0034875789601, 2.68562716157
3.48, 1.0220852739, -10.1750076402, 0.000272128681551, 2.65626155025
3.49, 1.02213364887, -10.148617477, 0.00923722685485, 2.62770991422
3.5, 1.02222600272, -10.1225087561, 0.00836768211747, 2.5999464875
3.51, 1.02225147153, -10.0966733487, -0.00118091481129, 2.57300904306
3.52, 1.02220908063, -10.071103564, -0.00354221136618, 2.54681797705
3.53, 1.02221067308, -10.0457914695, 0.00526876085486, 2.52143342703
3.54, 1.02229628246, -10.0207429346, 0.0106596204967, 2.49223636839
3.55, 1.02236434823, -9.99601122515, 0.00334211959881, 2.46015840399
3.56, 1.02234775549, -9.97159550179, -0.0014655280211, 2.42900318643
3.57, 1.02231305434, -9.9474864614, -0.00110242051682, 2.39879429483
3.58, 1.02234474987, -9.92367495693, 0.0077666965308, 2.36947347189
3.59, 1.02243228155, -9.90015218333, 0.00880577708873, 2.34102055596
3.6, 1.02246873216, -9.87690958667, 7.47459782158e-05, 2.31341538237
3.61, 1.02243152673, -9.85393881088, -0.00375206986418, 2.28663895936
3.62, 1.0224244879, -9.83123181619, 0.00424409652684, 2.26063334188
3.63, 1.02250676558, -9.80878142906, 0.0112839034069, 2.23529566584
3.64, 1.02259451163, -9.78658130234, 0.00626587613683, 2.21056393901
3.65, 1.02260150004, -9.7646567578, -0.00185824555205, 2.17936591655
3.66, 1.02258006813, -9.74305213628, 0.000602938855504, 2.14759370364
3.67, 1.02262956785, -9.72176168308, 0.00930040695339, 2.11652208999
3.68, 1.0227263547, -9.7007781541, 0.00905960328947, 2.08618457932
3.69, 1.02276000562, -9.6800941853, -0.000535850829432, 2.05658486219
3.7, 1.02271811676, -9.65970242356, -0.00401599036079, 2.02772299402
3.71, 1.02271137707, -9.63959544377, 0.00438765505823, 1.99961205867
3.72, 1.02279279021, -9.61976560211, 0.0108625871427, 1.97227874763
3.73, 1.02286996765, -9.60020501811, 0.00474993252305, 1.94574301472
3.74, 1.02286682153, -9.58090674243, -0.000341513637833, 1.91893176946
3.75, 1.02283681867, -9.56191584542, -0.00108442071852, 1.88559641978
3.76, 1.02286755015, -9.54325124235, 0.00779323690849, 1.85341380034
3.77, 1.02296093973, -9.52490336369, 0.00980945499668, 1.82222537683
3.78, 1.02301023618, -9.50686268525, 0.00124999435512, 1.79192054089
3.79, 1.02297801971, -9.48912038974, -0.00403971801391, 1.76250745253
3.8, 1.02296018442, -9.4716681762, 0.00265951288632, 1.73391111246
3.81, 1.02302824301, -9.45449798723, 0.0101774450749, 1.70608306036
3.82, 1.02310935033, -9.43760184716, 0.00578202441256, 1.67906235551
3.83, 1.02310665719, -9.42097195289, -0.00337124786443, 1.65280247109
3.84, 1.02307578532, -9.40460010535, -0.00250819412658, 1.62802332095
3.85, 1.02308611619, -9.38844202829, 0.00572692322263, 1.60909140725
3.86, 1.0231681641, -9.37247181345, 0.00974534858185, 1.59062027012
3.87, 1.02322672379, -9.35668364786, 0.00268321096416, 1.57267782452
3.88, 1.02320375502, -9.34107231498, -0.00386876805192, 1.55522923893
3.89, 1.02317630131, -9.32563292322, 0.000993235602368, 1.53827706426
3.9, 1.02322918568, -9.31036076142, 0.00920946165823, 1.52177449282
3.91, 1.02331273056, -9.29525109784, 0.0069198077546, 1.50575314019
3.92, 1.02332368087, -9.28029929141, -0.0023254059834, 1.49018572114
3.93, 1.02327825994, -9.26550090927, -0.00314065253354, 1.47505500699
3.94, 1.02328734363, -9.25085169891, 0.00597269530837, 1.46033977193
3.95, 1.02337243388, -9.2363258144, 0.00991312343116, 1.45093770197
3.96, 1.02342759529, -9.2218843756, 0.00195828911775, 1.44271706265
3.97, 1.02339561073, -9.20752382759, -0.00468749777892, 1.43474958229
3.98, 1.02336458922, -9.19324184218, 0.00110852976104, 1.42699627703
3.99, 1.02342243739, -9.17903637348, 0.00985291794949, 1.41944304224
4.0, 1.02350904554, -9.16490526541, 0.00682503697596, 1.4121173085
4.01, 1.02351436197, -9.1508463367, -0.00313248120871, 1.40499810608
4.02, 1.02347673304, -9.13685763011, -0.00338796731383, 1.39807124172
4.03, 1.02347352888, -9.12293715874, 0.00429513563866, 1.39134276297
4.04, 1.02354702761, -9.10908304396, 0.00953420972671, 1.38479488176
4.05, 1.02360955582, -9.09528407199, 0.00336403816161, 1.38161407574
4.06, 1.02358993892, -9.08149588644, -0.00400717959215, 1.3811548292
4.07, 1.02355392392, -9.06771219576, -0.000260111894053, 1.38071741286
4.08, 1.02359609631, -9.05393282365, 0.00858356569788, 1.38029091608
4.09, 1.02368151845, -9.04015762811, 0.00771918232184, 1.37989059022
4.1, 1.02370173497, -9.02638642305, -0.00159167726306, 1.37949136787
4.11, 1.02365567708, -9.01261908736, -0.0038726629208, 1.37910669598
4.12, 1.02365355389, -8.99885561266, 0.00484024882843, 1.37872781361
4.13, 1.02373367879, -8.98509594323, 0.0100885852696, 1.37834598074
4.14, 1.02379677202, -8.97133991265, 0.00298415935897, 1.37798857295
4.15, 1.02377016781, -8.95757794302, -0.00477172009825, 1.38083171807
4.16, 1.02373069187, -8.94376754147, -0.000140423090408, 1.386202261
4.17, 1.02377846783, -8.92990416399, 0.00936849931168, 1.39143699272
4.18, 1.02386907266, -8.91598909591, 0.007864996666, 1.39654903912
4.19, 1.02388537284, -8.90202370061, -0.00231086177385, 1.40151605221
4.2, 1.02384697098, -8.88800938149, -0.00341677440356, 1.406329059
4.21, 1.02383784755, -8.87394758296, 0.00348372981826, 1.41100483624
4.22, 1.02390602962, -8.85983970254, 0.00943472416308, 1.41555831572
4.23, 1.02397383046, -8.84568700184, 0.00430024722931, 1.41997371233
4.24, 1.02396258347, -8.83149064265, -0.00350462091181, 1.42429020445
4.25, 1.02392488688, -8.8172511538, -0.000919825958982, 1.4291964518
4.26, 1.02395892025, -8.80293271734, 0.00792917919407, 1.4391350523
4.27, 1.02404433124, -8.78851763087, 0.00831531991505, 1.44872059753
4.28, 1.0240742007, -8.77400802994, -0.000560879331791, 1.45804946556
4.29, 1.02403305849, -8.75940649171, -0.00393441656918, 1.46712392887
4.3, 1.02402484673, -8.74471568849, 0.00399920493924, 1.47590412344
4.31, 1.02410023839, -8.72993819515, 0.0101423221122, 1.48445966623
4.32, 1.02417062261, -8.71507635144, 0.0041350535501, 1.49279356306
4.33, 1.02415422678, -8.70013246165, -0.00411743770559, 1.50087048855
4.34, 1.02411376687, -8.68510677499, -0.000789658543638, 1.5101291634
4.35, 1.02415384897, -8.66996156932, 0.00879420704939, 1.52356543213
4.36, 1.02424605672, -8.65468450611, 0.00866511931568, 1.53660480367
4.37, 1.02427405245, -8.63927879577, -0.00111243638922, 1.54929162153
4.38, 1.02422752971, -8.62374796915, -0.00425672785398, 1.56163503696
4.39, 1.02422149021, -8.60809566559, 0.00466011863573, 1.57360234819
4.4, 1.02430546282, -8.59232532722, 0.0109311018268, 1.58524287975
4.41, 1.02437887701, -8.57644018896, 0.00397365940527, 1.59657749015
4.42, 1.02435722759, -8.5604433832, -0.00473103569542, 1.60759100273
4.43, 1.0243282333, -8.54433808795, -0.00114901992765, 1.61827884928
4.44, 1.02435731089, -8.52812742115, 0.00746331763067, 1.62866633896
4.45, 1.02444337484, -8.5118143409, 0.00890809581166, 1.63877582373
4.46, 1.02448357702, -8.49538457239, 0.000619499774606, 1.65294248367
4.47, 1.02445036682, -8.47880239175, -0.00361652054412, 1.66817889636
4.48, 1.02443937142, -8.46206995641, 0.00341820112196, 1.68299279215
4.49, 1.02451100813, -8.44519143259, 0.0101613970789, 1.69740883052
4.5, 1.02458821218, -8.42817087561, 0.00526976073122, 1.71141976267
4.51, 1.02458338579, -8.41101217333, -0.00320847130183, 1.72504638658
4.52, 1.02454541633, -8.39371922792, -0.00108378971332, 1.73828071155
4.53, 1.02458023038, -8.37629590632, 0.00832024842422, 1.75113462145
4.54, 1.02467373518, -8.35874585218, 0.00935990109937, 1.76363537785
4.55, 1.02471316221, -8.34107252096, 0.000170509731171, 1.77579730502
4.56, 1.02467479538, -8.3232699395, -0.003992234275, 1.79079832697
4.57, 1.02466552676, -8.30529908011, 0.00405641456287, 1.80798793842
4.58, 1.02474596955, -8.2871587136, 0.0110265112875, 1.82471963953
4.59, 1.02482725926, -8.2688533279, 0.00522608916942, 1.84100218412
4.6, 1.02481790662, -8.25038743786, -0.00379141288048, 1.85683188499
4.61, 1.02477737059, -8.23176562639, -0.000903115523934, 1.87219958905
4.62, 1.02481917149, -8.21299247247, 0.00932972252052, 1.887115931
4.63, 1.02492112702, -8.19407234042, 0.00988731889126, 1.90160761991
4.64, 1.02495999956, -8.17497651591, -0.000297462579731, 1.92174420143
4.65, 1.02493092225, -8.1556853185, -0.00345403647319, 1.94105194921
4.66, 1.02491515525, -8.13620389687, 0.00276407474178, 1.95980088545
4.67, 1.02498548641, -8.11653783709, 0.0106615661085, 1.97799869323
4.68, 1.02507508906, -8.09669248303, 0.00690221600326, 1.99567476266
4.69, 1.02508360556, -8.07667296652, -0.00238098990372, 2.0128446146
4.7, 1.02504535587, -8.05648435637, -0.00166588040812, 2.02950870962
4.71, 1.02507432489, -8.03613163362, 0.00808627243043, 2.04568440943
4.72, 1.02517407232, -8.01561952018, 0.0106873631531, 2.06140138457
4.73, 1.02522960081, -7.99495250063, 0.00166261142643, 2.07667752219
4.74, 1.02519838799, -7.97413498896, -0.00400117716546, 2.09151215977
4.75, 1.0251832857, -7.95321010724, 0.00331010217149, 2.09805678839
4.76, 1.02526231265, -7.93222488206, 0.011579230154, 2.10393988017
4.77, 1.02535692557, -7.91118176574, 0.00692985371172, 2.10964853165
4.78, 1.0253610756, -7.89008229636, -0.00304028260232, 2.11521341854
4.79, 1.02533256879, -7.86892798071, -0.00224931554566, 2.12062550574
4.8, 1.02534909718, -7.84772031017, 0.00671836138338, 2.12588830165
4.81, 1.02544380015, -7.82646070511, 0.0111153264146, 2.13101768192
4.82, 1.0255131092, -7.80515043045, 0.00345552001168, 2.13602428634
4.83, 1.0254942241, -7.78379075681, -0.00359942052712, 2.14089962613
4.84, 1.02547152766, -7.76238309164, 0.00182842313507, 2.1456277983
4.85, 1.02553761392, -7.74095328857, 0.0108825067229, 2.14401402283
4.86, 1.02563764597, -7.71955759615, 0.00838997178201, 2.14036315635
4.87, 1.02565863165, -7.6981979119, -0.00167212992524, 2.13681596962
4.88, 1.02563257506, -7.67687308329, -0.00246915543986, 2.13339006113
4.89, 1.02563784698, -7.65558185034, 0.00519676792633, 2.13009090105
4.9, 1.02572300313, -7.63432290649, 0.0109522000749, 2.1269283012
4.91, 1.02580147918, -7.61309496818, 0.00500269201707, 2.12387980638
4.92, 1.02579646073, -7.59189718208, -0.0027811636858, 2.12089826882
4.93, 1.02576987766, -7.57072870849, 0.000530103528489, 2.11801540113
4.94, 1.02582025496, -7.54961829625, 0.00958057526162, 2.10837392462
4.95, 1.02591956631, -7.52861616956, 0.00934195667575, 2.09751449594
4.96, 1.02595653778, -7.50772104579, 2.27474910028e-06, 2.08695887967
4.97, 1.02592253319, -7.48693010192, -0.00296127685127, 2.07668735387
4.98, 1.02592755551, -7.46624051263, 0.00555566221169, 2.06663921367
4.99, 1.02601807194, -7.44564940899, 0.0114487698338, 2.05696549488
5.0, 1.02609757619, -7.42515395782, 0.00472411541362, 2.04754569978
5.01, 1.02608611877, -7.40475142488, -0.00356314260975, 2.0383027075
5.02, 1.02606834736, -7.38443914976, -0.000115070376247, 2.02947733871
5.03, 1.02610518215, -7.36421487199, 0.00801226401149, 2.02075993965
5.04, 1.02619582509, -7.34407704134, 0.00935441047455, 2.01128931466
5.05, 1.02624276129, -7.32407618529, 0.00147971213397, 1.99474261557
5.06, 1.02621953316, -7.30423697388, -0.002635600271, 1.97869436757
5.07, 1.02621671071, -7.284555534, 0.00400064159818, 1.96313109328
5.08, 1.02629201418, -7.26502755135, 0.0103837432924, 1.94803998698
5.09, 1.02637241355, -7.24564876815, 0.00572735019483, 1.93333456931
5.1, 1.02637454692, -7.2264148119, -0.00236094720542, 1.91905255667
5.11, 1.02634472141, -7.20732163214, -0.000404521741686, 1.90516779357
5.12, 1.02638341863, -7.18836544612, 0.00847122411929, 1.8916527986
5.13, 1.02647763738, -7.16954244113, 0.00945150425887, 1.87849111493
5.14, 1.0265202774, -7.15084792986, 0.000675384600972, 1.86647395299
5.15, 1.02648867135, -7.13224116305, -0.00327698579388, 1.85998804792
5.16, 1.02648440394, -7.11369996275, 0.0042938867755, 1.85354762718
5.17, 1.02656478986, -7.09522206234, 0.010872546729, 1.84731936516
5.18, 1.02664571729, -7.0768054873, 0.00535981276085, 1.84131700794
5.19, 1.02664050505, -7.0584485911, -0.0032093455443, 1.83539802116
5.2, 1.02660532452, -7.04014957535, -0.000538970274358, 1.82967409364
5.21, 1.02664764972, -7.02190697104, 0.00911707822169, 1.8241063552
5.22, 1.02674665172, -7.00371923131, 0.00961033999898, 1.81873912944
5.23, 1.02678549794, -6.98558472772, -7.86405363701e-05, 1.81349907409
5.24, 1.02675997801, -6.96750127195, -0.00307902614773, 1.80907852977
5.25, 1.02674598148, -6.94943031421, 0.00267257566478, 1.81000365519
5.26, 1.0268128704, -6.93135168327, 0.0101726614622, 1.81078792808
5.27, 1.0268986849, -6.91326503996, 0.00670104219196, 1.81159774695
5.28, 1.02690808069, -6.8951705328, -0.0021345935053, 1.81236637175
5.29, 1.02687220194, -6.87706839744, -0.00158110929504, 1.81315754825
5.3, 1.02689889026, -6.85895899535, 0.00757108023875, 1.81387015873
5.31, 1.02699266088, -6.84084258701, 0.010119257372, 1.8145617148
5.32, 1.0270453629, -6.82271923146, 0.00163472233649, 1.81519929158
5.33, 1.02701566265, -6.80458905937, -0.00382565762169, 1.8159203128
5.34, 1.02699982094, -6.78645243911, 0.00295516983553, 1.81654776244
5.35, 1.02707272933, -6.76830566886, 0.0108487316513, 1.81915570078
5.36, 1.02716141448, -6.75010696913, 0.00658010851488, 1.82547836947
5.37, 1.02716510378, -6.73184569359, -0.00286703105854, 1.83171389848
5.38, 1.02712393848, -6.7135233856, -0.00172028542135, 1.83772726874
5.39, 1.02715449498, -6.69514184638, 0.0082978370818, 1.84355430998
5.4, 1.02725492815, -6.67670280893, 0.0105440857229, 1.84922806611
5.41, 1.02730617513, -6.65820765215, 0.0010706373609, 1.85477181762
5.42, 1.02728141142, -6.63965784578, -0.00276880956485, 1.86016265009
5.43, 1.02726146698, -6.62105493548, 0.00174149803519, 1.86539231055
5.44, 1.02732118156, -6.60240077755, 0.00986218572451, 1.87042362005
5.45, 1.02741096605, -6.5836859441, 0.00758654866615, 1.8787690079
5.46, 1.02742969463, -6.56487031967, -0.00141720932356, 1.88917862375
5.47, 1.02739380435, -6.54595236633, -0.00215022458662, 1.89924604409
5.48, 1.0274119451, -6.52693569999, 0.00679981477645, 1.90893832687
5.49, 1.02750419033, -6.5078240229, 0.0105911526723, 1.9182668982
5.5, 1.02756662315, -6.48862087163, 0.00276815767299, 1.92724969555
5.51, 1.02754365509, -6.46932968314, -0.00371443922795, 1.93588992246
5.52, 1.02752247907, -6.44995391113, 0.00209294655697, 1.94418489005
5.53, 1.02758933195, -6.43049689142, 0.0107117082499, 1.95215875871
5.54, 1.02768444334, -6.41096165073, 0.0077252854735, 1.95984381549
5.55, 1.02769970962, -6.39136012956, -0.00202321845963, 1.9635375726
5.56, 1.02765943714, -6.37175638124, -0.00227270840406, 1.96245961837
5.57, 1.02768193289, -6.35216348248, 0.00760316593311, 1.96135186923
5.58, 1.02778246683, -6.33258159058, 0.0112124749956, 1.96026248004
5.59, 1.02784562324, -6.31301036036, 0.00238352476996, 1.95921652952
5.6, 1.02782876616, -6.29344942428, -0.00259634303094, 1.9582012754
5.61, 1.0278036709, -6.27389852991, 0.000848393845347, 1.95720821794
5.62, 1.02785763273, -6.25435745895, 0.00982646737221, 1.95623916094
5.63, 1.02795562756, -6.23482586199, 0.00896175420168, 1.95531230956
