timestamp, prius0 x posi, prius0 y posi, prius0 x vel, prius0 y vel.
0.0, 0.0, 0.0, 0.0, 0.0
0.00999999999999, 24.9965683977, 1.00008235342, -0.17727227579, 0.00161396161572
0.02, 24.9944147692, 1.00006222101, -0.243864421031, -0.00278539824381
0.03, 24.9914265066, 1.00003803439, -0.330574109432, 4.70857633665e-05
0.04, 24.9875699472, 1.00005902203, -0.418633458555, 0.00469704551586
0.05, 24.9828374768, 1.00010045149, -0.506963945059, 0.00405113338881
0.06, 24.9772292867, 1.00011004651, -0.595224032588, -0.000225136262229
0.07, 24.9707458686, 1.00009342048, -0.683455043199, -0.000548356670427
0.08, 24.9633873518, 1.00010493223, -0.771691385394, 0.00415581058377
0.09, 24.9551536929, 1.00015726384, -0.859934982419, 0.00652276403463
0.1, 24.9460448792, 1.00019881628, -0.948175882934, 0.00290429273703
0.11, 24.9360609723, 1.00019840323, -1.03641026401, -0.000433623696262
0.12, 24.9252020039, 1.00019754055, -1.12464798906, 0.00238565213525
0.13, 24.9134679171, 1.00024197802, -1.21289466739, 0.00701848049167
0.14, 24.9008589377, 1.00030528524, -1.30060003513, 0.00606183812746
0.15, 24.8873806633, 1.00033309767, -1.38700983592, 0.00151224253676
0.16, 24.8730436013, 1.00033477409, -1.47235965357, 0.00145181143296
0.17, 24.8578583034, 1.00036846936, -1.55666543553, 0.00651435879378
0.18, 24.8418351586, 1.00044396509, -1.63993703415, 0.00871714141142
0.19, 24.8249844827, 1.00050525886, -1.72217813837, 0.00472171094364
0.2, 24.8073165357, 1.00052320612, -1.80339936154, 0.00150985536296
0.21, 24.7888414113, 1.0005445924, -1.88362443161, 0.00483197129709
0.22, 24.7695689897, 1.00061455631, -1.9628692264, 0.00953948889476
0.23, 24.7495090395, 1.00070047788, -2.04113803442, 0.00804296296269
0.24, 24.7286713203, 1.00074534695, -2.11842711327, 0.00305317268634
0.25, 24.7070656025, 1.00076325857, -2.19474681262, 0.00321569676303
0.26, 24.68470154, 1.00081724713, -2.27010960413, 0.00869999512448
0.27, 24.6615923052, 1.00091438826, -2.34442743904, 0.0107411089196
0.28, 24.6377502524, 1.00099275232, -2.41795468714, 0.00616573903989
0.29, 24.6131841662, 1.00102389504, -2.49062046143, 0.00285016038474
0.3, 24.5879028162, 1.00106131959, -2.56240612538, 0.00670195096215
0.31, 24.5619148899, 1.0011520217, -2.63331585895, 0.011683249534
0.32, 24.5352290479, 1.00125719387, -2.70335257022, 0.00972096917305
0.33, 24.5078539396, 1.00131574924, -2.77251690653, 0.00426418155267
0.34, 24.4797981274, 1.00134657302, -2.8407883504, 0.00469591549943
0.35, 24.4510723122, 1.00141836976, -2.90706907967, 0.0106937168562
0.36, 24.4216936146, 1.00153509674, -2.97149534537, 0.0125535453672
0.37, 24.3916801345, 1.00162794327, -3.03411487923, 0.00733579838648
0.38, 24.3610496137, 1.00166958769, -3.09497692154, 0.00394061026268
0.39, 24.3298192791, 1.00172088333, -3.15414381604, 0.00836547945444
0.4, 24.298005797, 1.00183018742, -3.21166526404, 0.0135756508423
0.41, 24.2656254025, 1.00195173252, -3.26757735854, 0.0110625240894
0.42, 24.2326939975, 1.0020206533, -3.32191383557, 0.00513540349197
0.43, 24.1992270649, 1.00206154732, -3.37472939441, 0.00590604422966
0.44, 24.1652395502, 1.00214874093, -3.42607691809, 0.0124179925264
0.45, 24.1307459302, 1.00228219695, -3.475993012, 0.0140313606573
0.46, 24.0957603676, 1.00238607772, -3.5245050901, 0.00813290712715
0.47, 24.0602967113, 1.00243471678, -3.57165195882, 0.00468230199233
0.48, 24.0243683576, 1.00249668289, -3.61748652967, 0.00970722984002
0.49, 23.9879882238, 1.00262126833, -3.66204763218, 0.0151036852051
0.5, 23.951168897, 1.00275518467, -3.7053606565, 0.0119717693389
0.51, 23.9139227293, 1.00283012736, -3.74745038964, 0.00558364902669
0.52, 23.8762617362, 1.0028772547, -3.7883622871, 0.00677041549388
0.53, 23.8381974817, 1.00297668154, -3.82813956606, 0.0138428496907
0.54, 23.7997411591, 1.00312367238, -3.86680860331, 0.0151705003288
0.55, 23.7609037508, 1.00323492756, -3.90438680846, 0.00855790594224
0.56, 23.7216960155, 1.00328706501, -3.94090511883, 0.00511076639428
0.57, 23.6821283354, 1.0033570459, -3.97640903745, 0.0108204435178
0.58, 23.6422106942, 1.00349468083, -4.01092831214, 0.0164015158176
0.59, 23.601952836, 1.00363831076, -4.04447929943, 0.0125907204156
0.6, 23.5613643582, 1.00371628678, -4.07707860797, 0.00574494273438
0.61, 23.5204545915, 1.00376718383, -4.10876585556, 0.00742831340032
0.62, 23.4792324809, 1.00387704906, -4.13957673325, 0.0150982069701
0.63, 23.4377066769, 1.00403559649, -4.16952952991, 0.016082381715
0.64, 23.3958857019, 1.00415161157, -4.19863359004, 0.00870873926865
0.65, 23.3537779243, 1.0042047024, -4.22691417963, 0.00531766689398
0.66, 23.3113913912, 1.00428092253, -4.25441138904, 0.0117875820557
0.67, 23.2687338116, 1.00443011468, -4.2811477033, 0.0175343123613
0.68, 23.2258127286, 1.00458136811, -4.30713223195, 0.0129702158254
0.69, 23.1826356078, 1.00465988405, -4.33237527097, 0.00566958452413
0.7, 23.1392096998, 1.00471261476, -4.35691261179, 0.00793443000289
0.71, 23.0955419156, 1.0048316636, -4.38077403411, 0.016235836948
0.72, 23.0516389325, 1.00500025457, -4.40397140691, 0.0168090989036
0.73, 23.007507366, 1.00511881451, -4.42650757672, 0.0086251093037
0.74, 22.9631537304, 1.00517074822, -4.4484039982, 0.00534962235678
0.75, 22.9185842566, 1.00525192591, -4.46969690864, 0.0126580127848
0.76, 22.8738048831, 1.0054116421, -4.49040294062, 0.0185433202051
0.77, 22.828821442, 1.00556879795, -4.51052533534, 0.0131441930229
0.78, 22.7836397432, 1.0056457171, -4.5300695542, 0.00539556417247
0.79, 22.7382654179, 1.00569877276, -4.54906912698, 0.00833386204222
0.8, 22.6927037905, 1.00582619592, -4.56754904255, 0.0172972682686
0.81, 22.6469600004, 1.00600367764, -4.58551596219, 0.017381728458
0.82, 22.6010391807, 1.00612285961, -4.60296733008, 0.00833616949308
0.83, 22.554946403, 1.00617186002, -4.61992220922, 0.00524353307229
0.84, 22.5086864814, 1.00625710911, -4.63641402499, 0.0134710820499
0.85, 22.4622639729, 1.00642666696, -4.65245449944, 0.0194585542555
0.86, 22.4156833787, 1.00658825566, -4.66804192372, 0.0131349757718
0.87, 22.3689492233, 1.00666168378, -4.6831779819, 0.00495001102094
0.88, 22.3220658777, 1.00671387602, -4.69789508903, 0.00866130396661
0.89, 22.2750374296, 1.00684920258, -4.71221413332, 0.0183131917321
0.9, 22.2278678227, 1.00703467049, -4.72613740836, 0.0178201340287
0.91, 22.1805610419, 1.00715273418, -4.73965770469, 0.00786056630975
0.92, 22.1331210416, 1.00719726043, -4.75279282638, 0.00502689740097
0.93, 22.0855515348, 1.00728599828, -4.76557407168, 0.0142569232857
0.94, 22.0378560028, 1.00745455294, -4.77800643918, 0.0179948491768
0.95, 21.9900379463, 1.00761946195, -4.79009045066, 0.0144108982611
0.96, 21.9421008487, 1.0077087427, -4.80182324442, 0.00634402189108
0.97, 21.8940481131, 1.00776458357, -4.81322956387, 0.00807539405588
0.98, 21.8458829081, 1.00788744519, -4.82432992238, 0.0169310852016
0.99, 21.7976082619, 1.00806738562, -4.83512639958, 0.0181843048581
1.0, 21.7492272411, 1.00819859877, -4.84561136652, 0.00961191804984
1.01, 21.7007429209, 1.0082554158, -4.85579476746, 0.00546111905242
1.02, 21.6521581955, 1.0083369935, -4.86570440506, 0.0128154002248
1.03, 21.6034757524, 1.00850298567, -4.87534828861, 0.0195575353571
1.04, 21.5546982829, 1.00867248301, -4.88471310093, 0.0143603375063
1.05, 21.5058286465, 1.00875725693, -4.89379076998, 0.00573224697132
1.06, 21.4568695198, 1.00880986036, -4.90262050673, 0.00813788100982
1.07, 21.4078232774, 1.00893842509, -4.91122383989, 0.017804033492
1.08, 21.3586922075, 1.00912612334, -4.91958675862, 0.0187061157756
1.09, 21.3094788527, 1.00925768294, -4.92768905892, 0.00929775312227
1.1, 21.2601856113, 1.00931102564, -4.93557001144, 0.00528267083949
1.11, 21.2108146821, 1.00939584898, -4.94323653715, 0.013573361356
1.12, 21.161368154, 1.00957152462, -4.95069704296, 0.0204688378664
1.13, 21.1118480898, 1.00974541603, -4.95794842799, 0.014344891521
1.14, 21.0622566432, 1.00982631672, -4.96497694885, 0.00521336223048
1.15, 21.012595925, 1.00987723615, -4.9718114294, 0.00836821150251
1.16, 20.962867787, 1.01001285722, -4.97847039651, 0.0187593688293
1.17, 20.9130740133, 1.01019341594, -4.98494285728, 0.0186413085231
1.18, 20.8632164654, 1.01033454573, -4.99122680972, 0.0108173743707
1.19, 20.8132970365, 1.01040016686, -4.99732370424, 0.00590108167083
1.2, 20.7633174743, 1.0104802453, -5.00326154539, 0.0123278869792
1.21, 20.7132793439, 1.01064285974, -5.00904547025, 0.0195773279342
1.22, 20.663184256, 1.01081910887, -5.01465984586, 0.0154938349945
1.23, 20.6130338648, 1.01091617869, -5.02009213449, 0.00677405955482
1.24, 20.5628297991, 1.01097278522, -5.02539989582, 0.0079778561457
1.25, 20.5125735302, 1.01109642989, -5.03055651891, 0.0172767593764
1.26, 20.4622664104, 1.01128404476, -5.0355738491, 0.0192107547942
1.27, 20.4119098678, 1.01142501019, -5.04042863072, 0.0103793988885
1.28, 20.3615054129, 1.01148516061, -5.04515958272, 0.00545596802064
1.29, 20.3110544439, 1.01156585211, -5.04974241953, 0.0128152561448
1.3, 20.2605581318, 1.01173581614, -5.05423184982, 0.020308499821
1.31, 20.2100176922, 1.01191502776, -5.05857802032, 0.0153421252929
1.32, 20.1594344712, 1.01200636937, -5.06279024913, 0.00602059263107
1.33, 20.1088097809, 1.01205859796, -5.06687722276, 0.00793326406072
1.34, 20.0581447016, 1.01218716488, -5.0708724838, 0.0180869789362
1.35, 20.007440312, 1.01236712322, -5.07474505251, 0.0191382833448
1.36, 19.9566977376, 1.01251759363, -5.07850722898, 0.011858326678
1.37, 19.9059180922, 1.0125891753, -5.08216272674, 0.00594403585199
1.38, 19.8551023636, 1.0126633148, -5.08571220287, 0.0113646334929
1.39, 19.8042516117, 1.01281847198, -5.08917286829, 0.0192527282856
1.4, 19.7533669509, 1.01299884277, -5.09251020349, 0.0163980500476
1.41, 19.7024495442, 1.01310477135, -5.09572291906, 0.0073578021666
1.42, 19.6515006033, 1.01315965966, -5.09882152839, 0.0072001788842
1.43, 19.600521211, 1.01327322233, -5.10182075127, 0.0163728002442
1.44, 19.549512365, 1.01345866975, -5.10471657708, 0.0196320909008
1.45, 19.4984751589, 1.01360862906, -5.10749466713, 0.0113852813952
1.46, 19.4474107912, 1.01367336859, -5.11015273375, 0.00528585294427
1.47, 19.3963203793, 1.01374555211, -5.11271200081, 0.0116304525327
1.48, 19.3452049021, 1.01390721488, -5.11517422136, 0.0200109122077
1.49, 19.2940653741, 1.01409157332, -5.11752590525, 0.0163645217459
1.5, 19.2429030567, 1.01419236322, -5.11973544393, 0.00659546126941
1.51, 19.1917194219, 1.01424157229, -5.12180001476, 0.00696563130733
1.52, 19.1405159309, 1.01435797296, -5.12372325132, 0.0169866235736
1.53, 19.089294044, 1.01453571672, -5.12548984792, 0.0187257016066
1.54, 19.0380554493, 1.01468914266, -5.12707867348, 0.0124893511044
1.55, 18.9868019886, 1.01476511792, -5.12847776508, 0.00600344923356
1.56, 18.9355354837, 1.01483336493, -5.12970703682, 0.0103351855116
1.57, 18.8842575637, 1.01497786813, -5.13078086763, 0.0183841934509
1.58, 18.8329697408, 1.01515557065, -5.13170345104, 0.0166297308353
1.59, 18.7816735119, 1.01526624792, -5.13247577946, 0.00778780914839
1.6, 18.7303702678, 1.01531990243, -5.13312158715, 0.00652991362793
1.61, 18.6790611388, 1.01542211515, -5.13366943084, 0.0150721181361
1.62, 18.6277470445, 1.01559836461, -5.13412724267, 0.0191907992837
1.63, 18.5764288827, 1.01574963305, -5.13449113893, 0.0118213054903
1.64, 18.5251075747, 1.01581649075, -5.13476458936, 0.00508923486663
1.65, 18.4737839094, 1.01587979065, -5.13497384963, 0.0102687515142
1.66, 18.4224584727, 1.01602746444, -5.13512955257, 0.0188448766426
1.67, 18.3711317973, 1.01620678802, -5.13522734318, 0.0164033349858
1.68, 18.3198045023, 1.01631032966, -5.13525761236, 0.00679933985324
1.69, 18.2684772001, 1.01635551655, -5.13523548263, 0.00598695544394
1.7, 18.2171503351, 1.0164577858, -5.13517979738, 0.0154632760496
1.71, 18.1658242323, 1.01663837317, -5.13508917129, 0.0194466232859
1.72, 18.1144992814, 1.01678678533, -5.13495197347, 0.0110848116954
1.73, 18.0631759593, 1.01684403945, -5.13476678389, 0.00416032669091
1.74, 18.0118546508, 1.01690283981, -5.13455674083, 0.0102907882939
1.75, 17.9605355753, 1.01705466788, -5.13432756705, 0.0193909502129
1.76, 17.9092189507, 1.01722174333, -5.13406921867, 0.0164167660918
1.77, 17.8579050963, 1.01733403173, -5.13377594496, 0.00803698381991
1.78, 17.8065943335, 1.01738617993, -5.13345466716, 0.00591892965193
1.79, 17.7552868747, 1.01747738026, -5.13312184668, 0.0137340814467
1.8, 17.7039828279, 1.01764280879, -5.13277678527, 0.0185052880207
1.81, 17.6526823509, 1.01779318396, -5.13240908381, 0.0121122122114
1.82, 17.6013856945, 1.01786246286, -5.13201409497, 0.00506065792427
1.83, 17.5500930603, 1.0179193187, -5.13160961381, 0.00914939788377
1.84, 17.498804513, 1.01805429466, -5.13120245875, 0.0176934713067
1.85, 17.4475200952, 1.01822795281, -5.13078552797, 0.0163648706421
1.86, 17.3962399566, 1.0183346747, -5.13034668189, 0.00717652688594
1.87, 17.3449642842, 1.01837894902, -5.12989474988, 0.00538077918309
1.88, 17.2936931462, 1.01846997698, -5.12944557902, 0.0141053188451
1.89, 17.2424265161, 1.01864007509, -5.12899656916, 0.018846278451
1.9, 17.1911644345, 1.01878883948, -5.12853569992, 0.0115103439244
1.91, 17.1399070463, 1.01884939855, -5.1280581052, 0.00416692485467
1.92, 17.0886544451, 1.01890149494, -5.12758253584, 0.00911374342065
1.93, 17.0374065883, 1.01904026919, -5.12711421653, 0.0182446281806
1.94, 16.9861634246, 1.01921655583, -5.12664464647, 0.0162352510021
1.95, 16.9349250246, 1.01931677139, -5.12616047045, 0.00621959271997
1.96, 16.8836914974, 1.01935262935, -5.12567179441, 0.00483476728566
1.97, 16.8324628287, 1.0194439012, -5.12519412123, 0.0145428437704
1.98, 16.7812389154, 1.01961910692, -5.12472333513, 0.0191950929629
1.99, 16.730019737, 1.01976578764, -5.12424606978, 0.0108264286769
2.0, 16.6788053884, 1.01982488406, -5.12395531159, 0.00654423505366
2.01, 16.6275959194, 1.01987584161, -5.12326274664, 0.00796009125492
2.02, 16.5763915673, 1.01999882419, -5.12274221254, 0.0167404248895
2.03, 16.5251925599, 1.02016957335, -5.12218995189, 0.0166054153679
2.04, 16.4739994467, 1.02028092752, -5.12157040058, 0.00755934162261
2.05, 16.4228126926, 1.02032298152, -5.12091902013, 0.00458508729964
2.06, 16.3716325197, 1.02040167804, -5.12026715666, 0.0127543749149
2.07, 16.3204594103, 1.02056293198, -5.11951009987, 0.0185039787501
2.08, 16.2692939924, 1.02071426189, -5.11871501908, 0.0120655019341
2.09, 16.2181368137, 1.02077762827, -5.11787062398, 0.00399294961064
2.1, 16.1669881948, 1.02082091788, -5.11699847167, 0.00777129046512
2.11, 16.115848466, 1.02094666174, -5.11610839918, 0.0172458318425
2.12, 16.0647177106, 1.02112028778, -5.11520505454, 0.0165408078588
2.13, 16.0135961282, 1.02122560987, -5.11427065937, 0.00660912539556
2.14, 15.9624839643, 1.02125858847, -5.11332121131, 0.0039219225994
2.15, 15.9113815448, 1.02133632446, -5.11232948802, 0.0130971896076
2.16, 15.8602890622, 1.021502494, -5.11133492719, 0.0188958424834
2.17, 15.8092066362, 1.02165247816, -5.11030935937, 0.0114508195171
2.18, 15.7581347443, 1.02170641222, -5.1092279532, 0.00299097404185
2.19, 15.7070738218, 1.02175751893, -5.10812638133, 0.00708585362877
2.2, 15.6560239727, 1.02186895463, -5.10701017696, 0.0155682855382
2.21, 15.6049854087, 1.02203247136, -5.10588712454, 0.0163475411456
2.22, 15.5539581915, 1.02214555153, -5.10473334928, 0.00790173376791
2.23, 15.5029425639, 1.02218791532, -5.10356725571, 0.00419687635975
2.24, 15.4519386138, 1.02225726627, -5.10239363524, 0.0115007699038
2.25, 15.4009465367, 1.02240731564, -5.10120443932, 0.0177004520331
2.26, 15.3499664141, 1.02255661634, -5.09999405373, 0.0122915115732
2.27, 15.2989986278, 1.02262291167, -5.0987367213, 0.0041047254382
2.28, 15.2480435449, 1.02266142314, -5.09746426839, 0.00679290262044
2.29, 15.197101152, 1.02277469794, -5.0962029812, 0.0160105196877
2.3, 15.1461714145, 1.02294107793, -5.09492550108, 0.0163287510599
2.31, 15.0952546702, 1.02304872318, -5.09360333983, 0.00699849066107
2.32, 15.0443512557, 1.02308190223, -5.09227552859, 0.00347119289765
2.33, 14.9934611244, 1.02314933494, -5.09092982301, 0.0117438734191
2.34, 14.9425851123, 1.02330379328, -5.08940890692, 0.0180946210345
2.35, 14.891725517, 1.02345227459, -5.08762666845, 0.0117498801855
2.36, 14.8408858475, 1.02350951425, -5.08547626341, 0.003091806831
2.37, 14.7900689798, 1.0235415188, -5.08298871346, 0.00657357464813
2.38, 14.739279838, 1.02365753973, -5.0799247673, 0.0165394617437
2.39, 14.6885242343, 1.02382715141, -5.07633327718, 0.0162928895794
2.4, 14.6378091302, 1.02392869408, -5.07166015427, 0.00600334400097
2.41, 14.587146517, 1.02396591028, -5.06569795817, 0.0035026213594
2.42, 14.5365540303, 1.02402225478, -5.05800855972, 0.0099979749253
2.43, 14.486042062, 1.02416151497, -5.04941774949, 0.0171490756091
2.44, 14.4356226398, 1.02431185683, -5.03962966832, 0.0127443728387
2.45, 14.3853090712, 1.02438047274, -5.02839790369, 0.00389112766879
2.46, 14.3351104315, 1.02440933503, -5.01663349109, 0.00529807173502
2.47, 14.2850329931, 1.02450731581, -5.00398924834, 0.0147298613291
2.48, 14.2350873685, 1.02466830796, -4.99051059373, 0.0163793064747
2.49, 14.1852792975, 1.02477915785, -4.97631648599, 0.00723276654296
2.5, 14.135618159, 1.02480800369, -4.96133681037, 0.00237340678469
2.51, 14.0861087499, 1.0248592725, -4.94578957304, 0.00995834027894
2.52, 14.0367599682, 1.02500101765, -4.92951635611, 0.0174115678568
2.53, 13.9875731093, 1.02514947092, -4.91337516418, 0.012074567819
2.54, 13.9385473842, 1.02520701681, -4.89733444476, 0.00260297943605
2.55, 13.8896805175, 1.02522617546, -4.88163218367, 0.004746663968
2.56, 13.8409682613, 1.0253242019, -4.86638840819, 0.0150534745113
2.57, 13.7924062642, 1.02547299487, -4.85157165675, 0.0158382207131
2.58, 13.743990191, 1.02558846909, -4.83718548919, 0.00820872848399
2.59, 13.6957158447, 1.02562362383, -4.82320858292, 0.00236164932552
2.6, 13.6475792358, 1.02566405555, -4.8096170617, 0.00814572949257
2.61, 13.599576622, 1.02578757176, -4.79639974713, 0.016005675398
2.62, 13.5517044145, 1.02593310523, -4.78352898589, 0.0126867571586
2.63, 13.5039590887, 1.02600070896, -4.77100697216, 0.00349646180726
2.64, 13.4563371743, 1.02601884577, -4.75882725895, 0.00369693307933
2.65, 13.4088354554, 1.02609904621, -4.74696689944, 0.01307428732
2.66, 13.3614506527, 1.0262499677, -4.73543288081, 0.0159679049793
2.67, 13.3141795883, 1.02636085325, -4.72420574061, 0.00731990867973
2.68, 13.2670192968, 1.02638544188, -4.71325794822, 0.00138487537805
2.69, 13.2199671021, 1.02642102087, -4.70258734176, 0.00812334695042
2.7, 13.1730201213, 1.02654765073, -4.69220822858, 0.0163972992691
2.71, 13.1261755279, 1.02669318322, -4.68209480198, 0.0122460889996
2.72, 13.0794308947, 1.02675165013, -4.67221900571, 0.00235869460145
2.73, 13.0327838837, 1.02676077922, -4.66254596289, 0.00317422392869
2.74, 12.9862327408, 1.02684138474, -4.65301807986, 0.0134780642034
2.75, 12.9397760854, 1.02698158699, -4.64368602383, 0.0156394643086
2.76, 12.8934116685, 1.02709937551, -4.63442519628, 0.00851060378282
2.77, 12.8471427741, 1.02713163799, -4.62468910223, 0.00143737872651
2.78, 12.8009712645, 1.02715646442, -4.61486780652, 0.00631004322132
2.79, 12.7548992945, 1.02726554562, -4.60478208742, 0.0151294530539
2.8, 12.7089295224, 1.02741015937, -4.59450324446, 0.013074607639
2.81, 12.6630622512, 1.02748026906, -4.58434572657, 0.00333577665678
2.82, 12.6172980593, 1.0274884114, -4.57373789685, 0.00208205318055
2.83, 12.5716409887, 1.02755101104, -4.56293124564, 0.0115235042894
2.84, 12.5260940288, 1.02769446725, -4.55174496936, 0.0159248114016
2.85, 12.4806597182, 1.02780912877, -4.54047246739, 0.00772395103206
2.86, 12.4353384602, 1.02783101655, -4.52906992433, 0.000409082151139
2.87, 12.3901319485, 1.02785024193, -4.51759887809, 0.00622005867693
2.88, 12.3450401837, 1.0279624984, -4.50601198833, 0.0155884533755
2.89, 12.3000661595, 1.02809420376, -4.49418163744, 0.0130024488382
2.9, 12.2552101396, 1.02817192607, -4.4823608171, 0.00443821055527
2.91, 12.2104727802, 1.02818554872, -4.47046424487, 0.00186081778775
2.92, 12.1658540283, 1.02823572813, -4.4586805143, 0.00967867476456
2.93, 12.1213520728, 1.02836308291, -4.44713590462, 0.0148974601114
2.94, 12.0769639809, 1.02847868765, -4.43589160623, 0.00862751719594
2.95, 12.0326870013, 1.02851105867, -4.4248994042, 0.00113751519948
2.96, 11.9885185442, 1.02852666719, -4.41419306952, 0.0049276997355
2.97, 11.9444559349, 1.02862087719, -4.40372177631, 0.0137961490965
2.98, 11.9004965992, 1.02875812644, -4.39353192499, 0.0128585573667
2.99, 11.8566380694, 1.02882919573, -4.38354880554, 0.00344968656587
3.0, 11.8128781883, 1.0288334086, -4.37376975654, 0.00115911627038
3.01, 11.7692151869, 1.02888189554, -4.36416050202, 0.0099196332687
3.02, 11.7256481098, 1.02901290339, -4.35453448839, 0.0151578167601
3.03, 11.6821779342, 1.0291260602, -4.34477064149, 0.00793172358462
3.04, 11.6388062702, 1.02914847639, -4.33488186193, 9.8155266208e-05
3.05, 11.5955334676, 1.02915776739, -4.32494205066, 0.00474189589301
3.06, 11.5523608763, 1.02925454972, -4.31490504223, 0.014250179878
3.07, 11.5092882983, 1.02939361623, -4.30493695641, 0.0126506622338
3.08, 11.4663157712, 1.02945717416, -4.29483100255, 0.00236851715235
3.09, 11.4234451921, 1.02946529006, -4.28454114285, 0.00123867919668
3.1, 11.3806789387, 1.02950327995, -4.27397796062, 0.00821397225657
3.11, 11.3380192464, 1.02961867958, -4.26331849577, 0.0141098200891
3.12, 11.295466747, 1.02973232154, -4.25246509213, 0.00879891486889
3.13, 11.2530232622, 1.02976557448, -4.24158161004, 0.000928093414203
3.14, 11.2106885041, 1.02977272758, -4.23071521764, 0.00360223208399
3.15, 11.1684627829, 1.02985231885, -4.21970752362, 0.0124689429218
3.16, 11.1263482072, 1.02998227417, -4.20847894665, 0.0126594407153
3.17, 11.0843473656, 1.03005470762, -4.19703759182, 0.00362083847997
3.18, 11.0424609271, 1.03005566129, -4.18559471379, 0.000300552839798
3.19, 11.0006895705, 1.03009042528, -4.1738449664, 0.00832480926657
3.2, 10.9590389411, 1.03020881042, -4.16164123074, 0.0143586745369
3.21, 10.9175108729, 1.03032030966, -4.14924772023, 0.00813923666244
3.22, 10.8761080831, 1.03034350953, -4.13665125311, -0.000176088583071
3.23, 10.8348353496, 1.03034319154, -4.12340742661, 0.00327502427177
3.24, 10.7936945746, 1.03042428566, -4.10995711882, 0.0128621305943
3.25, 10.7526908738, 1.03055614971, -4.0961914875, 0.0125006476775
3.26, 10.7118252006, 1.03062147358, -4.08222989295, 0.00254244873812
3.27, 10.6711006169, 1.03061183796, -4.06808120017, -0.000529286741978
3.28, 10.6305177557, 1.03064403566, -4.05395348584, 0.00851647487877
3.29, 10.590075581, 1.03075588529, -4.03982878304, 0.0123864774287
3.3, 10.5497761524, 1.03086511256, -4.02551734742, 0.00882351117859
3.31, 10.5096187226, 1.03089800705, -4.01141914033, 0.000600285614408
3.32, 10.4696010328, 1.03089550077, -3.99755341186, 0.00214591995934
3.33, 10.4297206643, 1.03095912259, -3.98399114255, 0.0110061824539
3.34, 10.3899741757, 1.03108062544, -3.97076469564, 0.0123623912207
3.35, 10.350358135, 1.03115364608, -3.95788868878, 0.00372436939635
3.36, 10.3108690861, 1.03115063459, -3.94533931673, -0.000636153545493
3.37, 10.2715041064, 1.03117077528, -3.93308218307, 0.00663472331221
3.38, 10.2322599814, 1.03127565253, -3.92116711731, 0.0134830490605
3.39, 10.1931334356, 1.0313849354, -3.90954829818, 0.00831341480761
3.4, 10.1541218891, 1.03140871152, -3.89816865472, -0.000464829454748
3.41, 10.1152224939, 1.03139847913, -3.88708943067, 0.00176686851079
3.42, 10.076432582, 1.0314633365, -3.87627594808, 0.0114214698121
3.43, 10.0377493719, 1.03158762447, -3.86573980561, 0.012339933984
3.44, 9.99917036623, 1.03165485316, -3.8554320132, 0.00275410091834
3.45, 9.96069315938, 1.03164160634, -3.8453679059, -0.00148310402933
3.46, 9.92231533252, 1.03165874572, -3.83554331277, 0.00679698287587
3.47, 9.88403466536, 1.03176761745, -3.82594158277, 0.0138639127051
3.48, 9.84584884466, 1.03187591946, -3.81656720612, 0.00774177747472
3.49, 9.80775560223, 1.03188994113, -3.80742466227, -0.00157545182204
3.5, 9.76975284627, 1.03188557345, -3.79845144336, 0.000873947908504
3.51, 9.7318387849, 1.03193464367, -3.78968978646, 0.00967193008066
3.52, 9.69401129473, 1.03204895585, -3.78113446214, 0.0122082968539
3.53, 9.65626840126, 1.03212423538, -3.77275644037, 0.0040198171621
3.54, 9.61860845149, 1.03211912525, -3.76454793648, -0.00139608208581
3.55, 9.58102962481, 1.0321259991, -3.75652899809, 0.00505307887982
3.56, 9.54353011406, 1.03221826301, -3.7486763974, 0.0127019490519
3.57, 9.50610837912, 1.03232655486, -3.74097895825, 0.00864117931745
3.58, 9.46876274033, 1.0323526265, -3.73345263995, -0.000575412345781
3.59, 9.43149155047, 1.03233398738, -3.72607712293, 0.00038220564973
3.6, 9.39429345184, 1.0323835112, -3.71884182164, 0.0100556193866
3.61, 9.35716692515, 1.03250108348, -3.71176148161, 0.0122866505114
3.62, 9.32011047333, 1.03257161453, -3.70481418996, 0.00312650310232
3.63, 9.28312286815, 1.03255632899, -3.69799196775, -0.002295591268
3.64, 9.24620291269, 1.03255945985, -3.69128952202, 0.00515117786194
3.65, 9.20934927414, 1.03265577249, -3.68472812527, 0.0131519214597
3.66, 9.17256052855, 1.03276425539, -3.6783161385, 0.00819794758655
3.67, 9.13583541721, 1.03278133688, -3.67198593505, -0.00167099692207
3.68, 9.09917261685, 1.03276809621, -3.6659037777, -0.000595954213427
3.69, 9.06256896861, 1.03280126557, -3.66014313824, 0.00829862877001
3.7, 9.02602057839, 1.03290959395, -3.65496072949, 0.0122804862973
3.71, 8.98952054392, 1.032989423, -3.65038036427, 0.00448715600309
3.72, 8.9530633835, 1.03298244624, -3.64647803754, -0.00225305685115
3.73, 8.916640283, 1.03297459704, -3.64358555514, 0.0033460938999
3.74, 8.88024039902, 1.0330543936, -3.64184142724, 0.0120689731069
3.75, 8.84385221084, 1.03316417881, -3.64108885164, 0.00924657112968
3.76, 8.80746825416, 1.03319426641, -3.6409933222, -0.000630965922216
3.77, 8.77108087712, 1.03316645428, -3.64225464834, -0.00113896178639
3.78, 8.73466617235, 1.03319991249, -3.64589309138, 0.00872432742124
3.79, 8.69821166834, 1.0333126722, -3.65022184643, 0.0125322596889
3.8, 8.6617087268, 1.0333893719, -3.65576872169, 0.00372910166623
3.81, 8.6251425829, 1.03338086141, -3.66290698831, 0.00019640585774
3.82, 8.58849816306, 1.0333727447, -3.6713225696, 0.00228435254685
3.83, 8.55175888146, 1.03343710566, -3.68184740023, 0.0105603721573
3.84, 8.51490777231, 1.03354091955, -3.69337322375, 0.00958011702222
3.85, 8.47793765065, 1.03358222737, -3.70567220062, 0.000778629273829
3.86, 8.44084092445, 1.03356178586, -3.71889965072, -0.00123314238163
3.87, 8.40360320011, 1.03358400008, -3.73384489938, 0.00704555518161
3.88, 8.36620953869, 1.03368331113, -3.74978221532, 0.0118657475972
3.89, 8.32865380904, 1.03376490007, -3.7662551452, 0.00502288500849
3.9, 8.29093011194, 1.03376162068, -3.78359131472, -0.00222247544731
3.91, 8.2530253457, 1.03374748651, -3.80225438866, 0.00227940324456
3.92, 8.21493214086, 1.0338161655, -3.82128968416, 0.0111993345434
3.93, 8.17664583813, 1.03392375632, -3.84087095857, 0.00959159570588
3.94, 8.13816112993, 1.03395989363, -3.86120116261, -5.18646401204e-05
3.95, 8.09946750413, 1.03393198696, -3.88235038943, -0.00170293894236
3.96, 8.06056001272, 1.03395504027, -3.90399954882, 0.00755467768333
3.97, 8.0214332402, 1.03406053686, -3.9264458979, 0.0123659459684
3.98, 7.98207734295, 1.03414182474, -3.94932303154, 0.00453151117891
3.99, 7.94248688991, 1.03413069224, -3.97341784904, -0.00303071052308
4.0, 7.90265833838, 1.03411282573, -3.99688273113, 0.00237384961174
4.01, 7.86258387847, 1.03418661449, -4.02259751445, 0.011885607216
4.02, 7.82225452564, 1.0342981927, -4.04807011506, 0.00960488737221
4.03, 7.78166922116, 1.03432919915, -4.07377959032, -0.000871548076637
4.04, 7.74082453218, 1.03429410497, -4.1001781047, -0.00212913218023
4.05, 7.69971058725, 1.03431857649, -4.12739141759, 0.00811243841056
4.06, 7.65832406907, 1.03441688692, -4.15443906794, 0.0116270043995
4.07, 7.61667143948, 1.03450421023, -4.18065018188, 0.00591608551221
4.08, 7.57476089775, 1.034506172, -4.2060496668, -0.00223203493045
4.09, 7.53260041388, 1.0344841837, -4.2306685845, 0.00101888876347
4.1, 7.4901976784, 1.03454123948, -4.25453266934, 0.0104219817756
4.11, 7.44756012446, 1.03464926353, -4.27766272876, 0.0102573391344
4.12, 7.40469494201, 1.03469373917, -4.30008287474, 0.000600457822692
4.13, 7.36160908298, 1.03466452055, -4.32182119113, -0.00252757403828
4.14, 7.31830925513, 1.0346748914, -4.34290348315, 0.00622862739519
4.15, 7.27480193553, 1.03477344966, -4.36334741671, 0.0123473582984
4.16, 7.23109338997, 1.03486111195, -4.38317159651, 0.00544539322678
4.17, 7.18718967693, 1.03485483641, -4.40239920669, -0.0031518132572
4.18, 7.14309665111, 1.03482751534, -4.42105482671, 0.00092424801327
4.19, 7.09881996388, 1.03488844289, -4.43915576692, 0.0110369523911
4.2, 7.05436508387, 1.03500020834, -4.45671563286, 0.0102427946992
4.21, 7.00973729798, 1.03503876301, -4.47375292406, -0.000369820132816
4.22, 6.96494171874, 1.03501443853, -4.49028939881, -0.00239828787131
4.23, 6.91998328662, 1.03501450109, -4.50634247063, 0.0045382125512
4.24, 6.87486678048, 1.03509817006, -4.52192480462, 0.0114233461179
4.25, 6.82959682592, 1.03518803821, -4.53704910156, 0.00649736230491
4.26, 6.78417789203, 1.0351940172, -4.55173277573, -0.00223997098305
4.27, 6.73861430235, 1.03516468229, -4.56599385311, -0.000245451499576
4.28, 6.69291024034, 1.03520832455, -4.57984478823, 0.00928422189287
4.29, 6.64706976079, 1.03531200982, -4.59329432542, 0.0104024746179
4.3, 6.60109678134, 1.03536099761, -4.606356099, 0.00100988004847
4.31, 6.5549950883, 1.03532968197, -4.61904648414, -0.00336654311449
4.32, 6.50876834953, 1.03532638037, -4.63137876514, 0.00466528067347
4.33, 6.46242012386, 1.03541380591, -4.64335995453, 0.0117873786603
4.34, 6.41595385763, 1.03550272267, -4.65499909368, 0.00593483847469
4.35, 6.36937287324, 1.03549905554, -4.66631068654, -0.00335211467891
4.36, 6.32268038934, 1.03546194866, -4.67730815992, -0.000600476247638
4.37, 6.2758795324, 1.0355073174, -4.68799905827, 0.00974745348618
4.38, 6.22897334126, 1.03561401427, -4.69838831125, 0.0103662361119
4.39, 6.18196474402, 1.03565674585, -4.70848742238, -2.91301273334e-05
4.4, 6.13485656762, 1.03562877209, -4.71830944774, -0.00344182434893
4.41, 6.08765156224, 1.0356131418, -4.72786301015, 0.00280760711038
4.42, 6.04035240299, 1.03568480957, -4.73715280799, 0.0108446179808
4.43, 5.99296168639, 1.0357760377, -4.74618448856, 0.00699352457635
4.44, 5.94548190688, 1.03578400171, -4.75496989943, -0.00256585530093
4.45, 5.89791548031, 1.03574312295, -4.76351934165, -0.0019560817643
4.46, 5.85026476495, 1.03576990233, -4.77183785872, 0.00793186864841
4.47, 5.80253206331, 1.03586861387, -4.7799277396, 0.0105750758365
4.48, 5.75471959009, 1.03592196429, -4.78779775395, 0.0013195240369
4.49, 5.70682947335, 1.03589800316, -4.79545889466, -0.00290174466824
4.5, 5.65886379388, 1.03587378437, -4.80291704261, 0.00111127671359
4.51, 5.61082458255, 1.03592759953, -4.810175086, 0.00942852575546
4.52, 5.56271381841, 1.03601604044, -4.81723620235, 0.00765895081488
4.53, 5.51453339467, 1.03603540019, -4.82411017511, -0.00149048128848
4.54, 5.46628513949, 1.03599531591, -4.83080536471, -0.00286341461419
4.55, 5.41797084744, 1.03600481116, -4.83732492695, 0.00592853071773
4.56, 5.36959228226, 1.03609091226, -4.84366944972, 0.0102251907881
4.57, 5.32115113945, 1.03615163062, -4.84984536053, 0.00263827664497
4.58, 5.27264903605, 1.03612496077, -4.85586257986, -0.00437065672286
4.59, 5.22408755341, 1.03609391302, -4.86172543971, 0.000914051578766
4.6, 5.17546825715, 1.03614977702, -4.86743397312, 0.00978657823375
4.61, 5.12679267381, 1.03623876513, -4.87299013429, 0.00731535444377
4.62, 5.07806224751, 1.03624966348, -4.87840377274, -0.00262261321529
4.63, 5.02927837094, 1.03619969652, -4.8836813988, -0.00354113574727
4.64, 4.98044242678, 1.03620808487, -4.88882360122, 0.00621657094369
4.65, 4.93155578648, 1.03629754625, -4.89382928419, 0.0103796913483
4.66, 4.88261975689, 1.03635423048, -4.8987049208, 0.00176763729976
4.67, 4.83363556903, 1.0363245621, -4.90340005449, -0.00211155085161
4.68, 4.78460444698, 1.03629118066, -4.90809544706, -0.000368506413439
4.69, 4.7355275995, 1.03632969604, -4.91261169102, 0.0081020057057
4.7, 4.68640621719, 1.03641122117, -4.91700913388, 0.00749254516874
4.71, 4.63724141862, 1.03643158533, -4.92129615495, -0.00142578110727
4.72, 4.58803427238, 1.03638662366, -4.92547872888, -0.00390171373558
4.73, 4.5387858472, 1.03638116822, -4.92955643664, 0.00427836786174
4.74, 4.48949721598, 1.03645490506, -4.9335274895, 0.00949465565784
4.75, 4.44016940223, 1.03651439068, -4.93739660031, 0.00283904628502
4.76, 4.39080335687, 1.03648760808, -4.94117279549, -0.00479139130989
4.77, 4.34140001626, 1.03644547064, -4.94485725082, -0.000667568731543
4.78, 4.29196033515, 1.03648538984, -4.94844744213, 0.00844575516866
4.79, 4.24248525452, 1.03656797763, -4.95194343276, 0.00724008271017
4.8, 4.19297563878, 1.0365806452, -4.95535449628, -0.00251808251037
4.81, 4.14343230792, 1.03652547807, -4.95868551396, -0.00466329238657
4.82, 4.09385609958, 1.03651797814, -4.96193406518, 0.00449325064998
4.83, 4.04424786975, 1.03659504621, -4.96509727815, 0.00970702530816
4.84, 3.99460842253, 1.03665140972, -4.96818046732, 0.00205972887676
4.85, 3.94493848413, 1.0366219266, -4.97110951225, -0.00256761564189
4.86, 3.89523879267, 1.03657660428, -4.97413304457, -0.00205225352234
4.87, 3.84551009293, 1.03659859382, -4.97699939862, 0.00675958920258
4.88, 3.79575313684, 1.03667438069, -4.97979056866, 0.00752148518931
4.89, 3.74596860799, 1.03669732944, -4.98251461548, -0.0012834954784
4.9, 3.69615713828, 1.0366467737, -4.98517712793, -0.00511569101207
4.91, 3.64631937919, 1.03662447639, -4.98777514056, 0.00248766239503
4.92, 3.59645601356, 1.03668591539, -4.99030517908, 0.00889535126954
4.93, 3.54656768789, 1.03674610557, -4.99277079659, 0.00322788701065
4.94, 3.49665500703, 1.03671979642, -4.99516645532, -0.00528051002876
4.95, 3.44671883738, 1.03666480245, -4.99746956564, -0.00246125955634
4.96, 3.39676014994, 1.03668760244, -4.99966835328, 0.00710662310264
4.97, 3.34678011393, 1.03676522446, -5.00175547413, 0.00738638024113
4.98, 3.29677966374, 1.0367813827, -5.00374408592, -0.00233497104297
4.99, 3.24675987142, 1.03672018672, -5.00562343296, -0.00597790137528
5.0, 3.19672180711, 1.03669481773, -5.00741110849, 0.00263080415251
5.01, 3.14666632386, 1.03675972282, -5.00911434485, 0.00919053698015
5.02, 3.0965942502, 1.03681792818, -5.01072525739, 0.00255435562776
5.03, 3.04650646643, 1.0367811731, -5.01227063175, -0.00643156978033
5.04, 2.99640360522, 1.03673207515, -5.01373304421, -0.00336495006908
5.05, 2.94628646093, 1.03673864339, -5.01513259507, 0.00527707339805
5.06, 2.89615576497, 1.0368052561, -5.01644178198, 0.00714277452978
5.07, 2.84601242006, 1.03682862898, -5.01767228274, -0.00112474288276
5.08, 2.79585700932, 1.0367753581, -5.0188491815, -0.00589841587997
5.09, 2.74569029503, 1.03673950398, -5.01994134971, 0.000837480452749
5.1, 2.69551322348, 1.03678693229, -5.02092824904, 0.00791420375719
5.11, 2.64532655584, 1.03684401229, -5.02186266781, 0.00335609250084
5.12, 2.59513076588, 1.03681874114, -5.02275079445, -0.00545882427848
5.13, 2.54492634578, 1.03675508297, -5.0235801429, -0.00387232754341
5.14, 2.49471402275, 1.03676171861, -5.02435221067, 0.00559014489485
5.15, 2.44449455429, 1.03683053368, -5.02500162408, 0.00709368428582
5.16, 2.39426891291, 1.03684802165, -5.02559042333, -0.00210901934264
5.17, 2.34403771149, 1.03678409005, -5.02611790065, -0.00682008866472
5.18, 2.29380147126, 1.03674428676, -5.02659836446, 0.000897399140969
5.19, 2.24356066884, 1.03679496653, -5.02703086607, 0.00824864501677
5.2, 2.19331594441, 1.03685094765, -5.0273940292, 0.00278687579141
5.21, 2.14306771036, 1.03681580866, -5.02772917176, -0.00660817938056
5.22, 2.09281629691, 1.03675738828, -5.02802837016, -0.00487372524721
5.23, 2.04256205756, 1.03674707833, -5.02829392267, 0.00373624853849
5.24, 1.99230557608, 1.03680538366, -5.02848936332, 0.00694968353193
5.25, 1.94204730941, 1.03683105712, -5.02865074201, -0.000831645933136
5.26, 1.89178750365, 1.03677495663, -5.02879145045, -0.00681008935943
5.27, 1.84152685422, 1.03672372708, -5.02882728361, -0.000979500243922
5.28, 1.79126600098, 1.03675678101, -5.02883451651, 0.00702244044076
5.29, 1.7410052931, 1.03681261768, -5.02879512696, 0.00369953475838
5.3, 1.69074520006, 1.03678953487, -5.02871803727, -0.00563969992379
5.31, 1.64048597865, 1.03671584607, -5.02861824207, -0.00548807934171
5.32, 1.59022792623, 1.0367048305, -5.02847944078, 0.00402323399327
5.33, 1.53997158588, 1.03676589333, -5.02829131483, 0.00701049341317
5.34, 1.48971721723, 1.03678674762, -5.02808205682, -0.00174372695252
5.35, 1.43946514272, 1.0367198586, -5.02784191421, -0.00781107119918
5.36, 1.38921544065, 1.03666363103, -5.02759769237, -0.00101173964806
5.37, 1.33896840443, 1.03669979615, -5.02729923413, 0.00741574478445
5.38, 1.28872477496, 1.03675563854, -5.02693877897, 0.00325227725796
5.39, 1.23848476756, 1.03672328791, -5.0265719277, -0.0067985952797
5.4, 1.18824852778, 1.03665482709, -5.02617376475, -0.00594996014697
5.41, 1.13801647903, 1.03662978066, -5.02575318814, 0.00217421442099
5.42, 1.08778875869, 1.03667698551, -5.02529969586, 0.00634830260358
5.43, 1.03756567867, 1.03670204964, -5.02484105795, -0.000635438951363
5.44, 0.987347407594, 1.03664516018, -5.02432342658, -0.00732141719192
5.45, 0.937134361646, 1.03658238519, -5.0237956889, -0.00254441820632
5.46, 0.886926913233, 1.03660044684, -5.0232145965, 0.00582412418227
5.47, 0.836725377259, 1.03665109965, -5.02261737312, 0.00370018502129
5.48, 0.786529834581, 1.03662966419, -5.02201373647, -0.00560841501321
5.49, 0.736340307098, 1.03654994344, -5.0214107869, -0.00666560182047
5.5, 0.686157111, 1.03652334054, -5.02075260367, 0.00240363582476
5.51, 0.635980592894, 1.03657341766, -5.02007628856, 0.00647667205516
5.52, 0.58581108397, 1.03659458487, -5.0193579986, -0.00146187639873
5.53, 0.53564868824, 1.03652715014, -5.01865602421, -0.00835693312709
5.54, 0.485493512509, 1.0364585686, -5.0179037026, -0.00267067199596
5.55, 0.43534601707, 1.0364792719, -5.01712795385, 0.00622620509317
5.56, 0.385206384285, 1.03653064696, -5.01633633872, 0.00335689638143
5.57, 0.335074649486, 1.0365007153, -5.01553832601, -0.00673626415243
5.58, 0.28495103763, 1.03642579116, -5.01471604503, -0.00721833387161
5.59, 0.234835711753, 1.03638428024, -5.01388300356, 0.000498680552984
5.6, 0.184728838979, 1.03642069918, -5.01302355096, 0.00589426715009
5.61, 0.134630746434, 1.03644708815, -5.01213853093, -0.000264505115655
5.62, 0.0845414298624, 1.0363898347, -5.01126551269, -0.00791389901209
