timestamp, prius0 x posi, prius0 y posi, prius0 x vel, prius0 y vel.
0.0, 0.0, 0.0, 0.0, 0.0
0.00999999999999, 1.00002969716, -24.982643545, 0.00704777000842, 0.542706385253
0.02, 1.00008111424, -24.9766824195, 0.00359604639744, 0.630950571695
0.03, 1.00007105562, -24.9698461026, -0.0028891799834, 0.719201670239
0.04, 1.00003491274, -24.9621346178, -0.00135501460377, 0.807442441737
0.05, 1.00005461567, -24.9535480765, 0.00596509711811, 0.895673569491
0.06, 1.0001216358, -24.944086484, 0.00705108509612, 0.983911567296
0.07, 1.00014969158, -24.9337497357, 0.000166750363557, 1.07216115049
0.08, 1.00011869042, -24.9225377871, -0.00301131477183, 1.1604089008
0.09, 1.00011026243, -24.9104507277, 0.00323270695788, 1.24862482612
0.1, 1.00017299443, -24.8974901425, 0.00895219254832, 1.33572470012
0.11, 1.00024051634, -24.8836643958, 0.00487796308179, 1.4217153081
0.12, 1.00024048991, -24.8689840021, -0.00200851840989, 1.50665781427
0.13, 1.00021558558, -24.8534595235, 6.90492169119e-05, 1.59054230601
0.14, 1.00025362894, -24.8371014835, 0.008035827706, 1.67338313156
0.15, 1.00034063135, -24.8199201463, 0.00882851120265, 1.75521165685
0.16, 1.0003822049, -24.801925532, 0.00119224478, 1.83604506441
0.17, 1.00036066848, -24.7831276141, -0.001979393151, 1.91587963026
0.18, 1.00036637781, -24.7635363991, 0.00496570185881, 1.99471563308
0.19, 1.00044804521, -24.7431617375, 0.0107970282839, 2.07258016659
0.2, 1.00053009139, -24.7220131917, 0.0059302231167, 2.14949958747
0.21, 1.00053730984, -24.700100184, -0.00140678880092, 2.22547831969
0.22, 1.0005212663, -24.677432762, 0.00130492539441, 2.30045244266
0.23, 1.00057604849, -24.6540256993, 0.00994703500708, 2.37443920616
0.24, 1.0006807645, -24.629889692, 0.0103135628686, 2.44762604115
0.25, 1.00073222274, -24.6050331162, 0.00182943239825, 2.51995359671
0.26, 1.00071666862, -24.5794646643, -0.0012305991573, 2.59138869364
0.27, 1.00073459023, -24.5531932133, 0.00656654841554, 2.66192813485
0.28, 1.00083402069, -24.5262275077, 0.0125150223582, 2.73159986504
0.29, 1.00092880279, -24.4985759993, 0.00676282295662, 2.80042843902
0.3, 1.00094089632, -24.4702472814, -0.00103421566716, 2.86801851311
0.31, 1.00093183982, -24.4412549607, 0.00238413964095, 2.93353204061
0.32, 1.00100177654, -24.4116172741, 0.0116721993922, 2.99720360069
0.33, 1.00112174546, -24.3813521224, 0.0114962128152, 3.05910718949
0.34, 1.00117989164, -24.3504768395, 0.00214934557803, 3.11929535367
0.35, 1.00116784605, -24.3190084066, -0.000669100661213, 3.17779591591
0.36, 1.00119675095, -24.2869635218, 0.00806774053542, 3.23464356794
0.37, 1.0013126354, -24.254358367, 0.0140509775906, 3.2899022263
0.38, 1.00141768279, -24.221208495, 0.00730565999354, 3.34363073853
0.39, 1.00143183996, -24.1875290268, -0.000924033063177, 3.3958624306
0.4, 1.00142770608, -24.1533348458, 0.00329559304688, 3.44661686698
0.41, 1.00151143714, -24.1186404972, 0.0132597528341, 3.49594154878
0.42, 1.00164484479, -24.0834599405, 0.012444440938, 3.54389864868
0.43, 1.00170676271, -24.0478066268, 0.00214484199896, 3.59052890529
0.44, 1.00169509181, -24.0116937491, -0.00039209991297, 3.63584796688
0.45, 1.00173263919, -23.9751343146, 0.00937129169419, 3.67988086085
0.46, 1.00186302949, -23.9381408894, 0.0153764757494, 3.72268460722
0.47, 1.00197576789, -23.9007254904, 0.00755614268984, 3.76430814514
0.48, 1.00199731788, -23.8628998137, 0.00235812059368, 3.80472455356
0.49, 1.00199960968, -23.8246754098, 0.00282870002863, 3.84408890766
0.5, 1.00207471484, -23.7860635567, 0.0125184388102, 3.88229540735
0.51, 1.00221122232, -23.7470750981, 0.0137338715539, 3.91944184181
0.52, 1.00229345629, -23.7077204353, 0.00434913212782, 3.95556371459
0.53, 1.00229555206, -23.6680097596, 1.70222290511e-05, 3.99067196701
0.54, 1.00232671045, -23.6279531601, 0.00819872545829, 4.02477986003
0.55, 1.00245022184, -23.587560414, 0.0154695496225, 4.05793211908
0.56, 1.00257612764, -23.5468408339, 0.00965437319758, 4.09017196482
0.57, 1.00260948033, -23.505803442, 0.00036466375184, 4.1215177443
0.58, 1.00260984802, -23.4644571826, 0.00321355930155, 4.15197136982
0.59, 1.00269419102, -23.4228108568, 0.0137349147625, 4.1815600212
0.6, 1.0028412819, -23.3808728579, 0.0144490645052, 4.21033053831
0.61, 1.00292469682, -23.338651206, 0.00404023439556, 4.23831102444
0.62, 1.00293758633, -23.2961538091, 0.000668437665372, 4.26550243174
0.63, 1.00296343086, -23.2533884856, 0.00702381913073, 4.29191878492
0.64, 1.00307807637, -23.2103628451, 0.0152245889482, 4.31759075612
0.65, 1.00321350952, -23.1670841112, 0.0114456333074, 4.34255727255
0.66, 1.00326580468, -23.1235592436, 0.00186597614491, 4.36683493738
0.67, 1.00326926588, -23.079795152, 0.00251646683655, 4.39042145652
0.68, 1.00334148242, -23.035798685, 0.0125612722819, 4.41333303789
0.69, 1.00348721997, -22.9915763749, 0.0153375524198, 4.43560990886
0.7, 1.00358821135, -22.9471344154, 0.00608412890665, 4.45727838166
0.71, 1.00361178288, -22.9024788971, 0.00186316496628, 4.47833729475
0.72, 1.0036353467, -22.8576158847, 0.00594065043996, 4.4987954557
0.73, 1.00373828331, -22.8125512949, 0.0144270166856, 4.51867309462
0.74, 1.00387729557, -22.7672907354, 0.0127569985182, 4.53800518852
0.75, 1.00394745707, -22.7218395686, 0.00357764315365, 4.55680760295
0.76, 1.00395785265, -22.6762031171, 0.00220018255549, 4.57507646221
0.77, 1.00401856355, -22.630386698, 0.0111292980622, 4.59281917778
0.78, 1.00415754552, -22.584395397, 0.0155852716056, 4.61006901283
0.79, 1.0042720247, -22.5382339967, 0.008016824837, 4.62685090093
0.8, 1.0042987434, -22.4919071642, 0.000953074728152, 4.64316668636
0.81, 1.00432107349, -22.445419607, 0.00630157812053, 4.65901048528
0.82, 1.00443171666, -22.398775942, 0.0153544690993, 4.67440459298
0.83, 1.00457699124, -22.3519804848, 0.0129798881333, 4.68938075691
0.84, 1.00464424459, -22.3050373448, 0.00298738824865, 4.70395042368
0.85, 1.0046500745, -22.2579506404, 0.00204681457404, 4.71810451326
0.86, 1.00471496072, -22.2107245244, 0.0119491581853, 4.73184776463
0.87, 1.00486269827, -22.1633629341, 0.0162805910739, 4.74521212584
0.88, 1.00497849702, -22.1158695288, 0.00767086867271, 4.75821910943
0.89, 1.00500738077, -22.0682479035, 0.00373401573243, 4.77082158319
0.9, 1.00503236284, -22.0205017191, 0.00550681719912, 4.78314369425
0.91, 1.00513055794, -21.9726345492, 0.0141639116166, 4.79507313997
0.92, 1.0052734142, -21.9246497484, 0.0136661114912, 4.80667942166
0.93, 1.00535519699, -21.8765504768, 0.00468156932295, 4.81797409792
0.94, 1.00537084919, -21.8283398967, 0.00215358934439, 4.82894896763
0.95, 1.00542649424, -21.7800212293, 0.0104687726532, 4.83960316101
0.96, 1.00556317738, -21.7315975488, 0.0158699765175, 4.84996214529
0.97, 1.00568658476, -21.6830716842, 0.00922192726327, 4.86004639681
0.98, 1.0057229827, -21.6344463851, 0.00148528171748, 4.86985472134
0.99, 1.00574357194, -21.5857244831, 0.00564445096204, 4.87937572386
1.0, 1.00584762456, -21.5369087937, 0.0149592451075, 4.8886232624
1.01, 1.00599609936, -21.4880019084, 0.0138728017616, 4.8976143131
1.02, 1.00607467766, -21.4390063303, 0.00401785472051, 4.90636720423
1.03, 1.00608420887, -21.3899245686, 0.0017931831622, 4.91486481374
1.04, 1.00614199482, -21.3407591162, 0.0111307596666, 4.9231156672
1.05, 1.00628690828, -21.291512368, 0.0166230989471, 4.93113269171
1.06, 1.00641333522, -21.2421865752, 0.00909631983147, 4.93893113661
1.07, 1.00645359286, -21.1927838446, 0.00434800154842, 4.94648032561
1.08, 1.00647692057, -21.1433063564, 0.0048165717558, 4.95389302298
1.09, 1.00656842036, -21.0937563308, 0.0137819966713, 4.96103799422
1.1, 1.00671535947, -21.0441357906, 0.014704067743, 4.96800111678
1.11, 1.00680980491, -20.9944465957, 0.00581795957063, 4.97477515631
1.12, 1.00682949827, -20.9446906131, 0.00185811708568, 4.98135796456
1.13, 1.0068772264, -20.8948698244, 0.00955616039942, 4.98774383365
1.14, 1.00701070281, -20.844986123, 0.0162233530489, 4.99393979446
1.15, 1.00714490059, -20.7950411795, 0.0106695216661, 4.999996548
1.16, 1.00719231631, -20.7450366179, 0.00203905935776, 5.00586846667
1.17, 1.0072100667, -20.6949741285, 0.00481719588383, 5.0115839168
1.18, 1.00730658892, -20.6448554817, 0.014581818669, 5.01711859431
1.19, 1.00746019735, -20.5946822664, 0.0150595164049, 5.02249514763
1.2, 1.00755285596, -20.5444558675, 0.00526367940592, 5.02774481651
1.21, 1.00757865168, -20.4941777315, 0.00311990901826, 5.03285499845
1.22, 1.007624305, -20.4438494054, 0.00847699650753, 5.03780216043
1.23, 1.00774477277, -20.3934723692, 0.0151735875191, 5.04260540004
1.24, 1.00787912027, -20.3430479229, 0.0116056892729, 5.04728652123
1.25, 1.00794148394, -20.2925773074, 0.00356493972505, 5.05183076402
1.26, 1.00796553682, -20.2420617974, 0.00450379722712, 5.05626572442
1.27, 1.00805017487, -20.1915027913, 0.0130408680453, 5.06053790238
1.28, 1.00819454418, -20.1409015101, 0.0149856338359, 5.06472370901
1.29, 1.00829754011, -20.0902590385, 0.00696193939497, 5.06879344057
1.3, 1.0083258338, -20.0395764714, 0.00229215224889, 5.07274506573
1.31, 1.00837113665, -19.9888550471, 0.00889181368612, 5.07657067269
1.32, 1.00849839227, -19.9380959414, 0.0158938813677, 5.08028715027
1.33, 1.00863600783, -19.8873001468, 0.0115229715063, 5.0839097955
1.34, 1.00869361636, -19.8364685589, 0.00291795564725, 5.08742919737
1.35, 1.00871368744, -19.7856021917, 0.00445544201282, 5.09086571039
1.36, 1.00880272686, -19.7347021652, 0.0137757870936, 5.09418291415
1.37, 1.00895330188, -19.6837694541, 0.0153116016393, 5.09740906522
1.38, 1.00905434495, -19.6328048706, 0.0063693980255, 5.10055668563
1.39, 1.00907594411, -19.581809224, 0.00176740542925, 5.1036174388
1.4, 1.00912115759, -19.5307835366, 0.00933369171354, 5.10657335042
1.41, 1.00925531159, -19.4797287452, 0.0165885595953, 5.10944209462
1.42, 1.00939532933, -19.4286455968, 0.0113097378601, 5.11224221261
1.43, 1.00944665909, -19.3775347883, 0.00211270183826, 5.11497114174
1.44, 1.00946198039, -19.326397148, 0.00440694584806, 5.11761022834
1.45, 1.00955533159, -19.2752335978, 0.0144741578024, 5.12015786451
1.46, 1.00971174582, -19.2240448547, 0.0156111607854, 5.12265225578
1.47, 1.00981009837, -19.1728313856, 0.00568715702669, 5.12510028278
1.48, 1.00983800992, -19.121593815, 0.00193347318363, 5.12747257393
1.49, 1.00987300772, -19.0703329976, 0.00766196545704, 5.12975043902
1.5, 1.00999367666, -19.0190498998, 0.0159016959494, 5.13193343246
1.51, 1.01013918521, -18.9677453881, 0.0127004611404, 5.13403497933
1.52, 1.01020536451, -18.9164202803, 0.00320264253532, 5.13605372425
1.53, 1.0102191495, -18.865075496, 0.00322270563249, 5.13797408269
1.54, 1.0102959082, -18.813712035, 0.0129014395898, 5.13979699347
1.55, 1.01044719076, -18.7623307448, 0.0161322619931, 5.14154572492
1.56, 1.01055931217, -18.7109323013, 0.00734083701867, 5.14323013451
1.57, 1.01059009118, -18.6595174335, 0.00438838751118, 5.14479403328
1.58, 1.01062591448, -18.6080870491, 0.00670320053635, 5.14634226715
1.59, 1.01073201768, -18.5566421166, 0.0144515897959, 5.14774911284
1.6, 1.01087199483, -18.5051836894, 0.0130537925437, 5.14904763719
1.61, 1.01094951629, -18.4537129615, 0.0046046621957, 5.15021456243
1.62, 1.01097048125, -18.402231463, 0.0030814977384, 5.15121262924
1.63, 1.01103534208, -18.3507410026, 0.0111337010783, 5.15201775312
1.64, 1.01117229529, -18.2992437739, 0.0153714514961, 5.15259187128
1.65, 1.01128844531, -18.2477417707, 0.0085441741997, 5.15298434857
1.66, 1.01132354852, -18.1962369609, 0.00186747357216, 5.1531719233
1.67, 1.01135190324, -18.1447311817, 0.00650737816798, 5.15319269142
1.68, 1.011460089, -18.0932261781, 0.0148421222187, 5.15304353873
1.69, 1.0116016346, -18.0417232579, 0.0128693955317, 5.15278124483
1.7, 1.01167258587, -17.9902235259, 0.00366505102131, 5.15242121958
1.71, 1.01168514886, -17.9387279472, 0.00250656691697, 5.15193523462
1.72, 1.01174945625, -17.8872379807, 0.011454519935, 5.15133228861
1.73, 1.0118902978, -17.8357544737, 0.0156122395526, 5.15065694185
1.74, 1.01200378615, -17.7842782509, 0.00784458848826, 5.14988380858
1.75, 1.01202952234, -17.7328100836, 0.000937914718415, 5.14904579973
1.76, 1.01205298164, -17.6813506913, 0.00646347531703, 5.14813884685
1.77, 1.01216466703, -17.6299008456, 0.0153379546207, 5.14714164778
1.78, 1.01230802484, -17.5784614413, 0.0126457178823, 5.14605926525
1.79, 1.01237168642, -17.5270330287, 0.00265268153823, 5.14494293134
1.8, 1.01239003903, -17.4756160665, 0.00204113523111, 5.14377223806
1.81, 1.01244025227, -17.4242112477, 0.00963154381536, 5.14252705592
1.82, 1.01256837286, -17.3728190483, 0.0151355586733, 5.14124661323
1.83, 1.01268824502, -17.3214397932, 0.00916226900541, 5.13994621192
1.84, 1.01272528117, -17.2700738795, 0.00148196264963, 5.1385839969
1.85, 1.01274214049, -17.2187216292, 0.00490892017119, 5.13719823339
1.86, 1.01283609878, -17.1673836657, 0.0138556204491, 5.13573959865
1.87, 1.01297616154, -17.1160604531, 0.0133249276683, 5.13425112688
1.88, 1.01305270521, -17.064752351, 0.00398118828948, 5.13272309981
1.89, 1.01306025287, -17.0134596243, 0.00130748731182, 5.13117830974
1.9, 1.01310873603, -16.962182512, 0.00988143311939, 5.12960123736
1.91, 1.0132409115, -16.9109214141, 0.0154605642284, 5.1279886108
1.92, 1.0133591588, -16.8596764175, 0.00854997404166, 5.12635528514
1.93, 1.01338689372, -16.8084479667, 0.00048724694413, 5.12470475969
1.94, 1.01339773005, -16.7572363376, 0.00474604625906, 5.12299844198
1.95, 1.01349466164, -16.7060420684, 0.0143710925558, 5.12122612313
1.96, 1.01363744157, -16.6548654198, 0.0132236843869, 5.11948087511
1.97, 1.01370749609, -16.603706253, 0.00298760445193, 5.1177193235
1.98, 1.01371962452, -16.5525648644, 0.00142602185556, 5.11593391509
1.99, 1.0137578027, -16.5014415535, 0.00819583496976, 5.1141143048
2.0, 1.01387492759, -16.4503364469, 0.014507663767, 5.11229180915
2.01, 1.01399496559, -16.3992494906, 0.00956522830526, 5.11048621138
2.02, 1.01403478333, -16.3481807527, 0.00140867127169, 5.10864693693
2.03, 1.01404391304, -16.297130543, 0.00362235155967, 5.10678526618
2.04, 1.01412390026, -16.2461004816, 0.012640554194, 5.10464346286
2.05, 1.01425858311, -16.1950922823, 0.0133738438934, 5.10227022865
2.06, 1.01433901088, -16.1441101525, 0.00437670361175, 5.09951050885
2.07, 1.01434473025, -16.0931587342, 0.000526608376678, 5.09622663667
2.08, 1.01437997086, -16.0422427828, 0.0083435832637, 5.09236258282
2.09, 1.01450083147, -15.9913689717, 0.0148628178072, 5.08789628843
2.1, 1.01462003181, -15.9405434787, 0.00904044433368, 5.08258060329
2.11, 1.01465079945, -15.8897778021, 0.000363909147659, 5.0759635822
2.12, 1.01465264472, -15.8390817792, 0.0032936289625, 5.06864012195
2.13, 1.01473441161, -15.7884652767, 0.0130929446805, 5.06028588866
2.14, 1.01487197763, -15.7379365391, 0.0133270351295, 5.05077814868
2.15, 1.01494627258, -15.6875077772, 0.00336566819835, 5.04036881099
2.16, 1.01495543043, -15.637189266, 0.000468352008038, 5.0287884014
2.17, 1.01497868199, -15.5869925403, 0.00651331859074, 5.016209964
2.18, 1.0150837441, -15.536923968, 0.0138802459944, 5.00300940437
2.19, 1.01520463475, -15.4869927442, 0.0100218271383, 4.98900602756
2.2, 1.0152465441, -15.4372072726, 0.00112641034162, 4.97383011187
2.21, 1.01524464702, -15.3875747455, 0.00194228231935, 4.95847114344
2.22, 1.01530759365, -15.3380987106, 0.0112212186056, 4.94234900714
2.23, 1.01543638968, -15.2887876896, 0.0134441062141, 4.92548855287
2.24, 1.01552053776, -15.239653364, 0.0046531152927, 4.90722074992
2.25, 1.01552160167, -15.1907017268, -0.000669729085208, 4.88896861057
2.26, 1.01553925862, -15.1419314466, 0.00640610005641, 4.87047750075
2.27, 1.01564642658, -15.0933524984, 0.0141515837447, 4.85118744931
2.28, 1.01576613011, -15.0449653855, 0.00946558505758, 4.83198794769
2.29, 1.01579800119, -14.9967705609, -8.78664444026e-05, 4.81273806984
2.3, 1.01579989129, -14.9487678748, 0.000799683891835, 4.79364896042
2.31, 1.01584486121, -14.9009550027, 0.00930264455678, 4.77475892183
2.32, 1.01596291357, -14.8533285757, 0.0132945441631, 4.75633536099
2.33, 1.01605499885, -14.8058834875, 0.00587541930385, 4.73846115313
2.34, 1.01606291718, -14.7586146061, -0.000781390481192, 4.7210783641
2.35, 1.01606801069, -14.7115169804, 0.00444160020733, 4.70418662036
2.36, 1.01615717008, -14.6645859519, 0.0129278111122, 4.68775013023
2.37, 1.01627685808, -14.6178167423, 0.010385841839, 4.6717850888
2.38, 1.01632043397, -14.5712050406, 0.000812999371313, 4.65624294834
2.39, 1.01630641056, -14.5247465457, 8.66798068679e-05, 4.64113340605
2.4, 1.01634980817, -14.4784372283, 0.00953756050789, 4.62639085046
2.41, 1.01647064888, -14.4322733784, 0.0134039607413, 4.61202626404
2.42, 1.01655846536, -14.3862510981, 0.00500780085077, 4.59805901589
2.43, 1.01656341218, -14.3403665148, 0.00144397548082, 4.58446050047
2.44, 1.01656622337, -14.2946161859, 0.00318084352944, 4.57119393475
2.45, 1.01663822645, -14.2489967933, 0.0112617168046, 4.55827231101
2.46, 1.01675050188, -14.2035049832, 0.0105644766794, 4.54567262287
2.47, 1.01680354793, -14.1581374157, 0.00202036401623, 4.53341000328
2.48, 1.01679477671, -14.1128910289, -0.000232519786014, 4.52143267381
2.49, 1.01682479005, -14.0677628605, 0.00764860866129, 4.50975579579
2.5, 1.01693026364, -14.0227499299, 0.0125474033388, 4.49837086077
2.51, 1.01702107623, -13.9778495124, 0.00610142242147, 4.4872458389
2.52, 1.0170293736, -13.9330590665, -0.00112761375427, 4.47637565756
2.53, 1.01702408318, -13.8883759321, 0.00292876781756, 4.46577246951
2.54, 1.01709773039, -13.8437975048, 0.0116220771075, 4.45541075178
2.55, 1.017211321, -13.7993215688, 0.0103571734594, 4.44528573751
2.56, 1.0172573679, -13.7549456156, 0.00101792392865, 4.43540156256
2.57, 1.01723926307, -13.7106672687, -0.000914697140504, 4.42576202159
2.58, 1.0172677589, -13.6664843843, 0.00789956271281, 4.41630497596
2.59, 1.01737684648, -13.622394882, 0.0127955677015, 4.40707945252
2.6, 1.01746511742, -13.5783965685, 0.00540458000424, 4.39804619835
2.61, 1.01746363789, -13.5344877882, -0.00213258092284, 4.38917964661
2.62, 1.01745246182, -13.4906666302, 0.00278644964305, 4.38051986225
2.63, 1.01752896468, -13.4469312011, 0.0120925269117, 4.3720266662
2.64, 1.01764444792, -13.4032796695, 0.0101577190966, 4.36372117152
2.65, 1.01768319457, -13.3597104069, -2.64367783464e-05, 4.35558081316
2.66, 1.0176695125, -13.3162216566, -0.000777703925514, 4.34761615792
2.67, 1.01768796682, -13.2728116575, 0.00622916364773, 4.3398260018
2.68, 1.01778168071, -13.229478858, 0.0117708379396, 4.33217807214
2.69, 1.01787077621, -13.1862216169, 0.00632357222682, 4.32470181683
2.7, 1.01788081108, -13.1430383074, -0.00122492922514, 4.31738587965
2.71, 1.01786817469, -13.0999275385, 0.00170458538382, 4.31019934772
2.72, 1.01792787972, -13.0568878597, 0.0103414691116, 4.30316122302
2.73, 1.01803456311, -13.0139177626, 0.0102088136755, 4.2962737808
2.74, 1.01808281553, -12.9710159516, 0.00130862798225, 4.28950373984
2.75, 1.01806284509, -12.9281810914, -0.00162530198877, 4.28288075814
2.76, 1.01807881984, -12.8854117974, 0.00640114705361, 4.27638066035
2.77, 1.01817595444, -12.8427069603, 0.0120561696663, 4.26999127877
2.78, 1.01826334602, -12.8000654881, 0.00572485451034, 4.26371222582
2.79, 1.01826417249, -12.7574860582, -0.00222476707092, 4.25757297991
2.8, 1.01824511302, -12.7149675745, 0.00147674426328, 4.25150837383
2.81, 1.018307059, -12.6725091686, 0.010792116893, 4.24556994829
2.82, 1.01841613358, -12.6301095215, 0.0101053103683, 4.23975006422
2.83, 1.01845804651, -12.5877676352, 0.000332639659482, 4.23401856379
2.84, 1.01842866158, -12.5454826557, -0.00233062045955, 4.22836978109
2.85, 1.01844312163, -12.503253593, 0.0066824238559, 4.22283549891
2.86, 1.01854457585, -12.4610792922, 0.0123961776446, 4.21741322899
2.87, 1.01863022021, -12.4189587869, 0.00508003231238, 4.21207053452
2.88, 1.01862928981, -12.3768912158, 4.33417537798e-05, 4.20682352984
2.89, 1.01860749383, -12.3348757116, 0.000145017244298, 4.20165204059
2.9, 1.01865233652, -12.2929114891, 0.00921849220255, 4.19656811034
2.91, 1.01875591977, -12.2509977634, 0.0105227981534, 4.19155796827
2.92, 1.01880920777, -12.2091338332, 0.00164992733721, 4.18660474236
2.93, 1.01878496146, -12.1673189194, -0.00274243897066, 4.18175058323
2.94, 1.01878516842, -12.1255520884, 0.00475559361598, 4.17699103177
2.95, 1.01887210433, -12.0838324644, 0.0117179834728, 4.17229450181
2.96, 1.01896285686, -12.042159462, 0.00636138967712, 4.1676650275
2.97, 1.01896592964, -12.0005324627, -0.00259160258303, 4.16309983748
2.98, 1.01893489996, -11.9589508691, -0.000224897660244, 4.15858296977
2.99, 1.01898118676, -11.9174140164, 0.00965854483727, 4.1541519984
3.0, 1.01908782329, -11.8759210648, 0.0105250157962, 4.14979168645
3.01, 1.01913552253, -11.8344714549, 0.000695075187843, 4.14549070333
3.02, 1.01911312711, -11.7930644586, -0.001919784764, 4.14126747922
3.03, 1.0191071387, -11.7516993074, 0.00328847090004, 4.13712435848
3.04, 1.01917762008, -11.7103751802, 0.010353963645, 4.13304070493
3.05, 1.01926527758, -11.6690917093, 0.00696572383909, 4.1290090423
3.06, 1.01927970658, -11.6278481914, -0.00144009113084, 4.12505135436
3.07, 1.019251215, -11.5866438374, -0.000898591426425, 4.12114980711
3.08, 1.01928227202, -11.5454783882, 0.00780139008142, 4.11729101264
3.09, 1.0193766128, -11.5043511873, 0.0101275159203, 4.1134961322
3.1, 1.01943107313, -11.4632616049, 0.00198931844143, 4.10976001522
3.11, 1.01940696593, -11.4222092264, -0.00318830960451, 4.10606001167
3.12, 1.01939637716, -11.3811937117, 0.00329553376279, 4.10239163424
3.13, 1.01946990881, -11.3402145437, 0.0107206812285, 4.09879056403
3.14, 1.01955755204, -11.2992710421, 0.0065563826129, 4.09523621693
3.15, 1.01956367235, -11.2583629852, -0.00246461181958, 4.09172146197
3.16, 1.01952728049, -11.2174896749, -0.00133510956017, 4.08828133723
3.17, 1.01955909485, -11.1766499743, 0.00819924807419, 4.08500632635
3.18, 1.0196567606, -11.1358418063, 0.0102112554972, 4.08195884739
3.19, 1.01970664922, -11.0950625118, 0.00112448203425, 4.0792243284
3.2, 1.019672707, -11.0543095849, -0.00405479726267, 4.07671716451
3.21, 1.01965857161, -11.0135792557, 0.00340005479394, 4.07465751943
3.22, 1.0197360887, -10.9728684483, 0.0111594540654, 4.07284577367
3.23, 1.01982387768, -10.9321737124, 0.00611917790068, 4.07141917234
3.24, 1.01982118939, -10.8914910324, -0.00353399442906, 4.07040007969
3.25, 1.01979130821, -10.8508174333, -0.00164618286102, 4.06961784885
3.26, 1.01981036119, -10.8101506314, 0.00644498643788, 4.06904515752
3.27, 1.01989458773, -10.7694874526, 0.00956049577494, 4.06883109274
3.28, 1.01994879031, -10.7288241043, 0.00226642295899, 4.06911247822
3.29, 1.01992573118, -10.6881567732, -0.0034288241327, 4.06961282503
3.3, 1.01990654872, -10.6474831922, 0.00201171135149, 4.07032558762
3.31, 1.01996689905, -10.6068017845, 0.00961847079871, 4.07124139358
3.32, 1.02004964142, -10.5661106712, 0.00657428454394, 4.07220545431
3.33, 1.02005828345, -10.5254101186, -0.00225813856768, 4.07312721535
3.34, 1.02001847161, -10.4847007574, -0.00220449573021, 4.07397439886
3.35, 1.0200372932, -10.4439834986, 0.00677164798933, 4.07471666227
3.36, 1.02012479635, -10.4032593752, 0.00969483244436, 4.07534529312
3.37, 1.02017521371, -10.3625292911, 0.0014782568499, 4.07591388032
3.38, 1.02014252834, -10.3217939113, -0.00433105573398, 4.07639545109
3.39, 1.02011900525, -10.281054155, 0.00202041169034, 4.07680422478
3.4, 1.02018277466, -10.2403106177, 0.0100471939165, 4.07714883766
3.41, 1.02026617399, -10.1995639226, 0.00622041222078, 4.07743142834
3.42, 1.02026668784, -10.1588148503, -0.00329865821713, 4.07764162006
3.43, 1.02021860489, -10.1180639367, -0.00268203377851, 4.07780408569
3.44, 1.02023805908, -10.0773118396, 0.00718606355913, 4.07787351162
3.45, 1.02032934249, -10.0365594139, 0.00983426195786, 4.07787321913
3.46, 1.02037552031, -9.99580722456, 0.000616005156953, 4.07783130867
3.47, 1.02033266585, -9.95505579844, -0.00525307119784, 4.07772137331
3.48, 1.02030513588, -9.91430644532, 0.0020981358246, 4.0773350596
3.49, 1.02036831575, -9.87356219649, 0.00582712910595, 4.07677643439
3.5, 1.02044425085, -9.83282463455, 0.00669424660496, 4.07599316724
3.51, 1.02045518217, -9.79209654951, -0.00220688498333, 4.07489376387
3.52, 1.02040944466, -9.75138114702, -0.00335585918685, 4.07350702363
3.53, 1.02041356757, -9.71068002326, 0.00529552568318, 4.07197418126
3.54, 1.02049187548, -9.66999611648, 0.00934488652959, 4.07008042099
3.55, 1.02054395524, -9.62933247894, 0.00184159899584, 4.06794526754
3.56, 1.0205110329, -9.58869161046, -0.00486891533428, 4.06555996148
3.57, 1.0204755784, -9.54807493684, 0.000449219151644, 4.06310286926
3.58, 1.02052540386, -9.50748324652, 0.00904633153806, 4.06052968749
3.59, 1.02060609461, -9.46691940421, 0.0064647812894, 4.05760100841
3.6, 1.02060973974, -9.42638465121, -0.00321697354004, 4.05467610749
3.61, 1.02055529341, -9.38587894077, -0.00392483306582, 4.0518137151
3.62, 1.02055919692, -9.34540174103, 0.00565623919534, 4.04895649775
3.63, 1.02064148317, -9.30495297147, 0.00955885987959, 4.04613536556
3.64, 1.02069022036, -9.26453217431, 0.00105168153599, 4.04336339762
3.65, 1.02064713234, -9.22413882485, -0.00585455682521, 4.04062132546
3.66, 1.02060661482, -9.18377280128, 0.000415776630889, 4.03791738537
3.67, 1.02066002058, -9.14343355026, 0.00953275835469, 4.03525980185
3.68, 1.02072783983, -9.10312084225, 0.00640717069267, 4.03261554487
3.69, 1.0207394467, -9.06283444107, -0.00206008283123, 4.0299847653
3.7, 1.02069118017, -9.0225742013, -0.00406580003182, 4.0273898078
3.71, 1.02068332954, -8.98233963867, 0.00386113176943, 4.02485127171
3.72, 1.0207497481, -8.94213025752, 0.00854104111044, 4.02233084637
3.73, 1.02079959245, -8.90194624822, 0.00198826716109, 4.01979307774
3.74, 1.02076760934, -8.86178740427, -0.00504345512447, 4.01730076482
3.75, 1.02072431662, -8.82165331764, -0.000803159390109, 4.01483177316
3.76, 1.02076009967, -8.7815436316, 0.00775652110574, 4.0124125626
3.77, 1.02083359887, -8.74145813283, 0.0062627981338, 4.00999802375
3.78, 1.02083869064, -8.70139663025, -0.00301516575754, 4.00761016483
3.79, 1.02078162824, -8.66135897485, -0.00469293639361, 4.00524043242
3.8, 1.02077273029, -8.62134486261, 0.00414552206226, 4.00288610014
3.81, 1.02084291396, -8.58135420491, 0.00878851172106, 4.00055603295
3.82, 1.02089017224, -8.54138665633, 0.00128727406488, 3.99825526213
3.83, 1.02084847893, -8.5014420341, -0.00603439135702, 3.99597432497
3.84, 1.02079948456, -8.4615203869, -0.000930372969984, 3.99366731485
3.85, 1.02083814372, -8.42162157278, 0.00821417113347, 3.99140113811
3.86, 1.02091329347, -8.38174528891, 0.00603257933781, 3.98915416857
3.87, 1.02091085545, -8.34189154578, -0.00407393296432, 3.986900273
3.88, 1.02084438481, -8.30206015663, -0.00533506627402, 3.98468003555
3.89, 1.02083478711, -8.2622509373, 0.00448948254963, 3.98247221271
3.9, 1.02089600382, -8.22246360742, 0.00785505617771, 3.98027744408
3.91, 1.02094672038, -8.18269831484, 0.00236865012959, 3.978079412
3.92, 1.02091512679, -8.14295487569, -0.00550952819608, 3.97591686529
3.93, 1.0208599693, -8.1032324122, -0.00243353980969, 3.97390338007
3.94, 1.02088053621, -8.06352885239, 0.00660329600096, 3.97215241932
3.95, 1.02095024251, -8.0238395994, 0.00646465273497, 3.97097605949
3.96, 1.0209588648, -7.98416058887, -0.00283913717707, 3.97020996118
3.97, 1.0208962043, -7.94448228599, -0.00590020356714, 3.97068998853
3.98, 1.02087117755, -7.90479663407, 0.00249643870624, 3.97169579542
3.99, 1.02093100138, -7.86509776558, 0.00840623978193, 3.97338680971
4.0, 1.02098059165, -7.82537510908, 0.00178169404054, 3.97624959164
4.01, 1.02093965499, -7.78561040394, -0.00652867665305, 3.98162555449
4.02, 1.02087795914, -7.74578958492, -0.00265274914966, 3.98764208689
4.03, 1.02090096851, -7.70589785607, 0.00708607872551, 3.99559327366
4.04, 1.02097310089, -7.66591766285, 0.00634547285037, 4.00546571886
4.05, 1.02097498092, -7.62583573405, -0.0038543899634, 4.01583210806
4.06, 1.02090257236, -7.58564149133, -0.00661747177821, 4.02789260316
4.07, 1.02087602647, -7.54532203115, 0.0027948994751, 4.04130108782
4.08, 1.02092966389, -7.50486102892, 0.00641255261638, 4.05579384788
4.09, 1.0209770388, -7.46425232644, 0.00251405925861, 4.0707507613
4.1, 1.02094662665, -7.42349054341, -0.00563224016001, 4.08666345769
4.11, 1.02088378676, -7.38256240469, -0.00368813427973, 4.10368765983
4.12, 1.0208898209, -7.3414611397, 0.00525695624861, 4.12135832169
4.13, 1.02095168309, -7.30018045487, 0.00622396617311, 4.13982538868
4.14, 1.02096152061, -7.25870823806, -0.00262719931888, 4.15938952319
4.15, 1.02089625026, -7.21703256522, -0.00666401182443, 4.18034701456
4.16, 1.02085798238, -7.175145855, 0.000926341463409, 4.20182600414
4.17, 1.0209048515, -7.13304243001, 0.00756633490685, 4.22369663704
4.18, 1.02095238835, -7.0907131929, 0.00199581469312, 4.24669999651
4.19, 1.02091263292, -7.04815819611, -0.00671781971982, 4.26894486082
4.2, 1.02084197119, -7.00538062911, -0.00406531113597, 4.29157506789
4.21, 1.02084919429, -6.96237551589, 0.0056600558502, 4.31409406624
4.22, 1.02091355763, -6.91914884622, 0.00616364080794, 4.33590775396
4.23, 1.02091713509, -6.87570764464, -0.00364638602427, 4.35702942024
4.24, 1.02084117912, -6.83205862135, -0.00755211779279, 4.37750112438
4.25, 1.02079958203, -6.788208081, 0.00105396769977, 4.39735475728
4.26, 1.02084996321, -6.74416214594, 0.00787838403866, 4.41659698745
4.27, 1.02089567678, -6.69992693317, 0.00132751795692, 4.43523148783
4.28, 1.02084530789, -6.65550838757, -0.00790704375582, 4.45329005475
4.29, 1.02076644894, -6.61091204031, -0.00444049541335, 4.47081303977
4.3, 1.02077518063, -6.56614314255, 0.00608523848676, 4.48781437343
4.31, 1.02082739325, -6.52120695179, 0.00628222749738, 4.5042896372
4.32, 1.02084017307, -6.47610863936, -0.00248336607578, 4.52025497709
4.33, 1.0207684615, -6.43085316873, -0.00803155753553, 4.53574298161
4.34, 1.02071162079, -6.38544512993, -0.00102520189902, 4.55078370534
4.35, 1.02074533298, -6.33988895511, 0.00694406295073, 4.5653797917
4.36, 1.02079382021, -6.29418913318, 0.00241457942779, 4.57952603415
4.37, 1.02075429744, -6.24835008882, -0.00729936889693, 4.59324402366
4.38, 1.02066922326, -6.20237589698, -0.00605160826768, 4.60657137001
4.39, 1.02065775836, -6.15627036298, 0.00421090841719, 4.61952103523
4.4, 1.02070233799, -6.11003732759, 0.0058963486051, 4.63208207678
4.41, 1.02072168778, -6.06368063311, -0.00130406660769, 4.64426340277
4.42, 1.0206576789, -6.01720398533, -0.00798562451796, 4.6560894643
4.43, 1.0205896635, -5.97061076084, -0.00292084043357, 4.66758960338
4.44, 1.02060471399, -5.92390418129, 0.0055491123993, 4.67876541453
4.45, 1.02065125697, -5.87708755573, 0.00316961963644, 4.6896057945
4.46, 1.02062307629, -5.83016421527, -0.00633015995569, 4.70012304175
4.47, 1.020536796, -5.78313720776, -0.00719788480722, 4.71035169993
4.48, 1.0205063301, -5.73600931172, 0.0021257135226, 4.72030592352
4.49, 1.0205532258, -5.68878331957, 0.00608685028048, 4.7299733324
4.5, 1.02056863028, -5.64146216442, -0.00215715476492, 4.73934842263
4.51, 1.02049376154, -5.5940486466, -0.00905296736767, 4.74845959544
4.52, 1.02041970254, -5.54654523068, -0.00306645650159, 4.75733503703
4.53, 1.02043719616, -5.49895426457, 0.00592373266826, 4.7659703072
4.54, 1.02048404269, -5.45127825307, 0.00276972346262, 4.77434791515
4.55, 1.02044671746, -5.40351976045, -0.00752641315529, 4.78247918047
4.56, 1.02035021726, -5.35568105554, -0.00788160119803, 4.79040009466
4.57, 1.02031875802, -5.30776414748, 0.00242588151762, 4.79812136775
4.58, 1.02035559873, -5.25977113888, 0.0049967041562, 4.80562140931
4.59, 1.02037280334, -5.2117042558, -0.00123367727953, 4.81290138955
4.6, 1.02030692884, -5.16356564481, -0.00859867824347, 4.81997853472
4.61, 1.02022629713, -5.11535716136, -0.00460718905089, 4.82688150927
4.62, 1.02022496526, -5.06708052554, 0.00419707193927, 4.83360802022
4.63, 1.02026481251, -5.01873760896, 0.00302579487391, 4.84013840345
4.64, 1.02023705065, -4.97033039733, -0.0064077243409, 4.84647666588
4.65, 1.02014372338, -4.92186064287, -0.00848193517257, 4.85265552964
4.66, 1.02009643313, -4.87332983109, 0.000363711276261, 4.85868875081
4.67, 1.02013081757, -4.82473949227, 0.00539711791082, 4.86455808906
4.68, 1.02014514134, -4.77609137557, -0.00199918040645, 4.87024929849
4.69, 1.02006867049, -4.72738717087, -0.00969804136931, 4.8757861571
4.7, 1.01998118528, -4.6786282406, -0.00484811043425, 4.88119814428
4.71, 1.01998179629, -4.62981583089, 0.00457812754766, 4.88647858203
4.72, 1.02000840314, -4.58095142442, 0.00299012203411, 4.89160249053
4.73, 1.0199887479, -4.53203652989, -0.00527826863807, 4.89657828534
4.74, 1.01990039506, -4.48307253539, -0.00881681956745, 4.90143040865
4.75, 1.01983917614, -4.43406055427, -0.00163313349548, 4.90617604888
4.76, 1.01985655067, -4.38500170819, 0.00434313934573, 4.91079946432
4.77, 1.01987216317, -4.33589734153, -0.00103568568351, 4.91528247203
4.78, 1.01980636991, -4.28674880874, -0.00900744186972, 4.91964177213
4.79, 1.01971412899, -4.23755716983, -0.00630139474879, 4.92390754737
4.8, 1.01969523048, -4.18832333282, 0.00267888240872, 4.92807774675
4.81, 1.01972736065, -4.13904838399, 0.00287503411939, 4.93212718698
4.82, 1.01970124784, -4.089733595, -0.00628137661737, 4.93605285103
4.83, 1.01960267065, -4.04038004474, -0.00965498733298, 4.93988686069
4.84, 1.01953822622, -3.99098852345, -0.00153613944314, 4.94364596581
4.85, 1.01955845654, -3.94155986108, 0.00457879743269, 4.94730947294
4.86, 1.01957176916, -3.89209515836, -0.00171385663155, 4.95085606459
4.87, 1.01949567473, -3.84259552336, -0.0101399871412, 4.95430523604
4.88, 1.0193956364, -3.7930617345, -0.00666163971204, 4.95768973839
4.89, 1.01937791294, -3.74349442434, 0.00304249039721, 4.96100414879
4.9, 1.0194116725, -3.69389445305, 0.00269139572563, 4.96421829482
4.91, 1.01937817911, -3.64426289351, -0.00738717122535, 4.96732938045
4.92, 1.01926869667, -3.59460059233, -0.0105177094993, 4.97037385461
4.93, 1.01920133533, -3.54490808543, -0.00137561676427, 4.97336805049
4.94, 1.01921460761, -3.4951860032, 0.0025504535061, 4.97628079159
4.95, 1.01922546621, -3.44543523913, -0.00102413092061, 4.97910613103
4.96, 1.01915918298, -3.39565668583, -0.00935628128782, 4.98184816675
4.97, 1.01905675857, -3.34585097523, -0.00783339865568, 4.98454116893
4.98, 1.01902097331, -3.2960185549, 0.00112421076617, 4.98718525927
4.99, 1.01904392305, -3.24616005823, 0.00252884868409, 4.98975159485
5.0, 1.01901813472, -3.19627636004, -0.00619230676839, 4.99223118114
5.01, 1.01891529938, -3.14636817848, -0.0106423834846, 4.99465569239
5.02, 1.01883540138, -3.0964359148, -0.00332992123494, 4.99704605373
5.03, 1.01884110683, -3.04647998889, 0.0036159905177, 4.99938096726
5.04, 1.01885165373, -2.99650112663, -0.00157215129741, 5.00163340011
5.05, 1.01877585339, -2.94650012003, -0.0104683390247, 5.00381880217
5.06, 1.01866517972, -2.89647742861, -0.00827247513463, 5.0059734537
5.07, 1.0186300267, -2.84643332632, 0.00147794170541, 5.00809477442
5.08, 1.01865522261, -2.79636831892, 0.00245428667088, 5.01014890075
5.09, 1.01862310565, -2.74628318339, -0.00722404779009, 5.01212684211
5.1, 1.01850934147, -2.69617850481, -0.0115674042244, 5.01406520372
5.11, 1.01842566168, -2.64605452017, -0.00324568006591, 5.01598546041
5.12, 1.01842434177, -2.5959115356, 0.00164644239332, 5.01785548228
5.13, 1.01843346005, -2.54575015218, -0.000770407660439, 5.01966517104
5.14, 1.01836802733, -2.49557103013, -0.00969095165011, 5.02141275892
5.15, 1.01825425094, -2.44537457197, -0.00954623837823, 5.02313672577
5.16, 1.01820035487, -2.39516094233, -0.000455553112446, 5.02484168887
5.17, 1.0182153606, -2.34493048562, 0.00240288080834, 5.02649540163
5.18, 1.01819196401, -2.29468385105, -0.00596475911868, 5.0280817346
5.19, 1.01808466337, -2.24442157455, -0.0117727481595, 5.02963208687
5.2, 1.01798744958, -2.19414383095, -0.00528246847012, 5.03117394907
5.21, 1.01797849664, -2.14385077185, 0.00277360177042, 5.03268675343
5.22, 1.01798839065, -2.09354288919, -0.00120208492085, 5.03413682193
5.23, 1.0179139738, -2.04322081333, -0.0108183488821, 5.03553456416
5.24, 1.01779110128, -1.99288483567, -0.0101008742789, 5.03692132763
5.25, 1.01773708743, -1.94253499959, -0.000117207696629, 5.03829966034
5.26, 1.01774065019, -1.89217161048, 0.00202340624852, 5.03963011292
5.27, 1.01772401687, -1.84179517753, -0.00476817806788, 5.04090658579
5.28, 1.01762437688, -1.79140619866, -0.011744165945, 5.0421481046
5.29, 1.01751575615, -1.74100481717, -0.00719364755009, 5.043387474
5.3, 1.01748819185, -1.69059108048, 0.00140647131226, 5.04461102942
5.31, 1.01749654808, -1.64016534764, -0.000400310108284, 5.04578282582
5.32, 1.01743376514, -1.58972818936, -0.00983556639954, 5.04690421302
5.33, 1.01730962215, -1.5392798935, -0.0112598362482, 5.04801600213
5.34, 1.01723657597, -1.48882044499, -0.0021871661144, 5.04912940602
5.35, 1.01724266456, -1.43834998539, 0.00226270179991, 5.05020971889
5.36, 1.01722271422, -1.38786902521, -0.00555692753058, 5.05123269148
5.37, 1.01711257332, -1.33737801987, -0.0128014199572, 5.05222827656
5.38, 1.01699775514, -1.28687701674, -0.00736167839856, 5.05323198235
5.39, 1.01696789216, -1.23636589828, -0.00289882031796, 5.05430643269
5.4, 1.01696905975, -1.18584527329, 0.000160842145469, 5.05517089596
5.41, 1.01691713785, -1.13531532477, -0.00877468599968, 5.05607223338
5.42, 1.01679374986, -1.08477645145, -0.0121777080875, 5.05696299787
5.43, 1.01670290695, -1.03422860418, -0.00427512964887, 5.05786314325
5.44, 1.01669532241, -0.983671814715, 0.00180858138968, 5.05874223347
5.45, 1.01668206315, -0.933106498496, -0.00426445316669, 5.05956928414
5.46, 1.01658134767, -0.882533111841, -0.0125765113174, 5.06036613956
5.47, 1.01645615476, -0.831951712331, -0.00927635643861, 5.06117352709
5.48, 1.01641116799, -0.781362188721, 0.000256406305013, 5.06198218497
5.49, 1.01640318273, -0.730764794038, -0.000390411306226, 5.06274803527
5.5, 1.01635648341, -0.68015992959, -0.00765891285826, 5.06347605843
5.51, 1.01624150616, -0.629547885717, -0.0119584573305, 5.06419128232
5.52, 1.01614142762, -0.578928622141, -0.00600973181707, 5.06491772948
5.53, 1.0161154695, -0.528302110365, 0.000330939519394, 5.06563244016
5.54, 1.01609875409, -0.47766866345, -0.00366161604642, 5.06630370205
5.55, 1.01600895441, -0.427028699517, -0.011532825294, 5.06694441731
5.56, 1.01588434013, -0.376382301835, -0.0102007175096, 5.06759342246
5.57, 1.0158217874, -0.325729342091, -0.00178665293821, 5.06824960475
5.58, 1.01581501434, -0.275069939658, -0.000374760009431, 5.06887524365
5.59, 1.01576313414, -0.224404527387, -0.00854307144795, 5.06945724631
5.6, 1.01563842133, -0.173733372494, -0.0128156841968, 5.07002815521
5.61, 1.01553434888, -0.123056590588, -0.00600825243877, 5.07057826679
5.62, 1.01551079362, -0.0723746584462, 0.000584418832263, 5.07105514718
