timestamp, prius0 x posi, prius0 y posi, prius0 x vel, prius0 y vel.
0.0, 0.0, 0.0, 0.0, 0.0
0.00999999999999, 24.9964591389, 0.999916849024, -0.214769495873, 0.00173524428346
0.02, 24.9938596755, 0.999988738927, -0.284371368214, 0.00875333587237
0.03, 24.9905699118, 1.00005315666, -0.352812547448, 0.00157073131199
0.04, 24.9866081019, 1.00004424415, -0.419966135132, 0.000389432988421
0.05, 24.981980368, 1.00003990247, -0.486714600196, 0.00039222079587
0.06, 24.9766903246, 1.0000397147, -0.553057536767, 0.00115221999618
0.07, 24.9707425904, 1.00004785724, -0.61921522394, 0.00186785061877
0.08, 24.9641389004, 1.00005893591, -0.685218630527, 0.00179674045915
0.09, 24.9568812307, 1.00006740718, -0.750986025077, 0.001569383983
0.1, 24.9489728222, 1.00007759769, -0.816359070857, 0.00214909867114
0.11, 24.9404185578, 1.0000967929, -0.881168010532, 0.00314970264743
0.12, 24.9312247318, 1.00012257656, -0.945291167233, 0.00340014643286
0.13, 24.9212743674, 1.00016120353, -1.03217859058, 0.00698489116534
0.14, 24.9104599092, 1.00025512048, -1.12005268872, 0.0111930378694
0.15, 24.8987713792, 1.00032150777, -1.20814236994, 0.00262453340655
0.16, 24.8862091568, 1.00032141962, -1.29617789686, 0.000383277959183
0.17, 24.8727775657, 1.00033737195, -1.38264581414, 0.00134133925085
0.18, 24.8584865542, 1.00036381223, -1.46805673483, 0.0023416742134
0.19, 24.8433466983, 1.00039563717, -1.55242083647, 0.00250963336364
0.2, 24.8273684673, 1.0004274958, -1.63574674081, 0.00259207703617
0.21, 24.8105622135, 1.00046506068, -1.71804532751, 0.00358119495919
0.22, 24.7929381403, 1.00051481474, -1.79933002916, 0.0047219513199
0.23, 24.774506312, 1.00057012503, -1.87961246477, 0.00464553216846
0.24, 24.7552766729, 1.00061876447, -1.95890360765, 0.00367977629822
0.25, 24.7352590447, 1.00066057337, -2.03721639029, 0.00343609529121
0.26, 24.7144631169, 1.00070648598, -2.11456516098, 0.00427983354461
0.27, 24.692898458, 1.00076046305, -2.19096272168, 0.00484446410473
0.28, 24.6705747794, 1.00081408406, -2.26639691647, 0.00438578729175
0.29, 24.6475052135, 1.00086270963, -2.34085595409, 0.00414055764213
0.3, 24.623701282, 1.00091567721, -2.41440479464, 0.00508932678372
0.31, 24.5991729691, 1.00097955505, -2.48710743511, 0.00602462072499
0.32, 24.5739289741, 1.00104659898, -2.55893968681, 0.00579668829654
0.33, 24.5479779955, 1.00110772717, -2.62988859612, 0.00514269020667
0.34, 24.5213287381, 1.00116653172, -2.69996342672, 0.00537858401322
0.35, 24.4939898057, 1.00123217475, -2.76917625949, 0.00625727609179
0.36, 24.465969778, 1.00130363036, -2.83738590038, 0.0064233183087
0.37, 24.4372796587, 1.00137105141, -2.903797148, 0.00569253165446
0.38, 24.4079361484, 1.00143321778, -2.96826576227, 0.00556418765856
0.39, 24.377957461, 1.00150058202, -3.03092129568, 0.00652457700451
0.4, 24.3473614022, 1.00157746642, -3.09181176683, 0.007220964202
0.41, 24.3161653629, 1.00165467043, -3.15098024356, 0.0067234002271
0.42, 24.2843863292, 1.0017247197, -3.20846783214, 0.00608790773939
0.43, 24.2520408794, 1.00179434999, -3.2643152534, 0.00660232318972
0.44, 24.2191451922, 1.00187320743, -3.31856120154, 0.00761853536844
0.45, 24.1857150842, 1.00195742731, -3.3712422648, 0.00760883674444
0.46, 24.1517660292, 1.00203566331, -3.42239704214, 0.00672444562508
0.47, 24.1173130111, 1.00210787148, -3.4720783396, 0.00657742640603
0.48, 24.0823706285, 1.00218557763, -3.52031412673, 0.00758100162323
0.49, 24.0469532167, 1.00227282419, -3.5671292322, 0.00822343739728
0.5, 24.0110749031, 1.00235910693, -3.61254266384, 0.00755149601858
0.51, 23.9747496567, 1.00243657844, -3.65656934033, 0.00678886453098
0.52, 23.9379911845, 1.00251318123, -3.69924091519, 0.00732656588255
0.53, 23.9008129899, 1.00259955282, -3.74055862971, 0.00839256643353
0.54, 23.863228611, 1.00269108476, -3.78052907587, 0.00829606263892
0.55, 23.8252514114, 1.00277526219, -3.81917834182, 0.00726209139335
0.56, 23.7868943997, 1.00285251919, -3.8565475454, 0.00709261458939
0.57, 23.7481701203, 1.00293569395, -3.8926850927, 0.00816248905569
0.58, 23.70909063, 1.00302859616, -3.92763896329, 0.00876155566754
0.59, 23.6696675307, 1.00311935093, -3.9614533591, 0.00793120748785
0.6, 23.6299119949, 1.00319999544, -3.9941709713, 0.00709102053586
0.61, 23.5898347669, 1.00327987974, -4.02583378026, 0.00769850772465
0.62, 23.5494461791, 1.00337021962, -4.05648189482, 0.0087990531302
0.63, 23.5087561894, 1.00346521812, -4.08615122803, 0.00858527618571
0.64, 23.4677744159, 1.00355142746, -4.11487491802, 0.00741881230559
0.65, 23.4265101418, 1.00363015759, -4.14268625532, 0.00726500871798
0.66, 23.3849723103, 1.0037155075, -4.16961892121, 0.00841940907004
0.67, 23.343169541, 1.00381085968, -4.19570417641, 0.0089791231758
0.68, 23.3011101646, 1.00390294003, -4.22096998909, 0.00799983415108
0.69, 23.2588022361, 1.00398376945, -4.24544369625, 0.00710197314915
0.7, 23.2162535261, 1.00406413948, -4.26915375051, 0.00779652182969
0.71, 23.1734715207, 1.00415579103, -4.29212802538, 0.00894206817263
0.72, 23.130463449, 1.00425165526, -4.31439118881, 0.00861354965212
0.73, 23.0872363077, 1.00433733833, -4.33596599618, 0.00732307572904
0.74, 23.0437968586, 1.00441514615, -4.35687600926, 0.00720696716629
0.75, 23.0001516177, 1.00450049734, -4.37714566, 0.00846491176169
0.76, 22.9563068689, 1.00459622262, -4.39679732759, 0.0089873486138
0.77, 22.9122686938, 1.00468753259, -4.41585049763, 0.00785765226848
0.78, 22.8680429807, 1.00476651468, -4.43432442572, 0.00691632798513
0.79, 22.8236354117, 1.00484554341, -4.4522398095, 0.00772046928281
0.8, 22.7790514616, 1.00493684199, -4.46961700279, 0.00891974050166
0.81, 22.734296422, 1.00503190499, -4.48647341446, 0.00847148609519
0.82, 22.689375423, 1.00511537477, -4.50282488572, 0.00706086186232
0.83, 22.6442934269, 1.00519070942, -4.51868834089, 0.00700271436956
0.84, 22.5990552152, 1.00527471224, -4.53408178802, 0.0083804143637
0.85, 22.5536654015, 1.00536951958, -4.54902135177, 0.00886316404434
0.86, 22.5081284582, 1.00545870654, -4.56352054057, 0.0075779072388
0.87, 22.4624487222, 1.00553452666, -4.57759289688, 0.00660555950913
0.88, 22.4166303803, 1.00561108883, -4.59125360812, 0.00753996872778
0.89, 22.370677466, 1.00570104332, -4.60451766308, 0.00879801088284
0.9, 22.3245938834, 1.00579427044, -4.61739729844, 0.00822094032367
0.91, 22.2783834251, 1.00587444065, -4.62990344153, 0.00669179076537
0.92, 22.2320497631, 1.00594633819, -4.64204828798, 0.00671082814327
0.93, 22.1855964356, 1.00602821378, -4.6538452564, 0.00822207381859
0.94, 22.1390268585, 1.00612134906, -4.66530601114, 0.00865878831374
0.95, 22.0923443501, 1.00620756244, -4.67643982414, 0.00721004334336
0.96, 22.0455521344, 1.00627939244, -4.68725619114, 0.00621832170398
0.97, 21.9986533241, 1.0063528419, -4.69776638094, 0.007302480728
0.98, 21.951650918, 1.00644091733, -4.70798156225, 0.00862112552838
0.99, 21.9045478236, 1.00653169482, -4.71791030774, 0.00790278546762
1.0, 21.8573468718, 1.00660787756, -4.72756007543, 0.00625548507775
1.01, 21.8100508069, 1.00667576798, -4.73693970991, 0.0063706892519
1.02, 21.7626622719, 1.00675512143, -4.74605937795, 0.00802736415337
1.03, 21.7151838206, 1.00684618547, -4.75492758481, 0.00840829126568
1.04, 21.6676179397, 1.00692889972, -4.76355062096, 0.00678588502882
1.05, 21.6199670503, 1.00699622652, -4.77193512163, 0.00578632047166
1.06, 21.5722334901, 1.00706623169, -4.78008958152, 0.00703925670515
1.07, 21.5244195107, 1.00715219108, -4.78802246069, 0.00841770832475
1.08, 21.4765272991, 1.00724017259, -4.79573975247, 0.00754273591737
1.09, 21.4285589909, 1.00731192961, -4.80324647652, 0.00577698042027
1.1, 21.3805166582, 1.00737549445, -4.81054910765, 0.00600777518337
1.11, 21.3324022952, 1.00745217858, -4.81765550467, 0.00782038628878
1.12, 21.2842178303, 1.00754099533, -4.82457193816, 0.00813275769547
1.13, 21.2359651469, 1.00761988352, -4.83130260824, 0.00632492851505
1.14, 21.1876460824, 1.00768239035, -4.83785212779, 0.00532968185158
1.15, 21.13926241, 1.0077488217, -4.84422702282, 0.00677042269005
1.16, 21.0908158374, 1.00783261686, -4.85043383288, 0.00820550184647
1.17, 21.0423080267, 1.00791761768, -4.85647673814, 0.00715605822182
1.18, 20.9937406059, 1.00798466064, -4.86235903974, 0.00527154283557
1.19, 20.9451151554, 1.00804373975, -4.86808552509, 0.00563838124871
1.2, 20.8964331951, 1.00811776611, -4.87366241029, 0.00761636413979
1.21, 20.8476961956, 1.00820429592, -4.87909438611, 0.00784463954446
1.22, 20.798905598, 1.00827914621, -4.88438418862, 0.00583848183047
1.23, 20.7500628109, 1.00833663439, -4.88953498958, 0.00486092259879
1.24, 20.7011691928, 1.00839949109, -4.89455190564, 0.00650888750132
1.25, 20.6522260512, 1.00848119156, -4.89944010546, 0.00799519338762
1.26, 20.6032346619, 1.00856311919, -4.90420250156, 0.00675121394727
1.27, 20.5541962781, 1.00862524406, -4.90884118074, 0.00474812495467
1.28, 20.5051121172, 1.00867977495, -4.91335971346, 0.0052729131936
1.29, 20.4559833482, 1.00875125574, -4.91776313472, 0.00742475435978
1.3, 20.4068111031, 1.00883553795, -4.9220550183, 0.00755070541537
1.31, 20.357596495, 1.00890619859, -4.92623707555, 0.00533252227555
1.32, 20.3083406143, 1.00895853691, -4.93031143739, 0.00438769327625
1.33, 20.259044511, 1.00901789972, -4.93428219784, 0.0062629068639
1.34, 20.2097091951, 1.00909764645, -4.93815354209, 0.0077928182926
1.35, 20.1603356544, 1.00917645501, -4.94192749841, 0.00633218051402
1.36, 20.1109248628, 1.00923349972, -4.94560528391, 0.004211621734
1.37, 20.0614777663, 1.00928347925, -4.94918957567, 0.00491805500405
1.38, 20.0119952711, 1.00935259072, -4.95268454787, 0.0072513232199
1.39, 19.9624782563, 1.00943470686, -4.95609298682, 0.00725403409713
1.4, 19.9129275891, 1.00950105072, -4.95941588671, 0.00480962229953
1.41, 19.8633441205, 1.00954814392, -4.96265460943, 0.003914637986
1.42, 19.8137286687, 1.00960414632, -4.96581249078, 0.00603785966389
1.43, 19.7640820197, 1.0096821226, -4.96889300564, 0.00760144580127
1.44, 19.7144049451, 1.00975778353, -4.97189757376, 0.00590006446567
1.45, 19.6646982074, 1.00980960133, -4.97482677942, 0.00366442770993
1.46, 19.6149625474, 1.00985506263, -4.97768262519, 0.00457825174395
1.47, 19.565198673, 1.00992202262, -4.98046864643, 0.0070995302827
1.48, 19.5154072716, 1.01000207284, -4.98318708135, 0.00695531913174
1.49, 19.4655890242, 1.01006397485, -4.98583842391, 0.00427021364774
1.5, 19.4157446, 1.01010574436, -4.98842345025, 0.00344461672931
1.51, 19.3658746406, 1.01015855544, -4.99094491813, 0.00583739474338
1.52, 19.3159797624, 1.01023496877, -4.99340578864, 0.00742224632229
1.53, 19.2660605717, 1.01030745194, -4.99580707526, 0.0054541272017
1.54, 19.2161176704, 1.01035389493, -4.99814889086, 0.00310744302709
1.55, 19.1661516419, 1.01039489396, -5.00043271035, 0.0042566686667
1.56, 19.1161630427, 1.01045994868, -5.00266158514, 0.00697141587525
1.57, 19.0661524142, 1.01053803674, -5.004837385, 0.00665370666984
1.58, 19.0161202945, 1.01059535944, -5.00696025811, 0.00371341041744
1.59, 18.9660672128, 1.01063173228, -5.00903051631, 0.00297950568918
1.6, 18.9159936757, 1.01068154731, -5.01105046081, 0.00566417328819
1.61, 18.865900169, 1.01075661838, -5.01302268448, 0.00725517533259
1.62, 18.8157871727, 1.01082587988, -5.0149479473, 0.00499244815525
1.63, 18.7656551639, 1.01086678901, -5.0168259992, 0.00254073246253
1.64, 18.7155046051, 1.01090339764, -5.01865788371, 0.00395581504469
1.65, 18.665335936, 1.0109668143, -5.02044627725, 0.00686816486864
1.66, 18.6151495855, 1.0110430379, -5.02219282215, 0.00634732430034
1.67, 18.5649459811, 1.01109562231, -5.02389743144, 0.00313753966011
1.68, 18.5147255436, 1.01112652526, -5.02556003064, 0.00252071844066
1.69, 18.4644886745, 1.01117356121, -5.02718254448, 0.00552034139786
1.7, 18.4142357591, 1.01124751719, -5.02876731019, 0.00709939759727
1.71, 18.3639671793, 1.0113134912, -5.03031495392, 0.00451234218079
1.72, 18.3136833153, 1.01134869064, -5.03182493309, 0.00196395211005
1.73, 18.2633845348, 1.01138099381, -5.03329792021, 0.0036779442804
1.74, 18.2130711873, 1.0114430569, -5.03473629434, 0.00679045400394
1.75, 18.1627436143, 1.01151750135, -5.03614158722, 0.00603360416612
1.76, 18.112402157, 1.0115651611, -5.03751355613, 0.00254047869964
1.77, 18.062047151, 1.01159051821, -5.03885178679, 0.00206954247808
1.78, 18.011678916, 1.01163501238, -5.04015787786, 0.00540782302508
1.79, 17.9612977592, 1.01170808296, -5.04143400309, 0.00695353888002
1.8, 17.9109039858, 1.01177067619, -5.04268075219, 0.00401061530019
1.81, 17.8604978996, 1.01179997021, -5.04389733257, 0.00137662399585
1.82, 17.8100797941, 1.01182806577, -5.04508407958, 0.00342530665362
1.83, 17.7596499482, 1.01188907564, -5.04624313127, 0.00673865592911
1.84, 17.7092086354, 1.01196180935, -5.04737601176, 0.00570947101287
1.85, 17.6587561286, 1.01200432684, -5.04848237852, 0.00191986743675
1.86, 17.6082926961, 1.01202405913, -5.0495615008, 0.0016273566283
1.87, 17.5578185935, 1.01206626977, -5.05061467947, 0.00532849616471
1.88, 17.5073340671, 1.01213868468, -5.05164400577, 0.00681582587253
1.89, 17.4568393616, 1.01219777214, -5.05265011509, 0.00348371779616
1.9, 17.4063347202, 1.0122209438, -5.05363198581, 0.000778315610243
1.91, 17.3558203775, 1.01224494402, -5.05458962974, 0.00320030931699
1.92, 17.3052965574, 1.01230521678, -5.05552498623, 0.00671295243576
1.93, 17.2547634799, 1.01237628784, -5.05643966794, 0.00537144604622
1.94, 17.2042213637, 1.0124134115, -5.05733327003, 0.00127324487682
1.95, 17.1536704234, 1.01242743816, -5.05820475084, 0.00119577640948
1.96, 17.1031108641, 1.01246764631, -5.05905512463, 0.00528429705372
1.97, 17.0525428843, 1.01253963364, -5.05988647696, 0.00668415724751
1.98, 17.0019666811, 1.0125950553, -5.06069956017, 0.00292783596282
1.99, 16.9513824487, 1.01261186614, -5.06149312751, 0.000168763680439
2.0, 16.9007903751, 1.01263190049, -5.0622668646, 0.00300562043116
2.01, 16.8501906411, 1.01269176862, -5.06302254581, 0.00671339159367
2.02, 16.7995834246, 1.01276120184, -5.06376196701, 0.00501569958476
2.03, 16.7489689008, 1.01279264422, -5.06448468312, 0.000598141114164
2.04, 16.698347241, 1.01280088476, -5.06518933301, 0.000776756271981
2.05, 16.6477186104, 1.01283939692, -5.06587664197, 0.00527727895653
2.06, 16.5970831706, 1.01291118184, -5.06654876824, 0.00655613059113
2.07, 16.5464410803, 1.01296273954, -5.06720664426, 0.00233894582773
2.08, 16.495792494, 1.01297293014, -5.06784878792, -0.000452036299759
2.09, 16.4451375625, 1.01298914877, -5.06847454227, 0.00284423679345
2.1, 16.3944764331, 1.01304896222, -5.06908554626, 0.00673990638113
2.11, 16.3438092506, 1.01311675628, -5.06968387605, 0.00463806901469
2.12, 16.2931361545, 1.01314219251, -5.07026905451, -0.000107859760511
2.13, 16.2424572812, 1.0131445697, -5.070839381, 0.000372662649139
2.14, 16.1917727646, 1.01318172095, -5.07139527815, 0.00530963799979
2.15, 16.1410827374, 1.01325352445, -5.07193906176, 0.00642903693223
2.16, 16.0903873275, 1.01330097897, -5.07247190051, 0.00171284028374
2.17, 16.0396866569, 1.01330426994, -5.07299205464, -0.00108376397398
2.18, 15.9889808465, 1.01331684786, -5.07349849572, 0.00271952480643
2.19, 15.9382700177, 1.01337697513, -5.0739927565, 0.00679230417927
2.2, 15.887554289, 1.01344309961, -5.07447729575, 0.00423405164084
2.21, 15.8368337708, 1.01346216607, -5.07495159905, -0.000847075997247
2.22, 15.7861085709, 1.01345860938, -5.0754135963, -1.36726897516e-05
2.23, 15.7353787986, 1.01349476685, -5.07586338381, 0.00538371523214
2.24, 15.6846445646, 1.01356680424, -5.07630353077, 0.00629983237791
2.25, 15.6339059712, 1.01360987227, -5.07673549118, 0.00104513985285
2.26, 15.5831631138, 1.01360596565, -5.07715723469, -0.00172572102513
2.27, 15.5324160893, 1.01361510723, -5.07756732009, 0.00263524493601
2.28, 15.4816649992, 1.0136759365, -5.0779672065, 0.00687023734683
2.29, 15.4309099415, 1.01374032858, -5.07835984458, 0.00379878331362
2.3, 15.3801510019, 1.01375262164, -5.07874466385, -0.00162169240661
2.31, 15.3293882647, 1.01374307122, -5.07911918574, -0.000378907952488
2.32, 15.2786218204, 1.01377863765, -5.07948314756, 0.00550198548757
2.33, 15.2278517626, 1.01385111679, -5.07983948296, 0.00616509756261
2.34, 15.1770781731, 1.01388946762, -5.08018997217, 0.000331298180872
2.35, 15.1263011243, 1.01387804864, -5.08053225182, -0.00237678031354
2.36, 15.0755206939, 1.01388399258, -5.0808644139, 0.00259556943664
2.37, 15.0247369691, 1.01394593261, -5.08118788348, 0.00697316400528
2.38, 14.9739500311, 1.01400849331, -5.08150622062, 0.00332701191116
2.39, 14.923159945, 1.01401356824, -5.08181876589, -0.00243372367439
2.4, 14.8723667753, 1.01399797931, -5.08212258476, -0.000719147727677
2.41, 14.8215705983, 1.01403339675, -5.08241701455, 0.00566703932416
2.42, 14.7707714953, 1.01410651581, -5.08270548413, 0.00602099055792
2.43, 14.7199695302, 1.01413976786, -5.08299013088, -0.00043339236797
2.44, 14.6691647559, 1.01412050708, -5.08326820779, -0.00303533287127
2.45, 14.6183572353, 1.01412353169, -5.08353727208, 0.00260509616869
2.46, 14.567547045, 1.01418701249, -5.08379876591, 0.00710030081345
2.47, 14.5167342531, 1.0142476026, -5.08405698484, 0.0028130671861
2.48, 14.4659189065, 1.01424497243, -5.08431113284, -0.00328497568012
2.49, 14.4151013707, 1.01422332035, -5.08449324817, -0.00102988505478
2.5, 14.3642822157, 1.01425907488, -5.08463329893, 0.00588176220903
2.51, 14.3134618409, 1.01433301926, -5.08473662571, 0.00586300019243
2.52, 14.2626408309, 1.01436073057, -5.0847687273, -0.00125439661792
2.53, 14.2118197201, 1.01433328045, -5.08474680662, -0.00369947040847
2.54, 14.1609990732, 1.01433370822, -5.08468141696, 0.00266906239948
2.55, 14.1101792269, 1.01439917987, -5.08458393507, 0.00725035883994
2.56, 14.0593605422, 1.01445760869, -5.08444003666, 0.00225034217716
2.57, 14.0085446622, 1.01444675605, -5.08404501783, -0.00417446492443
2.58, 13.9577337565, 1.01441903697, -5.08344980697, -0.00130931925945
2.59, 13.906939634, 1.01445558806, -5.08085271527, 0.00614073067961
2.6, 13.8561803488, 1.01453046923, -5.0763327997, 0.00568592924198
2.61, 13.8054736653, 1.01455214343, -5.07047732317, -0.00213210862993
2.62, 13.7548400581, 1.0145161182, -5.06165508064, -0.00436982125021
2.63, 13.7043129059, 1.01451417247, -5.04926441539, 0.00277896230724
2.64, 13.653920045, 1.01458187011, -5.0350262413, 0.00740669829956
2.65, 13.6036834073, 1.01463782751, -5.01767874973, 0.00165069663581
2.66, 13.553641284, 1.01461806542, -4.99647723302, -0.00513331385818
2.67, 13.5038328134, 1.01458358091, -4.97146450443, -0.00162248703535
2.68, 13.4542776978, 1.01462078722, -4.94550632359, 0.00642434386996
2.69, 13.4050016601, 1.01469661162, -4.91606112282, 0.00550296981949
2.7, 13.3560195871, 1.01471160878, -4.88553186408, -0.00309485001271
2.71, 13.3073519771, 1.01466593389, -4.85416375004, -0.00512841842633
2.72, 13.2590118411, 1.01466122735, -4.81846466476, 0.00292679027645
2.73, 13.2110536087, 1.01473166301, -4.77946423642, 0.00759111181769
2.74, 13.163487167, 1.01478405066, -4.73995400893, 0.000839512811234
2.75, 13.1163446859, 1.01475327658, -4.69538232879, -0.00622621725507
2.76, 13.0696550198, 1.01471234365, -4.64893390199, -0.00178237020038
2.77, 13.0234323207, 1.01475194354, -4.60206486054, 0.00682644175698
2.78, 12.9776877277, 1.01482830838, -4.55328075111, 0.00514075910688
2.79, 12.9324489229, 1.01483446446, -4.50105969185, -0.00425067446614
2.8, 12.8877313272, 1.01477849748, -4.44903815143, -0.00583831357945
2.81, 12.8435412655, 1.01477199894, -4.39580015939, 0.00313489121906
2.82, 12.7998850433, 1.01484512015, -4.34198878098, 0.00774067200466
2.83, 12.7567670517, 1.01489408962, -4.28788891148, 8.13584842619e-05
2.84, 12.7141910494, 1.01486274354, -4.23389454282, -0.00512131688887
2.85, 12.6721599622, 1.01481502233, -4.17890000223, -0.0033534583109
2.86, 12.6306751496, 1.01483669373, -4.12457987249, 0.0053136786668
2.87, 12.5897320468, 1.01490902285, -4.07049000562, 0.00571549329692
2.88, 12.5493233618, 1.01492643209, -4.0174106967, -0.00310734558519
2.89, 12.509446982, 1.01487265438, -3.96439913535, -0.00656920154104
2.9, 12.4700952338, 1.01485023913, -3.91236321629, 0.00120474629688
2.91, 12.4312624868, 1.01491041697, -3.86059292463, 0.00729943683985
2.92, 12.3929449537, 1.01496607453, -3.80928218499, 0.00138185855231
2.93, 12.3551385443, 1.01493539342, -3.75850690785, -0.00688843075656
2.94, 12.3178350317, 1.01489267436, -3.70862381163, -0.00398875000444
2.95, 12.2810290898, 1.01490051216, -3.65897921589, 0.00363515227483
2.96, 12.2447183485, 1.0149613562, -3.6095795123, 0.00527552251594
2.97, 12.2089002964, 1.01498392853, -3.5604356443, -0.00202805498548
2.98, 12.1735699181, 1.0149389665, -3.51211277916, -0.00621984964321
2.99, 12.1387193234, 1.01490969496, -3.46426628865, -0.000239136783986
3.0, 12.1043473487, 1.01495407226, -3.41648574736, 0.00600467468076
3.01, 12.0704484231, 1.01500729579, -3.36951239016, 0.00206422296184
3.02, 12.0370225689, 1.01498819206, -3.32205065113, -0.0057617820865
3.03, 12.0040691546, 1.01493418304, -3.27493236506, -0.00442197158993
3.04, 11.9715863727, 1.01494419801, -3.22796942149, 0.00437738790309
3.05, 11.9395724181, 1.01501530807, -3.18074424261, 0.0063182672201
3.06, 11.9080342235, 1.01504380602, -3.13324294066, -0.00192426705946
3.07, 11.8769678496, 1.01499533852, -3.08639189141, -0.00679110221234
3.08, 11.8463665462, 1.01496299254, -3.04018169202, -0.000199239244398
3.09, 11.8162233885, 1.01501240093, -2.99481348466, 0.00673631668621
3.1, 11.7865281064, 1.01507082966, -2.95054096608, 0.00219851169519
3.11, 11.757270519, 1.01504768645, -2.90732697934, -0.00649788388286
3.12, 11.7284399172, 1.01498674179, -2.86507880673, -0.00495992098047
3.13, 11.7000261879, 1.01499466319, -2.82379922231, 0.00433035433328
3.14, 11.6720203327, 1.01506361689, -2.78349547488, 0.00580013049652
3.15, 11.6444126945, 1.01508175213, -2.74413318317, -0.00330741430381
3.16, 11.6171930354, 1.01502973112, -2.7058449513, -0.00571190746188
3.17, 11.5903510058, 1.01499188563, -2.66862549009, -0.00163809362455
3.18, 11.563876738, 1.01502333926, -2.63226035259, 0.00506304156581
3.19, 11.5377609194, 1.01507481674, -2.59695596957, 0.00242607989772
3.2, 11.511994124, 1.0150611777, -2.56246998286, -0.00535675478115
3.21, 11.4865674465, 1.01500494561, -2.52884373588, -0.00530097723816
3.22, 11.4614721267, 1.01500052582, -2.49615433787, 0.00262546077729
3.23, 11.4367001388, 1.01505697438, -2.46418864457, 0.0052480087807
3.24, 11.4122430537, 1.01508124459, -2.43309272905, -0.00191832389505
3.25, 11.3880927255, 1.01503278811, -2.40284206229, -0.00703663437125
3.26, 11.3642410261, 1.01499258588, -2.37332876344, -0.00138070650369
3.27, 11.3406806799, 1.01502987776, -2.3446032045, 0.00572374790507
3.28, 11.317403836, 1.01508474897, -2.31661281433, 0.0024178309637
3.29, 11.2944028644, 1.01506750623, -2.2893775287, -0.00588970119406
3.3, 11.2716706564, 1.01500798512, -2.2628461821, -0.00531517411443
3.31, 11.2491996801, 1.01500812996, -2.2371001109, 0.00339893127415
3.32, 11.2269822694, 1.01507211755, -2.21211404156, 0.00581570467037
3.33, 11.2050111029, 1.01509740099, -2.18781825134, -0.00218774677986
3.34, 11.1832794488, 1.01504521362, -2.16420926772, -0.0072907265593
3.35, 11.1617805071, 1.01500661776, -2.14125096228, -0.000838890878429
3.36, 11.14050832, 1.01505189745, -2.1188428827, 0.00663517732967
3.37, 11.1194574466, 1.01511440829, -2.09697651757, 0.0030010103699
3.38, 11.0986229604, 1.01510162929, -2.07556607174, -0.00547541308842
3.39, 11.0780000716, 1.01504817098, -2.05462418102, -0.00455186882728
3.4, 11.0575845983, 1.01505714246, -2.03408182287, 0.0042253558802
3.41, 11.0373723095, 1.01512644414, -2.01396709368, 0.00598699047031
3.42, 11.0173589064, 1.0151497, -1.99428492031, -0.00264030393624
3.43, 10.9975405032, 1.01509342042, -1.97495827639, -0.00755320586278
3.44, 10.9779131728, 1.0150556779, -1.95605626903, -0.000497245898603
3.45, 10.9584726508, 1.0151049889, -1.93758489312, 0.00692579299774
3.46, 10.9392147114, 1.01516563827, -1.91953140187, 0.00237394647985
3.47, 10.9201350414, 1.01514277544, -1.90193126223, -0.00659411712512
3.48, 10.9012290209, 1.01508158352, -1.88479220312, -0.00485116690043
3.49, 10.882492254, 1.01509353154, -1.86807495279, 0.00492464617407
3.5, 10.863920181, 1.01516951389, -1.85183469619, 0.006438985187
3.51, 10.8455082044, 1.01519208884, -1.83604457903, -0.00309816632859
3.52, 10.8272516161, 1.01513042159, -1.82074179571, -0.00796705916985
3.53, 10.8091457599, 1.01509374552, -1.80586919842, 2.92798528287e-05
3.54, 10.7911864413, 1.01515062452, -1.79141546071, 0.00762057115322
3.55, 10.7733699096, 1.0152132206, -1.77732353934, 0.00204084729543
3.56, 10.7556925188, 1.0151870515, -1.76364150361, -0.00294562834712
3.57, 10.7381510724, 1.01512708837, -1.75016038893, -0.00596524414701
3.58, 10.720742062, 1.0151233515, -1.73704474372, 0.00343564782615
3.59, 10.7034624979, 1.01519444355, -1.72424523998, 0.00694041320251
3.6, 10.6863092732, 1.01523042394, -1.71177572716, -0.00145483369913
3.61, 10.6692793091, 1.01517820274, -1.69957673835, -0.00788918816617
3.62, 10.652369659, 1.01513171656, -1.68769355352, -0.00154073613058
3.63, 10.6355773371, 1.01517644698, -1.67609675869, 0.00710131025679
3.64, 10.6188997258, 1.01524595457, -1.66475754925, 0.0035382319726
3.65, 10.6023338989, 1.0152302851, -1.65373974777, -0.00654233896708
3.66, 10.5858770988, 1.01517445421, -1.64297356429, -0.00655161910861
3.67, 10.5695266641, 1.01515700849, -1.6324481604, 0.00180962001279
3.68, 10.553280289, 1.01521892337, -1.62214198344, 0.0069020563496
3.69, 10.537135663, 1.0152647639, -1.61209062375, 8.55352698681e-05
3.7, 10.5210904244, 1.01522429812, -1.60226103509, -0.00741436178313
3.71, 10.5051422941, 1.0151709221, -1.59265663214, -0.0030052452623
3.72, 10.4892888354, 1.01520112384, -1.58329819244, 0.00611083623314
3.73, 10.4735277901, 1.01527256468, -1.57415155679, 0.00469014659578
3.74, 10.4578573937, 1.01527248723, -1.56518817001, -0.00512092880093
3.75, 10.4422755007, 1.01520604471, -1.55644767222, -0.00698906475916
3.76, 10.4267799306, 1.01518995272, -1.54793490725, 0.00236196743214
3.77, 10.4113687457, 1.0152584692, -1.53956255603, 0.00742215281358
3.78, 10.3960399816, 1.01530418647, -1.53143138195, -0.000400276848691
3.79, 10.3807918237, 1.01526063942, -1.52352511932, -0.00354668200004
3.8, 10.3656227381, 1.01521188325, -1.51562586363, -0.00374682498933
3.81, 10.3505307388, 1.01522884043, -1.50799562247, 0.00470617442627
3.82, 10.3355140943, 1.0152942854, -1.50055812377, 0.00496832737358
3.83, 10.3205709902, 1.01530577746, -1.49328738846, -0.00357803479541
3.84, 10.3056997684, 1.01524944907, -1.48616840228, -0.00675373087413
3.85, 10.2908987965, 1.01522503522, -1.47922508481, 0.000863084226851
3.86, 10.2761665022, 1.01528040691, -1.47243133692, 0.00666400196345
3.87, 10.2615012936, 1.01533016893, -1.46579199907, 0.00085438619763
3.88, 10.2469020482, 1.01529658366, -1.45925584264, -0.00704130366549
3.89, 10.2323673357, 1.01524045405, -1.45287620365, -0.00378351858643
3.9, 10.2178959058, 1.01526168099, -1.44660541293, 0.00535978321335
3.91, 10.2034863134, 1.01533198126, -1.44050709376, 0.00512490014802
3.92, 10.189137405, 1.01533990581, -1.43446909278, -0.00427067787855
3.93, 10.1748479515, 1.01527679255, -1.42859136784, -0.0072101599126
3.94, 10.160616806, 1.0152531367, -1.42280350028, 0.00137525275634
3.95, 10.1464429692, 1.0153152515, -1.41713056957, 0.00726786109209
3.96, 10.1323252188, 1.01536611042, -1.411586205, 0.0005113695239
3.97, 10.1182624247, 1.01532565544, -1.40615078422, -0.00779883139736
3.98, 10.10425358, 1.01526580754, -1.40080458258, -0.00371454149252
3.99, 10.0902975332, 1.0152924552, -1.39556724399, 0.00613219560222
4.0, 10.0763931523, 1.0153680966, -1.39045489248, 0.00529100070363
4.01, 10.0625394879, 1.01537204668, -1.38542647791, -0.00503573081395
4.02, 10.04873556, 1.01531611508, -1.38050511101, -0.00724408644951
4.03, 10.0349805128, 1.0152819436, -1.37564875629, -0.000176717001472
4.04, 10.0212735332, 1.01533281472, -1.37088730174, 0.00686070148099
4.05, 10.0076138019, 1.01539097091, -1.36620315871, 0.00198729149037
4.06, 9.99400048382, 1.01536471643, -1.36161302007, -0.00686821994207
4.07, 9.98043262395, 1.01530234332, -1.35711322749, -0.0048872398362
4.08, 9.96690949943, 1.01531376256, -1.35265607213, 0.00479878115361
4.09, 9.95343035084, 1.01538686408, -1.34829977725, 0.00604500166786
4.1, 9.93999444047, 1.01540546053, -1.34400666818, -0.00341255306243
4.11, 9.92660126608, 1.01534272952, -1.33976823895, -0.00788812394709
4.12, 9.9132502144, 1.01530807675, -1.33557754705, 0.000247987690542
4.13, 9.89994070346, 1.01536579308, -1.33145907174, 0.00754285995555
4.14, 9.88667197349, 1.0154260534, -1.32741693063, 0.00171425061039
4.15, 9.87344331338, 1.01539299395, -1.32343562714, -0.00769787396204
4.16, 9.8602541107, 1.01533991894, -1.31952550315, -0.00519441624249
4.17, 9.84710377337, 1.01533996636, -1.31565437559, 0.00330819013142
4.18, 9.83399176583, 1.01540387935, -1.3118493321, 0.00589555052963
4.19, 9.82091763548, 1.01543128283, -1.30809743052, -0.0019340828618
4.2, 9.80788073376, 1.01538107616, -1.3044060628, -0.00722839699563
4.21, 9.7948803292, 1.01534172728, -1.30078615755, -0.00104612130296
4.22, 9.78191597743, 1.01538510488, -1.29719328752, 0.00643739142119
4.23, 9.76898712108, 1.01544530875, -1.29368346131, 0.0026557471899
4.24, 9.75609313807, 1.01542680168, -1.29022550913, -0.00626151588225
4.25, 9.7432334059, 1.01536448638, -1.28680272782, -0.00540493900679
4.26, 9.7304077205, 1.01536759435, -1.28343493043, 0.00394272746604
4.27, 9.71761553271, 1.01543740928, -1.28009754372, 0.00625086267675
4.28, 9.70485642423, 1.01546302537, -1.27682634821, -0.00251747953821
4.29, 9.69212993558, 1.01540572436, -1.27357840911, -0.00782905846108
4.3, 9.67943580661, 1.01536535461, -1.27035040851, -0.000693548736313
4.31, 9.66677376656, 1.01541527403, -1.2671516735, 0.00713495004767
4.32, 9.65414481736, 1.01547840042, -1.26368930859, 0.00249819933997
4.33, 9.641550913, 1.01545393333, -1.26012743101, -0.0070457211482
4.34, 9.62899509215, 1.01538639003, -1.25615802647, -0.00554521301259
4.35, 9.61648329575, 1.01539355731, -1.25120738123, 0.00468293520251
4.36, 9.60402428027, 1.0154698619, -1.24574195076, 0.00661813357827
4.37, 9.59162154671, 1.01549332111, -1.23995749606, -0.00317050640975
4.38, 9.5792768552, 1.01544151949, -1.23404356716, -0.00725964281675
4.39, 9.56699605691, 1.01539405255, -1.22705744425, -0.00212527511992
4.4, 9.55478957434, 1.01543069622, -1.2194448109, 0.00632525605373
4.41, 9.54266310651, 1.01549726671, -1.2111480522, 0.003732103341
4.42, 9.53062118988, 1.01548773894, -1.20240700915, -0.00578523299021
4.43, 9.51866857311, 1.01542182511, -1.19337743237, -0.00636275067976
4.44, 9.50680704981, 1.01541432356, -1.18419523273, 0.0031308992183
4.45, 9.49504157661, 1.01548395046, -1.17414913228, 0.00691899257872
4.46, 9.48337731172, 1.01551996794, -1.1639756547, -0.00148593949612
4.47, 9.47181571365, 1.01546592909, -1.15366366687, -0.00820003862352
4.48, 9.46035708545, 1.01541570694, -1.14319935774, -0.00189816286874
4.49, 9.44900581231, 1.01545846104, -1.13233662569, 0.0070596200895
4.5, 9.4377641059, 1.01552872904, -1.12133509778, 0.00366128262764
4.51, 9.42663228685, 1.01551344224, -1.1103134422, -0.00662386067366
4.52, 9.41561368961, 1.01545516645, -1.09876248618, -0.00689289111019
4.53, 9.40471094757, 1.01543457583, -1.0871422498, 0.00157874434719
4.54, 9.39392795768, 1.01549589236, -1.07478708987, 0.00696023906526
4.55, 9.38326886858, 1.01554252112, -1.06238339117, 0.000114696052038
4.56, 9.37273482929, 1.01550043878, -1.04972213468, -0.00771663018403
4.57, 9.36232893471, 1.01544317986, -1.03677160246, -0.00338369023025
4.58, 9.35205437866, 1.01547119278, -1.02351030568, 0.00604737912508
4.59, 9.34191242998, 1.01554323366, -1.01028715025, 0.0048101487475
4.6, 9.33190216937, 1.0155434167, -0.997152419628, -0.00523016595735
4.61, 9.32202374874, 1.01548817367, -0.983860763848, -0.00697163737211
4.62, 9.31228166121, 1.01545672172, -0.969936282804, -7.43880168377e-06
4.63, 9.30267877899, 1.01550630917, -0.956050406856, 0.00650247537205
4.64, 9.29321429236, 1.0155596716, -0.942256323975, 0.00153284861697
4.65, 9.28389168377, 1.01553140182, -0.927715164866, -0.00681217372819
4.66, 9.2747139072, 1.01547156816, -0.913279377585, -0.00456463154021
4.67, 9.26568118985, 1.0154841906, -0.898678921189, 0.00468237136661
4.68, 9.25679400836, 1.01555340553, -0.884194244905, 0.00551715961806
4.69, 9.24805230881, 1.01556774321, -0.86959150451, -0.00365054249565
4.7, 9.23945699455, 1.01550571302, -0.854894904893, -0.00760600226168
4.71, 9.23100778062, 1.01547376256, -0.840354260105, 0.000399795049599
4.72, 9.22270343428, 1.01552975206, -0.825831169706, 0.00712228776872
4.73, 9.21454492776, 1.01558471831, -0.811302491235, 0.00123444233959
4.74, 9.20653101218, 1.01554957894, -0.796929506457, -0.00763212364558
4.75, 9.19865998953, 1.01548495836, -0.782719116836, -0.00461841376122
4.76, 9.19093041751, 1.01550219153, -0.768541094688, 0.00542448483113
4.77, 9.18334289084, 1.01557709676, -0.754400824054, 0.00574560325988
4.78, 9.17589584075, 1.01558791347, -0.740432067047, -0.00440042638391
4.79, 9.16858917538, 1.01553120959, -0.72624268176, -0.00698606488896
4.8, 9.16142338935, 1.01549314408, -0.712333579675, -0.000933497654454
4.81, 9.15439538081, 1.0155360663, -0.698565389488, 0.00624720614321
4.82, 9.14750624762, 1.01559307587, -0.684691980627, 0.00229330642993
4.83, 9.14075597254, 1.01557185628, -0.670763641686, -0.00639281123324
4.84, 9.13414544818, 1.0155097107, -0.656757097806, -0.00529814297458
4.85, 9.12767425803, 1.01551333739, -0.642903687521, 0.00390081554756
4.86, 9.12134055305, 1.01558075945, -0.629237258965, 0.00588614576818
4.87, 9.11514402835, 1.01560258006, -0.615505245775, -0.0028316079972
4.88, 9.10908371445, 1.01554388046, -0.601903872048, -0.00781082366862
4.89, 9.10315908884, 1.01550438347, -0.588350303568, -0.000608740713086
4.9, 9.0973691324, 1.0155533798, -0.575039149064, 0.00688463613724
4.91, 9.09171205563, 1.01561264033, -0.561759545729, 0.00207849611918
4.92, 9.08618706925, 1.0155850708, -0.548644610056, -0.00720469289083
4.93, 9.08079323902, 1.01551764508, -0.535502113203, -0.00543525366374
4.94, 9.07552974279, 1.0155252015, -0.522580107918, 0.00460889797883
4.95, 9.07039413321, 1.01559867613, -0.509906422151, 0.00620119941891
4.96, 9.06538382738, 1.01561791222, -0.497520956731, -0.00351157544576
4.97, 9.06049585501, 1.01556454395, -0.485438461908, -0.00725160667909
4.98, 9.05572739531, 1.01551800908, -0.473615793386, -0.00203299869694
4.99, 9.05107570563, 1.01555367562, -0.462061207563, 0.0060455519471
5.0, 9.04653811987, 1.01561589524, -0.45079065108, 0.00324696306168
5.01, 9.04211185021, 1.01560287583, -0.439798186048, -0.00596268158123
5.02, 9.03779409809, 1.01553722575, -0.429078543477, -0.00622612581333
5.03, 9.03358234858, 1.0155303653, -0.418585977071, 0.00305518614954
5.04, 9.0294742142, 1.01559692615, -0.408347167096, 0.00645305017472
5.05, 9.02546731729, 1.01562826746, -0.398332757588, -0.00186909322718
5.06, 9.02155927401, 1.01557277401, -0.38855862182, -0.00815822340452
5.07, 9.0177479825, 1.01552377964, -0.37899024485, -0.00179715941732
5.08, 9.01403121696, 1.01556543879, -0.369645814125, 0.00674626245215
5.09, 9.01040668311, 1.01563105835, -0.360521463369, 0.00315491881675
5.1, 9.00687244681, 1.01561228515, -0.351599089854, -0.00678704292774
5.11, 9.00342648088, 1.01555475603, -0.342859649341, -0.00605793395053
5.12, 9.00006687602, 1.01553917916, -0.334322148445, 0.00160651780813
5.13, 8.99679167822, 1.01559384002, -0.325962236666, 0.00585519287009
5.14, 8.9935991244, 1.0156301816, -0.317796736393, -0.000590861160935
5.15, 8.9904872178, 1.01558849429, -0.309828820331, -0.00712293884776
5.16, 8.98745420566, 1.01553899163, -0.302013136071, -0.00276154700754
5.17, 8.98449842263, 1.01556628143, -0.294375199769, 0.00535065958537
5.18, 8.98161817336, 1.01562739909, -0.286893712281, 0.00364632395735
5.19, 8.9788117472, 1.01562157025, -0.279615674695, -0.005215961744
5.2, 8.97607741158, 1.01555857674, -0.272473652035, -0.00647271030318
5.21, 8.97341383251, 1.01554445366, -0.265458142012, 0.00212787244109
5.22, 8.97081955926, 1.01560507404, -0.258603344395, 0.00631065254031
5.23, 8.96829297829, 1.01564108247, -0.251902771717, -0.00104551902824
5.24, 8.96583265661, 1.01559252988, -0.245365219592, -0.00780644003213
5.25, 8.96343713201, 1.01554046351, -0.238939920166, -0.00258576024731
5.26, 8.96110513995, 1.0155733741, -0.232652613693, 0.00605584671013
5.27, 8.95883528547, 1.01563856067, -0.226494108775, 0.00366217983318
5.28, 8.9566264256, 1.01562797778, -0.220464007375, -0.00597108816743
5.29, 8.95447719836, 1.01555886825, -0.214566753372, -0.00677995829811
5.3, 8.95238649455, 1.01554719237, -0.208757620986, 0.00275882450537
5.31, 8.95035316972, 1.01561456977, -0.203079197419, 0.00680597607681
5.32, 8.94837597592, 1.01565008163, -0.197530647779, -0.00155134536216
5.33, 8.94645377732, 1.01559420675, -0.192076831693, -0.0085106246692
5.34, 8.94458558504, 1.01553991775, -0.18673131182, -0.00233477203749
5.35, 8.94277023341, 1.01557929457, -0.181498348132, 0.00683147084336
5.36, 8.94100646, 1.01564870036, -0.176412620622, 0.00364479334303
5.37, 8.93929280076, 1.01563272658, -0.171474800998, -0.00679312156942
5.38, 8.93762781972, 1.01557138222, -0.166674335917, -0.00731812731863
5.39, 8.93601016255, 1.0155465813, -0.16200392307, 0.00121288323505
5.4, 8.93443854169, 1.01560588153, -0.157460430345, 0.00688523528758
5.41, 8.93291168211, 1.01565240843, -0.153049232981, 8.11513485934e-05
5.42, 8.93142829537, 1.0156087139, -0.148765300724, -0.00802374165024
5.43, 8.92998714131, 1.01554745642, -0.144598946887, -0.00382345348983
5.44, 8.92858706555, 1.01557214355, -0.140542833312, 0.00583688469795
5.45, 8.92722695481, 1.01564371697, -0.136601682415, 0.00482478606284
5.46, 8.92590567316, 1.01564344129, -0.132776889124, -0.00538179765776
5.47, 8.92462209454, 1.01558413119, -0.129059033278, -0.00661656100218
5.48, 8.9233751717, 1.01555399648, -0.125441724668, -8.13226242239e-05
5.49, 8.92216390771, 1.01559984864, -0.121921660835, 0.00591629170026
5.5, 8.92098732161, 1.01564743831, -0.118503919303, 0.00106933831766
5.51, 8.91984441457, 1.01561776115, -0.115185791822, -0.00670727909696
5.52, 8.91873421902, 1.01556008507, -0.111959136835, -0.00439538340707
5.53, 8.91765583875, 1.01557161113, -0.108817252421, 0.00429517962374
5.54, 8.91660841763, 1.0156349938, -0.105763434467, 0.00487527733599
5.55, 8.9155910799, 1.01564527613, -0.102800541063, -0.00379984033309
5.56, 8.91460294741, 1.01558469955, -0.0999219487703, -0.00732594331074
5.57, 8.91364319952, 1.01555426678, -0.0971195165534, 0.00032396589794
5.58, 8.91271107845, 1.01560621961, -0.0943914377523, 0.00649504545476
5.59, 8.91180582738, 1.01565525619, -0.0917442266897, 0.000786642778954
5.6, 8.91092666198, 1.01561928272, -0.0891751771922, -0.00744660380507
5.61, 8.91007282642, 1.01555754323, -0.0866762761574, -0.00439986285121
5.62, 8.90924363449, 1.01557373143, -0.0842412492776, 0.00500959184698
5.63, 8.90843843289, 1.01564251463, -0.0818749814743, 0.00509150526211
5.64, 8.90765653757, 1.0156495995, -0.079580877289, -0.00448255214191
5.65, 8.90689725703, 1.01558220952, -0.0773521998329, -0.00779914933235
5.66, 8.90615995686, 1.0155525372, -0.0751809293076, 0.000839765901575
5.67, 8.90544406238, 1.01561152239, -0.0730662527663, 0.00713416545029
5.68, 8.90474898993, 1.01566200872, -0.0710160246672, 0.000461296739044
5.69, 8.90407412012, 1.01561921997, -0.0690273413359, -0.0082233532815
5.7, 8.90341886109, 1.01555357833, -0.0670921939227, -0.00434262717037
5.71, 8.90278269042, 1.01557528393, -0.0652045906156, 0.00580731278963
5.72, 8.90216510939, 1.01563541044, -0.0633715552552, 0.00521331302919
5.73, 8.90156558401, 1.01565302003, -0.0615944031328, -0.00299851912415
5.74, 8.90098357652, 1.01559569529, -0.0598688656844, -0.0075242364169
5.75, 8.90041858892, 1.0155580258, -0.0581876385832, -0.000635845204169
5.76, 8.89987017946, 1.01560353645, -0.0565488811776, 0.00630862126738
5.77, 8.89933790502, 1.01565721235, -0.0549598754734, 0.00164969835176
5.78, 8.89882128497, 1.01562890287, -0.0534198125601, -0.00700976149648
5.79, 8.89831985237, 1.01556462705, -0.0519216560384, -0.00517024527833
5.8, 8.89783320051, 1.01557180866, -0.0504594493207, 0.00427225376883
5.81, 8.89736095376, 1.01563984301, -0.0490378182973, 0.00559829758302
5.82, 8.89690270176, 1.01565560337, -0.0476619151217, -0.00358313520485
5.83, 8.89645801341, 1.01559168232, -0.0463263090032, -0.0080355677812
5.84, 8.89602650279, 1.01555414054, -0.0450236237015, -0.000175467392844
5.85, 8.8956078396, 1.01560674728, -0.0437525673775, 0.00701274664623
5.86, 8.89520168479, 1.01566293607, -0.0425217019509, 0.00143931759059
5.87, 8.89480765499, 1.01562842483, -0.0413299068508, -0.00778479179706
5.88, 8.89442538099, 1.01555962527, -0.0401699549036, -0.00520651599876
5.89, 8.89405455567, 1.01557169262, -0.0390358880301, 0.0050558791128
5.9, 8.89369489929, 1.01564605551, -0.037933643175, 0.00590500344746
5.91, 8.89334608866, 1.01565901048, -0.0368687739335, -0.00427749728925
5.92, 8.89300777807, 1.01560083445, -0.0358344331666, -0.00739765160301
5.93, 8.89267967386, 1.01555708749, -0.0348260971356, -0.00152541570338
5.94, 8.89236151847, 1.01559670802, -0.0338407993451, 0.00617524347719
5.95, 8.89205305858, 1.01565564372, -0.0328862778979, 0.00258526969591
5.96, 8.89175399712, 1.01563574848, -0.0319633743073, -0.00650259380207
5.97, 8.89146403897, 1.01556942699, -0.0310657412839, -0.00591263752737
5.98, 8.89118294299, 1.01556769502, -0.0301873810408, 0.0035356440129
5.99, 8.89091050062, 1.01563505875, -0.0293322780877, 0.00612594379292
6.0, 8.89064646784, 1.01565986832, -0.028507056942, -0.00263681152648
6.01, 8.89039056966, 1.01559981732, -0.0277072985399, -0.00824537226204
6.02, 8.89014256687, 1.01555444294, -0.026926028052, -0.00120341892371
6.03, 8.88990227476, 1.01560050729, -0.026161185352, 0.00688117229472
6.04, 8.889669503, 1.01566249788, -0.025421680901, 0.00244435137572
6.05, 8.88944401114, 1.01563662196, -0.0247079918602, -0.00731185609714
6.06, 8.88922556184, 1.01556481588, -0.024013400345, -0.00607394743869
6.07, 8.88901397494, 1.01556704516, -0.023331766041, 0.00427824941027
6.08, 8.88880910094, 1.01564111681, -0.0226682237612, 0.00652142225934
6.09, 8.88861074727, 1.0156639724, -0.0220298409875, -0.00327861425773
6.1, 8.88841868865, 1.0156094018, -0.0214106939506, -0.00769516388037
6.11, 8.88823274343, 1.01555673232, -0.0208064521501, -0.00264833408287
6.12, 8.88805276652, 1.0155896161, -0.0202133168785, 0.00609284248696
6.13, 8.88787862157, 1.0156553257, -0.0196391762736, 0.00369690529754
6.14, 8.88771012305, 1.0156445401, -0.0190866545234, -0.00604792504609
6.15, 8.88754707654, 1.01557434468, -0.0185496826635, -0.0068988272284
6.16, 8.8873893379, 1.01556196972, -0.0180219748688, 0.00273499607497
6.17, 8.88723680052, 1.01562963885, -0.0175065036428, 0.00685358247355
6.18, 8.88708932327, 1.01566535717, -0.0170115450977, -0.00157786369834
6.19, 8.88694672394, 1.0156086336, -0.0165335232851, -0.00863672742247
6.2, 8.88680884824, 1.01555321994, -0.016065544335, -0.00241844474949
6.21, 8.88667559834, 1.01559245328, -0.0156044165583, 0.00686279193494
6.22, 8.88654687652, 1.01566233023, -0.0151593402101, 0.00367269127737
6.23, 8.88642252947, 1.01564603955, -0.0147325842854, -0.00688294945899
6.24, 8.88630239982, 1.01558355703, -0.0143169809342, -0.00744423959605
6.25, 8.88618637684, 1.01555799925, -0.0139087313634, 0.0011872421223
6.26, 8.88607438235, 1.01561762786, -0.0135081089239, 0.00694152677551
6.27, 8.88596631663, 1.01566445732, -0.0131239639841, 6.42673271006e-05
6.28, 8.88586203305, 1.01561996612, -0.012754483755, -0.0081477291246
6.29, 8.88576140143, 1.01555757594, -0.0123930619318, -0.00390738186122
6.3, 8.88566434703, 1.0155821496, -0.0120353226058, 0.00587634392805
6.31, 8.88557080611, 1.0156543119, -0.0116891145246, 0.00486738956653
6.32, 8.88548066236, 1.01565383552, -0.0113587880088, -0.00546263973288
6.33, 8.88539378205, 1.0155946173, -0.0110377374724, -0.00749715765761
6.34, 8.885310077, 1.01555837316, -0.0107221973988, -0.000386143363024
6.35, 8.88522948989, 1.01560647414, -0.0104109010613, 0.00650812797293
6.36, 8.88515195348, 1.01566040307, -0.0101124222303, 0.00152825164711
6.37, 8.8850773519, 1.01563010437, -0.00982677283773, -0.00720713075443
6.38, 8.88500557416, 1.01556530027, -0.00954783798092, -0.00508031882377
6.39, 8.88493656051, 1.01557461292, -0.00927063970872, 0.00452546379576
6.4, 8.88487027185, 1.01564408927, -0.00900104959854, 0.00560535409531
6.41, 8.88480662316, 1.01565827693, -0.00874510228108, -0.00383194617854
6.42, 8.88474550034, 1.01559241064, -0.00849800060166, -0.0081249942104
6.43, 8.88468682707, 1.01555582291, -0.00825320222336, 4.58169503733e-05
6.44, 8.88463057425, 1.01561071523, -0.00801048757669, 0.00717389865575
6.45, 8.88457669381, 1.01566665715, -0.00777943427048, 0.00126122665645
6.46, 8.88452508454, 1.01562966731, -0.00755947547677, -0.00801786529374
6.47, 8.88447565669, 1.01557436871, -0.00734343705693, -0.0053700456325
6.48, 8.88442836801, 1.015572302, -0.00712893353616, 0.00303911267198
6.49, 8.88438319064, 1.01563252444, -0.0069191742934, 0.00545499778965
6.5, 8.88434006427, 1.0156555775, -0.0067205396202, -0.00233180648772
6.51, 8.88429889603, 1.01560242395, -0.00652972447233, -0.00743967245742
6.52, 8.88425962023, 1.01556131931, -0.00634076712418, -0.00123027496184
6.53, 8.88422221604, 1.01560189469, -0.00615227345628, 0.00606012148733
6.54, 8.88418665409, 1.01565773772, -0.00597240593118, 0.0021981653937
6.55, 8.88415285636, 1.01563541414, -0.00580227670772, -0.0065540341971
6.56, 8.88412074299, 1.01557108447, -0.00563615717207, -0.00556781997986
6.57, 8.88409028157, 1.01557220994, -0.00546895353413, 0.00367682478617
6.58, 8.88406146386, 1.01563826424, -0.00530545577472, 0.00579929118913
6.59, 8.88403424015, 1.01565950665, -0.00515236780094, -0.00291202495947
6.6, 8.884008527, 1.01559940153, -0.00500569702226, -0.00802269998618
6.61, 8.88398427233, 1.01555748324, -0.00485915151203, -0.000864117719424
6.62, 8.88396147145, 1.01560462612, -0.00471160788966, 0.00675492129819
6.63, 8.88394010683, 1.01566332685, -0.00457226890995, 0.00204261785893
6.64, 8.88392010774, 1.01563512111, -0.00444170417782, -0.00733053837254
6.65, 8.88390140413, 1.01556577323, -0.00431372968416, -0.00568147656614
6.66, 8.88388397788, 1.01557110574, -0.00418298101888, 0.00441970462255
6.67, 8.88386783411, 1.01564362493, -0.00405528303578, 0.00615975957755
6.68, 8.88385293029, 1.0156627025, -0.00393758443418, -0.00355464824516
6.69, 8.88383918838, 1.01560552185, -0.00382423339437, -0.00633481561461
6.7, 8.88382657639, 1.01556307617, -0.00371145038712, -0.00185097117917
6.71, 8.88381508701, 1.01559675575, -0.00359686197655, 0.00553608242432
6.72, 8.88380471364, 1.01565286409, -0.00348806160233, 0.00269208483691
6.73, 8.88379540279, 1.01563798107, -0.00338704116638, -0.00582371668811
6.74, 8.88378709371, 1.01557613873, -0.00328858863785, -0.00580332565127
6.75, 8.88377976893, 1.01557071315, -0.00318759282487, 0.00287120948062
6.76, 8.8837734376, 1.01563216436, -0.00308783111095, 0.00577911247745
6.77, 8.88376807239, 1.01565864219, -0.00299628260026, -0.00208625706643
6.78, 8.88376360972, 1.01560508643, -0.00290977801867, -0.0077156401594
6.79, 8.88376001149, 1.0155601105, -0.00282228083975, -0.00159574774456
6.8, 8.88375728578, 1.01559958987, -0.00273207562986, 0.00619923548639
6.81, 8.88375543348, 1.0156588562, -0.00264764046881, 0.00260394719769
6.82, 8.88375440406, 1.01563868381, -0.00257055710244, -0.00657048487775
6.83, 8.88375414194, 1.01557149079, -0.00249506621082, -0.00599654139298
6.84, 8.88375463913, 1.01556937713, -0.00241579941289, 0.00354169067277
6.85, 8.88375591416, 1.01563719239, -0.00233739148829, 0.00618421635483
6.86, 8.88375794334, 1.01566227795, -0.00226722888946, -0.00264924162368
6.87, 8.88376066541, 1.01560163294, -0.00220142732184, -0.00833108371457
6.88, 8.88376404911, 1.01555558048, -0.00213356460098, -0.00123915271308
6.89, 8.88376811235, 1.01560184388, -0.00206210042141, 0.00693852484939
6.9, 8.88377286179, 1.01566443808, -0.00199660188472, 0.00248503467365
6.91, 8.88377824794, 1.01563842329, -0.00193812115702, -0.00737090818303
6.92, 8.88378422248, 1.01557999242, -0.0018798469182, -0.00640605807984
6.93, 8.88379078153, 1.01556562818, -0.00181885669022, 0.00202591868185
6.94, 8.88379794283, 1.01562484353, -0.0017570202909, 0.0061620334503
6.95, 8.88380569569, 1.01566005299, -0.0017021210988, -0.00106233391003
6.96, 8.88381398783, 1.01561199882, -0.00165184424743, -0.00773688495479
6.97, 8.88382278633, 1.01556019596, -0.00160016066485, -0.00262684801458
6.98, 8.88383210627, 1.01559192513, -0.00154432510776, 0.00588657014548
6.99, 8.88384196278, 1.01565566242, -0.00149243625544, 0.00356092178919
7.0, 8.88385231909, 1.01564500035, -0.00144739308734, -0.00591944210027
7.01, 8.88386312564, 1.01557653844, -0.00140370341761, -0.00674626059494
7.02, 8.88387437805, 1.01556436236, -0.00135558563693, 0.00263119322866
7.03, 8.88388610453, 1.01563011221, -0.00130641245272, 0.00664226440869
7.04, 8.88389829607, 1.01566479383, -0.00126451185802, -0.00156106470111
7.05, 8.88391090007, 1.01560952397, -0.00122683879443, -0.00842998604818
7.06, 8.88392388761, 1.01555552185, -0.0011869280758, -0.00237953259896
7.07, 8.88393728134, 1.01559363443, -0.00114209097316, 0.00665491856046
7.08, 8.88395110069, 1.01566159165, -0.00110156534649, 0.00355245849076
7.09, 8.88396530786, 1.01564570071, -0.00106789028659, -0.00672056815652
7.1, 8.8839798565, 1.01558541019, -0.00103423106065, -0.00659315378213
7.11, 8.88399474871, 1.01556438395, -0.000997455544614, 0.00118604284197
7.12, 8.88401000677, 1.01561860972, -0.000958548108881, 0.00611039950616
7.13, 8.88402563092, 1.01565900515, -0.000925451534959, -0.000219079014377
7.14, 8.88404157768, 1.01561780773, -0.000896758405482, -0.00739858099073
7.15, 8.88405781705, 1.01556304958, -0.000866626513979, -0.00337008934665
7.16, 8.88407436619, 1.01558680769, -0.000831717525598, 0.00529230046544
7.17, 8.88409124819, 1.01565086704, -0.000799292050053, 0.00411740616191
7.18, 8.88410843664, 1.01564844948, -0.000773251925964, -0.00512281169348
7.19, 8.88412588675, 1.01558245098, -0.000748561847204, -0.00704577442886
7.2, 8.88414359473, 1.01556270143, -0.00071939369084, 0.00171967344553
7.21, 8.88416159267, 1.01562338461, -0.000687930152626, 0.00663897643628
7.22, 8.88417988158, 1.0156640766, -0.000662772583554, -0.000631978921026
7.23, 8.88419841618, 1.01561599974, -0.000641782149082, -0.00811294835283
7.24, 8.88421716863, 1.01555830431, -0.000618717810544, -0.00321903865221
7.25, 8.88423616208, 1.0155878318, -0.000590186522153, 0.00604804550137
7.26, 8.88425542308, 1.01565665233, -0.000564582876394, 0.00420267375465
7.27, 8.88427492327, 1.01564980594, -0.000545547478409, -0.00588086652056
7.28, 8.8842946173, 1.01557734188, -0.000527418214883, -0.00739804349477
7.29, 8.88431450588, 1.01555983573, -0.000504013389429, 0.00236327705278
7.3, 8.88433462667, 1.01562779153, -0.000478215943487, 0.00720877695129
7.31, 8.88435498053, 1.01566860393, -0.000459307015187, -0.00110086960492
7.32, 8.88437551869, 1.0156234002, -0.000443428251254, -0.00658053777578
7.33, 8.88439622401, 1.01556283813, -0.000426696006093, -0.00443434197734
7.34, 8.88441710951, 1.01557817254, -0.000404361814436, 0.00491013668311
7.35, 8.88443820634, 1.01564653161, -0.000383146373453, 0.00511093960199
7.36, 8.88445949642, 1.01565448014, -0.000368445013959, -0.00436839918731
7.37, 8.88448093517, 1.01558784701, -0.000355454875652, -0.00778328236071
7.38, 8.88450251629, 1.01555751773, -0.000337958744538, 0.000720799385686
7.39, 8.88452427569, 1.01561542135, -0.000316761685836, 0.00706398323085
7.4, 8.88454622406, 1.01566608116, -0.000301334238498, 0.000542583072026
7.41, 8.88456831996, 1.01562429916, -0.00029053254463, -0.00814339610603
7.42, 8.88459053255, 1.01555863735, -0.000277991313336, -0.00441978538624
7.43, 8.88461288434, 1.01557911625, -0.000259227884695, 0.00567805884863
7.44, 8.88463540978, 1.01565303986, -0.000242059657581, 0.00530404320506
7.45, 8.88465808822, 1.01565717786, -0.000231775365459, -0.0051269333812
7.46, 8.88468087532, 1.01559759676, -0.000222112814966, -0.00784251593482
7.47, 8.88470376856, 1.01555640988, -0.000209389773717, -0.000855771242733
7.48, 8.8847267967, 1.01560311622, -0.000191958542698, 0.00669138458787
7.49, 8.88474997897, 1.01566153014, -0.000178974947945, 0.00206061233808
7.5, 8.88477328096, 1.01563409405, -0.000171213487264, -0.00722165204848
7.51, 8.88479666778, 1.01556562379, -0.00016265481287, -0.00563486753244
7.52, 8.88482015472, 1.01557071763, -0.000148068011426, 0.00434691725228
7.53, 8.88484377945, 1.01564245707, -0.000133256165494, 0.00610456687288
7.54, 8.88486753172, 1.01566165833, -0.000125195584442, -0.00348629617198
7.55, 8.88489136505, 1.01560542903, -0.000118437281457, -0.00624506718227
7.56, 8.88491527762, 1.01556325837, -0.000109309290519, -0.0018837530185
7.57, 8.88493929102, 1.01559612434, -9.55291518241e-05, 0.00543952613579
7.58, 8.88496342705, 1.01565172297, -8.46415029383e-05, 0.00269617128181
7.59, 8.88498766054, 1.0156375272, -7.87706994778e-05, -0.00572061798281
7.6, 8.88501195804, 1.01557646427, -7.28247952821e-05, -0.00577086242862
7.61, 8.88503632787, 1.0155706124, -6.18369167178e-05, 0.00277829017341
7.62, 8.88506080422, 1.01563113597, -4.95167335178e-05, 0.00571566077924
7.63, 8.88508538492, 1.01565774072, -4.28924829116e-05, -0.00201287997678
7.64, 8.88511003096, 1.01560517364, -3.89555727021e-05, -0.00762595138857
7.65, 8.88513472757, 1.01556040137, -3.17872257923e-05, -0.0016408325092
7.66, 8.88515950503, 1.01559893857, -1.96935608324e-05, 0.00609270297207
7.67, 8.88518438626, 1.01565767592, -1.10995632309e-05, 0.00261319456539
7.68, 8.88520934286, 1.01563827492, -7.69172153233e-06, -0.0064594815022
7.69, 8.88523434036, 1.01557188028, -3.86818854494e-06, -0.00596866334715
7.7, 8.8852593907, 1.01556923975, 5.64934929194e-06, 0.00343657205141
7.71, 8.88528453163, 1.01563605481, 1.62923951917e-05, 0.00611948643909
7.72, 8.88530975908, 1.01566133306, 2.06866122372e-05, -0.0025647295948
7.73, 8.88533503101, 1.0156017641, 2.25348879936e-05, -0.00823727611156
7.74, 8.88536033415, 1.01555587023, 2.81742828293e-05, -0.00129478108884
7.75, 8.88538570342, 1.01560108168, 3.91049637206e-05, 0.00682384194158
7.76, 8.88541116256, 1.01566315249, 4.58631861575e-05, 0.00250186598534
7.77, 8.88543667939, 1.01563802108, 4.7268639746e-05, -0.00724922842383
7.78, 8.88546221843, 1.01556625161, 4.94421577136e-05, -0.0061251032593
7.79, 8.88548779542, 1.01556760553, 5.79847214475e-05, 0.00418394891372
7.8, 8.88551345171, 1.01564122617, 6.73634011346e-05, 0.00652961228475
7.81, 8.88553918075, 1.01566471262, 6.99082708038e-05, -0.00319138334743
7.82, 8.88556493774, 1.01561071756, 7.09244391657e-05, -0.00768391811684
7.83, 8.88559071595, 1.01555749487, 7.42921529722e-05, -0.00274552144071
7.84, 8.88561654031, 1.01558950507, 8.33949401961e-05, 0.00603880430221
7.85, 8.88564244041, 1.01565539612, 8.98954480861e-05, 0.00376839782832
7.86, 8.88566839222, 1.0156454738, 9.06496716475e-05, -0.00597826135183
7.87, 8.88569435756, 1.01557530358, 9.12003847682e-05, -0.00695679001207
7.88, 8.88572034397, 1.01556197569, 9.74831568395e-05, 0.00263532259201
7.89, 8.88574639261, 1.01562921992, 0.000106187504208, 0.00687096517701
7.9, 8.88577250671, 1.01566569246, 0.000108600581523, -0.00147886127142
7.91, 8.88579864386, 1.01560958257, 0.000107767723567, -0.00862860395894
7.92, 8.88582478514, 1.01555353897, 0.000110253654159, -0.00252440946148
7.93, 8.88585096433, 1.01559186467, 0.000118933042549, 0.00681169530852
7.94, 8.88587721241, 1.01566201214, 0.000124290487989, 0.00375644036348
7.95, 8.8859035013, 1.01564667266, 0.000123616549834, -0.00680955560559
7.96, 8.8859297946, 1.01558418108, 0.000123655833508, -0.00751127058748
7.97, 8.8859560989, 1.0155575804, 0.000127956047111, 0.00108199584529
7.98, 8.88598245053, 1.01561680874, 0.000136018389425, 0.00696792959745
7.99, 8.88600886177, 1.01566451087, 0.000138602486357, 0.000174259580691
8.0, 8.88603529433, 1.01562066476, 0.000137124574868, -0.00814325502219
8.01, 8.88606172273, 1.01555755219, 0.000137927011428, -0.00402395789842
8.02, 8.88608817406, 1.01558117039, 0.000145147594834, 0.00582715747434
8.03, 8.88611468447, 1.01565369621, 0.000150751948738, 0.0049640578677
8.04, 8.88614123479, 1.01565426773, 0.000149961715086, -0.00538507072305
8.05, 8.88616778489, 1.01559498902, 0.00014908219903, -0.00757459693744
8.06, 8.88619433728, 1.01555760593, 0.000151655456011, -0.000497107196043
8.07, 8.88622092341, 1.01560533731, 0.000158857519603, 0.00654456789202
8.08, 8.88624756301, 1.01566026007, 0.000161793038368, 0.00164867272525
8.09, 8.88627422417, 1.01563062871, 0.000160062811698, -0.00720820251177
8.1, 8.88630087675, 1.01556499893, 0.000159593970095, -0.00520793943059
8.11, 8.8863275399, 1.01557330902, 0.000165259106369, 0.00447895987134
8.12, 8.886354252, 1.01564325136, 0.00017101583423, 0.00571580367793
8.13, 8.88638100345, 1.01565857859, 0.000170465061516, -0.00375141200042
8.14, 8.88640775252, 1.01559258603, 0.000168157656824, -0.00821429965166
8.15, 8.88643449297, 1.01555475808, 0.000170485540445, -7.03633002015e-05
8.16, 8.88646126455, 1.01560932406, 0.000177647547555, 0.0072217130096
8.17, 8.88648808675, 1.01566638711, 0.000179758140534, 0.00139217048828
8.18, 8.88651492339, 1.01563007528, 0.000177097167487, -0.0080260736104
8.19, 8.8865417472, 1.01557383496, 0.000176674692555, -0.005509780567
8.2, 8.8865685769, 1.01557072383, 0.000180810671253, 0.00299648871402
8.21, 8.88659544489, 1.01563152379, 0.000186218122316, 0.00557948636197
8.22, 8.88662234941, 1.01565580604, 0.00018614407246, -0.00224920905938
8.23, 8.88664925353, 1.01560245084, 0.000183739484818, -0.00754206567163
8.24, 8.88667614564, 1.0155599959, 0.000184856782539, -0.00135195142221
8.25, 8.88670305831, 1.01560029386, 0.000190882318618, 0.00612011870045
8.26, 8.88673001473, 1.01565739277, 0.000193403865317, 0.00233962658446
8.27, 8.8867569873, 1.01563575034, 0.000191061760961, -0.0065703305607
8.28, 8.8867839443, 1.0155703455, 0.000189466755282, -0.00572033133467
8.29, 8.88681090046, 1.01557038922, 0.000193720656172, 0.00363931466657
8.3, 8.88683789446, 1.01563714993, 0.000198945227965, 0.0059391954258
8.31, 8.8868649221, 1.01565971077, 0.000198099112815, -0.00282889372779
8.32, 8.88689194305, 1.01559930968, 0.000195049272556, -0.00813990601815
8.33, 8.886918947, 1.01555592494, 0.000196059324659, -0.000990728501966
8.34, 8.88694597068, 1.01560285309, 0.000202274206186, 0.00682919540973
8.35, 8.88697303756, 1.01566295613, 0.000204263601335, 0.00219463528735
8.36, 8.88700011588, 1.01563542387, 0.000201208304863, -0.00735715865717
8.37, 8.88702717271, 1.01556485442, 0.000199238338332, -0.005847801038
8.38, 8.8870542263, 1.01556906859, 0.000203735988252, 0.00438843118619
8.39, 8.88708131842, 1.01564243702, 0.000208853419062, 0.00631649965747
8.4, 8.88710844192, 1.01566292463, 0.00020730467127, -0.00347157026301
8.41, 8.88713555353, 1.01560817821, 0.000204553711481, -0.0075608542603
8.42, 8.88716264932, 1.01555775756, 0.000204387109042, -0.00241837755936
8.43, 8.88718975563, 1.01559148472, 0.000209824885986, 0.00602448111972
8.44, 8.88721690132, 1.01565509806, 0.000212559882329, 0.00343004597695
8.45, 8.88724406248, 1.01564265877, 0.000209863267495, -0.00607748584515
8.46, 8.88727120341, 1.0155739592, 0.000207257150933, -0.00664520116149
8.47, 8.88729833391, 1.01556369491, 0.000210440936001, 0.00284196740819
8.48, 8.88732549514, 1.01563047532, 0.000215772477106, 0.00662357272321
8.49, 8.88735268934, 1.01566366657, 0.000214982856581, -0.00177317296346
8.5, 8.88737987556, 1.01560692298, 0.00021127112392, -0.00847525854562
8.51, 8.88740703752, 1.01555400788, 0.000211084366342, -0.0021728031313
8.52, 8.88743421017, 1.01559403905, 0.000216897361633, 0.00677474369384
8.53, 8.88746142326, 1.01566157055, 0.000219266854462, 0.00338531560943
8.54, 8.88748864869, 1.01564361067, 0.000215927967409, -0.00689676507248
8.55, 8.88751585098, 1.01558307465, 0.000213746435219, -0.0064807920053
8.56, 8.88754304359, 1.01556408683, 0.000215760887531, 0.0014046999743
8.57, 8.88757025882, 1.01561926687, 0.000220684489501, 0.00607092355973
8.58, 8.88759750521, 1.01565790935, 0.000220651130233, -0.000455423825458
8.59, 8.88762474826, 1.01561515444, 0.000217286965485, -0.0074371629223
8.6, 8.88765196809, 1.01556165934, 0.000216389586617, -0.00314246275624
8.61, 8.88767919159, 1.01558743088, 0.00022108848228, 0.00540865567916
8.62, 8.88770644957, 1.01565088698, 0.000223921997936, 0.0039250700043
8.63, 8.88773372284, 1.01564620923, 0.00022125546717, -0.00530732192134
8.64, 8.88776097521, 1.01558006115, 0.000218203157784, -0.00691147056344
8.65, 8.88778821205, 1.01556256514, 0.000220489510525, 0.00195239822764
8.66, 8.88781547317, 1.01562415769, 0.00022560288569, 0.00658064148868
8.67, 8.88784276559, 1.01566285842, 0.000225064860788, -0.000889195271001
8.68, 8.88787005091, 1.01561317978, 0.00022121404363, -0.00814086008563
8.69, 8.88789730952, 1.0155569682, 0.000220289808082, -0.00296642571689
8.7, 8.88792457234, 1.01558863072, 0.000225424391672, 0.00616155972441
8.71, 8.88795187154, 1.01565665323, 0.000228057641716, 0.0039831227433
8.72, 8.88797918405, 1.01564736078, 0.000224852584023, -0.00607076462459
8.73, 8.8880064714, 1.01557488022, 0.00022150264655, -0.00723887688217
8.74, 8.88803374179, 1.01555985703, 0.000224126263698, 0.00261043530274
8.75, 8.88806103878, 1.01562867005, 0.00022947410009, 0.00713019797488
8.76, 8.88808836745, 1.01566723369, 0.000228444712567, -0.00138025390301
8.77, 8.8881156843, 1.01562039665, 0.000225095164858, -0.00659433694889
