timestamp, prius0 x posi, prius0 y posi, prius0 x vel, prius0 y vel.
0.0, 0.0, 0.0, 0.0, 0.0
0.00999999999999, -0.999887066066, 24.9968010909, 0.00347635694764, -0.206792446293
0.02, -0.999923072394, 24.9943380761, -0.00743787323107, -0.276628263433
0.03, -1.00000596212, 24.9911825902, -0.00527128754225, -0.345420705051
0.04, -1.00000198337, 24.9873452054, 0.00209523882314, -0.413085381248
0.05, -0.999981046129, 24.9828162677, 0.000823196182013, -0.487700079258
0.06, -0.99998671067, 24.9774475132, 0.000949410482169, -0.575438589915
0.07, -0.999988938089, 24.9712053238, -6.75793538498e-05, -0.663537541181
0.08, -0.999995273537, 24.9640847363, 0.000718192393758, -0.751818577555
0.09, -0.999984068175, 24.9560842924, 0.00262850476289, -0.839784978887
0.1, -0.999966274842, 24.9472085095, 0.00190220595372, -0.926961702298
0.11, -0.99996793609, 24.9374626515, -0.000545673030225, -1.01409439379
0.12, -0.999985243894, 24.9268474035, -0.00099338029945, -1.10120330456
0.13, -0.999992678161, 24.9153654128, 0.000852796269929, -1.18760611351
0.14, -0.999984671588, 24.9030221184, 0.00164807196173, -1.27346138747
0.15, -0.999983540458, 24.8898229928, -4.03741693827e-05, -1.35888702207
0.16, -0.999999787541, 24.8757717207, -0.00118593993968, -1.44370848895
0.17, -1.00001150728, 24.8608761128, 0.000584185237411, -1.52791438444
0.18, -0.999999312445, 24.8451408788, 0.00283119019926, -1.61148015824
0.19, -0.99997930499, 24.8285747615, 0.0021467828319, -1.69406614486
0.2, -0.999978377424, 24.8111878404, -0.000227414317382, -1.77564215681
0.21, -0.999991354885, 24.7929902319, -0.000390044739764, -1.85621118715
0.22, -0.999990885293, 24.7739919476, 0.00176902363457, -1.93578621844
0.23, -0.999973977474, 24.7542028384, 0.00242508498737, -2.01438493689
0.24, -0.999967346365, 24.7336325972, 0.000272926254551, -2.09202109008
0.25, -0.99998207856, 24.7122908186, -0.001166080359, -2.16870155312
0.26, -0.999993322411, 24.6901871228, 0.000634255664756, -2.24442244338
0.27, -0.999979938112, 24.6673334, 0.00295848263783, -2.31914395076
0.28, -0.999959001343, 24.6437423049, 0.00214453437075, -2.39294235443
0.29, -0.999959628376, 24.6194243517, -0.000483255967766, -2.46591299495
0.3, -0.999974760048, 24.5943881726, -0.000461583069533, -2.53800622631
0.31, -0.999972038603, 24.5686425355, 0.00226886164288, -2.6092086846
0.32, -0.999948597573, 24.5421962075, 0.00312033875725, -2.67953765511
0.33, -0.999937010976, 24.5150578113, 0.000556378891876, -2.74900674052
0.34, -0.999951083936, 24.4872358855, -0.00121723716327, -2.81761489521
0.35, -0.999961955609, 24.4587404507, 0.000788361896256, -2.88439006405
0.36, -0.999945213593, 24.4295883526, 0.00334806505516, -2.94915825407
0.37, -0.999921696525, 24.3997984102, 0.00221911747584, -3.01206087681
0.38, -0.999923371592, 24.3693889066, -0.00069014033253, -3.07314915011
0.39, -0.999939885458, 24.3383778238, -0.000501500639265, -3.13244935665
0.4, -0.999935714316, 24.3067828912, 0.00252381798597, -3.18999012339
0.41, -0.999909299609, 24.2746215507, 0.00337782024795, -3.24580154461
0.42, -0.999896091464, 24.2419109319, 0.000620825702307, -3.29991992744
0.43, -0.999909626118, 24.2086677615, -0.00114404254492, -3.3523671379
0.44, -0.999918371425, 24.1749087639, 0.00110166499501, -3.4031491789
0.45, -0.999897905989, 24.1406504273, 0.00369314075737, -3.45230294266
0.46, -0.999872083252, 24.1059087622, 0.00231547666578, -3.4998816259
0.47, -0.999873833869, 24.0706992487, -0.000752865590376, -3.54593661594
0.48, -0.999889971972, 24.0350368796, -0.000348580101572, -3.59051417199
0.49, -0.999882455764, 23.9989361579, 0.00295712293666, -3.63366675812
0.5, -0.99985185308, 23.9624110214, 0.003703285707, -3.67545307993
0.51, -0.999837124967, 23.9254748556, 0.000628192721353, -3.71592456908
0.52, -0.999850857102, 23.8881406008, -0.00112858258146, -3.75512071022
0.53, -0.999857572541, 23.8504208173, 0.00145670139173, -3.79307967115
0.54, -0.999832430305, 23.8123276317, 0.00416917717809, -3.82984886655
0.55, -0.999803189829, 23.7738726849, 0.00249655820543, -3.8654759903
0.56, -0.999804551224, 23.7350672016, -0.000784630224506, -3.89999756527
0.57, -0.999819940752, 23.6959220905, -0.000141179333004, -3.93344249157
0.58, -0.999808362955, 23.656447937, 0.00347341986022, -3.96584683836
0.59, -0.999772844354, 23.6166549153, 0.00409019694995, -3.99725434395
0.6, -0.999756191718, 23.576552794, 0.000666624016093, -4.02770174527
0.61, -0.999769788088, 23.5361510443, -0.00106661352959, -4.0572138174
0.62, -0.999773831728, 23.4954588967, 0.00189128523374, -4.08581569941
0.63, -0.999743248162, 23.4544852645, 0.00471490201792, -4.11354412065
0.64, -0.999710129185, 23.4132386802, 0.00270865256449, -4.14043627056
0.65, -0.999710880219, 23.3717273712, -0.000789836343544, -4.16651703852
0.66, -0.999725090907, 23.3299593665, 0.000128147341194, -4.19180373811
0.67, -0.999708732111, 23.287942476, 0.00406544524527, -4.21632306509
0.68, -0.999667719002, 23.2456841843, 0.00451881267, -4.24011050824
0.69, -0.999648929481, 23.2031916584, 0.00071878537042, -4.26319344932
0.7, -0.999662181746, 23.1604718682, -0.000968227821767, -4.28558626974
0.71, -0.999662996766, 23.1175316412, 0.00239608703229, -4.30730504324
0.72, -0.999626316548, 23.0743775655, 0.00531668797605, -4.32837960958
0.73, -0.999589008892, 23.0310159176, 0.00293516725814, -4.3488399335
0.74, -0.999589079603, 22.9874527503, -0.000782636428164, -4.36870208284
0.75, -0.999601793611, 22.9436940083, 0.000449274369979, -4.38797448644
0.76, -0.99958002948, 22.8997454934, 0.0047224241624, -4.40667738025
0.77, -0.999533068554, 22.8556127392, 0.00497433350082, -4.42484081834
0.78, -0.999512080675, 22.8113010232, 0.000769445481017, -4.44248526398
0.79, -0.999524906836, 22.7668155039, -0.000844418465605, -4.4596168805
0.8, -0.999522025366, 22.7221612726, 0.00296234953121, -4.47624504179
0.81, -0.999478691253, 22.6773432345, 0.00596255805086, -4.49239523537
0.82, -0.999437020538, 22.6323660281, 0.00316115225527, -4.5080924479
0.83, -0.999436476492, 22.587234129, -0.000775302605026, -4.52334582354
0.84, -0.999447468998, 22.5419519767, 0.00081428530646, -4.53815681769
0.85, -0.999419749839, 22.4965239228, 0.00543566563148, -4.55254143538
0.86, -0.999366494704, 22.4509540856, 0.00544384843091, -4.56652642252
0.87, -0.999343378882, 22.4052463699, 0.000805536429757, -4.58012706265
0.88, -0.999355799754, 22.3594046232, -0.000703547495579, -4.59334283784
0.89, -0.999348816732, 22.3134326848, 0.00358395772469, -4.60617824925
0.9, -0.99929834572, 22.2673342413, 0.00664281951674, -4.6186564271
0.91, -0.999252251693, 22.221112739, 0.00337391365187, -4.63079904895
0.92, -0.999251269675, 22.1747715079, -0.000777427811605, -4.64260965851
0.93, -0.999260380599, 22.1283139004, 0.00121821664704, -4.65408411628
0.94, -0.999226204478, 22.08174322, 0.00619896644747, -4.66523596502
0.95, -0.999166395358, 22.0350625546, 0.00591634396382, -4.67609026792
0.96, -0.999141335296, 21.9882748071, 0.00081616427594, -4.68665835384
0.97, -0.999153450166, 21.9413828737, -0.000551129176987, -4.69693406756
0.98, -0.999141995978, 21.8943896896, 0.00425755634496, -4.70691843394
0.99, -0.999083957525, 21.8472980549, 0.00734977535774, -4.71663379085
1.0, -0.999033477964, 21.8001105424, 0.00356254953076, -4.72609970973
1.01, -0.999032326808, 21.7528296451, -0.000796150745681, -4.73531498988
1.02, -0.999039435752, 21.7054579277, 0.00165886397959, -4.74427088035
1.03, -0.998998324472, 21.6579979334, 0.00700848626152, -4.75297985585
1.04, -0.998931767637, 21.6104519935, 0.00638292173977, -4.76146652106
1.05, -0.998905039052, 21.5628222731, 0.000792804502996, -4.76973905533
1.06, -0.998917000866, 21.5151109745, -0.000390035752632, -4.77778631241
1.07, -0.998900715994, 21.4673203772, 0.00498222692943, -4.78560691545
1.08, -0.998834710107, 21.4194526316, 0.00807774797669, -4.79322364656
1.09, -0.998779960906, 21.3715097005, 0.00371817494823, -4.80063954927
1.1, -0.998778979339, 21.323493823, -0.000836294646498, -4.80780831258
1.11, -0.998783981516, 21.2754075916, 0.00213629315752, -4.8147254896
1.12, -0.998735460567, 21.2272533259, 0.0078619149622, -4.82142412959
1.13, -0.998662016354, 21.1790330817, 0.0068355331103, -4.82792682734
1.14, -0.998633977271, 21.130748753, 0.000727990727442, -4.83423917465
1.15, -0.998645978715, 21.0824025029, -0.000221691044575, -4.84032435985
1.16, -0.998624500582, 21.0339964847, 0.00575787901245, -4.84619723587
1.17, -0.998550155773, 20.9855327585, 0.008820704549, -4.85186368959
1.18, -0.998491334196, 20.9370132751, 0.0038314943483, -4.85735968256
1.19, -0.998490930792, 20.8884396956, -0.000902538173534, -4.86268333298
1.2, -0.998493732276, 20.839813837, 0.00265113288423, -4.86781395452
1.21, -0.998437329067, 20.7911377345, 0.00875698125071, -4.87274791555
1.22, -0.998356916664, 20.742413031, 0.00726570533263, -4.87753755608
1.23, -0.998328010806, 20.6936411331, 0.000614406429901, -4.88218647479
1.24, -0.998340279129, 20.6448235848, -4.63430250862e-05, -4.88666150133
1.25, -0.998313230849, 20.5959622551, 0.00658608886556, -4.89095859935
1.26, -0.998230188671, 20.5470586493, 0.00957447791473, -4.89512260592
1.27, -0.998167563204, 20.4981140238, 0.00389478969624, -4.89915515107
1.28, -0.998168200542, 20.4491298149, -0.000997046726922, -4.90305499032
1.29, -0.9981686978, 20.4001073416, 0.00320628868869, -4.90679714143
1.3, -0.998103921911, 20.3510478507, 0.00969342914034, -4.91053332498
1.31, -0.998016495805, 20.3019504577, 0.00766829314584, -4.91433635016
1.32, -0.99798718544, 20.2528115627, 0.000453770967811, -4.91875832472
1.33, -0.997999930117, 20.2036293616, 0.000137702131262, -4.92303342263
1.34, -0.997966944313, 20.1544050764, 0.00746603364644, -4.92718166958
1.35, -0.997874848173, 20.1051398308, 0.0103416492533, -4.93123119043
1.36, -0.997808638041, 20.0558344938, 0.00391512685079, -4.93519922163
1.37, -0.997810716062, 20.0064899618, -0.00111394128245, -4.93906827508
1.38, -0.997808768675, 19.9571073656, 0.00380507947398, -4.94281626445
1.39, -0.99773509891, 19.9076878403, 0.0106763368916, -4.94646164487
1.4, -0.99764055021, 19.8582322321, 0.00805053513116, -4.9500347067
1.41, -0.997611318272, 19.8087412476, 0.000238892351982, -4.95353386481
1.42, -0.997624734619, 19.7592157896, 0.00034036927521, -4.95692969586
1.43, -0.99758524081, 19.7096569423, 0.00841741640216, -4.96021889038
1.44, -0.99748364574, 19.6600655951, 0.0111159580954, -4.96343489275
1.45, -0.997414253722, 19.6104423581, 0.00386745332647, -4.96659486147
1.46, -0.997418328918, 19.5607878978, -0.00125858532953, -4.96967656293
1.47, -0.997413686695, 19.5111031577, 0.00446549681672, -4.97265500554
1.48, -0.997330456594, 19.4613890785, 0.0117084944803, -4.97555208044
1.49, -0.997228811582, 19.4116462774, 0.00838619284733, -4.97840036298
1.5, -0.997200315247, 19.3618752384, -3.82533334304e-05, -4.98119534934
1.51, -0.997214605937, 19.3120766883, 0.000564192895006, -4.9839024399
1.52, -0.997168046883, 19.2622515564, 0.00943725925905, -4.98651928666
1.53, -0.99705656305, 19.2124005438, 0.0118925492049, -4.9890835347
1.54, -0.996984421388, 19.1625240514, 0.00375135808033, -4.99161206075
1.55, -0.996991041814, 19.1126225699, -0.00142922985073, -4.99407744313
1.56, -0.996983456639, 19.0626969114, 0.00518648555349, -4.99645193045
1.57, -0.996890030006, 19.0127478718, 0.0127873263655, -4.99876168814
1.58, -0.996781332654, 18.9627758836, 0.00867547470114, -5.00104183654
1.59, -0.996754241944, 18.9127812533, -0.000378909616931, -5.00328460734
1.6, -0.996769595591, 18.8627645807, 0.000813253734696, -5.00544988861
1.61, -0.99671535824, 18.8127266874, 0.0105302300773, -5.00753701602
1.62, -0.996593592727, 18.7626681252, 0.0126675339093, -5.00958845711
1.63, -0.996519199961, 18.7125891228, 0.00355999413019, -5.01162069301
1.64, -0.996516963202, 18.6624901406, 3.45856288518e-05, -5.01356497185
1.65, -0.996509663825, 18.612372383, 0.00429779099768, -5.01538825534
1.66, -0.996426363817, 18.5622368843, 0.0121166212468, -5.0171197989
1.67, -0.996313167869, 18.5120845406, 0.0100694055683, -5.01876454658
1.68, -0.996267163159, 18.4619159598, 0.00147427296971, -5.02035794766
1.69, -0.996273746168, 18.4117320834, 0.00071127305891, -5.02182823122
1.7, -0.996228954363, 18.3615339958, 0.00928636215679, -5.02320708401
1.71, -0.996112518128, 18.3113224051, 0.0130295324908, -5.02454277505
1.72, -0.996023552124, 18.2610974356, 0.00561916439234, -5.02587895204
1.73, -0.996016226009, 18.2108593259, -0.000628204189504, -5.02713536449
1.74, -0.996007811039, 18.160609563, 0.00487572564702, -5.02824106236
1.75, -0.995915085725, 18.1103491985, 0.0131867833632, -5.02925466286
1.76, -0.995794264958, 18.0600789825, 0.0104453364497, -5.03022118625
1.77, -0.995749177045, 18.0097992076, 0.00112728218981, -5.03116103361
1.78, -0.995757642851, 17.959510443, 0.000832886355184, -5.03200915589
1.79, -0.9957062841, 17.9092137793, 0.0103113057464, -5.03275772462
1.8, -0.995579389923, 17.8589098401, 0.0138851758581, -5.03347032107
1.81, -0.995487224703, 17.8085988182, 0.00550101875531, -5.0341702525
1.82, -0.99547506841, 17.7582809926, 0.00242278026822, -5.03472303626
1.83, -0.995461069966, 17.7079572362, 0.00436908960838, -5.03536795133
1.84, -0.99537829595, 17.6576283161, 0.0122159855877, -5.03585857938
1.85, -0.995257876727, 17.6072946442, 0.0113373539245, -5.03631290301
1.86, -0.995195838929, 17.556956607, 0.00310339542897, -5.03673510592
1.87, -0.995191321869, 17.5066145622, 0.00127250231526, -5.03711229543
1.88, -0.995146098896, 17.4562692991, 0.00911378329145, -5.03739490471
1.89, -0.995027824167, 17.4059215163, 0.0136986239056, -5.03761849294
1.9, -0.994925683012, 17.3555713906, 0.00731748331261, -5.03785494968
1.91, -0.994902793303, 17.3052190068, 0.000560375827506, -5.03806406838
1.92, -0.994889579594, 17.25486489, 0.00484070509203, -5.03819557497
1.93, -0.994798140648, 17.2045099147, 0.0132563970779, -5.03824551013
1.94, -0.99466969985, 17.1541546111, 0.0117979676544, -5.03827184675
1.95, -0.994607788729, 17.1037990499, 0.00280413935662, -5.03828250558
1.96, -0.994605402833, 17.0534437256, 0.00131342699358, -5.0382299116
1.97, -0.994554608213, 17.0030892415, 0.0100524370353, -5.03812354381
1.98, -0.9944260575, 16.9527359604, 0.0145982332677, -5.03799429944
1.99, -0.994319858039, 16.9023839033, 0.00729258267892, -5.03786832261
2.0, -0.994299783437, 16.8520333285, 0.000265604999143, -5.03769818383
2.01, -0.994285333513, 16.8016847501, 0.00540024021112, -5.03747091198
2.02, -0.994184253437, 16.7513386681, 0.0143828102234, -5.03720571647
2.03, -0.994047460695, 16.7009953921, 0.0122430018178, -5.0369162051
2.04, -0.99398618752, 16.6506549923, 0.00244504379612, -5.03661331302
2.05, -0.993971724187, 16.6003179595, 0.00145615945845, -5.03625047577
2.06, -0.99392902199, 16.5499849505, 0.0088341263864, -5.03581373562
2.07, -0.993806900593, 16.4996564397, 0.0147734983462, -5.03535745891
2.08, -0.99368764044, 16.4493323789, 0.00928098451913, -5.03492217648
2.09, -0.993649762349, 16.3990128131, 0.00143736686196, -5.03440950021
2.1, -0.993635886431, 16.3486998045, 0.00443513020886, -5.03356885737
2.11, -0.993546531167, 16.2983975705, 0.013520440533, -5.03222712871
2.12, -0.993406511807, 16.2481112277, 0.0135943869025, -5.0304314061
2.13, -0.993325669917, 16.1978483986, 0.0044247537984, -5.02742051414
2.14, -0.99331590078, 16.1476206244, 0.00130066769563, -5.02355155966
2.15, -0.993269249787, 16.0974344306, 0.0096568890766, -5.01911652747
2.16, -0.993136967672, 16.0472959466, 0.0157357798071, -5.01388114463
2.17, -0.99301282706, 15.9972148043, 0.0093083280838, -5.00783451768
2.18, -0.99297024716, 15.9471981064, 0.00430943080387, -5.00055053966
2.19, -0.992953480194, 15.8972612159, 0.00363498243236, -4.99216220353
2.2, -0.992875817876, 15.8474162666, 0.012497764591, -4.9824090733
2.21, -0.99273540481, 15.7976708992, 0.0146167256479, -4.97224888373
2.22, -0.992637049106, 15.7480286754, 0.00633988365035, -4.96195370995
2.23, -0.992616444853, 15.6984985655, 0.00142346528096, -4.94976686119
2.24, -0.992578932421, 15.6490914245, 0.00822132786356, -4.93709631607
2.25, -0.992456130683, 15.5998161253, 0.015569973456, -4.92363345083
2.26, -0.992321433704, 15.550678594, 0.011147931632, -4.90937368536
2.27, -0.992269234753, 15.5016871297, 0.00221309391339, -4.8946117023
2.28, -0.992243328905, 15.4528450953, 0.00314754521888, -4.87949613797
2.29, -0.992177674549, 15.4041570957, 0.0111256470397, -4.86363421761
2.3, -0.992042678096, 15.3556315292, 0.015011016107, -4.84721003174
2.31, -0.991930341267, 15.3072712735, 0.00821284656198, -4.83042673741
2.32, -0.991896129987, 15.2590844035, 0.00197396436517, -4.81254398755
2.33, -0.991865140871, 15.2110796225, 0.0067940811333, -4.79419976274
2.34, -0.991755552267, 15.1632664604, 0.0147977162437, -4.77442971049
2.35, -0.991615821524, 15.1156513547, 0.0126246498614, -4.75444377925
2.36, -0.991545726871, 15.0682357191, 0.00374900917356, -4.73450247877
2.37, -0.99152986772, 15.0210197146, 0.00296273755364, -4.71450881101
2.38, -0.991461218697, 14.9740048823, 0.0117634769811, -4.69412050048
2.39, -0.991319296804, 14.9271966625, 0.0155608158766, -4.67323221083
2.4, -0.991206104638, 14.8806003787, 0.00789836657901, -4.65187302688
2.41, -0.991165498706, 14.8342178611, 0.0030666781395, -4.63045778868
2.42, -0.991139192723, 14.7880486746, 0.00544023342545, -4.60923638943
2.43, -0.991043604432, 14.7420933771, 0.0138199933867, -4.58752545472
2.44, -0.990901631589, 14.6963565999, 0.013838688364, -4.56582218666
2.45, -0.99081463462, 14.6508347037, 0.00534841881711, -4.54420992627
2.46, -0.990793528713, 14.6055306941, 0.002437252339, -4.52252182312
2.47, -0.990738720268, 14.5604476206, 0.0101084216412, -4.50014141497
2.48, -0.990605236886, 14.5155841753, 0.015693315481, -4.47850890834
2.49, -0.990479550765, 14.4709435601, 0.00973093334175, -4.45562207357
2.5, -0.990436557726, 14.4265293576, 0.00208373113646, -4.4328870135
2.51, -0.990399919604, 14.3823449517, 0.00500243358382, -4.40975195012
2.52, -0.990316715481, 14.3383930935, 0.0123161761236, -4.38660835887
2.53, -0.990182661467, 14.2946729191, 0.0139114773202, -4.36325784017
2.54, -0.99008474399, 14.2511844916, 0.00698492501969, -4.34030820753
2.55, -0.990050928046, 14.2079244247, 0.00301432411299, -4.31757166904
2.56, -0.990001985937, 14.1648902251, 0.00872827490815, -4.2951663578
2.57, -0.989882531147, 14.1220777406, 0.0147219011531, -4.27317650447
2.58, -0.989754607069, 14.0794828146, 0.0109199138015, -4.25166148511
2.59, -0.989695651545, 14.0371004884, 0.00353856176638, -4.23068142043
2.6, -0.989668580206, 13.9949253234, 0.00492065809856, -4.2101855352
2.61, -0.989581860464, 13.9529523527, 0.0129324495899, -4.19024193256
2.62, -0.989442347632, 13.9111757239, 0.0142413763471, -4.17089321803
2.63, -0.98934564191, 13.8695895842, 0.00653487645859, -4.15211824988
2.64, -0.989317077461, 13.8281884981, 0.00261140978033, -4.13386424703
2.65, -0.989267738878, 13.7869674559, 0.00915743102156, -4.11609373168
2.66, -0.989141711731, 13.7459215217, 0.0153970220572, -4.09883311596
2.67, -0.989010729172, 13.705045429, 0.0108474153401, -4.08210573252
2.68, -0.988956024142, 13.664333946, 0.00298021869439, -4.06587970711
2.69, -0.98893199826, 13.6237827759, 0.00494227247774, -4.0500302373
2.7, -0.988840141163, 13.5833887004, 0.0137338956236, -4.03447494122
2.71, -0.988693883171, 13.5431480451, 0.0146347112472, -4.01933297796
2.72, -0.988598434668, 13.5030563866, 0.00605050362799, -4.00465204741
2.73, -0.988563290427, 13.4631095466, 0.00390081623185, -3.99034105192
2.74, -0.988515699823, 13.4233041628, 0.00809598920931, -3.97630389181
2.75, -0.988402293502, 13.3836371028, 0.0144441826373, -3.96267724811
2.76, -0.988269753424, 13.3441049903, 0.0119525559431, -3.94935476999
2.77, -0.988198831095, 13.3047043457, 0.00458785294486, -3.93637412455
2.78, -0.988168203145, 13.2654320002, 0.0046669384261, -3.92368211868
2.79, -0.988087970505, 13.2262852734, 0.0122444140089, -3.9112446642
2.8, -0.98794958969, 13.1872615069, 0.0147497602571, -3.89909687887
2.81, -0.98784184862, 13.1483575284, 0.00790109224496, -3.88727826172
2.82, -0.987803416967, 13.1095703818, 0.00306974419886, -3.87571368159
2.83, -0.987756833799, 13.0708978538, 0.00844776237607, -3.8643457399
2.84, -0.987636499634, 13.0323380631, 0.0152314794637, -3.85317263226
2.85, -0.987499211355, 12.9938887162, 0.0120692031226, -3.84226196415
2.86, -0.987431005459, 12.9555471718, 0.00413014026452, -3.83159861544
2.87, -0.987403081072, 12.917311254, 0.00469906308596, -3.82113831056
2.88, -0.987317961748, 12.8791792131, 0.013030155959, -3.81081320475
2.89, -0.987172058102, 12.8411493464, 0.01530233933, -3.80071664066
2.9, -0.987063511056, 12.8032192981, 0.00761840241307, -3.79085143465
2.91, -0.987029167762, 12.7653867492, 0.00274587353163, -3.78118705808
2.92, -0.986981428076, 12.7276501722, 0.00896820443428, -3.77166381535
2.93, -0.986853089702, 12.6900081143, 0.0160892732667, -3.76229739914
2.94, -0.986710745277, 12.6524584907, 0.0121857670834, -3.75316747092
2.95, -0.986645409323, 12.6149991536, 0.00365930115951, -3.7442320145
2.96, -0.986605652596, 12.5776284222, 0.00487044220909, -3.73545138333
2.97, -0.986528931174, 12.5403446894, 0.0116932240681, -3.72682592562
2.98, -0.98639195215, 12.5031463092, 0.0151484488777, -3.71837754035
2.99, -0.986273459642, 12.4660314286, 0.00936224089411, -3.7101270912
3.0, -0.986222349204, 12.4289981393, 0.00392223877759, -3.70203942563
3.01, -0.986174815376, 12.3920451418, 0.00801396682188, -3.69408407473
3.02, -0.98605939544, 12.3551710718, 0.0149913372786, -3.68625395568
3.03, -0.985916967996, 12.318374245, 0.0132140187517, -3.6786303308
3.04, -0.985834177696, 12.281652806, 0.00555042360475, -3.67117554569
3.05, -0.985798663797, 12.2450051178, 0.00480908185447, -3.66386701809
3.06, -0.985717851647, 12.2084302875, 0.0124261530236, -3.6566089021
3.07, -0.985573040409, 12.1719272469, 0.0158027269955, -3.64951805374
3.08, -0.985452309364, 12.1354941383, 0.00922449255755, -3.64261295585
3.09, -0.985404480651, 12.0991292571, 0.00361151725615, -3.63586719442
3.1, -0.985356264257, 12.0628315936, 0.0084630748511, -3.62916202823
3.11, -0.98523308308, 12.026600421, 0.0158856118456, -3.6225876594
3.12, -0.985084441767, 11.9904343001, 0.0134917384284, -3.61614129683
3.13, -0.985003100193, 11.9543318028, 0.00517483433364, -3.60985262036
3.14, -0.984969965735, 11.9182916793, 0.00484786373451, -3.60365956889
3.15, -0.984883987956, 11.8823131331, 0.0132742907033, -3.59754207658
3.16, -0.984730474511, 11.8463953151, 0.0165076523918, -3.59152747624
3.17, -0.984607463796, 11.8105367054, 0.00906282883227, -3.58569013856
3.18, -0.984563084241, 11.7747358721, 0.00330694805354, -3.57993483076
3.19, -0.984513663508, 11.738993019, 0.00899697584734, -3.57406663601
3.2, -0.984381849654, 11.7033100563, 0.016849765488, -3.56799010268
3.21, -0.984226779241, 11.6676877543, 0.0137505379067, -3.56199103501
3.22, -0.984147271851, 11.6321279003, 0.00476169244035, -3.55509332353
3.23, -0.984102191887, 11.5966431334, 0.00499753683097, -3.54727430254
3.24, -0.984024737868, 11.5612393594, 0.011945047328, -3.53877483979
3.25, -0.983879598322, 11.5259254374, 0.0164403756178, -3.52952402858
3.26, -0.983745682397, 11.4907070542, 0.0108834946496, -3.51948732726
3.27, -0.983684356809, 11.4555934398, 0.00444071283829, -3.5087331052
3.28, -0.983635991782, 11.420590445, 0.00793767654017, -3.4972235686
3.29, -0.983517785649, 11.3857068128, 0.0157172559027, -3.48494992692
3.3, -0.983362561011, 11.3509502612, 0.0147925374664, -3.47188665377
3.31, -0.983265845337, 11.3163263648, 0.00656974686929, -3.4584696235
3.32, -0.983226521435, 11.2818373891, 0.00474042216309, -3.44496292695
3.33, -0.983146804145, 11.2474862284, 0.0125213747284, -3.43104024512
3.34, -0.982994787458, 11.2132722379, 0.0170295751722, -3.41743688849
3.35, -0.98285938723, 11.1791933684, 0.0106319373358, -3.40394395827
3.36, -0.982795218095, 11.1452497088, 0.00717476008079, -3.39023462366
3.37, -0.982745174684, 11.1114418075, 0.0069910593996, -3.37689554911
3.38, -0.982640998096, 11.0777678509, 0.0143991045796, -3.36350035329
3.39, -0.982488634608, 11.0442273768, 0.015506804409, -3.35026512344
3.4, -0.982376738626, 11.01081968, 0.00833076976926, -3.33694482747
3.41, -0.98232760824, 10.977544018, 0.00478175555043, -3.3238414754
3.42, -0.98225834875, 10.9443993771, 0.0109081293596, -3.31067475602
3.43, -0.982118169415, 10.9113866562, 0.01661115492, -3.29752163164
3.44, -0.981974483163, 10.8785042548, 0.0122939718329, -3.28460297218
3.45, -0.981901773966, 10.8457503089, 0.00504463628149, -3.27175547197
3.46, -0.981856489573, 10.813125095, 0.00700111412091, -3.25891970178
3.47, -0.981747967739, 10.7806281305, 0.0150755010754, -3.24604955311
3.48, -0.981589969008, 10.7482599109, 0.0158191049215, -3.23323099436
3.49, -0.981479556101, 10.7160189494, 0.00785830439366, -3.22053065686
3.5, -0.981435526695, 10.6839051519, 0.00442203066223, -3.20785545618
3.51, -0.9813652745, 10.6519180663, 0.0113904988803, -3.19513607367
3.52, -0.981218319545, 10.6200585041, 0.0172699910866, -3.18237496852
3.53, -0.981072015795, 10.5883256999, 0.0121618123728, -3.16981761598
3.54, -0.981003966098, 10.556717019, 0.0044655940491, -3.15756347542
3.55, -0.980948128043, 10.52522973, 0.00650854022083, -3.14553051975
3.56, -0.980852234203, 10.4938613325, 0.0135949911633, -3.13377976696
3.57, -0.980701237077, 10.4626086978, 0.0160403311983, -3.12237485232
3.58, -0.980578257347, 10.4314682193, 0.00964318252181, -3.11132232457
3.59, -0.9805208311, 10.4004367898, 0.00500249883523, -3.10054522734
3.6, -0.980456859806, 10.36951201, 0.00996767437937, -3.08999867934
3.61, -0.980323657119, 10.338691392, 0.0164037704972, -3.07971231077
3.62, -0.980173514716, 10.3079719161, 0.0135331149592, -3.06976765693
3.63, -0.980087981756, 10.2773504047, 0.0060333756629, -3.06008236081
3.64, -0.980041438146, 10.246824817, 0.00640988911712, -3.0505762203
3.65, -0.97994169567, 10.2163935654, 0.0143127816702, -3.04122803239
3.66, -0.979783528225, 10.1860545894, 0.0165672390695, -3.03211567243
3.67, -0.979660302462, 10.155805301, 0.00927179092843, -3.02329050581
3.68, -0.979608119947, 10.1256428214, 0.00455729981766, -3.0147623934
3.69, -0.979543892178, 10.0955640503, 0.0104340455963, -3.00655357135
3.7, -0.979402856866, 10.0655657047, 0.0172627601995, -2.99864306956
3.71, -0.979247831872, 10.0356444735, 0.0136046881264, -2.99123176465
3.72, -0.979166008212, 10.0057942038, 0.00545744084739, -2.98434137181
3.73, -0.979108415999, 9.9760114009, 0.00654991114104, -2.97777788661
3.74, -0.979017320804, 9.94629224054, 0.0129451181504, -2.97156301902
3.75, -0.978868420244, 9.91663361195, 0.0163878418527, -2.9657386733
3.76, -0.978735232552, 9.88702982177, 0.0110414272536, -2.96056166384
3.77, -0.978665912381, 9.85747568563, 0.00577061250737, -2.95570183692
3.78, -0.978601728921, 9.82796707576, 0.00948030460408, -2.95147643595
3.79, -0.978473660614, 9.79849914538, 0.0161685830944, -2.94767256562
3.8, -0.978318202366, 9.76906555451, 0.0147009294767, -2.94454019554
3.81, -0.978217987351, 9.73966035674, 0.00745371970482, -2.94206572341
3.82, -0.978163772992, 9.71027699808, 0.00656105808575, -2.94007496397
3.83, -0.978068039226, 9.68091071461, 0.0137285932877, -2.93876366526
3.84, -0.977910673786, 9.65155329837, 0.0171256804647, -2.93830889972
3.85, -0.977774121835, 9.62219575038, 0.0110430579739, -2.93865111587
3.86, -0.977706542806, 9.59283216872, 0.0056240159255, -2.93960931036
3.87, -0.977640110371, 9.56345447831, 0.0100781036033, -2.94145035994
3.88, -0.977502923375, 9.53405498812, 0.0171999115521, -2.94382321495
3.89, -0.977339691444, 9.50462896869, 0.0151634826437, -2.9467758863
3.9, -0.977238731306, 9.47517217388, 0.00732669379642, -2.94985527332
3.91, -0.977184376292, 9.445679359, 0.00684720578884, -2.95400659207
3.92, -0.977081233587, 9.4161442503, 0.0147894428352, -2.95838006218
3.93, -0.976912978777, 9.38656429065, 0.0180734542862, -2.96287157694
3.94, -0.976771331704, 9.35693290268, 0.0111974078432, -2.96879087551
3.95, -0.976703899207, 9.32724037231, 0.00565047682619, -2.97501679899
3.96, -0.976633215317, 9.29748493684, 0.0109007463548, -2.98148910499
3.97, -0.976484532749, 9.26765951946, 0.0184653566879, -2.98886870745
3.98, -0.976311507144, 9.23775949251, 0.0157945986357, -2.99642626703
3.99, -0.976208429297, 9.20778219109, 0.00731945694843, -3.00440499182
4.0, -0.976152554558, 9.17772248374, 0.00729805654678, -3.01288707527
4.01, -0.976039952908, 9.14757648634, 0.0160792438976, -3.02152208889
4.02, -0.97585864028, 9.11734299796, 0.0192074497589, -3.03044105066
4.03, -0.97571052866, 9.08701924827, 0.0114524862192, -3.03972291848
4.04, -0.97563022957, 9.05659827862, 0.00745766882627, -3.04959475992
4.05, -0.975557246267, 9.0260772536, 0.0102331928949, -3.05984998977
4.06, -0.975416099398, 8.99545383057, 0.018123020299, -3.07019183812
4.07, -0.975234259826, 8.96472317555, 0.0176933914407, -3.08130648958
4.08, -0.975107160194, 8.93387867061, 0.00965795259622, -3.09280587009
4.09, -0.975038534661, 8.90291836459, 0.0075246347661, -3.10447634803
4.1, -0.974932466275, 8.8718409421, 0.0151414525065, -3.11641729409
4.11, -0.974752452478, 8.84063807988, 0.0200691505941, -3.12935922519
4.12, -0.974584027837, 8.80930406403, 0.0141165738495, -3.14280145948
4.13, -0.974493264184, 8.77783101786, 0.00726119673123, -3.15716228092
4.14, -0.974415208964, 8.74621105779, 0.0111760475317, -3.1721256202
4.15, -0.974260548437, 8.71443579737, 0.0196788787457, -3.18813161781
4.16, -0.974065088454, 8.68249881444, 0.0187518675949, -3.20450106596
4.17, -0.973932020312, 8.65039304948, 0.00997414417922, -3.2222589692
4.18, -0.973859565399, 8.61810233235, 0.00814913564524, -3.24102950464
4.19, -0.973742159318, 8.58562267858, 0.0166674279873, -3.26005925433
4.2, -0.973545659114, 8.55294936786, 0.0216441791239, -3.28019448393
4.21, -0.973365761185, 8.52006483004, 0.0148768744028, -3.30183164176
4.22, -0.973261913235, 8.48696114332, 0.0111047851116, -3.32400080818
4.23, -0.973171973997, 8.45362808492, 0.0112364976978, -3.34743392573
4.24, -0.973021037983, 8.42006045268, 0.0194351396956, -3.3714194275
4.25, -0.972817088504, 8.38624719814, 0.0206585939884, -3.39630230067
4.26, -0.972656659281, 8.35218120952, 0.0129585168107, -3.42218217627
4.27, -0.972562508125, 8.31785050662, 0.00936119483112, -3.44920314666
4.28, -0.972443819139, 8.28324535439, 0.0162558745852, -3.47681808114
4.29, -0.972246613945, 8.24836325345, 0.0225261840814, -3.50461217724
4.3, -0.972045217325, 8.21320141826, 0.01787805974, -3.53276062674
4.31, -0.971919749313, 8.17775529019, 0.0101924072519, -3.56192247884
4.32, -0.971821476937, 8.1420090971, 0.012611654993, -3.59222286032
4.33, -0.971652017071, 8.1059594197, 0.0215667107801, -3.62265873487
4.34, -0.971427972948, 8.0696058427, 0.0224004556354, -3.6527862043
4.35, -0.971255160578, 8.03294508042, 0.0138509894699, -3.68436048184
4.36, -0.971152341658, 7.99596695971, 0.0104120467411, -3.7161578786
4.37, -0.971017937734, 7.95867055488, 0.0182630516878, -3.74823720781
4.38, -0.97079848467, 7.92104885185, 0.0247333950498, -3.78094499936
4.39, -0.970579415547, 7.88309867233, 0.0192169288256, -3.81399373586
4.4, -0.970444096276, 7.84481657037, 0.0110740704104, -3.84755932612
4.41, -0.970333603818, 7.80619551082, 0.0142493498506, -3.88145355309
4.42, -0.970142935081, 7.76723761666, 0.0239527083219, -3.91479554682
4.43, -0.96989673532, 7.72795132352, 0.024295181112, -3.94718481324
4.44, -0.96971045681, 7.68834571828, 0.014824856657, -3.97867453813
4.45, -0.96958374573, 7.64843031055, 0.0123779048068, -4.00917597317
4.46, -0.969442072534, 7.60821493828, 0.0182994276662, -4.03869665781
4.47, -0.969219877773, 7.56770915221, 0.0256324334052, -4.06730995509
4.48, -0.968979597751, 7.52692130367, 0.0222155918205, -4.09513884126
4.49, -0.968812841639, 7.48585911328, 0.0138479495539, -4.12218714988
4.5, -0.968686858444, 7.44453086441, 0.0147446354962, -4.14837151896
4.51, -0.968497191357, 7.40294521982, 0.0238335070442, -4.17371094873
4.52, -0.968241980596, 7.36110993144, 0.0262297160745, -4.19833861477
4.53, -0.968027125283, 7.31903163441, 0.0180131931354, -4.22232280385
4.54, -0.967890378407, 7.27671708331, 0.0130274430713, -4.24559496174
4.55, -0.967736581944, 7.23417382101, 0.0199425201937, -4.2680959192
4.56, -0.967495112502, 7.19140913564, 0.0275960234818, -4.28992249931
4.57, -0.967239170736, 7.14842904863, 0.0233425133131, -4.31119546368
4.58, -0.967065533012, 7.10523905013, 0.0143283609345, -4.3319025636
4.59, -0.966918473684, 7.06184549786, 0.015228914571, -4.35194393198
4.6, -0.966731372159, 7.01825476035, 0.0234087728324, -4.37134851796
4.61, -0.966471721616, 6.97447284138, 0.0276425539602, -4.39021368145
4.62, -0.966232587531, 6.93050459688, 0.0209072173008, -4.4086209012
4.63, -0.966072518295, 6.88635482114, 0.0145033228439, -4.42651686193
4.64, -0.96591643284, 6.84202913723, 0.0193795259856, -4.4438212774
4.65, -0.965679256807, 6.79753322595, 0.0277473366097, -4.46059829138
4.66, -0.965408817676, 6.75287166192, 0.0257729524866, -4.47696998803
4.67, -0.965208020295, 6.70804832902, 0.0167599271416, -4.49294578344
4.68, -0.965048277387, 6.66306785418, 0.0159739580261, -4.50842092105
4.69, -0.964863850854, 6.61793511465, 0.0226830927098, -4.52340356579
4.7, -0.96460575369, 6.57265480028, 0.0283223099472, -4.53796567691
4.71, -0.964347908274, 6.52723054652, 0.0235053451426, -4.55219872887
4.72, -0.964163758945, 6.48166573013, 0.0162877235052, -4.56607030188
4.73, -0.964002747471, 6.43596450337, 0.0189026710451, -4.57948964142
4.74, -0.963772885323, 6.39013134274, 0.0273059460886, -4.59248658424
4.75, -0.96349464763, 6.34416983286, 0.0276246973745, -4.60517805766
4.76, -0.963268731978, 6.29808274264, 0.0193205905889, -4.61759569239
4.77, -0.963108336737, 6.25187327674, 0.0163339713636, -4.62964823188
4.78, -0.962915264049, 6.20554545312, 0.0239373764403, -4.64128822827
4.79, -0.962642877066, 6.15910293388, 0.0297023846029, -4.65261476578
4.8, -0.962375541973, 6.11254826939, 0.0240371576215, -4.66371945073
4.81, -0.96218933436, 6.06588382968, 0.0163958289854, -4.67455664641
4.82, -0.962010246721, 6.01911301671, 0.0191356324967, -4.68502580704
4.83, -0.961786075918, 5.9722391111, 0.0264869620253, -4.69517318734
4.84, -0.961508426559, 5.92526501976, 0.028477279212, -4.70508103227
4.85, -0.961263451507, 5.87819279088, 0.0217707196681, -4.71479567892
4.86, -0.961082820319, 5.83102469206, 0.0175997170166, -4.72424645043
4.87, -0.960889378958, 5.78376378298, 0.0231490351333, -4.73337093116
4.88, -0.960624744754, 5.73641303333, 0.0294088849299, -4.74223862768
4.89, -0.960347848453, 5.68897445066, 0.025986186187, -4.75094236759
4.9, -0.960138122483, 5.64144968976, 0.0185802726459, -4.75946130604
4.91, -0.959962363252, 5.59384114856, 0.0196832622184, -4.76769860884
4.92, -0.959728347528, 5.54615173234, 0.027737700055, -4.77565886544
4.93, -0.959438770968, 5.49838363975, 0.0294555611113, -4.78345027434
4.94, -0.959188560299, 5.45053821742, 0.0219501496458, -4.79111580574
4.95, -0.959007078387, 5.40261713275, 0.0177840864995, -4.79857134509
4.96, -0.958807478407, 5.35462294392, 0.0241457204665, -4.80574982848
4.97, -0.95853046623, 5.30655807989, 0.0306706733646, -4.81273037648
4.98, -0.958244554741, 5.25842392681, 0.0265028963422, -4.8196095935
4.99, -0.958033351178, 5.21022156026, 0.0185699555919, -4.82635652312
5.0, -0.957855301619, 5.16195292592, 0.0202460262464, -4.83286243444
5.01, -0.957611102142, 5.11362050557, 0.029026475861, -4.83913714578
5.02, -0.957309574196, 5.06522598053, 0.0303967548172, -4.8452985708
5.03, -0.957054930831, 5.01677014727, 0.0220281611755, -4.85138619553
5.04, -0.956859417432, 4.96825434069, 0.0187117868764, -4.85729288413
5.05, -0.956663169797, 4.91968050107, 0.0231186435243, -4.86298926295
5.06, -0.956393604294, 4.87105071021, 0.0306024086779, -4.86850680285
5.07, -0.956095592538, 4.82236613709, 0.0286248826008, -4.87395208729
5.08, -0.955861817586, 4.77362741091, 0.0204352734829, -4.87932130363
5.09, -0.955663743571, 4.72483598932, 0.0205730607246, -4.8844977805
5.1, -0.955439406566, 4.67599368564, 0.0259647904461, -4.88949887332
5.11, -0.955157106931, 4.62710208695, 0.0302436101158, -4.89437439698
5.12, -0.954877651381, 4.57816201007, 0.0261762224336, -4.89919284443
5.13, -0.954657427713, 4.52917415926, 0.0205382107636, -4.90391576925
5.14, -0.954453366126, 4.48013997352, 0.0228717072784, -4.90846130652
5.15, -0.954193378478, 4.43106120292, 0.0295145417573, -4.91285127965
5.16, -0.953897000775, 4.38193889412, 0.0294780309251, -4.91717785791
5.17, -0.953644306103, 4.33277349286, 0.0227999379909, -4.92145779234
5.18, -0.953442451896, 4.28356590316, 0.020680662739, -4.9256063394
5.19, -0.953212207663, 4.23431775852, 0.0268770679675, -4.92958162143
5.2, -0.952919488517, 4.18503041646, 0.0312390747857, -4.93346339853
5.21, -0.952633544323, 4.13570435573, 0.0264975654374, -4.93732165775
5.22, -0.952412530502, 4.08633999165, 0.0205576925645, -4.94110844417
5.23, -0.952205519028, 4.03693857489, 0.023481996238, -4.9447340041
5.24, -0.951935986467, 3.98750166408, 0.0306381023441, -4.94822722056
5.25, -0.951629999208, 3.93803002267, 0.0301747297195, -4.95168825969
5.26, -0.951374371042, 3.88852379779, 0.022832338619, -4.95512936975
5.27, -0.951171894701, 3.83898369394, 0.0209234400794, -4.95845396335
5.28, -0.950934996444, 3.78941120714, 0.0278693602247, -4.96162029753
5.29, -0.950631229512, 3.73980748608, 0.0322695313638, -4.96471905445
5.3, -0.95033890656, 3.69017272524, 0.0267761049982, -4.96782248552
5.31, -0.950117580925, 3.64050711148, 0.0205426436532, -4.97087195769
5.32, -0.949907559885, 3.59081177434, 0.0241322505965, -4.97376968511
5.33, -0.949627931465, 3.54108813912, 0.0318126050876, -4.97655324692
5.34, -0.949312218325, 3.4913367314, 0.0308452570564, -4.97933152684
5.35, -0.949054226741, 3.44155744678, 0.0227981759044, -4.98211146654
5.36, -0.948851515495, 3.39175084803, 0.0211619416376, -4.98478361344
5.37, -0.948607607851, 3.34191835073, 0.0289182964153, -4.98730739909
5.38, -0.948292387237, 3.29206093738, 0.0333122991968, -4.98978584844
5.39, -0.947994028385, 3.24217855468, 0.0269893058179, -4.99229329313
5.4, -0.947765004087, 3.19227126483, 0.0238110753414, -4.99445228636
5.41, -0.947548439346, 3.14234006708, 0.0236443841225, -4.99708528277
5.42, -0.947278538757, 3.092386087, 0.0309140135923, -4.99931466635
5.43, -0.946961301814, 3.04240992848, 0.0320249790713, -5.00153221465
5.44, -0.946683130253, 2.99241142864, 0.0250781946757, -5.00376996249
5.45, -0.946465524244, 2.94239083159, 0.0216887851298, -5.00593791716
5.46, -0.94622762893, 2.89234927661, 0.027717949399, -5.00797205338
5.47, -0.945920172019, 2.84228776074, 0.0333119128596, -5.00994986024
5.48, -0.945608921211, 2.79220630066, 0.0291473135617, -5.01195867916
5.49, -0.945366322399, 2.74210470404, 0.022141611136, -5.01395819692
5.5, -0.94514982608, 2.69198368853, 0.0241100289096, -5.01584014744
5.51, -0.944871161105, 2.64184447904, 0.0320246342844, -5.01761748651
5.52, -0.944543879018, 2.59168751446, 0.0327874598797, -5.01940237684
5.53, -0.944262533651, 2.54151243984, 0.0250805036944, -5.02122402314
5.54, -0.944045287323, 2.49131940629, 0.0217960253955, -5.02297939492
5.55, -0.943801871027, 2.4411095412, 0.0286422873666, -5.02460273465
5.56, -0.943483249593, 2.39088375845, 0.0344103418796, -5.02618415016
5.57, -0.943164879591, 2.34064189089, 0.0294747847999, -5.02781575049
5.58, -0.94292225074, 2.290383604, 0.0220348463966, -5.02944678113
5.59, -0.942690347889, 2.24010972221, 0.024065271986, -5.03096107275
5.6, -0.942420138469, 2.18982105895, 0.0309454360376, -5.03239189751
5.61, -0.942095707089, 2.13951819072, 0.0334446364408, -5.0338160235
5.62, -0.941797098605, 2.08920081438, 0.0273541403071, -5.03528330711
5.63, -0.941561619085, 2.03886885456, 0.0228399961018, -5.03671666165
5.64, -0.94132023544, 1.98852316625, 0.0276123554742, -5.03803542954
5.65, -0.941011548418, 1.93816466897, 0.0339286165172, -5.03929871159
5.66, -0.940685178048, 1.88779334001, 0.0312878638239, -5.0406034953
5.67, -0.940420469391, 1.83740876071, 0.0240598545316, -5.04193013574
5.68, -0.940193667684, 1.78701132432, 0.0244001243369, -5.04316833476
5.69, -0.939915822726, 1.73660209929, 0.0319881372793, -5.04430609711
5.7, -0.939581090559, 1.68618153092, 0.0343028485073, -5.04545148962
5.71, -0.939278164869, 1.63574916101, 0.0274497567445, -5.04665393751
5.72, -0.939042991983, 1.58530484183, 0.0228748462537, -5.04782389291
5.73, -0.938797297831, 1.53484945185, 0.0284110624364, -5.04887618371
5.74, -0.938477962416, 1.48438388307, 0.0350538242449, -5.04988178333
5.75, -0.938143458305, 1.43390797405, 0.0317482164925, -5.05094474953
5.76, -0.937877887012, 1.3834211837, 0.0239675731414, -5.05203699743
5.77, -0.937635636566, 1.33292403728, 0.0248805193868, -5.05303282352
5.78, -0.937363657488, 1.28241725845, 0.0308745254719, -5.05395540364
5.79, -0.937035380581, 1.23190138569, 0.034434541557, -5.05486738346
5.8, -0.936719011204, 1.1813760942, 0.0295832223724, -5.05583253891
5.81, -0.936463207817, 1.13084109659, 0.0244076127256, -5.05679175006
5.82, -0.936214826474, 1.08029699643, 0.027691847015, -5.05765529762
5.83, -0.935906259385, 1.02974465163, 0.0341793589677, -5.05846003391
5.84, -0.935568829873, 0.979184083915, 0.0331146180674, -5.05930541055
5.85, -0.935282026269, 0.928614768176, 0.0262431582724, -5.06019290267
5.86, -0.935040791785, 0.878036834663, 0.0250999001256, -5.06101898596
5.87, -0.934762356277, 0.827451195016, 0.0318202309818, -5.06174899433
5.88, -0.934423895194, 0.776858339075, 0.0353574010426, -5.06247888958
5.89, -0.934102067555, 0.726257814825, 0.0297997636933, -5.06327416872
5.9, -0.933846054598, 0.675649269077, 0.0244192838153, -5.06406465384
5.91, -0.933594332768, 0.625033342564, 0.0283614253046, -5.06475383787
5.92, -0.933275946165, 0.574410903228, 0.03528744817, -5.06538865625
5.93, -0.932929643884, 0.523781870711, 0.0337040817202, -5.06607734534
5.94, -0.932640847111, 0.473145609114, 0.0262156826394, -5.06681534274
5.95, -0.932398946223, 0.422502250798, 0.0253944634016, -5.06748653912
5.96, -0.932113248074, 0.371852759308, 0.0328564703719, -5.06805914634
5.97, -0.931763920086, 0.321197577695, 0.0363172961593, -5.06864213589
5.98, -0.931436712112, 0.270536126144, 0.0299798946699, -5.06930251557
5.99, -0.931172807898, 0.219868060346, 0.0277396304133, -5.06961962695
6.0, -0.930913956373, 0.169194007667, 0.0279158305438, -5.07051235243
6.01, -0.930605389726, 0.118514623977, 0.0343373020271, -5.07102035024
6.02, -0.930258290887, 0.0678300380826, 0.0348147046557, -5.07156201339
