timestamp, prius1 x posi, prius1 y posi, prius1 x vel, prius1 y vel.
0.0, 0.0, 0.0, 0.0, 0.0
0.01, 0.999968611432, 30.0336573205, 0.00568795458248, -0.1104411961
0.02, 1.00004179407, 30.0325318784, 0.00517415721369, -0.119528332197
0.03, 1.00004486513, 30.0313145908, -0.00518971087013, -0.128805422241
0.04, 0.99998578502, 30.0300036742, -0.00773739028092, -0.138326596342
0.05, 0.999945676929, 30.0285949836, -0.000788056630554, -0.148252592447
0.06, 0.99999221542, 30.0270863904, 0.00659959082979, -0.158310702117
0.0700000000001, 1.00004948974, 30.0254764904, 0.00195452427414, -0.168510612194
0.08, 1.00002186011, 30.0237634925, -0.00716897553655, -0.179022752211
0.09, 0.99995453183, 30.0219426012, -0.00551531360301, -0.189986306922
0.1, 0.999960169536, 30.0200109281, 0.00431802151753, -0.201367217193
0.11, 1.00003089899, 30.0179604795, 0.00596422937426, -0.213512262586
0.12, 1.00004923893, 30.0157878814, -0.00351089265165, -0.22579807386
0.13, 0.999993887573, 30.0134917734, -0.00609269182312, -0.238205280117
0.14, 0.999952862064, 30.011070591, -0.00184089439116, -0.250911738925
0.15, 0.999985156058, 30.0085199403, 0.00530221517945, -0.263969294854
0.16, 1.00003939659, 30.0058373958, 0.00259161394769, -0.277418180102
0.17, 1.00002531673, 30.0030172133, -0.00562678131113, -0.291438014012
0.18, 0.999965690055, 30.0000532463, -0.00564372015351, -0.306074134084
0.19, 0.999960217962, 29.9969423918, 0.00271396452391, -0.320827508875
0.2, 1.00001942153, 29.9936833285, 0.00555334873555, -0.335715001922
0.21, 1.00004523806, 29.9902733505, -0.00200616532336, -0.351275153998
0.22, 0.999993875062, 29.9867023787, -0.0074630648023, -0.367612937
0.23, 0.999950282328, 29.9829674526, -0.00161701260484, -0.384062163676
0.24, 0.999987908359, 29.979067133, 0.00591542933204, -0.40070189426
0.25, 1.00004514796, 29.9749999721, 0.00251814898306, -0.417494260537
0.26, 1.00002622388, 29.9707610075, -0.00632069549954, -0.43494943127
0.27, 0.999961557967, 29.9663475199, -0.00583946911232, -0.452312251491
0.28, 0.999958994578, 29.9617593505, 0.00331999487383, -0.469955205919
0.29, 1.00002406858, 29.9569944378, 0.0059339619463, -0.487684336304
0.3, 1.00004872021, 29.952051429, -0.00252050265049, -0.505580836336
0.31, 0.999990741277, 29.9469283417, -0.00804861251348, -0.523829383063
0.32, 0.999946032591, 29.9416201468, -0.00128904841401, -0.542441965385
0.33, 0.999990106306, 29.9361254849, 0.00662333153363, -0.561125533563
0.34, 1.0000505675, 29.9304436826, 0.0024054310053, -0.57993794102
0.35, 1.00002603478, 29.9245698324, -0.00709428274813, -0.599546239791
0.36, 0.999956118041, 29.9184970549, -0.00599046561301, -0.619591719711
0.37, 0.999957535136, 29.9122236506, 0.00405746544122, -0.639681471617
0.38, 1.00002928786, 29.905748861, 0.00632904066632, -0.659990402666
0.39, 1.00005209065, 29.8990678696, -0.00314478983036, -0.680779966081
0.4, 0.999997195192, 29.8921788628, -0.00634144025197, -0.70159697047
0.41, 0.999951626561, 29.8850816388, -0.00233930649645, -0.722423604072
0.42, 0.9999816997, 29.8777758387, 0.0053777542738, -0.743433730147
0.43, 1.00003988656, 29.8702571786, 0.0031238043286, -0.764849412044
0.44, 1.00002936516, 29.8625240834, -0.00554361558914, -0.786442802898
0.45, 0.999966828354, 29.8545723927, -0.00617285357402, -0.808417661488
0.46, 0.999956722346, 29.8464011212, 0.00244177325528, -0.83036648153
0.47, 1.00001732638, 29.8380102434, 0.00599333901742, -0.852350919183
0.48, 1.00004835523, 29.8293993432, -0.00159213689455, -0.874488592226
0.49, 0.999997186065, 29.8205643177, -0.00779391852208, -0.897029697738
0.5, 0.999948354061, 29.8115040769, -0.00214620389366, -0.919539026026
0.51, 0.999984145918, 29.802219528, 0.00607624599369, -0.941795983975
0.52, 1.00004616749, 29.7927090131, 0.00310844253939, -0.964627351479
0.53, 1.00003068128, 29.7829733278, -0.00630436866945, -0.987130064811
0.54, 0.999962198378, 29.7730096616, -0.00644733003354, -1.01010178626
0.55, 0.99995487584, 29.762816173, 0.0031018453899, -1.03323981829
0.56, 1.00002234515, 29.7523892347, 0.00648113620241, -1.05663987964
0.57, 1.00005264247, 29.741728426, -0.00212797978136, -1.08002087894
0.58, 0.999994014867, 29.730833899, -0.00849002972937, -1.10349670799
0.59, 0.999943328112, 29.719702342, -0.0018425950487, -1.12728229815
0.6, 0.999986015824, 29.7083333705, 0.00687689395872, -1.15099097582
0.61, 1.00005215726, 29.6967276228, 0.00305850770409, -1.17464060767
0.62, 1.00003101128, 29.6848854985, -0.00713415796419, -1.19827289225
0.63, 0.999970976063, 29.6728070135, -0.00693726664942, -1.22204071311
0.64, 0.999950611945, 29.6604886546, 0.00152854979708, -1.24610554787
0.65, 1.00000952195, 29.6479299792, 0.00651384613592, -1.27022543652
0.66, 1.00005079053, 29.6351277374, -0.000454879372155, -1.29468086948
0.67, 1.00000512414, 29.6220813308, -0.00791408268566, -1.31906813032
0.68, 0.999947957276, 29.6087918395, -0.00332926611665, -1.3433635233
0.69, 0.999975458088, 29.5952567718, 0.00580937377722, -1.36808576359
0.7, 1.00004330059, 29.5814751678, 0.00423210619726, -1.39268681498
0.71, 1.00003834763, 29.5674480529, -0.0056395040464, -1.41718728529
0.72, 0.999967618374, 29.5531761125, -0.0073621426062, -1.44177107949
0.73, 0.999948859083, 29.5386564317, 0.00211610101748, -1.4665944496
0.74, 1.00001475287, 29.5238890856, 0.00707665694462, -1.49132057501
0.75, 1.00005621681, 29.5088747653, -0.000913860751552, -1.51600356461
0.76, 1.00000788615, 29.4936140032, -0.00387482766463, -1.54074615111
0.77, 0.999955898734, 29.4781042654, -0.00405389779025, -1.56567481175
0.78, 0.9999699414, 29.4623457921, 0.00436450823329, -1.59045374586
0.79, 1.00003164334, 29.4463366798, 0.00452615559033, -1.61576653859
0.8, 1.00003874425, 29.430075361, -0.00402617142388, -1.64093636615
0.81, 0.999978669648, 29.4135630023, -0.00709112163329, -1.66607975503
0.82, 0.999951450652, 29.3967971366, 0.000583968917611, -1.69169361626
0.83, 1.00000375779, 29.3797710138, 0.00629330239973, -1.71790382814
0.84, 1.00004940926, 29.3624842746, 0.000400714637013, -1.74378312272
0.85, 1.00001167743, 29.3449391481, -0.00742648321595, -1.76972675817
0.86, 0.999952504626, 29.3271336882, -0.00405865802396, -1.79574068144
0.87, 0.99997105994, 29.3090693795, 0.00504751468429, -1.82157747847
0.88, 1.0000377499, 29.2907453597, 0.00470118442153, -1.84759466826
0.89, 1.00004144901, 29.2721618905, -0.00470601543084, -1.87359678347
0.9, 0.999974814726, 29.253317576, -0.00753104007859, -1.89964557688
0.91, 0.999948506668, 29.2342137877, 0.00109217272384, -1.92560350978
0.92, 1.00000753068, 29.2148487902, 0.00689019734232, -1.95189565398
0.93, 1.00005434381, 29.1952204502, 6.78668662387e-05, -1.97815338266
0.94, 1.00001001549, 29.1753306048, -0.00816222511888, -2.00420773018
0.95, 0.999947313657, 29.1551817811, -0.00397823978742, -2.02994818446
0.96, 0.999971305359, 29.1347765289, 0.00581435146966, -2.05560205825
0.97, 1.00004335786, 29.1141136046, 0.00487246194775, -2.08138458206
0.98, 1.00004326175, 29.093194293, -0.0054403868979, -2.10687767079
0.99, 0.999983235316, 29.0720209371, -0.00674349894762, -2.1322959019
1.0, 0.999951784318, 29.0505925642, -0.000216857027705, -2.15778141764
1.01, 0.999997146745, 29.0289108681, 0.00591366609458, -2.18296794306
1.02, 1.00004534428, 29.0069784866, 0.00112400620577, -2.20792371404
1.03, 1.00001585796, 28.9847974138, -0.00676577468598, -2.23280566208
1.04, 0.999957113, 28.9623664959, -0.00455105851306, -2.25779335485
1.05, 0.999967581521, 28.9396871975, 0.00422522089029, -2.28249072974
1.06, 1.0000312314, 28.9167613139, 0.00493746443256, -2.30723186142
1.07, 1.00004224427, 28.8935872305, -0.00377918292703, -2.33201640792
1.08, 0.999981199408, 28.8701664513, -0.00745514120273, -2.35657484709
1.09, 0.99994941807, 28.8465011615, 0.000187745436847, -2.38101180951
1.1, 1.00000096767, 28.8225905745, 0.00651210523812, -2.40553041793
1.11, 1.00005085096, 28.7984359522, 0.000866399522193, -2.42982426524
1.12, 1.00001521134, 28.7740392298, -0.0075013905276, -2.45396498673
1.13, 0.999952319901, 28.7494019533, -0.00456406943341, -2.47803833634
1.14, 0.999967470499, 28.7245232104, 0.00495123076438, -2.50214735822
1.15, 1.00003664064, 28.6994043453, 0.00516424508386, -2.52607712982
1.16, 1.00004449117, 28.6740466071, -0.00446184408751, -2.55003202871
1.17, 0.999976615848, 28.6484487894, -0.00792739061453, -2.57397048509
1.18, 0.999945647486, 28.6226127517, 0.000714120006478, -2.59768319868
1.19, 1.00000434886, 28.5965406764, 0.00716378714033, -2.62118861957
1.2, 1.00005574927, 28.5702342224, 0.000543365720517, -2.64465932035
1.21, 1.00001324757, 28.5436920178, -0.00828339293936, -2.66822939928
1.22, 0.999946443006, 28.5169152308, -0.00450514158617, -2.69158305602
1.23, 0.999967140624, 28.4899056819, 0.00575742439396, -2.71488655689
1.24, 1.0000422148, 28.4626621825, 0.00538774588483, -2.7382520973
1.25, 1.00004645003, 28.4351858226, -0.0052104097361, -2.76147967961
1.26, 0.999985961866, 28.4074775522, -0.00797808154962, -2.78475285835
1.27, 0.999943910966, 28.3795359741, -0.000899391973021, -2.80802212644
1.28, 0.999991169125, 28.35136273, 0.00678807086573, -2.83109569454
1.29, 1.00005061868, 28.3229596764, 0.00211225920533, -2.85399034248
1.3, 1.00002292854, 28.2943282772, -0.00733119281176, -2.87686092743
1.31, 0.999953249548, 28.2654671181, -0.00575416958006, -2.89983392361
1.32, 0.999958126506, 28.2363772818, 0.00438928629914, -2.92260914308
1.33, 1.00003097293, 28.2070603, 0.00621400186802, -2.94536587299
1.34, 1.00005073056, 28.1775145789, -0.00351974004672, -2.96824951626
1.35, 0.999996619726, 28.1477408046, -0.00746483405938, -2.99099028903
1.36, 0.999946936847, 28.1177407986, -0.00240815486041, -3.01349360157
1.37, 0.999980157824, 28.0875163827, 0.00591428571425, -3.03597439757
1.38, 1.00004286599, 28.0570659715, 0.00336113659784, -3.05858838197
1.39, 1.00003063381, 28.0263902982, -0.00601198015533, -3.08103221422
1.4, 0.999962885447, 27.9954907861, -0.00658039647925, -3.1034520002
1.41, 0.999952668127, 27.9643659931, 0.00276900901264, -3.12598551751
1.42, 1.00001844062, 27.9330167798, 0.00650622068, -3.14834826082
1.43, 1.00005119475, 27.901444444, -0.00176573497359, -3.17070818317
1.44, 0.999995255569, 27.869647323, -0.00838391328889, -3.19319491901
1.45, 0.999942954964, 27.8376263107, -0.00218224761046, -3.21549451555
1.46, 0.999982272656, 27.8053830232, 0.00664787158099, -3.23766795775
1.47, 1.00004885298, 27.7729183219, 0.00332223154464, -3.25988837078
1.48, 1.00003120713, 27.7402305718, -0.00682072313006, -3.28215338759
1.49, 0.999971923513, 27.7073210632, -0.00641735366232, -3.30424324388
1.5, 0.99995254348, 27.6741918446, 0.00126503507136, -3.32600584796
1.51, 1.00000618597, 27.6408427198, 0.00592821074528, -3.34826271952
1.52, 1.00004460644, 27.6072722365, -0.000392421946668, -3.37033580164
1.53, 1.0000032444, 27.5734816811, -0.00730379882022, -3.39228428556
1.54, 0.999950280034, 27.5394723072, -0.00319959241781, -3.41419479257
1.55, 0.999974682982, 27.5052425464, 0.00521953069496, -3.43626264026
1.56, 1.00003695173, 27.470793122, 0.00387680498665, -3.45813010909
1.57, 1.00003307521, 27.4361250703, -0.00516945597828, -3.4800989711
1.58, 0.999968226469, 27.401236343, -0.00685614237318, -3.50215112584
1.59, 0.999950154838, 27.3661281864, 0.00178936669935, -3.52398469786
1.6, 1.00001003082, 27.3308021767, 0.00642907090564, -3.54582250571
1.61, 1.00004855092, 27.2952566396, -0.000814534009464, -3.56776474601
1.62, 1.00000035452, 27.259492307, -0.00800419322433, -3.58959997023
1.63, 0.999944590262, 27.2235106567, -0.00304219972601, -3.61121716583
1.64, 0.999974650014, 27.1873127898, 0.00595240106762, -3.63297798997
1.65, 1.00004144273, 27.150896276, 0.00394521034508, -3.65484156694
1.66, 1.00003312926, 27.1142621011, -0.00591533168038, -3.67649984861
1.67, 0.999961984558, 27.077412269, -0.00719549386873, -3.69797169652
1.68, 0.999946104112, 27.0403460153, 0.00241257001284, -3.71975250726
1.69, 1.00001295336, 27.0030601741, 0.00696901912704, -3.74189200494
1.7, 1.00005144932, 26.9655540573, -0.00128212435166, -3.76383413528
1.71, 1.0000007914, 26.9278286208, -0.00393276264934, -3.78589058625
1.72, 0.999950649066, 26.8898821697, -0.00372814313882, -3.80794501411
1.73, 0.999967344497, 26.851715803, 0.00449213062498, -3.82983622605
1.74, 1.00002767122, 26.8133311262, 0.00420212972822, -3.8517017248
1.75, 1.00003121032, 26.7747265237, -0.00430115749555, -3.87371591747
1.76, 0.999970952943, 26.7359027156, -0.0068890831433, -3.89554587117
1.77, 0.999946869281, 26.6968613178, 0.000890606426403, -3.91724791295
1.78, 0.999999977382, 26.6576039924, 0.00615152435374, -3.93869606128
1.79, 1.00004225468, 26.6181341796, 4.43938505126e-08, -3.959700579
1.8, 1.00000213296, 26.5784573117, -0.00745481190413, -3.98012144184
1.81, 0.999945146032, 26.5385792205, -0.00369963508196, -3.99996067416
1.82, 0.999966402795, 26.498505646, 0.00515617072021, -4.01923864857
1.83, 1.00003129155, 26.4582420335, 0.00433039522376, -4.03798632434
1.84, 1.00003112483, 26.4177935863, -0.00498832463713, -4.05621851572
1.85, 0.999964451977, 26.377165449, -0.00729483551452, -4.07393554432
1.86, 0.999941584301, 26.3363627624, 0.0014222572468, -4.09114514325
1.87, 1.00000131531, 26.2953904656, 0.00671812975474, -4.10787590193
1.88, 1.00004430128, 26.254253209, -0.000374000015683, -4.12415050174
1.89, 0.99999738539, 26.2129555159, -0.00818266198634, -4.13997237271
1.9, 0.999937127103, 26.1715019351, -0.00358251176098, -4.15533979916
1.91, 0.99996398411, 26.1298969465, 0.00591981370505, -4.17027122825
1.92, 1.00003389791, 26.0881447529, 0.00445431823017, -4.18479517456
1.93, 1.00002952141, 26.0462493503, -0.00574192051865, -4.19892210097
1.94, 0.999970654783, 26.0042147397, -0.00725929083858, -4.21264691241
1.95, 0.999937455229, 25.9620448994, -0.000148107478406, -4.22597865845
1.96, 0.999985411894, 25.9197436834, 0.00625556636862, -4.23893726534
1.97, 1.00003539796, 25.8773146944, 0.00110857085536, -4.25154429539
1.98, 1.00000310957, 25.8347614095, -0.00718421079398, -4.26380315419
1.99, 0.999940822938, 25.7920873391, -0.00473980361892, -4.27570935954
2.0, 0.999952182777, 25.7492959803, 0.00452421945501, -4.28727454411
2.01, 1.00001897382, 25.7063906089, 0.00516773716372, -4.29852406665
2.02, 1.00002936542, 25.6633743016, -0.00406988275746, -4.30946888219
2.03, 0.99996412975, 25.6202501185, -0.00785180278342, -4.3201040804
2.04, 0.999930778933, 25.577021184, 0.000286005371295, -4.33042930985
2.05, 0.999985288942, 25.5336905033, 0.00688642467562, -4.34046627812
2.06, 1.00003699358, 25.4902608391, 0.000829429337593, -4.35023439957
2.07, 0.999998148692, 25.4467348582, -0.0079603441598, -4.35973356223
2.08, 0.999931553736, 25.4031152981, -0.00474424006864, -4.36895595255
2.09, 0.999947878723, 25.3594049043, 0.00529128071317, -4.37791227272
2.1, 1.00002053858, 25.3156062047, 0.0054171512527, -4.38662713549
2.11, 1.00002769686, 25.2717215466, -0.00478091519757, -4.39510870169
2.12, 0.999968493342, 25.227753308, -0.00716073869006, -4.40334715654
2.13, 0.999929271613, 25.1837039148, -0.00105444131899, -4.41134626651
2.14, 0.999970485376, 25.1395757134, 0.0059950570717, -4.41911969488
2.15, 1.00002443313, 25.0953708488, 0.00194587022005, -4.42668609239
2.16, 1.00000030769, 25.0510913648, -0.00663434911899, -4.43404643089
2.17, 0.999936704762, 25.0067393669, -0.00540628708083, -4.44119230194
2.18, 0.999939260642, 24.9623170016, 0.00374143740906, -4.44812926247
2.19, 1.00000438539, 24.917826248, 0.00558335714523, -4.4548786801
2.2, 1.00002316585, 24.8732689114, -0.00312666748856, -4.46144971989
2.21, 0.999962444967, 24.8286467993, -0.0079552291917, -4.46783502855
2.22, 0.9999220564, 24.7839618187, -0.000705921974639, -4.47402932889
2.23, 0.999969567821, 24.7392158153, 0.00665825433421, -4.48004918535
2.24, 1.00002606548, 24.6944104255, 0.00176711110541, -4.48591215197
2.25, 0.999995957486, 24.6495472035, -0.00740859829304, -4.49161666839
2.26, 0.99992739588, 24.6046277937, -0.00551405011934, -4.49715177432
2.27, 0.999934103677, 24.5596538963, 0.00446955675925, -4.50252268739
2.28, 1.00000547318, 24.5146270396, 0.00592212675575, -4.50775107864
2.29, 1.00002195522, 24.4695485868, -0.00377102542795, -4.51284425349
2.3, 0.999967148712, 24.4244199406, -0.00733803468531, -4.51779073577
2.31, 0.999919914018, 24.3792425816, -0.00213522698702, -4.52258999998
2.32, 0.99995393287, 24.334017962, 0.00581072403837, -4.52725122003
2.33, 1.00001359571, 24.288747358, 0.00298664322607, -4.5317920432
2.34, 0.999998723272, 24.2434319487, -0.00609260856248, -4.53621288175
2.35, 0.999932404024, 24.1980729883, -0.00628390332026, -4.54050272252
2.36, 0.999924591086, 24.1526718143, 0.0028942247939, -4.54466213055
2.37, 0.9999889578, 24.1072296375, 0.00619074774585, -4.54871022509
2.38, 1.00001803149, 24.0617475006, -0.00205575836561, -4.55265625977
2.39, 0.999961537903, 24.0162264505, -0.00821395863187, -4.5564917722
2.4, 0.999912060617, 23.9706676594, -0.00188350550708, -4.56020750361
2.41, 0.999952161204, 23.9250722853, 0.00652246375391, -4.56381606804
2.42, 1.00001539534, 23.879441295, 0.00292228183651, -4.56733486692
2.43, 0.999995099648, 23.8337755701, -0.00687921782634, -4.57076238778
2.44, 0.999937363173, 23.7880761057, -0.00608705795967, -4.57408483401
2.45, 0.999920806012, 23.7423439344, 0.00142738384981, -4.57730673721
2.46, 0.999973125231, 23.6965800124, 0.00559519464192, -4.58044107171
2.47, 1.00000750969, 23.6507851456, -0.000721947909758, -4.58349777598
2.48, 0.999965406773, 23.6049601254, -0.00712629610893, -4.58647056044
2.49, 0.9999156258, 23.5591058523, -0.00285191682391, -4.58934991427
2.5, 0.999941141312, 23.5132232437, 0.00510598303218, -4.5921439537
2.51, 0.99999989897, 23.4673130606, 0.00344418969063, -4.59486872939
2.52, 0.999993077161, 23.4213759709, -0.00524381934666, -4.597524833
2.53, 0.999930159956, 23.3754127153, -0.00648388570206, -4.60010077537
2.54, 0.999915101889, 23.3294241358, 0.00194837057402, -4.60259410957
2.55, 0.999973403834, 23.2834109825, 0.00606298207606, -4.60502114678
2.56, 1.00000770371, 23.2373738501, -0.00114108329468, -4.60739116875
2.57, 0.999959075206, 23.1913133326, -0.00778047541039, -4.60969606792
2.58, 0.999906858911, 23.1452301519, -0.00267377097865, -4.61192500858
2.59, 0.999937954081, 23.0991250471, 0.0058102424546, -4.6140870715
2.6, 1.00000088508, 23.0529985904, 0.00348393211386, -4.61619867175
2.61, 0.999989625977, 23.0068512677, -0.00596371995624, -4.6182589983
2.62, 0.999920827402, 22.9606836556, -0.00677856893298, -4.62025472283
2.63, 0.999908200213, 22.9144964438, 0.00257239344838, -4.62218340774
2.64, 0.999973239099, 22.8682902192, 0.00656767265783, -4.62406261261
2.65, 1.00000727669, 22.8220654096, -0.00161247126886, -4.62590094914
2.66, 0.9999516434, 22.7758224559, -0.0084586457889, -4.6276884782
2.67, 0.999897292524, 22.7295619453, -0.00242506285149, -4.62941326639
2.68, 0.999934783332, 22.6832844799, 0.00658286922267, -4.63108563676
2.69, 1.00000203794, 22.6369904828, 0.00349084220585, -4.63272245152
2.7, 0.999985704842, 22.5906802961, -0.00675201777148, -4.6343214537
2.71, 0.99992496425, 22.5443543884, -0.00730977747291, -4.63586756223
2.72, 0.99989905518, 22.4980132858, 0.00100163566354, -4.63736083808
2.73, 0.999955879928, 22.4516574778, 0.00665247507247, -4.63881401252
2.74, 1.0000012403, 22.405287288, 6.87545501555e-05, -4.64023813824
2.75, 0.999958234949, 22.3589030261, -0.00793848178408, -4.64162547993
2.76, 0.999896956386, 22.3125051393, -0.00393058817112, -4.64296266085
2.77, 0.999919505364, 22.2660941291, 0.00556929535796, -4.64425567893
2.78, 0.999988986599, 22.2196703382, 0.00470181335436, -4.64552206604
2.79, 0.99998881178, 22.1732340047, -0.00529077540394, -4.64676250523
2.8, 0.999930347893, 22.1267854665, -0.00659727148233, -4.64796136419
2.81, 0.999898962307, 22.0803251547, -0.000318946590081, -4.64911846273
2.82, 0.999942141607, 22.0338534614, 0.00567978272988, -4.65024258443
2.83, 0.999988778035, 21.9873706406, 0.00109703924369, -4.65134522402
2.84, 0.999960188683, 21.9408769139, -0.00659097793515, -4.65242128514
2.85, 0.999902531815, 21.8943726155, -0.00451898000544, -4.65345840723
2.86, 0.999911646001, 21.8478581502, 0.00400279317318, -4.65445900603
2.87, 0.999972918877, 21.8013338007, 0.00477404984398, -4.65543855642
2.88, 0.999983697529, 21.7547997406, -0.00366265416717, -4.65640001099
2.89, 0.999924182838, 21.7082562004, -0.00730502328711, -4.65733151968
2.9, 0.999892342523, 21.6617035424, 6.41390615618e-05, -4.65822548454
2.91, 0.999941497556, 21.6151420928, 0.00626149851857, -4.65909465715
2.92, 0.999989816299, 21.568572023, 0.000851059614552, -4.65995042716
2.93, 0.999955249521, 21.5219934791, -0.00730933774617, -4.66078638116
2.94, 0.999893502273, 21.4754067361, -0.00454282627145, -4.66158891632
2.95, 0.999907044069, 21.4288121414, 0.00470085856278, -4.66236133749
2.96, 0.999973765348, 21.3822099057, 0.00501516682929, -4.66312025704
2.97, 0.999981695986, 21.33560013, -0.00430969284236, -4.66386771062
2.98, 0.999915527345, 21.2889829863, -0.00778140041073, -4.66459035175
2.99, 0.999884230907, 21.2423587903, 0.000552187009376, -4.66528029939
3.0, 0.999940269565, 21.1957278111, 0.0069046451071, -4.66595192793
3.01, 0.999990295892, 21.1490901522, 0.000565211841991, -4.66661673325
3.02, 0.999949237831, 21.1024459007, -0.00806704357722, -4.66726683351
3.03, 0.99988351433, 21.0557952887, -0.00451036162059, -4.66788740206
3.04, 0.999902295421, 21.0091386214, 0.00547907724243, -4.668482832
3.05, 0.99997481415, 20.9624760509, 0.00524332342708, -4.66907099221
3.06, 0.999979337178, 20.9158076193, -0.00503076477879, -4.66965294288
3.07, 0.999920442884, 20.8691334703, -0.00783451999957, -4.67021297795
3.08, 0.999878207128, 20.8224538449, -0.00103887156635, -4.67074744292
3.09, 0.999922985836, 20.775768984, 0.00653741159207, -4.67126507316
3.1, 0.999980978621, 20.7290789692, 0.00211399407069, -4.67177942614
3.11, 0.999954527314, 20.6823838367, -0.00712991901001, -4.67228534656
3.12, 0.9998859608, 20.6356837502, -0.00574287462773, -4.6727678029
3.13, 0.999889158516, 20.588978976, 0.004133044262, -4.67322701729
3.14, 0.999959514626, 20.5422696562, 0.00606113618798, -4.67368050121
3.15, 0.999979359066, 20.4955558019, -0.00336361117278, -4.67413245468
3.16, 0.999926756765, 20.4488374951, -0.00733527587552, -4.67456814907
3.17, 0.999876952854, 20.4021149318, -0.00252841071791, -4.67498293254
3.18, 0.999907922501, 20.355388325, 0.00568185530623, -4.67538161713
3.19, 0.999969200354, 20.3086577476, 0.00335071484826, -4.67577888253
3.2, 0.999958000505, 20.2619232022, -0.00583183589995, -4.67617253001
3.21, 0.999891285509, 20.215184794, -0.00656242223936, -4.67654835338
3.22, 0.999879599281, 20.16844275, 0.00253951112145, -4.67690281247
3.23, 0.99994306023, 20.1216972088, 0.00635816017797, -4.67725171489
3.24, 0.999975776215, 20.0749481665, -0.00163281088379, -4.6776022632
3.25, 0.999921437471, 20.028195645, -0.00823816062595, -4.67794352531
3.26, 0.999868974215, 19.9814398201, -0.00231891894129, -4.67826278718
3.27, 0.999905863824, 19.9346808914, 0.00640314940481, -4.67856917043
3.28, 0.999971052954, 19.8879188952, 0.00332899527318, -4.6788779166
3.29, 0.999954685483, 19.8411538007, -0.00661690551728, -4.67918569816
3.3, 0.999896233698, 19.7943857109, -0.00641215600708, -4.67947623961
3.31, 0.999875475139, 19.7476147983, 0.00106004240918, -4.67975051868
3.32, 0.999927092512, 19.7008411909, 0.00580351388373, -4.68001903621
3.33, 0.999965518014, 19.6540648839, -0.000273825760081, -4.68029035875
3.34, 0.999925493204, 19.6072858728, -0.007184936558, -4.68055635061
3.35, 0.999872293558, 19.560504285, -0.00332569245921, -4.68080470151
3.36, 0.999894534036, 19.5137202973, 0.00500824847497, -4.68104045328
3.37, 0.999955667808, 19.4669339517, 0.00389636560599, -4.68127834467
3.38, 0.999952985499, 19.4201452079, -0.0049886093557, -4.68151771768
3.39, 0.999889039129, 19.3733541134, -0.00685767369762, -4.68174511199
3.4, 0.999869401983, 19.3265608441, 0.00156356430513, -4.68195500718
3.41, 0.999927189934, 19.2797655114, 0.00631420136217, -4.68216177601
3.42, 0.999965971906, 19.2329680818, -0.00066207239565, -4.68237397909
3.43, 0.999919371025, 19.1861685308, -0.0078738036872, -4.68258212733
3.44, 0.999863267419, 19.13936698, -0.00319106361413, -4.68277303688
3.45, 0.999890980096, 19.0925635969, 0.00573234499199, -4.68295309575
3.46, 0.999956735111, 19.0457583986, 0.00398758202312, -4.6831380269
3.47, 0.999949884183, 18.9989513208, -0.00571147179576, -4.68332622165
3.48, 0.999879700169, 18.9521424009, -0.00720519444459, -4.68350280717
3.49, 0.999862109366, 18.9053318134, 0.00217323703425, -4.68366251477
3.5, 0.999926875616, 18.8585196528, 0.00686794488948, -4.68382153993
3.51, 0.999965872759, 18.8117058603, -0.0011022079046, -4.68398819814
3.52, 0.999916879074, 18.7648903632, -0.00389592706792, -4.68418377834
3.53, 0.999866132115, 18.718073394, -0.00387523710763, -4.68429852425
3.54, 0.999880783566, 18.671254968, 0.0043189919982, -4.68443676749
3.55, 0.999940465889, 18.6244351526, 0.00426723290309, -4.68457869659
3.56, 0.999945386822, 18.577613885, -0.00412795874008, -4.68472516297
3.57, 0.999885759154, 18.5307911751, -0.00692183699258, -4.68486366313
3.58, 0.999860040988, 18.4839671633, 0.000684419235167, -4.6849872228
3.59, 0.999911527926, 18.4371419461, 0.0060955347859, -4.68510865075
3.6, 0.999954503707, 18.3903154781, 0.000172623832946, -4.6852373779
3.61, 0.999915840876, 18.3434877068, -0.00735967746834, -4.68536558655
3.62, 0.999858222185, 18.2966587159, -0.0038612059848, -4.68547985691
3.63, 0.999877392449, 18.2498286515, 0.00498840522828, -4.68558436475
3.64, 0.999941850411, 18.2029975243, 0.00442263842219, -4.68569462614
3.65, 0.999943313923, 18.1561652536, -0.00480007835827, -4.68581071562
3.66, 0.999877295299, 18.1093318434, -0.00733871144037, -4.68591871443
3.67, 0.999852665404, 18.0624974379, 0.00120348170469, -4.68601181718
3.68, 0.999910825374, 18.0156621245, 0.00667711452518, -4.68610442537
3.69, 0.999954784887, 17.968825838, -0.000175064051572, -4.68620617348
3.7, 0.999909522436, 17.9219885143, -0.00808340016181, -4.6863077776
3.71, 0.999848566917, 17.8751502398, -0.00376045717037, -4.68639491789
3.72, 0.999873251672, 17.8283111613, 0.00575075590957, -4.6864731486
3.73, 0.999942910467, 17.781471273, 0.00457239237353, -4.68655902151
3.74, 0.999940454242, 17.7346304772, -0.00553349011668, -4.68665187152
3.75, 0.999882116815, 17.6877887916, -0.00731812328682, -4.68673547025
3.76, 0.999847201206, 17.640946324, -0.000349551770816, -4.68680749449
3.77, 0.999893900036, 17.5941031707, 0.00624682606752, -4.68687687944
3.78, 0.999945089981, 17.5472592815, 0.00131417098907, -4.68695511895
3.79, 0.999914390086, 17.5004145788, -0.00710143850004, -4.68703594479
3.8, 0.999851329695, 17.4535691162, -0.00491671233815, -4.6871049195
3.81, 0.999860726524, 17.4067231329, 0.00438489508035, -4.68711362815
3.82, 0.999927568833, 17.3598777976, 0.00530631207212, -4.68696496449
3.83, 0.999939908756, 17.3130353858, -0.00387525392625, -4.68655727227
3.84, 0.999875219402, 17.266197712, -0.00792095847299, -4.68601354358
3.85, 0.99984001792, 17.2193662467, 7.2593835974e-05, -4.68529941291
3.86, 0.999893312415, 17.1725433325, 0.00689301714109, -4.68434000484
3.87, 0.999946440257, 17.1257305457, 0.00105476334477, -4.68327469025
3.88, 0.99990925632, 17.0789289217, -0.00788495793179, -4.68210314285
3.89, 0.999855854724, 17.0321405657, -0.00520115999217, -4.6806379805
3.9, 0.999853780987, 16.9853673931, 0.002882732425, -4.67903905776
3.91, 0.999911225453, 16.9386113595, 0.00514964671727, -4.67722129576
3.92, 0.999932504945, 16.8918753066, -0.00235605145545, -4.67482087193
3.93, 0.999880729824, 16.8451697521, -0.00721799959976, -4.67121937305
3.94, 0.999841032278, 16.7985053637, -0.00121221844244, -4.66661513649
3.95, 0.999879818532, 16.7518927569, 0.00576199628426, -4.66066872034
3.96, 0.999932782577, 16.7053498692, 0.00200266281217, -4.6527779891
3.97, 0.999910455728, 16.6588958325, -0.00639309746603, -4.64290945206
3.98, 0.999848167504, 16.612549844, -0.0053933563568, -4.63082933056
3.99, 0.999849070598, 16.566342552, 0.00348971224486, -4.6157111936
4.0, 0.999911964327, 16.5202946735, 0.00548014027041, -4.59897023529
4.01, 0.999931588113, 16.4744216189, -0.00287979799469, -4.58080715018
4.02, 0.999873394862, 16.4287392531, -0.00774766870691, -4.56046108867
4.03, 0.999832906462, 16.3832767717, -0.000868298220228, -4.5373615776
4.04, 0.999877719307, 16.338052224, 0.00641514032599, -4.51290439776
4.05, 0.999933348135, 16.2930790514, 0.00187685430692, -4.48687439461
4.06, 0.99990564384, 16.2483827615, -0.00709760652603, -4.45798273847
4.07, 0.999838626547, 16.2039817998, -0.00549737397938, -4.4277436925
4.08, 0.999843436652, 16.1598891603, 0.00420932982837, -4.39634441316
4.09, 0.9999126743, 16.1161171104, 0.00586006468205, -4.36362505392
4.1, 0.999930360579, 16.0726772935, -0.00348683585465, -4.32993749268
4.11, 0.999877642853, 16.0295780674, -0.00717883652163, -4.29597373143
4.12, 0.999830322743, 15.9868388862, -0.00224152183727, -4.2574156786
4.13, 0.999862376729, 15.9444970988, 0.00564865868326, -4.21678785913
4.14, 0.999921411218, 15.9025659845, 0.00308325770973, -4.17529632939
4.15, 0.999908288798, 15.8610540804, -0.00584799851611, -4.13296830971
4.16, 0.999843171476, 15.8199696756, -0.00625046034634, -4.08981696192
4.17, 0.999833961669, 15.7793209354, 0.00270773392556, -4.0458615677
4.18, 0.999896629365, 15.7391165517, 0.00614680770339, -4.00093506237
4.19, 0.999926578701, 15.6993655723, -0.00182225892686, -3.95483957677
4.2, 0.999872179848, 15.6600876549, -0.00802775380323, -3.90681993439
4.21, 0.999822592201, 15.6212937216, -0.00199467954176, -3.85782322617
4.22, 0.999860592903, 15.5829979518, 0.00635988686215, -3.80735131187
4.23, 0.999923301332, 15.5452110872, 0.00304725059835, -3.75652774209
4.24, 0.999905035252, 15.5079263501, -0.00660491553151, -3.70694090662
4.25, 0.99984765664, 15.471132094, -0.00672817752111, -3.65834582818
4.26, 0.999826023403, 15.434817567, 0.00122611573295, -3.61095200071
4.27, 0.999880707001, 15.3989724877, 0.00619347909057, -3.56447262412
4.28, 0.999921090108, 15.3635861314, -0.000245247787756, -3.51916331815
4.29, 0.999878743004, 15.3286471966, -0.00751071244737, -3.47491986731
4.3, 0.999822867257, 15.2941456745, -0.0034042416137, -3.43169713852
4.31, 0.999846702781, 15.2600709532, 0.00537631011991, -3.38955172825
4.32, 0.999911278897, 15.2264124623, 0.00416692377391, -3.34835531434
4.33, 0.999908306908, 15.193161393, -0.00521162952701, -3.30807400076
4.34, 0.999840904479, 15.1603080584, -0.00714937884367, -3.2687791696
4.35, 0.999820537002, 15.1278429403, 0.00174999156056, -3.23039866224
4.36, 0.999881751132, 15.0957569425, 0.00673076075508, -3.19289974199
4.37, 0.999922562736, 15.0640418788, -0.000655526550511, -3.15622011203
4.38, 0.999877873849, 15.0326890139, -0.00370267827684, -3.12045340049
4.39, 0.999826739898, 15.0016897317, -0.00411763154373, -3.08549709053
4.4, 0.999837684909, 14.9710363463, 0.00400031903754, -3.05122238807
4.41, 0.999896583708, 14.9407213836, 0.00446387368523, -3.01778395632
4.42, 0.999905232779, 14.9107366941, -0.00367606515417, -2.98514309172
4.43, 0.999847888173, 14.8810746825, -0.00691149969119, -2.95318645558
4.44, 0.999819358518, 14.8517290315, 0.000285123389235, -2.92188706298
4.45, 0.999867781807, 14.8226926353, 0.00600604730362, -2.89131741582
4.46, 0.999912808538, 14.7939582705, 0.000605796587647, -2.86143228465
4.47, 0.99987818271, 14.765519828, -0.00706667380009, -2.83214517573
4.48, 0.999820063181, 14.7373708251, -0.00414887902639, -2.80352161612
4.49, 0.9998351709, 14.7095048409, 0.00464703190602, -2.77549564811
4.5, 0.999898996608, 14.681916458, 0.00465470829623, -2.74802034792
4.51, 0.99990462793, 14.6545996897, -0.00431847419539, -2.72111937738
4.52, 0.999840899943, 14.6275494787, -0.00735928100311, -2.69472175886
4.53, 0.999813061116, 14.6007603077, 0.000763309460899, -2.66886599961
4.54, 0.999868083747, 14.5742274416, 0.00660569872526, -2.64348192563
4.55, 0.999914537849, 14.5479454297, 0.000305963915124, -2.61867744013
4.56, 0.99987358668, 14.5219085144, -0.00779390428564, -2.59444505028
4.57, 0.999811820057, 14.4961121101, -0.00409800433482, -2.57056956001
4.58, 0.999832120248, 14.4705517628, 0.00539663487344, -2.54721413546
4.59, 0.999901405557, 14.4452223404, 0.00485004749253, -2.52437126521
4.6, 0.999903574059, 14.4201188295, -0.00502391515874, -2.50198491506
4.61, 0.999847171912, 14.3952373856, -0.00738373654541, -2.47997767578
4.62, 0.999808858283, 14.370573632, -0.000786923815872, -2.45843083071
4.63, 0.999852737692, 14.3461232453, 0.00621632678591, -2.43725945649
4.64, 0.999906727436, 14.3218827473, 0.00180266641096, -2.41648011627
4.65, 0.999880149642, 14.2978476634, -0.00685237758917, -2.39619083158
4.66, 0.999815933878, 14.2740135329, -0.00527756125305, -2.37619271436
4.67, 0.999821045062, 14.2503779918, 0.00406179244656, -2.35651850141
4.68, 0.999887922346, 14.2269370631, 0.00561629789047, -2.33726243745
4.69, 0.99990495827, 14.2036866453, -0.00338756451859, -2.3184018774
4.7, 0.999842138662, 14.1806227676, -0.00802106534206, -2.29993728029
4.71, 0.999803082682, 14.1577433818, -0.000409322258725, -2.28152076881
4.72, 0.999853478055, 14.1350461553, 0.00688476555523, -2.26348296136
4.73, 0.999909920283, 14.1125273373, 0.00159939362176, -2.24583750499
4.74, 0.999877154607, 14.0901841029, -0.00764210305313, -2.22835550929
4.75, 0.999822003252, 14.0680138248, -0.00561470120693, -2.21122845517
4.76, 0.999815515764, 14.0460132059, 0.00257895312527, -2.19441191977
4.77, 0.99987350269, 14.0241791685, 0.00551604698933, -2.17787473304
4.78, 0.999899794851, 14.0025094566, -0.00187270291523, -2.16157261032
4.79, 0.999849490307, 13.9810011014, -0.00738059637143, -2.14559149403
4.8, 0.999805523556, 13.9596512873, -0.00171045045143, -2.12982028861
4.81, 0.999841713183, 13.9384582688, 0.00580544948369, -2.11426535336
4.82, 0.999898490588, 13.9174192826, 0.00257137906737, -2.09900543962
4.83, 0.999880474511, 13.8965313395, -0.00619712771182, -2.0840478032
4.84, 0.999816156255, 13.8757916966, -0.00586023813928, -2.06930476807
4.85, 0.999812390791, 13.8551988916, 0.00318318112828, -2.05470832177
4.86, 0.999876295366, 13.8347503825, 0.00590028764046, -2.04051424272
4.87, 0.999901332994, 13.8144405315, -0.0024030047194, -2.02699789333
4.88, 0.999844224727, 13.7942617545, -0.0079860708426, -2.01428421729
4.89, 0.999798956957, 13.7742058825, -0.00140332919818, -2.00240718637
4.9, 0.999841430167, 13.7542643137, 0.00650357358779, -1.99140319202
4.91, 0.999901513981, 13.7344285135, 0.00247717467762, -1.98117208718
4.92, 0.999878090126, 13.7146920685, -0.00695817455689, -1.97151519161
4.93, 0.999808495987, 13.6950493636, -0.00603380378534, -1.96240772195
4.94, 0.999808371391, 13.6754947562, 0.00388429119199, -1.9539475555
4.95, 0.999878846774, 13.6560211134, 0.00630660917928, -1.94612750607
4.96, 0.999902379536, 13.6366232103, -0.0029899438098, -1.93875332918
4.97, 0.999851096297, 13.6172960075, -0.00742842881128, -1.93205713526
4.98, 0.999798404978, 13.5980323551, -0.00288055223895, -1.92596626003
4.99, 0.999827424029, 13.5788273718, 0.00569383379696, -1.92031556117
5.0, 0.999891288894, 13.5596767147, 0.00375279153796, -1.91508602096
5.01, 0.999883321748, 13.5405759429, -0.00566255718256, -1.91037926523
5.02, 0.999815459216, 13.521518933, -0.00687062907366, -1.90625113113
5.03, 0.999800476336, 13.5025012779, 0.00230657648954, -1.90250138075
5.04, 0.999864381018, 13.4835188662, 0.00663694534621, -1.89925693432
5.05, 0.999901008466, 13.4645657355, -0.00125616397191, -1.8965678496
5.06, 0.999847944182, 13.4456377932, -0.00835172355445, -1.89420142298
5.07, 0.999792334447, 13.4267319794, -0.00269621205656, -1.89208689052
5.08, 0.999827302928, 13.4078437804, 0.00643857822822, -1.89068407009
5.09, 0.999895462725, 13.3889681302, 0.0037653448736, -1.88959975185
5.1, 0.99988244137, 13.370101696, -0.00646409271392, -1.88882880933
5.11, 0.999822495921, 13.3512414134, -0.00676252521749, -1.88841133289
5.12, 0.999798257871, 13.3323826366, 0.00083079089359, -1.88845096171
5.13, 0.999850639268, 13.3135220802, 0.00612443878757, -1.88876504704
5.14, 0.999893285789, 13.2946567748, 0.000110418803605, -1.88944953357
5.15, 0.999854325685, 13.2757820469, -0.00734152586616, -1.890571306
5.16, 0.999797604999, 13.2568948193, -0.00372784689587, -1.89194654576
5.17, 0.999818006008, 13.2379925829, 0.00507316876472, -1.89362407704
5.18, 0.999882516682, 13.2190710439, 0.00436723358886, -1.89573836432
5.19, 0.999883274942, 13.2001272151, -0.00485432660777, -1.8980760931
5.2, 0.999817471957, 13.1811589664, -0.00725423198844, -1.9006109505
5.21, 0.999794098438, 13.1621642045, 0.00133138943244, -1.90343139537
5.22, 0.999852948324, 13.1431390679, 0.00667911275362, -1.90661475013
5.23, 0.999896291856, 13.1240810893, -0.000267226281431, -1.90999523754
5.24, 0.999850537112, 13.1049882458, -0.00807628518381, -1.91365607042
5.25, 0.999790486033, 13.0858552502, -0.00362358676725, -1.91791336807
5.26, 0.999816417205, 13.0666790496, 0.00582895778922, -1.92230814537
5.27, 0.999886004607, 13.0474581139, 0.00449751077305, -1.92685781647
5.28, 0.999882678737, 13.0281906666, -0.0055997934844, -1.93166144342
5.29, 0.999824626682, 13.0088732656, -0.00722429022258, -1.9368135238
5.3, 0.99979100248, 12.9895030053, -0.000229483107417, -1.94216817456
5.31, 0.999838224612, 12.9700789088, 0.00622636302834, -1.94763526501
5.32, 0.999888674033, 12.9505989107, 0.00121897599425, -1.95327936325
5.33, 0.999857590156, 12.9310625795, -0.00707889493385, -1.9589026496
5.34, 0.999795550008, 12.9114700612, -0.00477802936623, -1.96454350099
5.35, 0.999806081868, 12.8918207079, 0.00444326867899, -1.97023348226
5.36, 0.999872705655, 12.872114602, 0.00522386404276, -1.9759121001
5.37, 0.999884219475, 12.8523515857, -0.00393274148202, -1.98163104669
5.38, 0.999819835547, 12.8325309929, -0.00782531479244, -1.9873958854
5.39, 0.999785957007, 12.8126530327, 0.000194085147019, -1.99312627461
5.4, 0.999839759695, 12.792717327, 0.00686756727921, -1.99892616919
5.41, 0.999892106381, 12.7727238889, 0.000955855341778, -2.00467340773
5.42, 0.99985453872, 12.7526724721, -0.00786052571473, -2.01048324361
5.43, 0.999788049563, 12.7325638139, -0.00480290375568, -2.01615770752
5.44, 0.999803429638, 12.7123986533, 0.00520619463776, -2.02178807506
5.45, 0.999875987554, 12.6921772661, 0.00548388970926, -2.02745475013
5.46, 0.999884395052, 12.6718977476, -0.00463541810144, -2.0333451269
5.47, 0.999826021392, 12.6515597412, -0.00714601582031, -2.03915327556
5.48, 0.999786163041, 12.6311638811, -0.00115638719529, -2.04494746234
5.49, 0.999826672955, 12.610709874, 0.00598214186658, -2.05075049463
5.5, 0.999881372229, 12.5901982956, 0.00208155842165, -2.05646657661
5.51, 0.999858565123, 12.5696299984, -0.00653855889675, -2.06209364615
5.52, 0.999794985044, 12.5490059158, -0.00547615184345, -2.06762971378
5.53, 0.999796547196, 12.5283268781, 0.00365579388086, -2.07308065827
5.54, 0.999861651801, 12.5075938686, 0.00566099180523, -2.07842318275
5.55, 0.999881776064, 12.4868080016, -0.00297784377178, -2.08366144587
5.56, 0.999821865983, 12.4659702645, -0.00794904934577, -2.08878690792
5.57, 0.999780717883, 12.4450820395, -0.00082019409633, -2.09376392506
5.58, 0.999827482592, 12.4241447362, 0.00664843483306, -2.09861654973
5.59, 0.999884841189, 12.4031593782, 0.00191548646947, -2.10337266479
5.6, 0.999856122402, 12.3821270622, -0.00731375684053, -2.10800842917
5.61, 0.999787493291, 12.3610490455, -0.00559777213096, -2.11251653713
5.62, 0.999793105181, 12.3399265468, 0.00437983208483, -2.11691316216
5.63, 0.999864516041, 12.3187605541, 0.00601241387421, -2.12121815846
5.64, 0.999882474453, 12.2975519923, -0.00361295486964, -2.12542826673
5.65, 0.999828457167, 12.2763018492, -0.00734290693382, -2.12953750859
5.66, 0.999780337638, 12.2550111118, -0.00226037493159, -2.1335453771
5.67, 0.999813600109, 12.233680841, 0.00580797314376, -2.13745153925
5.68, 0.999874249636, 12.2123119319, 0.0031481749019, -2.14128070948
5.69, 0.999860823143, 12.1909050951, -0.00600025761171, -2.14503581027
5.7, 0.999794328134, 12.169461129, -0.0063827034976, -2.14870226818
5.71, 0.999785319844, 12.1479810195, 0.00280136416571, -2.15227007091
5.72, 0.999849799967, 12.1264652828, 0.00629444451461, -2.1559507827
5.73, 0.999880469489, 12.1049103061, -0.00189131949, -2.16007358612
5.74, 0.999824743685, 12.0833122931, -0.00822837370502, -2.16454671944
5.75, 0.999774269921, 12.0616679505, -0.00201976356008, -2.16938514499
5.76, 0.999813577361, 12.0399712182, 0.00652099901473, -2.17493760997
5.77, 0.999877886154, 12.0182172128, 0.0030950323278, -2.18089751514
5.78, 0.99985914614, 11.9964008777, -0.00678441243705, -2.18737988603
5.79, 0.999801189545, 11.9745166143, -0.00620554135948, -2.19461167717
5.8, 0.999783223365, 11.9525544242, 0.00131437078836, -2.20277262432
5.81, 0.999835672105, 11.9305081583, 0.00571130721786, -2.2114270882
5.82, 0.999871864806, 11.9083718866, -0.000543417597332, -2.22093216998
5.83, 0.999830548929, 11.8861357901, -0.00715850665983, -2.23118516681
5.84, 0.999779529867, 11.8637950593, -0.00301746046193, -2.24184445096
5.85, 0.999804171361, 11.8413452371, 0.00510926939191, -2.25314073976
5.86, 0.999864230275, 11.8187772978, 0.00363797880068, -2.26528746282
5.87, 0.999859073448, 11.7960857901, -0.00515571583103, -2.27785584953
5.88, 0.999795758938, 11.7732667557, -0.00662729749053, -2.29078435436
5.89, 0.99977915965, 11.7503165859, 0.00182562207334, -2.3042084445
5.9, 0.99983761999, 11.7272273416, 0.00618510097892, -2.31841941194
5.91, 0.999873850978, 11.7039943982, -0.000955459553529, -2.33294372086
5.92, 0.999826020264, 11.6806136086, -0.00782427628598, -2.34814671872
5.93, 0.999772413778, 11.6570766237, -0.00286025721937, -2.36399634201
5.94, 0.999802535136, 11.6333796855, 0.00580891394932, -2.38026835907
5.95, 0.999866863269, 11.6095155546, 0.0036890325175, -2.3972551142
5.96, 0.9998573844, 11.5854797505, -0.00587285463188, -2.41475032595
5.97, 0.999788148198, 11.5612649344, -0.00693853746303, -2.43287164931
5.98, 0.999773794106, 11.5368679947, 0.00242751423832, -2.45117557268
5.99, 0.999838918194, 11.5122865694, 0.00669005472118, -2.46991220062
6.0, 0.99987502382, 11.4875136667, -0.00141268892418, -2.48929413964
6.01, 0.999820277921, 11.4625463563, -0.00850798329926, -2.50876112656
6.02, 0.999764384204, 11.4373828832, -0.00263730709568, -2.52868898164
6.03, 0.999800709303, 11.4120163521, 0.00656765369652, -2.5492086568
6.04, 0.999869409229, 11.3864438775, 0.00371085507149, -2.56988366734
6.05, 0.999855050535, 11.3606640994, -0.00665573696448, -2.5906525435
6.06, 0.999794124939, 11.3346755108, -0.00681602143825, -2.61179128709
6.07, 0.999770350129, 11.3084715958, 0.000920638465975, -2.63355815343
6.08, 0.999823720675, 11.2820496013, 0.00617102018097, -2.65541651502
6.09, 0.999866043501, 11.2554090975, -8.96310710201e-06, -2.67723857481
6.1, 0.999825756221, 11.2285456489, -0.00747340675358, -2.69994100192
6.11, 0.999768711547, 11.2014551406, -0.00369324539841, -2.7226906771
6.12, 0.999790175059, 11.1741369267, 0.00517731082788, -2.7454811835
6.13, 0.999855145377, 11.1465893886, 0.00431901679478, -2.76872613339
6.14, 0.999854717939, 11.1188065771, -0.0050252443944, -2.79234149013
6.15, 0.999787812784, 11.0907872453, -0.007307025504, -2.81603022309
6.16, 0.999765065703, 11.0625301122, 0.00144214496046, -2.84018845265
6.17, 0.999824990361, 11.0340249807, 0.00672111654283, -2.86529004537
6.18, 0.999867835189, 11.0052688312, -0.000410036440469, -2.89040173696
6.19, 0.999820591414, 10.9762615332, -0.00821536190919, -2.91551499925
6.2, 0.999760286151, 10.9470021124, -0.00357466922035, -2.94099632655
6.21, 0.999787386261, 10.9174854865, 0.00593727530245, -2.96677063779
6.22, 0.999857357334, 10.8877111607, 0.00443381535469, -2.99253755544
6.23, 0.999852685232, 10.8576787372, -0.00578512630158, -3.01853310536
6.24, 0.9997790558, 10.827383367, -0.00770243361447, -3.04495281968
6.25, 0.999758199203, 10.7968240281, 0.0020657373765, -3.07133881282
6.26, 0.999825525462, 10.7660008562, 0.0073223239888, -3.09783891535
6.27, 0.999868786822, 10.7349094059, -0.000863807596841, -3.12484597248
6.28, 0.999824541945, 10.7035482229, -0.00666122076807, -3.15179303293
6.29, 0.999760943385, 10.6719178673, -0.00486502332878, -3.17868040036
6.3, 0.999773227077, 10.6400185039, 0.00476364834147, -3.20574624163
6.31, 0.999842915299, 10.6078454605, 0.00539717465909, -3.23325645219
6.32, 0.999853663147, 10.5753975735, -0.00422438938848, -3.2607246168
6.33, 0.999785870258, 10.5426750996, -0.00813268323405, -3.28830761963
6.34, 0.999751440666, 10.5096740767, 0.000339928684378, -3.3162648604
6.35, 0.99980828797, 10.4763939498, 0.00718066039152, -3.34414054218
6.36, 0.999861963767, 10.4428349382, 0.000861416136128, -3.3721893338
6.37, 0.999821436078, 10.4089924697, -0.00827105704892, -3.40066906119
6.38, 0.999766757069, 10.3748655524, -0.00517194961817, -3.42922617218
6.39, 0.99976710051, 10.3404504383, 0.00319498521293, -3.45813807353
6.4, 0.999826812614, 10.3057461585, 0.00519923289326, -3.48722234508
6.41, 0.999846461976, 10.270748575, -0.0026895359531, -3.5166247647
6.42, 0.999791719764, 10.2354575993, -0.00743163796758, -3.54590401166
6.43, 0.999752550505, 10.1998744799, -0.000989216116058, -3.57514555926
6.44, 0.999794464989, 10.1639958908, 0.00601130607929, -3.6048798325
6.45, 0.999847858832, 10.1278204954, 0.00181365720121, -3.63453833181
6.46, 0.999822419099, 10.0913496601, -0.00675970751728, -3.66387108682
6.47, 0.999758503522, 10.0545885416, -0.0053815863893, -3.69255333258
6.48, 0.99976189871, 10.0175448003, 0.0038171724595, -3.72042474794
6.49, 0.999827288171, 9.98022634133, 0.00552821770373, -3.74752288154
6.5, 0.999844975739, 9.94264074622, -0.0032780908167, -3.77387272429
6.51, 0.99978328973, 9.90479543899, -0.00800395654721, -3.79948288549
6.52, 0.999743368163, 9.86669778572, -0.000620872204156, -3.82436384259
6.53, 0.999791703925, 9.82835493503, 0.00668463635979, -3.84854742895
6.54, 0.999847682995, 9.78977367847, 0.00163688145934, -3.8720655656
6.55, 0.999816231796, 9.75096058329, -0.00753204930049, -3.89493079073
6.56, 0.999747411757, 9.71192216688, -0.00547523088186, -3.91714608939
6.57, 0.999755063229, 9.67266486394, 0.00455585499345, -3.9387304661
6.58, 0.999826667219, 9.63319480287, 0.00585882010183, -3.95971856901
6.59, 0.999841904584, 9.59351781992, -0.00393431808615, -3.98013016331
6.6, 0.999786252505, 9.55363966766, -0.00736618581536, -3.99996612235
6.61, 0.999739451569, 9.51356605306, -0.00206729542276, -4.01923822744
6.62, 0.999773996611, 9.47330253361, 0.00580921398118, -4.03796744023
6.63, 0.999832982483, 9.43285437637, 0.00285908433349, -4.05618253815
6.64, 0.999816908218, 9.39222664202, -0.00619351861776, -4.07389481969
6.65, 0.999750416486, 9.35142435724, -0.0062487526185, -4.09110413229
6.66, 0.999743294474, 9.3104525236, 0.00294656990791, -4.10782185002
6.67, 0.999807575049, 9.26931591146, 0.0061088418384, -4.12407710285
6.68, 0.999835399302, 9.22801902613, -0.00220251401049, -4.13988870492
6.69, 0.999778035357, 9.18656628104, -0.00824696217999, -4.15525783657
6.7, 0.999728982292, 9.14496211822, -0.00181392266578, -4.17018489339
6.71, 0.999769538231, 9.10321087086, 0.00650935532484, -4.18469169003
6.72, 0.999831895009, 9.06131659308, 0.00277424612559, -4.19880408212
6.73, 0.999810213504, 9.01928316974, -0.00699089171842, -4.2125289821
6.74, 0.999737860252, 8.97711449837, -0.00647686105895, -4.22586174907
6.75, 0.999734006538, 8.93481448794, 0.00364068725886, -4.23881133613
6.76, 0.999804955642, 8.89238683008, 0.00654097190963, -4.25140545537
6.77, 0.999831326553, 8.84983497599, -0.00279762130282, -4.26365946489
6.78, 0.999776739197, 8.80716233566, -0.00661466236751, -4.27556774269
6.79, 0.999726065957, 8.7643723611, -0.00291724663949, -4.28713611955
6.8, 0.99975253797, 8.72146841635, 0.00529223939754, -4.29837598153
6.81, 0.999812937096, 8.67845365147, 0.00351852763359, -4.30931107844
6.82, 0.999805153206, 8.6353310555, -0.00547737176539, -4.31994850153
6.83, 0.999739584183, 8.59210362712, -0.00671706722844, -4.33028292897
6.84, 0.9997238661, 8.54877440519, 0.00202067630406, -4.34031818378
6.85, 0.999783824061, 8.50534627302, 0.00623100184077, -4.35007692988
6.86, 0.999818463501, 8.46182189685, -0.00125820374999, -4.35957426014
6.87, 0.999767306235, 8.4182038857, -0.00809739660312, -4.36880762832
6.88, 0.999712884312, 8.37449492217, -0.00277145501859, -4.3777716303
6.89, 0.999744758909, 8.3306976511, 0.00598495427256, -4.38648097166
6.9, 0.999809105511, 8.28681449885, 0.00352817214068, -4.39495333918
6.91, 0.999796457097, 8.24284778559, -0.00624880833852, -4.40319751947
6.92, 0.999724519548, 8.19879985936, -0.0070471429856, -4.41120231383
6.93, 0.999711018357, 8.15467313947, 0.00264858113703, -4.41896677826
6.94, 0.999777988078, 8.11046986766, 0.00678225720013, -4.42652208934
6.95, 0.999813004719, 8.06619206341, -0.0016549849465, -4.43387790394
6.96, 0.999765805182, 8.02184176415, -0.00643152820835, -4.44102314288
6.97, 0.999709414203, 7.97742104108, -0.00394348969112, -4.44796711842
6.98, 0.999726721136, 7.93293197346, 0.00476491684666, -4.45470443417
6.99, 0.999789912101, 7.88837644323, 0.00439915371108, -4.46126412981
7.0, 0.999792364848, 7.84375620786, -0.00464310519802, -4.46764713405
7.01, 0.999727278855, 7.79907304915, -0.00734726096702, -4.47385189563
7.02, 0.999701178668, 7.75432883276, 0.000958734932512, -4.47986805722
7.03, 0.99975711002, 7.70952532807, 0.0065190111328, -4.48571773158
7.04, 0.999801115558, 7.66466410884, -5.76854664891e-05, -4.49141554515
7.05, 0.999757470606, 7.61974669869, -0.00795618382872, -4.49695686708
7.06, 0.999696405549, 7.57477472555, -0.00390884608949, -4.50233238097
7.07, 0.999718799179, 7.5297498322, 0.00550765168407, -4.50755059465
7.08, 0.999787147174, 7.48467347249, 0.00456312378795, -4.51263143217
7.09, 0.999785875247, 7.43954696109, -0.00536356192607, -4.51758086956
7.1, 0.999714165901, 7.39437169426, -0.00775831560171, -4.52237992697
7.11, 0.999689554915, 7.34914914535, 0.00154259167338, -4.52704188855
7.12, 0.999752703956, 7.3038807005, 0.00713507199089, -4.53156787924
7.13, 0.999797499355, 7.25856753465, -0.000459676402062, -4.53598916254
7.14, 0.999751285715, 7.2132107746, -0.00402267898969, -4.54031696426
7.15, 0.999694754588, 7.16781181166, -0.00467460936759, -4.54444315651
7.16, 0.99970366866, 7.12237181282, 0.00410164846969, -4.54848431841
7.17, 0.999766510407, 7.07689196096, 0.00491939263344, -4.55242513194
7.18, 0.999777547083, 7.03137327459, -0.00376327708926, -4.55625953643
7.19, 0.999716025266, 6.98581677946, -0.00754593046057, -4.55998450813
7.2, 0.99968270516, 6.94022363735, 2.34766622895e-05, -4.56359336906
7.21, 0.999732822602, 6.894594942, 0.00642527896333, -4.56710251584
7.22, 0.99978230382, 6.8489316164, 0.000872162828976, -4.57052332861
7.23, 0.99974641707, 6.80323454218, -0.00754575692504, -4.5738469124
7.24, 0.999682241715, 6.75750469252, -0.00473043985839, -4.57707277153
7.25, 0.999695443432, 6.71174309728, 0.0047912514522, -4.58020667593
7.26, 0.999763632182, 6.66595064667, 0.00514213705107, -4.58325585941
7.27, 0.999771487211, 6.62012809674, -0.00445288196907, -4.5862224208
7.28, 0.999702843521, 6.57427623689, -0.0080608546932, -4.58911428527
7.29, 0.999669865125, 6.52839601377, 0.000510584245674, -4.59189489851
7.3, 0.99972693215, 6.48248827141, 0.00707783680669, -4.59462283883
7.31, 0.999778088768, 6.43655370729, 0.000571961313146, -4.59726887975
7.32, 0.999740076105, 6.39059291576, -0.00364831949988, -4.59989062819
7.33, 0.999679468852, 6.3446068093, -0.0056307555685, -4.60235719084
7.34, 0.99967820645, 6.29859606747, 0.00333404397878, -4.60477343411
7.35, 0.999741105102, 6.25256142872, 0.00557921443909, -4.60713499426
7.36, 0.999761958429, 6.20650346322, -0.00281702466691, -4.60944652478
7.37, 0.999703146202, 6.16042277581, -0.00794233539371, -4.61168492761
7.38, 0.999660294573, 6.11432009141, -0.00111200267109, -4.61384771927
7.39, 0.999704088857, 6.06819610538, 0.00641680321822, -4.61594975035
7.4, 0.999760974927, 6.0220513478, 0.00202115283128, -4.61799884983
7.41, 0.999733967529, 5.97588628586, -0.00715698472803, -4.62000245454
7.42, 0.999665206986, 5.92970150786, -0.00577313103543, -4.62194664315
7.43, 0.99966777596, 5.88349769867, 0.00403094086524, -4.62382093565
7.44, 0.999736890017, 5.83727540129, 0.00592836371564, -4.62564968727
7.45, 0.999755662746, 5.79103501109, -0.00343994039723, -4.62743905779
7.46, 0.999699875609, 5.74477698985, -0.00626215123069, -4.62917435031
7.47, 0.999656077017, 5.69850192014, -0.00215664166666, -4.63083861381
7.48, 0.999685874657, 5.6522103365, 0.00516256178243, -4.63247333818
7.49, 0.999740055473, 5.60590266325, 0.00267639300308, -4.63407223852
7.5, 0.999726530504, 5.55957927225, -0.00563667429908, -4.63561759889
7.51, 0.999665130642, 5.51324060187, -0.00592835615119, -4.63711916838
7.52, 0.999656497446, 5.46688717409, 0.00244861148467, -4.63857843367
7.53, 0.999714605254, 5.42051943086, 0.00559701592825, -4.63998876861
7.54, 0.999741579316, 5.37413767117, -0.00187519620054, -4.64138099071
7.55, 0.999690186666, 5.32774223561, -0.00758613414246, -4.64272083766
7.56, 0.999644038765, 5.28133357631, -0.0019113690211, -4.64402648742
7.57, 0.999679544664, 5.23491214927, 0.00583371334928, -4.64527947252
7.58, 0.999737179158, 5.18847826287, 0.00263681471349, -4.64652086493
7.59, 0.999718876398, 5.142032162, -0.00634635212667, -4.64771354043
7.6, 0.999652257667, 5.0955741732, -0.00613009069502, -4.64889469974
7.61, 0.999646695642, 5.04910478392, 0.00309801666881, -4.65000875462
7.62, 0.999711054509, 5.00262430239, 0.00600759976361, -4.65110720178
7.63, 0.999736824244, 4.95613295492, -0.00241793174056, -4.65219004259
7.64, 0.999678288589, 4.90963098566, -0.00823196662233, -4.65322866917
7.65, 0.999630575292, 4.863118772, -0.00160779333234, -4.65422462591
7.66, 0.999672485237, 4.8165966903, 0.00655149833644, -4.65521321031
7.67, 0.999733670126, 4.7700649867, 0.00256587365634, -4.65616938299
7.68, 0.999709975939, 4.72352379565, -0.00711372223006, -4.65709955787
7.69, 0.999637869816, 4.67697339573, -0.00632505783446, -4.65799348896
7.7, 0.999635869873, 4.63041416518, 0.00380902890936, -4.65886933707
7.71, 0.999706907244, 4.58384637092, 0.00642837283251, -4.65971841755
7.72, 0.999731137737, 4.53727014005, -0.00301665132992, -4.6605636706
7.73, 0.999678267434, 4.49068566447, -0.00769341897532, -4.66137329465
7.74, 0.999622868412, 4.44409323585, -0.00310396191936, -4.66215330638
7.75, 0.999651295382, 4.39749316335, 0.0057586303624, -4.66290583052
7.76, 0.999716532393, 4.3508856422, 0.00387367409335, -4.66364552202
7.77, 0.999708415069, 4.30427077242, -0.00582150702534, -4.66437338352
7.78, 0.999637881051, 4.25764872856, -0.00717636310347, -4.66507579117
7.79, 0.999620952741, 4.21101983191, 0.00223847862061, -4.66574725646
7.8, 0.999685717937, 4.16438432137, 0.00679457784412, -4.66640319631
7.81, 0.999723294158, 4.11774229162, -0.00128285635452, -4.6670524489
7.82, 0.999678449688, 4.07109383461, -0.006410949969, -4.66768432177
7.83, 0.999619292108, 4.02443919369, -0.00439814552353, -4.66828979283
7.84, 0.999632713738, 3.97777864622, 0.00455121533062, -4.66887150312
7.85, 0.999697066074, 3.93111234828, 0.00477902023911, -4.66943540949
7.86, 0.999703880002, 3.88444034896, -0.00428689296397, -4.66999321964
7.87, 0.999639250161, 3.83776275915, -0.0075744174331, -4.67054038398
7.88, 0.9996091223, 3.79107984108, 0.000544497598032, -4.6710679149
7.89, 0.999663367553, 3.74439181267, 0.00662061538178, -4.67158265713
7.9, 0.999710851709, 3.69769874206, 0.000395911313698, -4.67208638935
7.91, 0.999669889508, 3.65100067609, -0.00792910554791, -4.67257937405
7.92, 0.999605843291, 3.60429780491, -0.0043899959835, -4.67303197205
7.93, 0.999624122106, 3.55759036015, 0.00527841442698, -4.67348039822
7.94, 0.999693764482, 3.51087845507, 0.00495018450363, -4.67394121389
7.95, 0.999696823159, 3.46416210272, -0.00502719931934, -4.67438407211
7.96, 0.999638129997, 3.41744143665, -0.00687682154878, -4.6747892223
7.97, 0.999602286848, 3.37071662744, -0.000786024125068, -4.67519343882
7.98, 0.999643153747, 3.32398787124, 0.00570314670182, -4.67559929229
7.99, 0.999692533544, 3.27725522616, 0.00148101048866, -4.67598881792
8.0, 0.999666196836, 3.23051871628, -0.00659222866072, -4.67635637931
8.01, 0.999605355317, 3.18377843939, -0.00503329879451, -4.67673574023
8.02, 0.999609796212, 3.1370346164, 0.00369427820793, -4.67708445077
8.03, 0.999671272674, 3.09028737428, 0.00503913066792, -4.67741184351
8.04, 0.999685308369, 3.0435366809, -0.0034150748083, -4.67776905851
8.05, 0.999625132108, 2.99678260647, -0.00764821987843, -4.67810110846
8.06, 0.999588194123, 2.95002534669, -0.000451322862489, -4.67839513713
8.07, 0.999634951991, 2.90326504002, 0.0063060051917, -4.6787109105
8.08, 0.999686379061, 2.85650171372, 0.00127454891495, -4.67900745176
8.09, 0.999654101813, 2.80973535709, -0.00733469405443, -4.67929949278
8.1, 0.999588779883, 2.76296607155, -0.00509737615869, -4.67959781475
8.11, 0.999597542901, 2.71619408946, 0.0044110653394, -4.67984636525
8.12, 0.999664998017, 2.66941945292, 0.00534971432071, -4.68012735301
8.13, 0.99967671654, 2.62264213485, -0.00403391297325, -4.68038920384
8.14, 0.999609659442, 2.57586216075, -0.0081718733501, -4.68064691604
8.15, 0.999572803286, 2.52907970604, 5.97217129116e-06, -4.68089375898
8.16, 0.999626487817, 2.48229494712, 0.00698370679252, -4.68110900377
8.17, 0.999680076808, 2.43550783534, 0.00102328600454, -4.68136157973
8.18, 0.999646111094, 2.38871833184, -0.00341422241178, -4.68161198104
8.19, 0.999584457447, 2.34192661398, -0.00599050936989, -4.6818148674
8.2, 0.999579034758, 2.29513275654, 0.00300572585396, -4.68200444414
8.21, 0.999641996296, 2.24833685307, 0.00587084218761, -4.68222435789
8.22, 0.999667465576, 2.2015388976, -0.00235222558512, -4.68241694443
8.23, 0.999610361182, 2.15473884222, -0.00807125725281, -4.68263598101
8.24, 0.99956343093, 2.10793686251, -0.00162718052833, -4.68280556378
8.25, 0.999604025761, 2.0611330743, 0.0063621173186, -4.68299884964
8.26, 0.999663757423, 2.01432750376, 0.002504708957, -4.68316664638
8.27, 0.999640745496, 1.96752005626, -0.00696023751252, -4.68336748947
8.28, 0.999570206978, 1.92071083865, -0.00621689963357, -4.68352210506
8.29, 0.999567955489, 1.87389999315, 0.00367557542722, -4.68369356295
8.3, 0.999637291618, 1.82708760766, 0.00627003426994, -4.68383670933
8.31, 0.999661211493, 1.78027358387, -0.00293665005886, -4.68401723697
8.32, 0.999607112665, 1.73345794882, -0.00642125178229, -4.68415788432
8.33, 0.999558944327, 1.68664079675, -0.00269339214193, -4.68431774146
8.34, 0.999585720805, 1.6398222858, 0.00515886942383, -4.68443725908
8.35, 0.999643551127, 1.59300238771, 0.00325006851187, -4.6845930524
8.36, 0.999634554958, 1.54618106895, -0.00541752871146, -4.68472827123
8.37, 0.999571228058, 1.49935834082, -0.00640478136129, -4.68485398069
8.38, 0.999557621788, 1.45253434587, 0.00209529851823, -4.68498978371
8.39, 0.999616194849, 1.40570918293, 0.00597043844398, -4.68509577036
8.4, 0.999648473774, 1.35888276159, -0.00138685813211, -4.68523910659
8.41, 0.999598167885, 1.31205507766, -0.00784136886404, -4.68534830681
8.42, 0.999546675979, 1.26522619816, -0.00252383078418, -4.68547433051
8.43, 0.999578875128, 1.21839628287, 0.00583894244452, -4.68557471707
8.44, 0.999640577582, 1.17156530936, 0.0032568702699, -4.68567084741
8.45, 0.999626921407, 1.1247331841, -0.00615657829053, -4.68580170149
8.46, 0.999557660587, 1.0778999637, -0.00669934395182, -4.68589166401
8.47, 0.999546448152, 1.0310657694, 0.00270934872432, -4.68599665702
8.48, 0.999611575914, 0.984230695359, 0.00645191807738, -4.68608598144
8.49, 0.999643386274, 0.937394649746, -0.00186957688572, -4.68617344781
8.5, 0.999586114881, 0.890557564709, -0.00850881374139, -4.68628910331
8.51, 0.99953264163, 0.84371958164, -0.00226418130299, -4.68635814103
8.52, 0.999571244638, 0.796880798821, 0.00660337645896, -4.68645019233
8.53, 0.999637112169, 0.750041211414, 0.00324858291168, -4.68653547463
8.54, 0.999618366402, 0.703200727295, -0.00692885547795, -4.68661275822
8.55, 0.999557469648, 0.656359372454, -0.00718982436052, -4.6867083449
8.56, 0.999533334369, 0.609517281502, 0.00116273203602, -4.68676177834
8.57, 0.999590271649, 0.562674509855, 0.00652129180108, -4.68683037026
8.58, 0.999633179919, 0.515830972543, -0.000210123972943, -4.68692685359
8.59, 0.99958847601, 0.468986647312, -0.00797656645652, -4.68699066783
8.6, 0.99952830627, 0.422141575931, -0.00374170184655, -4.68707031884
8.61, 0.999552104261, 0.375295914829, 0.00558606025635, -4.68712846686
8.62, 0.99962000539, 0.328449661905, 0.00443029473517, -4.68717929127
8.63, 0.99961717887, 0.281602690859, -0.00548121159849, -4.68726668132
8.64, 0.99955860907, 0.234755029326, -0.00646287570905, -4.68732904398
8.65, 0.999529138168, 0.187906789168, -0.000150143869222, -4.68736968513
8.66, 0.999572356678, 0.14105801825, 0.00552997247865, -4.68743800352
8.67, 0.999616340695, 0.0942086877557, 0.000803885680737, -4.68749602458
