timestamp, prius0 x posi, prius0 y posi, prius0 x vel, prius0 y vel.
0.0, 0.0, 0.0, 0.0, 0.0
0.00999999999999, 1.00000008847, -30.017515563, 0.00736168249589, 0.120294946929
0.02, 1.0000219493, -30.0162450597, -0.00157855209539, 0.138615508657
0.03, 0.999962301606, -30.0147879633, -0.00650763608638, 0.157551117653
0.04, 0.999923869003, -30.0131330936, 0.000969034765771, 0.178481117103
0.05, 0.999976133162, -30.0112627746, 0.00858128303664, 0.200282224016
0.06, 1.00003799891, -30.0091730147, 0.00358959463262, 0.222387443762
0.07, 1.00001135673, -30.0068579042, -0.00578180657477, 0.245206165431
0.08, 0.999945530227, -30.0043088947, -0.0038200037291, 0.269255178537
0.09, 0.999957294488, -30.0015170819, 0.00647405872787, 0.293697101197
0.1, 1.00003588926, -29.9984790589, 0.00801243079778, 0.3184865305
0.11, 1.00005864356, -29.9951883891, -0.00189064515878, 0.344375761712
0.12, 1.00000728565, -29.9916320913, -0.00504424723246, 0.37157277339
0.13, 0.999968511356, -29.9877994607, 7.34535892219e-05, 0.399380374353
0.14, 1.00001029585, -29.9836837061, 0.00786377626079, 0.428289909026
0.15, 1.00007606684, -29.9792755666, 0.00493155083282, 0.458036095832
0.16, 1.00006803776, -29.9745659596, -0.00392571708521, 0.48833952689
0.17, 1.00001128033, -29.9695520849, -0.00386858163219, 0.518861738679
0.18, 1.00001402572, -29.964228856, 0.00526291209825, 0.550348273893
0.19, 1.00008733091, -29.9585869625, 0.00836844521156, 0.58233713933
0.2, 1.0001246293, -29.9526252529, 0.000188919001065, 0.614368447661
0.21, 1.00007852795, -29.9463347506, -0.00567776207701, 0.648269149919
0.22, 1.00004176767, -29.9397015001, 0.000789328343649, 0.682616505688
0.23, 1.00009427806, -29.9327214685, 0.00903827874885, 0.717785711489
0.24, 1.00016819172, -29.9253872485, 0.00533684480862, 0.753261303235
0.25, 1.00015949574, -29.9176910432, -0.00422966273093, 0.790421540166
0.26, 1.00010181257, -29.9096199265, -0.00359367852547, 0.827942452565
0.27, 1.00011296585, -29.9011739926, 0.00648271732684, 0.865403110965
0.28, 1.00019810656, -29.8923475892, 0.00931081994984, 0.904360948409
0.29, 1.00023912192, -29.8831272017, 0.000130899403359, 0.943802367567
0.3, 1.00019110186, -29.8735155248, -0.00574535067078, 0.982901858038
0.31, 1.00015883766, -29.8635056892, 0.00170721857327, 1.02345843963
0.32, 1.00022367527, -29.8530861366, 0.0103391667205, 1.06454961253
0.33, 1.00030636043, -29.8422556161, 0.00575173451721, 1.10560735472
0.34, 1.00029719077, -29.8310149009, -0.00446662590286, 1.14657344792
0.35, 1.00025484966, -29.8193594766, -0.00308218336735, 1.1888947793
0.36, 1.00026105114, -29.8072770478, 0.00550648472466, 1.2315817925
0.37, 1.0003411407, -29.7947687881, 0.00956601222252, 1.27408122549
0.38, 1.00039601734, -29.7818323081, 0.00224160569308, 1.31731033004
0.39, 1.00036803559, -29.768462349, -0.00426229535808, 1.3609666866
0.4, 1.00033871016, -29.7546528224, 0.00108979469897, 1.40491944876
0.41, 1.00039449172, -29.7404044514, 0.00967031284072, 1.44871247301
0.42, 1.00048166311, -29.725716563, 0.00720773031701, 1.49302147636
0.43, 1.00049365294, -29.7105844116, -0.00225392420045, 1.53737843238
0.44, 1.00044948985, -29.695007261, -0.0028127873408, 1.58221955156
0.45, 1.00046429741, -29.67897776, 0.00676639456147, 1.62782934056
0.46, 1.00055734734, -29.6624939298, 0.0106813613735, 1.67294519247
0.47, 1.00061788174, -29.6455515909, 0.0023569958283, 1.71939620396
0.48, 1.00058888827, -29.6281436964, -0.00431736506189, 1.7662909562
0.49, 1.00056400967, -29.6102661767, 0.00202803991657, 1.81313954132
0.5, 1.00063306692, -29.5919228715, 0.0111197334213, 1.85951975094
0.51, 1.00073094815, -29.5731151078, 0.00782980207101, 1.90591240151
0.52, 1.00074394163, -29.5538396287, -0.00242204883879, 1.9534564319
0.53, 1.00070008584, -29.5340856635, -0.00241828323339, 2.00122070987
0.54, 1.00072483347, -29.5138533006, 0.00817041106042, 2.0493460465
0.55, 1.00081833354, -29.4931357327, 0.0106488607024, 2.09822025596
0.56, 1.00089188112, -29.4719250854, 0.00444730456681, 2.14787736958
0.57, 1.00088354391, -29.4502179187, -0.00271459057267, 2.19793565247
0.58, 1.00086299664, -29.4280012074, 0.00153859995366, 2.24913385236
0.59, 1.0009235133, -29.4052713021, 0.0104288002143, 2.30072846864
0.6, 1.00102535778, -29.3820294752, 0.00925396202759, 2.35132450003
0.61, 1.0010600688, -29.3582745645, -6.4104146451e-05, 2.40332543996
0.62, 1.00103139135, -29.3339943876, -0.00186007059363, 2.4566304744
0.63, 1.00105126606, -29.3091813235, 0.00717643580161, 2.51002365009
0.64, 1.0011535653, -29.2838333821, 0.0122045824478, 2.56355493551
0.65, 1.00123567689, -29.2579457868, 0.00483468936756, 2.61795820683
0.66, 1.00122841409, -29.2315104964, -0.00262537140072, 2.67272667581
0.67, 1.00121299086, -29.2045280555, 0.00250323543289, 2.72763350985
0.68, 1.00128742363, -29.1769931974, 0.0120051473962, 2.78313510041
0.69, 1.00140204359, -29.1489030206, 0.0101269632762, 2.83883298704
0.7, 1.00144015078, -29.1202548504, -3.34449917469e-05, 2.89446752033
0.71, 1.00141284161, -29.0910488844, -0.00142732353208, 2.95047231639
0.72, 1.00144292323, -29.0612817721, 0.00863707899595, 3.00678192828
0.73, 1.00156083232, -29.0309545269, 0.013616779821, 3.06246941906
0.74, 1.00165126671, -29.0000661413, 0.00517434067564, 3.11885616062
0.75, 1.0016445284, -28.9686152073, -0.00258090607248, 3.17492163091
0.76, 1.00163426726, -28.9366047087, 0.00350789878683, 3.23103381824
0.77, 1.00172332805, -28.9040356394, 0.0136598863626, 3.28632035032
0.78, 1.00183638517, -28.8709210029, 0.011299630201, 3.3401421147
0.79, 1.00189489189, -28.8372758479, 0.00233143864187, 3.39246899732
0.8, 1.00188480678, -28.8031149736, -0.000555337822665, 3.44332804301
0.81, 1.00191269179, -28.7684529168, 0.00778000872807, 3.49275001732
0.82, 1.00202486651, -28.7333037609, 0.0136895392788, 3.54079054563
0.83, 1.00212823783, -28.697681041, 0.00731892423455, 3.58750057982
0.84, 1.00214405253, -28.6615979063, -0.000718635292506, 3.63290965383
0.85, 1.00214053251, -28.6250672885, 0.00317448561382, 3.67703537008
0.86, 1.00222102095, -28.5881018265, 0.012820963754, 3.71991816691
0.87, 1.00235084163, -28.5507136597, 0.0122216453748, 3.7616113921
0.88, 1.0024128836, -28.512914488, 0.00230806163001, 3.80215085446
0.89, 1.00240284327, -28.474715778, -0.000327549683246, 3.84155121324
0.9, 1.00243864798, -28.4361288299, 0.00899886988388, 3.87983389642
0.91, 1.00256452737, -28.3971645667, 0.0149484358032, 3.91704771603
0.92, 1.00267517157, -28.3578334401, 0.00754666898086, 3.95323513566
0.93, 1.00268985474, -28.3181456102, -0.000911594143735, 3.98841570006
0.94, 1.00268860217, -28.27811112, 0.00385850685785, 4.02259715384
0.95, 1.00278078238, -28.237739798, 0.0142045611489, 4.0558138646
0.96, 1.0029071033, -28.1970410151, 0.0131816074358, 4.088113082
0.97, 1.00298707899, -28.1560238447, 0.00438432611018, 4.11951873602
0.98, 1.00299101279, -28.114697141, 0.000195337391792, 4.15004403685
0.99, 1.00302141509, -28.0730696653, 0.00785934870447, 4.17970056829
1.0, 1.00313929123, -28.0311499116, 0.0148225128194, 4.20852646647
1.01, 1.00326067352, -27.988945976, 0.009442595391, 4.23655910644
1.02, 1.00329494222, -27.9464657005, 0.000620843136496, 4.26381505074
1.03, 1.00329700444, -27.9037168519, 0.00319197038724, 4.29029646989
1.04, 1.00337781372, -27.8607070725, 0.0131459739131, 4.31602646719
1.05, 1.00351885811, -27.8174436554, 0.0139574173683, 4.34104540227
1.06, 1.00360074755, -27.7739335708, 0.00416297489949, 4.36537796508
1.07, 1.00360194125, -27.7301836707, 9.21011567077e-05, 4.38902690844
1.08, 1.00363686477, -27.6862007815, 0.00876820093752, 4.41199792533
1.09, 1.00376615675, -27.6419915029, 0.0159265425982, 4.43432617455
1.1, 1.00389363291, -27.597562075, 0.00955614313795, 4.45604430767
1.11, 1.00392494036, -27.552918542, 0.000180435693439, 4.47716239693
1.12, 1.0039400715, -27.508066958, 0.00296375670416, 4.49767613162
1.13, 1.00401144069, -27.4630132314, 0.0120078661883, 4.51760702931
1.14, 1.00414877451, -27.4177630399, 0.0144661179882, 4.53698632378
1.15, 1.00424544525, -27.3723217691, 0.00611288863682, 4.55583657842
1.16, 1.00426154901, -27.3266947007, 0.000829397351207, 4.57415953898
1.17, 1.00429232931, -27.2808871256, 0.00760017306232, 4.59195493883
1.18, 1.00441069531, -27.2349041876, 0.0153327569518, 4.60924949173
1.19, 1.00454418598, -27.1887507249, 0.0110807539847, 4.62607285385
1.2, 1.00459398088, -27.1424313932, 0.00181791563711, 4.64243458946
1.21, 1.00460051293, -27.0959508525, 0.003056488035, 4.65832794495
1.22, 1.00467823353, -27.0493137454, 0.0129750681958, 4.67376439194
1.23, 1.00482458527, -27.002524464, 0.0151049688617, 4.68877622516
1.24, 1.00492201374, -26.9555871425, 0.0057577758935, 4.70338220475
1.25, 1.00493334095, -26.9085058588, 0.000468060447294, 4.71757875992
1.26, 1.0049658385, -26.861284748, 0.00824323721804, 4.73136155909
1.27, 1.00509368616, -26.8139278199, 0.0163149876566, 4.74475642539
1.28, 1.00523258234, -26.7664387938, 0.0111442656118, 4.75779062341
1.29, 1.00527839755, -26.7188212421, 0.00121698231544, 4.77046943338
1.3, 1.00529558046, -26.6710788072, 0.0025693875089, 4.78278142644
1.31, 1.00536167658, -26.6232150753, 0.0116774581847, 4.79473816327
1.32, 1.00550345858, -26.5752334826, 0.0155743202498, 4.8063647335
1.33, 1.00561510646, -26.5271372177, 0.00761236144645, 4.81767989661
1.34, 1.00563957821, -26.478929408, 0.000972672970158, 4.82868080896
1.35, 1.0056654867, -26.4306132568, 0.00685523669401, 4.8393587223
1.36, 1.00578097963, -26.3821919067, 0.015647845399, 4.84973245811
1.37, 1.00592550358, -26.3336682475, 0.0126302633533, 4.85982809895
1.38, 1.00598873291, -26.2850450174, 0.00268099310967, 4.86965220609
1.39, 1.00599508992, -26.2363250023, 0.0024045039599, 4.87919245511
1.4, 1.00606535998, -26.1875110473, 0.0124891228194, 4.88845141992
1.41, 1.00621547574, -26.1386058143, 0.0162027953527, 4.89745691029
1.42, 1.00632769237, -26.0896117359, 0.00720077256065, 4.90622543293
1.43, 1.00635796537, -26.0405312282, 0.00206718779893, 4.91474783857
1.44, 1.00637972163, -25.9913667789, 0.00560164730907, 4.92302151957
1.45, 1.00648235043, -25.9421208453, 0.014781592508, 4.93105505628
1.46, 1.00662989755, -25.8927956811, 0.013878661818, 4.93887393052
1.47, 1.00670982991, -25.8433933802, 0.00423144555162, 4.94648617339
1.48, 1.00672117947, -25.7939160749, 0.0018929780662, 4.95387982928
1.49, 1.00677839669, -25.7443659886, 0.0109519393862, 4.96105136299
1.5, 1.00692117599, -25.6947452174, 0.0164166033873, 4.9680245672
1.51, 1.00704627001, -25.6450556356, 0.0090360265283, 4.97481709225
1.52, 1.00708637469, -25.5952990782, 0.00433434406014, 4.98138246192
1.53, 1.00710865606, -25.5454774786, 0.00462074476519, 4.98783289758
1.54, 1.00719750923, -25.4955927569, 0.0135264108536, 4.99405429912
1.55, 1.00734282974, -25.4456466814, 0.0146356402433, 5.00010909763
1.56, 1.00743781204, -25.3956408556, 0.0059346080267, 5.00600693574
1.57, 1.00745822969, -25.345576903, 0.00186553589079, 5.01173765381
1.58, 1.007504813, -25.2954565544, 0.00936431506484, 5.01729310946
1.59, 1.00763634506, -25.2452814677, 0.0160631152066, 5.0226921564
1.6, 1.00777000859, -25.1950530944, 0.0106834048292, 5.02795327153
1.61, 1.00781788979, -25.144772819, 0.00205458179506, 5.03307437738
1.62, 1.00783468276, -25.0944421323, 0.00462154093777, 5.038039986
1.63, 1.00792854617, -25.0440625741, 0.0143087026063, 5.04285613663
1.64, 1.00808027824, -24.9936355048, 0.014971064122, 5.04754631285
1.65, 1.00817313485, -24.9431621298, 0.00533734357316, 5.05211855394
1.66, 1.00818719093, -24.8926436985, 0.00141205383596, 5.05655964286
1.67, 1.00823473684, -24.8420815901, 0.00991642583461, 5.06086019682
1.68, 1.00837405888, -24.7914771076, 0.016810538198, 5.06504040622
1.69, 1.00851036734, -24.7408313441, 0.0104712013033, 5.069117984
1.7, 1.00855219994, -24.6901453426, 0.0013211431934, 5.07308865019
1.71, 1.00857889038, -24.6394202951, 0.00410690838154, 5.07693461367
1.72, 1.00866053141, -24.5886573815, 0.0128979383331, 5.08066416334
1.73, 1.0088056739, -24.5378576833, 0.0151841733432, 5.08429531097
1.74, 1.00891025399, -24.487022121, 0.00698487545433, 5.08783763519
1.75, 1.0089363434, -24.4361516373, 0.0018821019317, 5.09128070157
1.76, 1.00897724484, -24.3852473023, 0.00851144658747, 5.09461263189
1.77, 1.0091032052, -24.3343101554, 0.0159669803522, 5.09784837552
1.78, 1.00924284773, -24.283341048, 0.0117218333384, 5.10100608366
1.79, 1.00930045464, -24.2323407628, 0.00270228600147, 5.10408397791
1.8, 1.00931639818, -24.1813101938, 0.00397226838858, 5.10706519385
1.81, 1.00940195431, -24.1302503186, 0.0136135789894, 5.10995091207
1.82, 1.00955357583, -24.0791619681, 0.0155775715909, 5.11276321942
1.83, 1.00965663243, -24.0280458196, 0.00642113584484, 5.11551041275
1.84, 1.00967596655, -23.9769025902, 0.00132939240804, 5.11817961158
1.85, 1.00971656138, -23.9257331442, 0.00894395681628, 5.12075812414
1.86, 1.00984977911, -23.8745383103, 0.016726708908, 5.12326215775
1.87, 1.00999270709, -23.8233187203, 0.0115907759758, 5.12570984511
1.88, 1.01004457303, -23.772074948, 0.00193972714257, 5.1280978077
1.89, 1.01006942121, -23.7208077178, 0.0033269265076, 5.13040698354
1.9, 1.01014172985, -23.6695177755, 0.0121500039937, 5.13264116949
1.91, 1.01028701293, -23.6182057983, 0.0158668484555, 5.13481702354
1.92, 1.01040251578, -23.5668722979, 0.00810886807848, 5.13694538765
1.93, 1.01043346704, -23.5155177994, 0.00169579099128, 5.13901627228
1.94, 1.01046614413, -23.4641429715, 0.00742543651391, 5.14101445677
1.95, 1.01058560876, -23.4127484913, 0.0159129253541, 5.1429514358
1.96, 1.01073266463, -23.3613348564, 0.0129315199316, 5.14484609226
1.97, 1.01080061871, -23.3099036839, 0.00328617416289, 5.1464200153
1.98, 1.01081368917, -23.258458884, 0.00305137009166, 5.14747528297
1.99, 1.0108888363, -23.2070069553, 0.0128122592324, 5.14796082642
2.0, 1.01104092871, -23.1555519768, 0.0163494623636, 5.14809663022
2.01, 1.01115575939, -23.1040976027, 0.0075913964343, 5.14786902812
2.02, 1.01119149383, -23.0526491395, 0.00268671066059, 5.14680916222
2.03, 1.01121891655, -23.0012144193, 0.00604602264811, 5.14525744195
2.04, 1.0113240009, -22.9497968867, 0.0148762926994, 5.14338978954
2.05, 1.01147237937, -22.8984011824, 0.0140181009283, 5.14077107339
2.06, 1.01155565323, -22.8470349728, 0.00471546380008, 5.13754025099
2.07, 1.01157258816, -22.7957038949, 0.00242041416759, 5.13386563732
2.08, 1.01163331261, -22.7444117409, 0.0111184061779, 5.12970084256
2.09, 1.01177633033, -22.6931629939, 0.0163796702562, 5.12524557329
2.1, 1.0119023265, -22.6419604714, 0.00927152343484, 5.12038494161
2.11, 1.01193855919, -22.5908086778, 0.00149561498778, 5.11518880128
2.12, 1.01196155368, -22.5397119246, 0.00607969208652, 5.10927599738
2.13, 1.01207144435, -22.4886766884, 0.0155567972829, 5.10301738481
2.14, 1.01222404783, -22.4377039106, 0.0140552783095, 5.09684678993
2.15, 1.01230229806, -22.3867935267, 0.00387579262953, 5.09030275773
2.16, 1.0123260071, -22.3359525434, 0.00201824463432, 5.0831890986
2.17, 1.01237346493, -22.2851832169, 0.00941457973628, 5.07595286798
2.18, 1.01250565916, -22.2344879784, 0.0161407645103, 5.06832433103
2.19, 1.01264045867, -22.18387162, 0.0108028408418, 5.06020991992
2.2, 1.01268936413, -22.1333372277, 0.0021098959366, 5.0519702072
2.21, 1.01270618346, -22.0828856803, 0.00457475838196, 5.04364122865
2.22, 1.01279958228, -22.032519426, 0.0142637416475, 5.03487323826
2.23, 1.01295126926, -21.9822415422, 0.0149815729583, 5.0260098438
2.24, 1.01304426723, -21.9320531912, 0.0053204529313, 5.01699027432
2.25, 1.01307146606, -21.8819567775, 0.00207121271207, 5.00747317174
2.26, 1.01310817205, -21.8319581872, 0.00772385847055, 4.99759883877
2.27, 1.01322637584, -21.7820585991, 0.0153833025615, 4.98767032892
2.28, 1.01336539978, -21.732258617, 0.0120554607697, 4.97768214645
2.29, 1.01342787025, -21.682560821, 0.00309004556339, 4.96712822533
2.3, 1.01344279588, -21.6329703312, 0.00340074271581, 4.95634884636
2.31, 1.01351934335, -21.5834873274, 0.0126201468581, 4.94563491529
2.32, 1.01366484884, -21.5341100303, 0.0153822563228, 4.93530209369
2.33, 1.0137705296, -21.4848330193, 0.00688688093503, 4.92556932685
2.34, 1.01379212376, -21.4356496228, 0.00116990093039, 4.91659651033
2.35, 1.01382558805, -21.3865532173, 0.00786436718921, 4.90821576263
2.36, 1.01394853239, -21.337531878, 0.0159421992095, 4.9015511222
2.37, 1.01408940472, -21.2885704307, 0.0118189758048, 4.89623851003
2.38, 1.01414495603, -21.2396561027, 0.00218777886908, 4.89195893893
2.39, 1.01416756601, -21.1907806847, 0.00318251662479, 4.88866453386
2.4, 1.01423237536, -21.1419299933, 0.0110050959146, 4.88697038902
2.41, 1.01436646909, -21.0930892549, 0.0149898814537, 4.88645055715
2.42, 1.0144792686, -21.044245909, 0.00831411225794, 4.88750841009
2.43, 1.01451410698, -20.9953871963, 0.00199332966976, 4.88968784502
2.44, 1.01454419767, -20.9464988652, 0.00664915023343, 4.89314716265
2.45, 1.01465215288, -20.8975722504, 0.0146791501454, 4.89732760686
2.46, 1.01479130474, -20.8485977479, 0.0126442179282, 4.90283299993
2.47, 1.01486170274, -20.7995598351, 0.00378917558372, 4.90991271962
2.48, 1.01487714136, -20.7504467249, 0.0028722334464, 4.91786767169
2.49, 1.0149442319, -20.7012516011, 0.0116207229472, 4.92604155173
2.5, 1.01508515443, -20.6519758761, 0.0155436324874, 4.93399568143
2.51, 1.01519855642, -20.6026216757, 0.00796111626531, 4.9417411007
2.52, 1.01522752388, -20.5531911159, 0.00141945985743, 4.94927194645
2.53, 1.01525617678, -20.5036864122, 0.00694878221117, 4.95657746846
2.54, 1.01537100514, -20.4541097483, 0.0155159494537, 4.9636729788
2.55, 1.01551545991, -20.4044630883, 0.0127824983756, 4.9705816415
2.56, 1.01558227171, -20.3547482696, 0.00315293479894, 4.9773077233
2.57, 1.01559278429, -20.3049671979, 0.00268999724586, 4.98383711514
2.58, 1.01566359333, -20.255121859, 0.0123753110341, 4.99016976045
2.59, 1.015812353, -20.2052140861, 0.0161349098101, 4.99633036073
2.6, 1.01592615801, -20.1552455105, 0.00754671878415, 5.00233292856
2.61, 1.01595689875, -20.1052177606, 0.00416985713224, 5.00812731714
2.62, 1.01598809298, -20.0551325732, 0.00614208259762, 5.01382774677
2.63, 1.01609009077, -20.0049916431, 0.0142644820406, 5.01932278678
2.64, 1.01623134534, -19.9547965074, 0.0133890491784, 5.02467311923
2.65, 1.0163121258, -19.9045485732, 0.00481850359297, 5.02988444241
2.66, 1.01633244981, -19.8542492963, 0.00281151382594, 5.03494481247
2.67, 1.0163940438, -19.8039002242, 0.0108788012324, 5.03985026126
2.68, 1.01653129132, -19.7535028025, 0.0156615919231, 5.04462045779
2.69, 1.01665212641, -19.703058292, 0.00905718387993, 5.04926999738
2.7, 1.01669036799, -19.6525679233, 0.00196413063145, 5.05379364219
2.71, 1.01671749251, -19.602033042, 0.00629809696754, 5.05817721539
2.72, 1.01682517493, -19.5514550064, 0.0150164056357, 5.06243113964
2.73, 1.01697151998, -19.5008349912, 0.0135455142959, 5.06657616677
2.74, 1.01704892677, -19.4501740524, 0.00417912681638, 5.07061665984
2.75, 1.01706369091, -19.3994733182, 0.0025140909898, 5.07453757189
2.76, 1.01712765176, -19.348734026, 0.0115125959386, 5.07833440911
2.77, 1.01727221242, -19.2979573049, 0.0162641034255, 5.08202810019
2.78, 1.01739396715, -19.2471448533, 0.00870164940996, 5.08541299531
2.79, 1.01742593804, -19.1963011288, 0.00131695917134, 5.08831806423
2.8, 1.01745086864, -19.1454320113, 0.00652568878243, 5.09048332919
2.81, 1.01756503564, -19.0945436238, 0.0158352257292, 5.09221340944
2.82, 1.01771658984, -19.0436398111, 0.013660317754, 5.09357410987
2.83, 1.01778982225, -18.9927242656, 0.00344728205908, 5.09456831491
2.84, 1.01781292522, -18.9418013681, 0.00228654112668, 5.09488282317
2.85, 1.01786530289, -18.8908797283, 0.00995914099954, 5.09450537735
2.86, 1.0180001408, -18.8399638721, 0.0161003673773, 5.09375382617
2.87, 1.0181313247, -18.789059096, 0.0102996924014, 5.09218943304
2.88, 1.01817703375, -18.7381726969, 0.00207338353237, 5.09019713407
2.89, 1.01819742606, -18.6873078857, 0.00518089594191, 5.08788865459
2.9, 1.01829627957, -18.6364680371, 0.0146161735713, 5.08524454417
2.91, 1.01844734203, -18.5856584937, 0.0146169693362, 5.081770283
2.92, 1.01853595738, -18.5348856069, 0.00499239595975, 5.07798618047
2.93, 1.01855008464, -18.4841517266, 0.00171651276688, 5.07396986666
2.94, 1.01860251851, -18.4334605452, 0.010405553868, 5.06942334548
2.95, 1.01874372458, -18.3828156482, 0.0166756476007, 5.06470384812
2.96, 1.01887576492, -18.3322212806, 0.00991504024693, 5.05938805825
2.97, 1.0189220329, -18.2816821782, 0.00453479666505, 5.0535638242
2.98, 1.01894130955, -18.2312018737, 0.0039920375151, 5.04764995461
2.99, 1.01902468796, -18.1807833438, 0.0132297737457, 5.04137699217
3.0, 1.01917253596, -18.1304259974, 0.0152825759628, 5.03543262408
3.01, 1.0192749707, -18.0801260354, 0.00653165501236, 5.0299890817
3.02, 1.01929608828, -18.0298767745, 0.00146112142781, 5.02517736916
3.03, 1.01933579533, -17.9796724731, 0.0086428090415, 5.02104522058
3.04, 1.01946449012, -17.9295045574, 0.0162272837978, 5.01801354275
3.05, 1.0196041515, -17.8793618782, 0.0114569404987, 5.01578860255
3.06, 1.01965683228, -17.8292401424, 0.00212006476714, 5.01374282951
3.07, 1.01968315815, -17.7791325635, 0.00387669102506, 5.01328595493
3.08, 1.01975557307, -17.7290207027, 0.0116493808628, 5.01444283901
3.09, 1.01989184382, -17.6788897325, 0.0148449607049, 5.01707428223
3.1, 1.02000113151, -17.628728176, 0.00796520752182, 5.02044534705
3.11, 1.02003609756, -17.578529526, 0.00238090504526, 5.02465360611
3.12, 1.02007343884, -17.5282818141, 0.00750639929838, 5.02984770133
3.13, 1.02018741394, -17.4779829981, 0.0149466737597, 5.03489357878
3.14, 1.0203249441, -17.42763438, 0.0122366708334, 5.03981096813
3.15, 1.02039240213, -17.377237241, 0.00375158040098, 5.04459964828
3.16, 1.02041220796, -17.3267929435, 0.00364495067181, 5.04924609747
3.17, 1.02048744344, -17.2763029247, 0.0122748349151, 5.05375059204
3.18, 1.02063008371, -17.2257684915, 0.0153079152619, 5.05813371829
3.19, 1.02073910532, -17.1751907823, 0.00754435830136, 5.06240718675
3.2, 1.02076813512, -17.1245709395, 0.00183971548452, 5.06656202985
3.21, 1.0208044834, -17.073910226, 0.00782918594311, 5.07058627365
3.22, 1.02092496984, -17.0232098841, 0.015690051002, 5.07449375669
3.23, 1.02106654041, -16.9724709655, 0.012241003875, 5.07830377703
3.24, 1.02112957621, -16.9216944355, 0.00308229203318, 5.08201660501
3.25, 1.02114464122, -16.8708813569, 0.00350011384559, 5.08561612206
3.26, 1.02122365772, -16.8200328811, 0.0129967993341, 5.0891022129
3.27, 1.02137329937, -16.7691500211, 0.0157874184206, 5.0924967
3.28, 1.02148171957, -16.7182336234, 0.00705835140255, 5.09581011312
3.29, 1.0215042864, -16.6672845569, 0.00127375407727, 5.0990311432
3.3, 1.02153992715, -16.6163038332, 0.00821824147382, 5.10214612891
3.31, 1.02166760896, -16.5652924412, 0.016482658106, 5.10517031533
3.32, 1.02181316083, -16.5142511702, 0.0121933584688, 5.10812304491
3.33, 1.02187100976, -16.4631807344, 0.00233808951208, 5.11100288475
3.34, 1.02189551032, -16.4120819857, 0.00345410193019, 5.11379068998
3.35, 1.02196451677, -16.3609558092, 0.0115381981425, 5.1164905572
3.36, 1.02210413312, -16.3098030135, 0.0155072828527, 5.11911802731
3.37, 1.02222068758, -16.2586242485, 0.00856925219529, 5.12168459011
3.38, 1.02225736942, -16.2074211593, 0.002177999274, 5.12392909364
3.39, 1.02229051546, -16.1561987599, 0.00707852475115, 5.12550558168
3.4, 1.02240388027, -16.1049623671, 0.0152593499043, 5.12685935195
3.41, 1.02254795052, -16.0537174232, 0.0130173840517, 5.12722375084
3.42, 1.02262060129, -16.0024712177, 0.00392382033852, 5.12702423157
3.43, 1.02263775365, -15.9512293386, 0.00312422163677, 5.12642070564
3.44, 1.02270892144, -15.8999954292, 0.0121220188128, 5.12545409645
3.45, 1.02285485103, -15.848773779, 0.0159721706136, 5.12392543499
3.46, 1.02297095714, -15.7975711563, 0.00809387215393, 5.12170740885
3.47, 1.02300070688, -15.7463924681, 0.00150325333471, 5.11917650954
3.48, 1.02303158107, -15.6952404291, 0.00729025893659, 5.11637666731
3.49, 1.02315083183, -15.6441189104, 0.0159745897502, 5.11304000589
3.5, 1.0232987348, -15.5930323325, 0.0129829813258, 5.10943316402
3.51, 1.02336607447, -15.5419837492, 0.0031187268375, 5.10537745523
3.52, 1.0233912384, -15.4909797202, 0.00289284964957, 5.10061269366
3.53, 1.02345067693, -15.4400256582, 0.010524675584, 5.09535687876
3.54, 1.02358590272, -15.3891259061, 0.0156726974774, 5.0898221823
3.55, 1.0237100287, -15.3382826648, 0.00956897740542, 5.08407999529
3.56, 1.02375282761, -15.2874987304, 0.00223831879546, 5.07779122992
3.57, 1.02377918047, -15.2367810149, 0.00594708473978, 5.07102871864
3.58, 1.02388264573, -15.186131566, 0.0146583654331, 5.06412966664
3.59, 1.02402866786, -15.13555381, 0.013788084699, 5.05658666028
3.6, 1.02411025801, -15.08505357, 0.00459768467299, 5.04875473456
3.61, 1.02412642348, -15.0346323093, 0.00234712457065, 5.0407938168
3.62, 1.02418592745, -14.984291767, 0.0109363234048, 5.03262656313
3.63, 1.02432654218, -14.9340335538, 0.0161071202406, 5.02431446223
3.64, 1.02445010829, -14.8838588551, 0.00907034288133, 5.01591551206
3.65, 1.02448505161, -14.8337702733, 0.0014102096077, 5.0069696522
3.66, 1.02450721356, -14.7837797001, 0.0059676184046, 4.99622242969
3.67, 1.02461511308, -14.7339020637, 0.0152756929804, 4.98461518432
3.68, 1.02476447771, -14.6841462895, 0.0137263573022, 4.97170520315
3.69, 1.02484023034, -14.6345310255, 0.00369807652237, 4.95635948525
3.7, 1.02486272682, -14.5850763014, 0.0019195320348, 4.93996094119
3.71, 1.02490864466, -14.5357925576, 0.00917302143961, 4.92206124831
3.72, 1.02503739256, -14.4866960658, 0.0157207900748, 4.90255873994
3.73, 1.02516814925, -14.437800931, 0.0104359223281, 4.8817564022
3.74, 1.0252144531, -14.3891199615, 0.00191518787147, 4.85973417202
3.75, 1.02522944963, -14.3406650909, 0.00433983488282, 4.83642323281
3.76, 1.02531927888, -14.2924558818, 0.0137856522624, 4.81113795034
3.77, 1.02546559226, -14.2445006885, 0.0144233689502, 4.78560620972
3.78, 1.02555401147, -14.1968020216, 0.00494496203926, 4.75988374365
3.79, 1.0255781186, -14.1493705601, 0.00178028010203, 4.73196493268
3.8, 1.02561136888, -14.1022205958, 0.00727332813053, 4.7038081407
3.81, 1.02572384864, -14.0553554097, 0.0147116105363, 4.67501794707
3.82, 1.02585616173, -14.0087776782, 0.0114044435401, 4.64634714988
3.83, 1.02591322028, -13.9624891165, 0.00261519270662, 4.61714249368
3.84, 1.02592373494, -13.9164914207, 0.00292131465001, 4.58829756874
3.85, 1.02599439739, -13.8707801843, 0.011908378547, 4.55985366556
3.86, 1.02613199575, -13.8253538312, 0.01454795064, 4.53126406924
3.87, 1.02623009751, -13.7802116043, 0.00619861277605, 4.50307569344
3.88, 1.02625361683, -13.7353492393, 0.00384061370249, 4.47525928444
3.89, 1.0262843927, -13.6907637351, 0.00600768014376, 4.44766056226
3.9, 1.02637919184, -13.6464537442, 0.012939734166, 4.42016220681
3.91, 1.0265026092, -13.6024173045, 0.0114210921634, 4.39300648827
3.92, 1.02656794452, -13.558650524, 0.0037516307332, 4.36611729179
3.93, 1.02658360433, -13.5151531734, 0.00262370102848, 4.33917850649
3.94, 1.02664089177, -13.4719232546, 0.00997889514982, 4.31263820173
3.95, 1.02676203301, -13.4289569099, 0.0135354148386, 4.28646811177
3.96, 1.02686158912, -13.386249186, 0.00716565103265, 4.26095432624
3.97, 1.02688803026, -13.3437979933, 0.00131866254357, 4.23500915454
3.98, 1.02691100414, -13.3016054718, 0.00575310529819, 4.20931477903
3.99, 1.02700661882, -13.2596682803, 0.0131505685777, 4.18395697155
4.0, 1.02712961786, -13.2179837122, 0.0110528787407, 4.15860602583
4.01, 1.02718712994, -13.1765529088, 0.00273895223636, 4.13336177876
4.02, 1.02719386144, -13.135372847, 0.00199027016644, 4.10845711716
4.03, 1.02724950037, -13.0944419289, 0.0101484723521, 4.08340696296
4.04, 1.02737275473, -13.053760894, 0.0136008029064, 4.05858353696
4.05, 1.02746832924, -13.0133254585, 0.00638124492935, 4.03434376725
4.06, 1.0274849448, -12.9731317679, 0.000359340947735, 4.01017572181
4.07, 1.02750240612, -12.9331792581, 0.00560931982412, 3.98594029523
4.08, 1.02759999514, -12.8934696221, 0.0134668145449, 3.96176511713
4.09, 1.02772315032, -12.8540001704, 0.0106972277966, 3.93790898159
4.1, 1.02777263637, -12.814769143, 0.00169741634444, 3.91393354627
4.11, 1.02777045314, -12.7757770024, 0.00139305163052, 3.8902563024
4.12, 1.02782515551, -12.7370211239, 0.0104035079933, 3.86669439296
4.13, 1.02795116175, -12.6984982709, 0.0137003966173, 3.84356668885
4.14, 1.02804269172, -12.6602104554, 0.00556616441801, 3.81987073503
4.15, 1.02805707512, -12.6221573957, 0.00264328402827, 3.79637336836
4.16, 1.02807284399, -12.584338473, 0.0043817595971, 3.77312239026
4.17, 1.02815323453, -12.5467537084, 0.0117680505553, 3.74952969468
4.18, 1.02826864467, -12.5094043701, 0.0108533912554, 3.72600772262
4.19, 1.02832773442, -12.4722893492, 0.00294204051987, 3.70272589953
4.2, 1.02833131531, -12.4354065371, 0.00112122018426, 3.67949568567
4.21, 1.02837282472, -12.398756728, 0.00850144272711, 3.65615700558
4.22, 1.02848304462, -12.362339448, 0.0127854140671, 3.63304575844
4.23, 1.02857718311, -12.3261542535, 0.00664597903449, 3.60966981743
4.24, 1.02859517989, -12.2902021218, 0.000134004392263, 3.58650628142
4.25, 1.02860306025, -12.2544798723, 0.00411386754573, 3.56366960777
4.26, 1.02868453015, -12.2189851936, 0.0120469809039, 3.54091414001
4.27, 1.02880056642, -12.1837187171, 0.0106006882414, 3.51805887279
4.28, 1.02885266157, -12.1486799442, 0.00197042007772, 3.49542583766
4.29, 1.02884726211, -12.113866543, 0.000458074576863, 3.47289243316
4.3, 1.02888698777, -12.0792802807, 0.00868527134003, 3.44997729817
4.31, 1.02899995521, -12.044922873, 0.0129468098656, 3.42722670072
4.32, 1.02909106181, -12.0107916309, 0.00593452862816, 3.4047488715
4.33, 1.02909949153, -11.9768837922, -0.000835892523407, 3.38254578996
4.34, 1.02910162895, -11.9431992893, 0.00395329460212, 3.36002008729
4.35, 1.02918532269, -11.909738289, 0.012424958515, 3.33794464953
4.36, 1.02930239737, -11.876496344, 0.0103369178722, 3.31616302743
4.37, 1.02934703397, -11.8434697787, 0.000946031403241, 3.2947920325
4.38, 1.0293325467, -11.8106605459, -0.000168205223487, 3.27280063164
4.39, 1.02937133648, -11.7780697744, 0.00897678756811, 3.25107464278
4.4, 1.02948782712, -11.7456972986, 0.0131420213774, 3.22916199729
4.41, 1.02957564282, -11.7135463896, 0.00516295877153, 3.20648821447
4.42, 1.02958179856, -11.6816237351, 0.00141259675338, 3.18367429109
4.43, 1.0295819161, -11.649929365, 0.00271426758319, 3.16089723509
4.44, 1.02964885602, -11.6184654424, 0.0108133508312, 3.1374514442
4.45, 1.02975912802, -11.5872371277, 0.0105657110976, 3.11393839477
4.46, 1.02981348264, -11.5562450562, 0.00214992008228, 3.09014827684
4.47, 1.02980407422, -11.5254923173, -0.000511884203773, 3.06604863506
4.48, 1.02982946736, -11.4949826522, 0.00710394693675, 3.04156214767
4.49, 1.02993090581, -11.4647193015, 0.0123119275103, 3.01678629838
4.5, 1.03002174166, -11.4347036835, 0.00622712796722, 2.99210367848
4.51, 1.03003080499, -11.4049323828, -0.00119601682539, 2.96799099253
4.52, 1.0300223469, -11.3754127276, 0.00241718258285, 2.9419758162
4.53, 1.03009060421, -11.3461500781, 0.0111418382549, 2.91637635124
4.54, 1.03020193223, -11.317143353, 0.0103287575871, 2.89042083053
4.55, 1.03024891656, -11.2883989518, 0.00109493700346, 2.86426290865
4.56, 1.03022950632, -11.2599171584, -0.00127584923513, 2.83802118239
4.57, 1.03025254803, -11.2316951944, 0.00727022556812, 2.81218910634
4.58, 1.03035693278, -11.2037333981, 0.0125056641009, 2.78591983426
4.59, 1.03044478973, -11.1760335554, 0.00548405113855, 2.75974346807
4.6, 1.03045124988, -11.1485959038, 0.000948568661128, 2.73356682335
4.61, 1.03043930057, -11.1214210735, 0.00101704596556, 2.70707732927
4.62, 1.03048962167, -11.0945129605, 0.00946347056778, 2.68036428866
4.63, 1.03059417211, -11.0678703611, 0.0106026040186, 2.65398939434
4.64, 1.03065119608, -11.0414937979, 0.00229419571347, 2.6270716536
4.65, 1.0306360181, -11.0153851813, -0.00176105178512, 2.60049159271
4.66, 1.03064406545, -10.9895415501, 0.005256303907, 2.57401581153
4.67, 1.03073279431, -10.9639616681, 0.0116922646987, 2.54778341553
4.68, 1.03082435871, -10.9386432157, 0.00663029013913, 2.52168012517
4.69, 1.03083388973, -10.9135860345, -0.00170643194339, 2.49556764226
4.7, 1.03081203294, -10.8887882354, 0.000550040621659, 2.46981357455
4.71, 1.03086247942, -10.8642462161, 0.00975153516393, 2.44422711505
4.72, 1.03096865999, -10.839961288, 0.0104848489997, 2.41857342946
4.73, 1.03101927556, -10.8159320479, 0.0012844018038, 2.39302996389
4.74, 1.03100518276, -10.7921576681, -0.0010357852322, 2.36770204589
4.75, 1.03100613215, -10.7686336371, 0.00369914964284, 2.34272819802
4.76, 1.03107745908, -10.7453624372, 0.010230919261, 2.31740654221
4.77, 1.03116494339, -10.7223410721, 0.0071379144742, 2.29257640647
4.78, 1.03118494677, -10.6995695843, -0.000634718391331, 2.26747811539
4.79, 1.03116486413, -10.6770481079, -0.000201782239201, 2.24263196237
4.8, 1.03119921028, -10.6547728917, 0.0078009786223, 2.21818663096
4.81, 1.03129212971, -10.6327415138, 0.00999168911682, 2.193812046
4.82, 1.03134868438, -10.6109537816, 0.00251487120595, 2.16935100915
4.83, 1.03133258641, -10.5894111524, -0.00232606007689, 2.14494353464
4.84, 1.03132807688, -10.5681112996, 0.00357284186301, 2.12081214042
4.85, 1.03140093957, -10.5470539179, 0.0104551185643, 2.09626968424
4.86, 1.03148755065, -10.5262425596, 0.00669557061566, 2.07180270519
4.87, 1.03149925626, -10.5056728702, -0.00165413172023, 2.04796217737
4.88, 1.03147089443, -10.4853423934, -0.000721127944787, 2.02376589935
4.89, 1.03150471292, -10.465254523, 0.00804961695059, 1.99960529861
4.9, 1.03159974448, -10.4454065243, 0.00999395443513, 1.97578288549
4.91, 1.03165143301, -10.425795721, 0.00164656801683, 1.95207923618
4.92, 1.03162542237, -10.4064221637, -0.00321794067693, 1.92834262585
4.93, 1.03161667437, -10.3872855207, 0.00357121880769, 1.90465905752
4.94, 1.03169226471, -10.3683853151, 0.0107677916904, 1.88114138606
4.95, 1.03177817421, -10.3497193916, 0.00621565461329, 1.85762332622
4.96, 1.03178102968, -10.3312897139, -0.00271544286376, 1.8340747664
4.97, 1.03174450608, -10.3130938789, -0.00118179661773, 1.81083940917
4.98, 1.03177870681, -10.2951291547, 0.00839501912456, 1.78786820078
4.99, 1.03187639235, -10.2773931189, 0.0100042990678, 1.7650264689
5.0, 1.0319228399, -10.2598835015, 0.000726696808667, 1.74269227962
5.01, 1.03189830144, -10.242593193, -0.00249328754286, 1.72113261806
5.02, 1.03188230245, -10.2255148657, 0.00201074070455, 1.70034584026
5.03, 1.03194099202, -10.2086399068, 0.00940620556904, 1.6803946991
5.04, 1.03202409984, -10.1919604808, 0.00685387744029, 1.66122041164
5.05, 1.03203825382, -10.1754691195, -0.0016040668124, 1.6427341288
5.06, 1.03200356581, -10.1591590578, -0.00192876165898, 1.62495149216
5.07, 1.03202209256, -10.1430236078, 0.00653439380499, 1.60780035096
5.08, 1.03210786324, -10.1270567733, 0.00967457743434, 1.59118558001
5.09, 1.03216163353, -10.111256581, 0.00205889191014, 1.5742925218
5.1, 1.03213552203, -10.0956256567, -0.00376484830982, 1.55743060714
5.11, 1.03211451645, -10.0801629785, 0.00197421403434, 1.54064980933
5.12, 1.03217620295, -10.0648683654, 0.00981404266251, 1.52365631472
5.13, 1.03226015827, -10.0497447745, 0.00655444582918, 1.50668925508
5.14, 1.03226687219, -10.0347909094, -0.00257623830401, 1.48962910946
5.15, 1.03222427369, -10.0200072777, -0.00239906478711, 1.4725603867
5.16, 1.03224328108, -10.0053977601, 0.00692966150364, 1.45483895099
5.17, 1.03233290004, -9.99096581841, 0.00984978365099, 1.43703772346
5.18, 1.03238310594, -9.97671166396, 0.0012783305847, 1.41943802432
5.19, 1.03235925381, -9.96263254488, -0.00301598462449, 1.40192953265
5.2, 1.03233087437, -9.94872676546, 0.000395813544092, 1.38486999891
5.21, 1.03237599565, -9.9349880229, 0.00853758586573, 1.3685244948
5.22, 1.03245858057, -9.92140934596, 0.00736183365407, 1.35281870736
5.23, 1.03247796587, -9.90798389442, -0.00138174448514, 1.33791531275
5.24, 1.03243724841, -9.89470387056, -0.00319561748156, 1.3236502083
5.25, 1.03244016252, -9.88156394391, 0.00506241392439, 1.30994784579
5.26, 1.03251866254, -9.86855794366, 0.00966370743971, 1.29673936464
5.27, 1.03257782941, -9.85568342324, 0.00275607568691, 1.28361597155
5.28, 1.0325530011, -9.84293996087, -0.00430287525914, 1.27052440559
5.29, 1.0325190779, -9.83033016866, 0.000303810889488, 1.25683852628
5.3, 1.03256730548, -9.81785914569, 0.00902410542619, 1.24281369916
5.31, 1.0326521666, -9.80552839756, 0.00723110756871, 1.22881376692
5.32, 1.03266535594, -9.79333726196, -0.00229046813837, 1.21488372048
5.33, 1.03261653595, -9.78128645482, -0.00373555330488, 1.20049870453
5.34, 1.03261936999, -9.76938330198, 0.00544410986748, 1.18563537935
5.35, 1.03270249068, -9.7576283993, 0.00998325812416, 1.17084710749
5.36, 1.03275973613, -9.74602243373, 0.00212088467938, 1.15578343497
5.37, 1.03273387472, -9.73456775129, -0.00193586568246, 1.14060661224
5.38, 1.0326986795, -9.72326427236, -0.000881449931936, 1.12557361482
5.39, 1.03273076602, -9.7121124192, 0.00749187897183, 1.11029427258
5.4, 1.03281003385, -9.70111521757, 0.00761295559881, 1.09454179955
5.41, 1.03283455676, -9.69027658734, -0.000934323521302, 1.07870662126
5.42, 1.03279191945, -9.67959612489, -0.00400609927369, 1.06292036674
5.43, 1.03278183804, -9.66907507353, 0.00361657057794, 1.04670350802
5.44, 1.03285074723, -9.65871691575, 0.00928155315431, 1.03046072197
5.45, 1.03291269253, -9.64852116946, 0.00337069688549, 1.0142070168
5.46, 1.03289127603, -9.6384873503, -0.00444230161971, 0.998111506288
5.47, 1.03284828563, -9.62861470847, -0.0011156680578, 0.981930464456
5.48, 1.03288253583, -9.61890392425, 0.00793959375643, 0.965787784912
5.49, 1.03296443086, -9.60935467384, 0.00755497050343, 0.94954540844
5.5, 1.03298324639, -9.59996892755, -0.00184466417723, 0.933090733773
5.51, 1.03293168994, -9.59074788013, -0.00468203217657, 0.916664566593
5.52, 1.03292019483, -9.58169057821, 0.00389713391049, 0.900341145695
5.53, 1.03299357222, -9.57279811142, 0.00965654387465, 0.883604406524
5.54, 1.03305435388, -9.56407331971, 0.00279421389096, 0.866896928576
5.55, 1.0330316786, -9.5555151725, -0.00217004062004, 0.850245223963
5.56, 1.03298611371, -9.54712284202, -0.00242883105333, 0.83375277867
5.57, 1.03300358277, -9.53889563128, 0.0064098704363, 0.817063014496
5.58, 1.03308051671, -9.53083744516, 0.00802628834677, 0.800141503306
5.59, 1.03311114821, -9.52294668096, -0.000496215372002, 0.783625546374
5.6, 1.03306493279, -9.51521856017, -0.00507927577168, 0.767598476356
5.61, 1.03303941696, -9.50764751817, 0.00200546112632, 0.752244496423
5.62, 1.03309875756, -9.50022642677, 0.00903342277859, 0.737561341462
5.63, 1.03316522601, -9.49294816347, 0.00413533898395, 0.723675257075
5.64, 1.03314720011, -9.48580383829, -0.00471369655768, 0.710834668513
5.65, 1.03309292158, -9.47878187422, -0.00276197880659, 0.699109027337
5.66, 1.03311217987, -9.47187296079, 0.00689750916065, 0.688281853679
5.67, 1.03319293304, -9.46506781447, 0.00813632932751, 0.678408704098
5.68, 1.03321922878, -9.45835486857, -0.00131406705246, 0.669558371692
5.69, 1.03317598989, -9.45172279477, -0.00415869784746, 0.662132198006
5.7, 1.03314516381, -9.44516203201, 0.000636051530389, 0.655707804174
5.71, 1.03318924884, -9.43865679205, 0.00782245770143, 0.650756121571
5.72, 1.03325439038, -9.43219734775, 0.00493817507603, 0.646458366787
5.73, 1.03324960074, -9.4257778116, -0.0033800099958, 0.642731145049
5.74, 1.0331994584, -9.41939189244, -0.00327999163497, 0.639916255708
5.75, 1.03320511136, -9.41302814464, 0.0052272061053, 0.638150124568
5.76, 1.03327574119, -9.40667896247, 0.00798843666908, 0.636918359023
5.77, 1.03331133765, -9.40033772407, 0.000234971562827, 0.636589625646
5.78, 1.03326877131, -9.39399795299, -0.0051940420093, 0.636507965079
5.79, 1.03323554468, -9.38765960608, 0.00086943895459, 0.636252764013
5.8, 1.03328509329, -9.38132655869, 0.00845238215469, 0.635406163998
5.81, 1.03335300709, -9.3750055573, 0.00481774268369, 0.633882819129
5.82, 1.03334271133, -9.36870147099, -0.00413572587006, 0.632050690008
5.83, 1.03328719105, -9.36241731522, -0.00347252687212, 0.629910568212
5.84, 1.03329605601, -9.35615800334, 0.00587707266456, 0.626980316561
5.85, 1.03337267302, -9.34993033927, 0.00834673704047, 0.62369424582
5.86, 1.03340648828, -9.34373675112, -0.000355910471591, 0.620171143672
5.87, 1.0333566689, -9.33757908103, -0.00582440511143, 0.616591799731
5.88, 1.03332225357, -9.3314603047, 0.00121771656848, 0.61208472233
5.89, 1.03337826986, -9.32539194298, 0.0091249952408, 0.606797970322
5.9, 1.03344845381, -9.31937789113, 0.00457113563545, 0.601260857596
5.91, 1.03343132486, -9.31341935846, -0.0049967220453, 0.595568004305
5.92, 1.03338462929, -9.30752275105, -0.00353529949052, 0.589023424299
5.93, 1.03338321449, -9.30169255537, 0.00435053440899, 0.58228841503
5.94, 1.03344838164, -9.29593255013, 0.00786611554762, 0.574889096549
5.95, 1.03348814054, -9.29024744376, 0.000944362686952, 0.567475472487
5.96, 1.03345098941, -9.28463624197, -0.00500631866155, 0.559947642989
5.97, 1.03341350301, -9.27910359188, 4.88651978892e-06, 0.551847269694
5.98, 1.033453985, -9.2736514296, 0.00774067234839, 0.544003076319
5.99, 1.03352089602, -9.26827530302, 0.00521549420899, 0.536610869478
6.0, 1.03351703159, -9.26296997194, -0.00354069591359, 0.529853697777
6.01, 1.03346205453, -9.25772888861, -0.00395226785788, 0.523757369465
6.02, 1.03346180316, -9.25254537136, 0.00482482305541, 0.518323490272
6.03, 1.0335319612, -9.24741338127, 0.00819053450928, 0.513381857572
6.04, 1.03356992804, -9.24232522631, 0.000357818149039, 0.509713938992
6.05, 1.03352512515, -9.23726868108, -0.00571265439609, 0.506971552578
6.06, 1.03348518743, -9.23223581506, 0.000207637251815, 0.504858616813
6.07, 1.03353114478, -9.22722148433, 0.00839479405351, 0.503229684456
6.08, 1.03360104341, -9.22221903699, 0.00510333240587, 0.50259292457
6.09, 1.03359147588, -9.21721790693, -0.00432697252981, 0.502976376774
6.1, 1.03353075385, -9.21220922135, -0.00417386526562, 0.503919636756
6.11, 1.03353360547, -9.20718888209, 0.00549038734655, 0.505468211163
6.12, 1.03361013565, -9.20214927059, 0.00860938101283, 0.507547720294
6.13, 1.03364686319, -9.19708806322, -0.000180956574718, 0.509816858388
6.14, 1.03360310157, -9.19200282128, -0.0029974158313, 0.512289127075
6.15, 1.03356551672, -9.1868922792, -0.00061916930457, 0.514830350067
6.16, 1.03359799711, -9.18175655566, 0.00704439864004, 0.517495171332
6.17, 1.0336634803, -9.17659181847, 0.00559747904864, 0.520508483133
6.18, 1.0336671061, -9.17139606771, -0.00270050083564, 0.523710198718
6.19, 1.03361612423, -9.16617086717, -0.00403930786815, 0.526295173399
6.2, 1.03360973402, -9.16092247541, 0.00396866777721, 0.528404865366
6.21, 1.03367406619, -9.15565377165, 0.00803958916982, 0.530403687867
6.22, 1.03371684856, -9.15037297587, 0.00124821378362, 0.530944677506
6.23, 1.03368022781, -9.14508812365, -0.00519656958732, 0.531023483809
6.24, 1.03363869228, -9.13980535185, -0.000463516359631, 0.53062544023
6.25, 1.03367642531, -9.13452772729, 0.00771389451388, 0.529827430292
6.26, 1.03374593014, -9.12926287932, 0.00563875766664, 0.528241353738
6.27, 1.0337453258, -9.12401593729, -0.0033962826786, 0.52626895179
6.28, 1.0336885823, -9.11879241588, -0.00434360733941, 0.523472246465
6.29, 1.03368426973, -9.11359985383, 0.00453315449128, 0.520220127903
6.3, 1.03375472395, -9.10844057384, 0.00848747834799, 0.516703866178
6.31, 1.03379696202, -9.10332117135, 0.000767185929431, 0.512350427937
6.32, 1.03375334758, -9.09824659585, -0.00588137387765, 0.507761386474
6.33, 1.03370932817, -9.09322036252, -0.000281729110049, 0.502657634986
6.34, 1.03375256966, -9.08824669862, 0.00838678207131, 0.497298526196
6.35, 1.03382557955, -9.08332954023, 0.00558240699216, 0.491253930869
6.36, 1.03381955002, -9.07847513342, -0.00420867968133, 0.484877589516
6.37, 1.03377060004, -9.07368566928, -0.00460771010597, 0.478294302619
6.38, 1.03375413409, -9.06896254547, 0.00289092094616, 0.471363594157
6.39, 1.03381351529, -9.06431461316, 0.00816046632203, 0.463516227438
6.4, 1.03386358669, -9.05974589251, 0.00222727950193, 0.455527580714
6.41, 1.03383281979, -9.0552591773, -0.00517547368188, 0.447105437306
6.42, 1.03378388313, -9.05085813238, -0.00167154443407, 0.438243618648
6.43, 1.0338109191, -9.04654908419, 0.00703967739371, 0.428907367565
6.44, 1.03388185343, -9.04233390439, 0.00637316594523, 0.419481935357
6.45, 1.03388989298, -9.03821381542, -0.00275466522858, 0.40970395944
6.46, 1.03383160581, -9.03419426006, -0.00519761961937, 0.399548773404
6.47, 1.03381472705, -9.03027715887, 0.00325624837065, 0.389244700634
6.48, 1.03387917506, -9.02646530818, 0.00857502646694, 0.378473254219
6.49, 1.03392856918, -9.02276067085, 0.00171645985409, 0.36789137977
6.5, 1.03388968111, -9.01916031066, -0.00604310859593, 0.357607468829
6.51, 1.03383599824, -9.01566138409, -0.00171437871142, 0.347596954805
6.52, 1.03386704764, -9.01226117715, 0.00764538352088, 0.337858529971
6.53, 1.03394154837, -9.00895689697, 0.006358973765, 0.328403135876
6.54, 1.03394410766, -9.00574573469, -0.00363338563343, 0.319224396055
6.55, 1.03389157241, -9.00262508003, -0.0049511142333, 0.310294669481
6.56, 1.03386571304, -8.99959249291, 0.00170089387941, 0.301603942083
6.57, 1.03391626651, -8.9966455778, 0.0077278641495, 0.293155259926
6.58, 1.03396845127, -8.99378186661, 0.00283579347855, 0.284954751548
6.59, 1.03394282111, -8.99099893612, -0.0049878540772, 0.276990020261
6.6, 1.03388888339, -8.98829456277, -0.00268595431235, 0.269236974445
6.61, 1.03390442686, -8.98566666642, 0.00605052107874, 0.261691235259
6.62, 1.03397204763, -8.98311310284, 0.00662460286737, 0.254364383219
6.63, 1.0339862012, -8.98063168064, -0.00210678947452, 0.247254491598
6.64, 1.03392894164, -8.9782203413, -0.00566936486909, 0.240340438339
6.65, 1.03390182452, -8.97587723194, 0.00200502882975, 0.233605107788
6.66, 1.03395749997, -8.97360051791, 0.00821742761992, 0.22705798213
6.67, 1.03401023962, -8.97138825894, 0.00246664062874, 0.220707009715
6.68, 1.03397739836, -8.96923855099, -0.00581932391864, 0.214540046725
6.69, 1.03391841599, -8.96714969008, -0.00278771742507, 0.208532913944
6.7, 1.0339376826, -8.96512010072, 0.00667981597579, 0.20268409356
6.71, 1.03400988168, -8.96314811188, 0.00676431431743, 0.197007989305
6.72, 1.03402005345, -8.96123198963, -0.00286750669013, 0.191503440983
6.73, 1.03395512028, -8.95937013327, -0.0062299980793, 0.186148734402
6.74, 1.03392787981, -8.95756114602, 0.00243784366549, 0.180927884247
6.75, 1.03398980974, -8.95580362289, 0.00878764920437, 0.175853802149
6.76, 1.03404331918, -8.9540960288, 0.00207536391462, 0.170935932427
6.77, 1.03401092035, -8.95243686859, -0.00336564882784, 0.166120592214
6.78, 1.03395073488, -8.95082483598, -0.003977770608, 0.161508093639
6.79, 1.03395456067, -8.94925872015, 0.00530579275252, 0.156974994461
6.8, 1.03402369103, -8.94773725338, 0.00744962200541, 0.15257522042
6.81, 1.03404782092, -8.94625907199, -0.00131526971289, 0.148311852808
6.82, 1.03398991927, -8.94482290412, -0.0064844993231, 0.144167080583
6.83, 1.03394995602, -8.94342767575, 0.000679558409622, 0.140122545721
6.84, 1.03399951891, -8.94207233695, 0.00836442996996, 0.136188526115
6.85, 1.03406089765, -8.94075569914, 0.00363242351049, 0.132377664172
6.86, 1.03403486458, -8.93947656376, -0.00580350819908, 0.128682175869
6.87, 1.03398062142, -8.93823392533, -0.00477043798471, 0.125078810429
6.88, 1.03396974942, -8.93702684859, 0.00370515834931, 0.121565860848
6.89, 1.034031346, -8.93585438446, 0.00763756204605, 0.118154704224
6.9, 1.03406704394, -8.93471546508, 0.0002913990054, 0.114852012035
6.91, 1.03401987306, -8.93360907376, -0.00621619433236, 0.111644219261
6.92, 1.03397089015, -8.93253437611, -0.000953112902553, 0.108511897192
6.93, 1.03400562703, -8.93149059404, 0.00745667485695, 0.105461474173
6.94, 1.03407036654, -8.93047681689, 0.00490969727535, 0.102507589961
7.1, 1.03400073069, -8.91645522277, -0.00180272759546, 0.105007281732
7.11, 1.03402639904, -8.91539397955, 0.00679296908804, 0.1122558359
7.12, 1.03409161611, -8.91425649076, 0.00556326556532, 0.120315281668
7.13, 1.03409060559, -8.91303113016, -0.00358705395313, 0.129836108844
7.14, 1.0340272002, -8.91170480894, -0.00538851774601, 0.140382137296
7.15, 1.03401061052, -8.91027030413, 0.00336110948154, 0.151578634833
7.16, 1.03407363598, -8.90871649273, 0.00817745016665, 0.164470175253
7.17, 1.03411614145, -8.90702637202, 0.0009189881733, 0.178567358105
7.18, 1.03407093449, -8.90519277962, -0.0063976724513, 0.192852197604
7.19, 1.03401735495, -8.90321559619, -0.00144496428772, 0.207556858088
7.2, 1.03405071789, -8.90108520098, 0.00773360795918, 0.223360099347
7.21, 1.03412237376, -8.89879273731, 0.00582225629753, 0.239988873453
7.22, 1.03411889265, -8.89633155791, -0.00411375515607, 0.256980383978
7.23, 1.03405147542, -8.89369576779, -0.00548460007109, 0.27512403736
7.24, 1.03403947954, -8.89087452552, 0.00422728693768, 0.293790707806
7.25, 1.03411184173, -8.88786324141, 0.00896197876877, 0.313181528629
7.26, 1.03415680572, -8.88465695275, 0.000713863211079, 0.332744913737
7.27, 1.03411517348, -8.88125052261, -0.00346358726279, 0.353372139329
7.28, 1.03406535504, -8.87763120751, -0.00214263388796, 0.375093921893
7.29, 1.0340872677, -8.8737949458, 0.00667308035145, 0.396789387963
7.3, 1.03415819179, -8.86973906578, 0.00671896688348, 0.419090604124
7.31, 1.03417141169, -8.86545900751, -0.00220235797891, 0.441692043421
7.32, 1.03411562898, -8.86094944706, -0.00521747990868, 0.464801383851
7.33, 1.03409582888, -8.85620418592, 0.00290145577119, 0.488986366562
7.34, 1.03415911912, -8.85121420589, 0.00880469114652, 0.513493972651
7.35, 1.03421462337, -8.84598020072, 0.0025826244929, 0.537857983629
7.36, 1.03418331252, -8.84050220354, -0.00547881932772, 0.562262702825
7.37, 1.03413107586, -8.83477612062, -0.00182732232793, 0.587864286398
7.38, 1.03416090255, -8.8287888517, 0.00772871286714, 0.614060518592
7.39, 1.03424078457, -8.82253902354, 0.00730862797592, 0.640533787992
7.4, 1.03425453132, -8.81601887605, -0.00251152048288, 0.668149100876
7.41, 1.03419550758, -8.80921965496, -0.00533703253666, 0.696258848822
7.42, 1.03418007198, -8.80213637684, 0.00380017245505, 0.724893904008
7.43, 1.03425435326, -8.79476554871, 0.00985217349754, 0.75381084874
7.44, 1.0343152973, -8.78710217391, 0.00265290041815, 0.783505487574
7.45, 1.03428106004, -8.77913914408, -0.00585890247476, 0.81344929291
7.46, 1.0342290329, -8.77087855978, -0.00132998143952, 0.843056137334
7.47, 1.03426884583, -8.76232230872, 0.00897353122411, 0.872874360663
7.48, 1.03435864216, -8.75346299507, 0.00790938789809, 0.903322344368
7.49, 1.03437254593, -8.74430037251, -0.00286166883029, 0.933545668693
7.5, 1.03432496387, -8.73483626718, -0.00453199585648, 0.96358772165
7.51, 1.03430582659, -8.72506441747, 0.00276079076163, 0.99538555775
7.52, 1.0343717264, -8.71497249688, 0.00960091911089, 1.02729699681
7.53, 1.03444188744, -8.70456266551, 0.00443675633994, 1.05896229883
7.54, 1.03442725763, -8.69383916677, -0.004210742711, 1.09018067313
7.55, 1.0343803223, -8.6827937437, -0.00180367356094, 1.12305362713
7.56, 1.03440972037, -8.67142291405, 0.00791989429092, 1.15541098559
7.57, 1.03449867382, -8.65972970774, 0.00882623076256, 1.18746743441
7.58, 1.0345307678, -8.64772017864, -0.000693135628425, 1.2186280138
7.59, 1.03448373883, -8.63540585008, -0.00475394367868, 1.24837084381
7.6, 1.03446871562, -8.62280082428, 0.00364558931859, 1.27685731452
7.61, 1.03454587849, -8.60991880023, 0.0107043321995, 1.30369921649
7.62, 1.03462233643, -8.59677514447, 0.00459056663509, 1.32932654521
7.63, 1.03460529573, -8.58338240552, -0.00459302087414, 1.35354838519
7.64, 1.03455800099, -8.56975395322, -0.00141676909097, 1.37646653833
7.65, 1.03459646448, -8.55590360258, 0.00909876273959, 1.39800269608
7.66, 1.03469536118, -8.5418430368, 0.00945538189724, 1.4185692454
7.67, 1.03472777051, -8.52758243498, -0.00108398875563, 1.43798052751
7.68, 1.03469082845, -8.51313355382, -0.00415524264705, 1.45623187427
7.69, 1.03467020463, -8.49850824749, 0.00244832320303, 1.47329735636
7.7, 1.03473807131, -8.48371786642, 0.0103832771541, 1.48937072429
7.71, 1.03482290492, -8.46877174998, 0.00623914367936, 1.50441251482
7.72, 1.03482346173, -8.45367981928, -0.00320762541385, 1.51861687982
7.73, 1.03477853427, -8.43845069604, -0.00215827259749, 1.53181894687
7.74, 1.03480445903, -8.4230955753, 0.00786541462412, 1.54389305205
7.75, 1.03490098294, -8.40762238245, 0.0102050371003, 1.55552912486
7.76, 1.03494943098, -8.39203443549, 0.000807209886945, 1.56685154589
7.77, 1.03492199791, -8.37633763709, -0.0030558627476, 1.57692644671
7.78, 1.03489843603, -8.36055011618, 0.00130643007534, 1.58537149562
7.79, 1.03495380411, -8.3446827878, 0.00947944048292, 1.5929061806
7.8, 1.03504081591, -8.32874324343, 0.00738538634939, 1.59986247836
7.81, 1.03505762564, -8.31273583319, -0.00164367677177, 1.6065465893
7.82, 1.03501853814, -8.2966694024, -0.00255615226551, 1.61171403622
7.83, 1.03503222082, -8.28055427453, 0.00634823631456, 1.61618210399
7.84, 1.035120754, -8.26439760901, 0.0102926791629, 1.6201009774
7.85, 1.03518087886, -8.24820681265, 0.00255351605624, 1.62297585344
7.86, 1.03515515121, -8.23199035567, -0.00407598424225, 1.62532769269
7.87, 1.03512938043, -8.21575328795, 0.0015663451438, 1.62703694416
7.88, 1.03519116359, -8.19950290974, 0.0102463422635, 1.62801399586
7.89, 1.03528260348, -8.18324561605, 0.00741723242806, 1.62851510133
7.9, 1.03529482606, -8.16698534945, -0.00237727635054, 1.62851925112
7.91, 1.03525000663, -8.15072957209, -0.00281707298273, 1.6277015217
7.92, 1.03526665022, -8.13448516777, 0.00702325864684, 1.62624553173
7.93, 1.03536218803, -8.11825708564, 0.0107916691231, 1.62447528762
7.94, 1.03542170034, -8.10204836379, 0.00202689335802, 1.62239452655
7.95, 1.03540049435, -8.0858637035, -0.00312143617695, 1.61955041183
7.96, 1.03536919032, -8.06971065092, 0.000168166623113, 1.61612107324
7.97, 1.03541656415, -8.05359463134, 0.0092147804565, 1.61224949963
7.98, 1.03550936011, -8.03751789138, 0.00849831450877, 1.60820350053
7.99, 1.03553668394, -8.02148811589, -0.000983070304111, 1.60307035683
8.0, 1.03549530778, -8.00550971234, -0.00348897449828, 1.597727387
8.01, 1.03549723952, -7.98958753353, 0.00531221046115, 1.59194861977
8.02, 1.03558362, -7.97372580609, 0.0108149254437, 1.58551965395
8.03, 1.03565413015, -7.95793078705, 0.00367944099948, 1.57874773395
8.04, 1.03564105936, -7.94220418905, -0.00104871940987, 1.57179447439
8.05, 1.03560850422, -7.9265495953, -0.000992372124304, 1.56424905265
