timestamp, prius1 x posi, prius1 y posi, prius1 x vel, prius1 y vel.
0.0, 0.0, 0.0, 0.0, 0.0
0.00999999999999, 0.999935953267, -30.0303699876, 0.00727613459503, 0.1290213605
0.02, 0.999995633567, -30.0290206551, 0.00432692974305, 0.145442261855
0.03, 0.999982405375, -30.0275056736, -0.00438540874194, 0.162268650036
0.04, 0.999921514823, -30.0258214939, -0.00429202240772, 0.179176967186
0.05, 0.99991913015, -30.0239617065, 0.00464341080591, 0.197598696877
0.06, 0.999985619012, -30.0219146002, 0.00765837204309, 0.216373659638
0.07, 1.00001650125, -30.0196779657, -0.00039423388449, 0.235713736089
0.08, 0.999965352009, -30.0172438002, -0.00616100686719, 0.255800343349
0.09, 0.999923100133, -30.0146044918, 0.000137727252392, 0.276534031094
0.1, 0.999968104185, -30.0117552352, 0.00822279560007, 0.298076399758
0.11, 1.00003416621, -30.0086880683, 0.0045898301281, 0.320022883461
0.12, 1.00001900953, -30.0053971445, -0.00481758332536, 0.342729494324
0.13, 0.999955401873, -30.0018751057, -0.00425155769291, 0.366139520512
0.14, 0.999958817247, -29.9981187258, 0.00560292916427, 0.38976512819
0.15, 1.00003492578, -29.9941183441, 0.00841857389379, 0.414636272423
0.16, 1.00006793944, -29.9898690587, -0.000609138638335, 0.439712359221
0.17, 1.00001292256, -29.9853649219, -0.00646289003104, 0.465675163976
0.18, 0.999972745366, -29.9805982056, 0.000823947670315, 0.492077712961
0.19, 1.00002800817, -29.9755675532, 0.00933426396789, 0.518527675196
0.2, 1.00010115835, -29.9702686647, 0.0048503288274, 0.545605775443
0.21, 1.00008380447, -29.9646994179, -0.00525953785472, 0.57254954219
0.22, 1.00003307272, -29.9588525289, -0.00396814767443, 0.601097431758
0.23, 1.00002955077, -29.9527216674, 0.00444773105484, 0.629449473932
0.24, 1.00009879641, -29.946307403, 0.00847775683811, 0.657932233578
0.25, 1.00014350472, -29.9396012852, 0.00127760628619, 0.687557019393
0.26, 1.00010646549, -29.9325998498, -0.00516536513462, 0.716963266712
0.27, 1.0000675465, -29.9253075177, 4.20841993674e-05, 0.746211786078
0.28, 1.00011182325, -29.9177168109, 0.008441776657, 0.776298089145
0.29, 1.00018705144, -29.9098138471, 0.00606684150498, 0.808395493224
0.3, 1.00018869621, -29.9015927192, -0.00323780628816, 0.840149939686
0.31, 1.00013456516, -29.8930535999, -0.0038712226883, 0.872057330625
0.32, 1.00013774299, -29.8841887198, 0.00550782850152, 0.905076607776
0.33, 1.00021790296, -29.8749946678, 0.00938884834963, 0.938091002343
0.34, 1.00026633814, -29.8654675524, 0.00121242720104, 0.971689347802
0.35, 1.0002265533, -29.855602114, -0.00539135290321, 1.00562359508
0.36, 1.00019024484, -29.8453983775, 0.00078632866286, 1.03948949357
0.37, 1.00024587959, -29.8348536495, 0.00970349971248, 1.07366505578
0.38, 1.00032989975, -29.8239682774, 0.00649572353255, 1.10774155023
0.39, 1.00033076425, -29.8127355127, -0.00356555656685, 1.142898248
0.4, 1.00027550999, -29.8011529532, -0.0036177791699, 1.17772239811
0.41, 1.00028689998, -29.7892186178, 0.00671111255518, 1.21351418758
0.42, 1.00037903898, -29.7769214975, 0.0103713964259, 1.25000131147
0.43, 1.00043160897, -29.7642609351, 0.00117064923545, 1.28629230658
0.44, 1.00039765819, -29.751234744, -0.00214019503803, 1.32314628788
0.45, 1.00036828649, -29.7378381805, 0.000396968996456, 1.36019265692
0.46, 1.00041493903, -29.7240650174, 0.00882990655758, 1.39840174665
0.47, 1.00049984152, -29.7099123912, 0.00755322351379, 1.43611504858
0.48, 1.00051953002, -29.6953797414, -0.00139236568074, 1.47454611863
0.49, 1.00047894278, -29.6804572702, -0.00303620642249, 1.51403908545
0.5, 1.00048539993, -29.6651386074, 0.00563116266985, 1.55376124003
0.51, 1.00057023273, -29.6494206384, 0.010340848175, 1.59397657581
0.52, 1.00063461967, -29.63329907, 0.00319502734701, 1.6344934915
0.53, 1.00061321927, -29.6167710972, -0.00391098048746, 1.67515062187
0.54, 1.0005847011, -29.5998350074, 0.00106820797007, 1.71601455913
0.55, 1.00064231731, -29.582492611, 0.010115353995, 1.75652217766
0.56, 1.00073737313, -29.5647433736, 0.00819322137247, 1.7973501173
0.57, 1.00075835489, -29.5465842797, -0.00156288289256, 1.83844708337
0.58, 1.00071714787, -29.528016757, -0.00280577681122, 1.87911484568
0.59, 1.00073157816, -29.5090408833, 0.00684404669381, 1.92007984273
0.6, 1.00082934228, -29.4896539832, 0.0114804278662, 1.96124213704
0.61, 1.00089961711, -29.4698571205, 0.00331184160664, 2.00239230337
0.62, 1.00087671869, -29.4496440701, -0.00405875183092, 2.04419808694
0.63, 1.00085145317, -29.4290150262, 0.00187837988843, 2.08586748327
0.64, 1.0009215096, -29.4079648096, 0.0115270113913, 2.12809727684
0.65, 1.00102733357, -29.3864947666, 0.00883584188436, 2.16978533468
0.66, 1.00104919037, -29.3646054351, -0.00178930061738, 2.21209586482
0.67, 1.00100722031, -29.3422924706, -0.0025419321235, 2.25446644262
0.68, 1.00103052835, -29.3195583351, 0.00817648609713, 2.29643531418
0.69, 1.00112850369, -29.2964032534, 0.0114387849715, 2.33848811498
0.7, 1.00121132441, -29.2728299742, 0.00531186299847, 2.38011222554
0.71, 1.00120765658, -29.2488388182, -0.00262315002807, 2.4219433952
0.72, 1.00118542365, -29.2244319395, 0.00130436901369, 2.46329418011
0.73, 1.00124672145, -29.1996077849, 0.0108455488472, 2.50560171138
0.74, 1.00135624802, -29.1743617244, 0.0101678508992, 2.5476294729
0.75, 1.00139810403, -29.1486939291, 0.000341354164675, 2.58976525937
0.76, 1.00136916544, -29.1226050501, -0.00216247654208, 2.63240774084
0.77, 1.00138652573, -29.096087376, 0.00711604894022, 2.67498592177
0.78, 1.00149263577, -29.0691461294, 0.0129090450987, 2.71719486815
0.79, 1.00158281588, -29.0417850227, 0.00553969032001, 2.7590429214
0.8, 1.00157841081, -29.014003647, -0.00273405784546, 2.80128743281
0.81, 1.0015592782, -28.9857990348, 0.00207221221073, 2.84358209264
0.82, 1.00163285102, -28.9571741775, 0.0122817937575, 2.88526926651
0.83, 1.00175398657, -28.9281262704, 0.0109299202989, 2.92813470682
0.84, 1.00179782536, -28.8986531912, 0.000190689958263, 2.97034110461
0.85, 1.00178258292, -28.8687601612, -0.00114653337487, 3.01218704864
0.86, 1.00179810083, -28.8384471893, 0.00624789116116, 3.0543360268
0.87, 1.00189739365, -28.8077115935, 0.0128001517338, 3.09668084024
0.88, 1.00199825819, -28.7765550592, 0.00747700716562, 3.13863978326
0.89, 1.00201520106, -28.7449770627, -0.000898218467719, 3.18103582732
0.9, 1.00200310739, -28.7129746229, 0.00178641277082, 3.22330640525
0.91, 1.00206782236, -28.6805557593, 0.0113513390483, 3.26438068763
0.92, 1.00218917328, -28.6477316523, 0.0119445717526, 3.30467470607
0.93, 1.00225242625, -28.6144911301, 0.00250486819254, 3.34725264707
0.94, 1.00223934029, -28.580828171, -0.00118624599466, 3.38930231056
0.95, 1.00226083604, -28.5467473304, 0.00730842014401, 3.43075041356
0.96, 1.0023729892, -28.5122522592, 0.0140563188553, 3.47257781421
0.97, 1.00248160504, -28.4773356912, 0.00777921130885, 3.51474438492
0.98, 1.00249773307, -28.4419960797, -0.0010980903715, 3.55700926196
0.99, 1.00248731271, -28.406237134, 0.0023992150715, 3.59899947757
1.0, 1.00256335644, -28.3700562619, 0.0127602840243, 3.64114744733
1.01, 1.00269670533, -28.3334525143, 0.0127818788623, 3.68358251427
1.02, 1.00276255519, -28.2964268478, 0.00238736190112, 3.7255259764
1.03, 1.00274847878, -28.2589842014, -0.00104865161046, 3.76690790419
1.04, 1.00277717247, -28.2211328997, 0.00848599387887, 3.80728023447
1.05, 1.00289218692, -28.1828837236, 0.012961450285, 3.84652520164
1.06, 1.00300837157, -28.1442476964, 0.00950936584061, 3.88468073261
1.07, 1.00304487608, -28.1052355468, 0.000731699007734, 3.9217780176
1.08, 1.00304208268, -28.0658578168, 0.00217974151821, 3.95782734416
1.09, 1.00310923247, -28.0261248568, 0.0117402681318, 3.99285696944
1.1, 1.00324118314, -27.9860466117, 0.013595717327, 4.02691378133
1.11, 1.00332477656, -27.9456326235, 0.00457934752446, 4.06003119617
1.12, 1.00332693656, -27.9048922263, -0.000264604400117, 4.09222112441
1.13, 1.00335181147, -27.8638346536, 0.00737787742073, 4.12349503618
1.14, 1.00346831541, -27.8224688672, 0.0149986288233, 4.1538922462
1.15, 1.00359352259, -27.7808034108, 0.00985869290671, 4.18345252679
1.16, 1.00362911713, -27.7388465525, 0.000447098138847, 4.21219435606
1.17, 1.00362634729, -27.6966064746, 0.00257235060607, 4.24012021634
1.18, 1.00370278677, -27.6540912357, 0.0129771732407, 4.26725314329
1.19, 1.00384589742, -27.611308534, 0.0143963067142, 4.29363550047
1.2, 1.00393156397, -27.5682657228, 0.00434751539621, 4.31929409468
1.21, 1.00394280162, -27.5249700349, 0.00126902584123, 4.3442304519
1.22, 1.00396817096, -27.4814286343, 0.00655637669565, 4.36845858057
1.23, 1.00407488288, -27.4376484791, 0.0143192324161, 4.39200433204
1.24, 1.00420419005, -27.3936361955, 0.0111927003776, 4.41490266841
1.25, 1.00425830709, -27.3493981668, 0.00228227392041, 4.4371697799
1.26, 1.00426448418, -27.3049407144, 0.00250107612227, 4.45880533106
1.27, 1.0043316666, -27.260270099, 0.0117211867869, 4.47982329629
1.28, 1.00446889849, -27.2153923075, 0.0146665378402, 4.50025879613
1.29, 1.00456817366, -27.1703130251, 0.00631653167561, 4.52013603139
1.3, 1.00458373804, -27.1250378189, 0.000546915736522, 4.53945797777
1.31, 1.00461022541, -27.0795722776, 0.007154941427, 4.55821266943
1.32, 1.00472629259, -27.0339221727, 0.0153343714333, 4.57638959657
1.33, 1.00486203048, -26.9880933649, 0.0114025913382, 4.59397221643
1.34, 1.0049136141, -26.9420917061, 0.00179661589327, 4.61097286273
1.35, 1.00491717516, -26.8959230349, 0.00259421827225, 4.62739409975
1.36, 1.00499078964, -26.8495928287, 0.0127138382724, 4.64329474891
1.37, 1.00513752163, -26.803106406, 0.0153643717057, 4.65865333644
1.38, 1.00523803756, -26.7564690048, 0.00599131610014, 4.67350907758
1.39, 1.00526095044, -26.7096854479, 0.00184503510258, 4.68788710339
1.4, 1.00528540246, -26.6627607264, 0.0060936085126, 4.70176337265
1.41, 1.00538990897, -26.6156998028, 0.0145409236134, 4.71514870388
1.42, 1.00552906261, -26.5685071172, 0.0126840528634, 4.72813281257
1.43, 1.00559818464, -26.5211867678, 0.00348171833833, 4.74067128999
1.44, 1.00560858312, -26.4737432711, 0.00228427817832, 4.75277952288
1.45, 1.00567083493, -26.426181015, 0.011295936056, 4.76444750448
1.46, 1.00581075701, -26.3785039788, 0.0155883204196, 4.77575314563
1.47, 1.00592434784, -26.3307157237, 0.00787624932919, 4.78668564947
1.48, 1.00595011861, -26.2828204294, 0.000924938380522, 4.79718566054
1.49, 1.00597327844, -26.234821954, 0.00645128628007, 4.80733559738
1.5, 1.00608537281, -26.1867238024, 0.015447030194, 4.81711091398
1.51, 1.00623043183, -26.1385299364, 0.0128624728761, 4.82650879924
1.52, 1.00629620477, -26.0902436216, 0.00285366799182, 4.83560630986
1.53, 1.0063017802, -26.0418682122, 0.00211496596714, 4.84433769375
1.54, 1.0063680435, -25.9934070553, 0.0120972014461, 4.85276189274
1.55, 1.00651645878, -25.9448633628, 0.0162520959742, 4.86086297364
1.56, 1.00663100546, -25.8962399742, 0.00749588747689, 4.86870762754
1.57, 1.0066626181, -25.8475398141, 0.0019978822877, 4.87621578564
1.58, 1.00668125839, -25.7987661719, 0.00515810523667, 4.88341212758
1.59, 1.00678025047, -25.7499221581, 0.0145752409803, 4.89031030846
1.6, 1.00692849209, -25.7010103578, 0.0141373055872, 4.89697288068
1.61, 1.00701110897, -25.6520330553, 0.00440080694425, 4.90341280284
1.62, 1.00702138284, -25.602992817, 0.00155699669215, 4.90956914835
1.63, 1.00707418773, -25.5538924877, 0.0105321939052, 4.91544658355
1.64, 1.0072152265, -25.5047344516, 0.0164803100042, 4.9211296979
1.65, 1.00734284937, -25.4555200217, 0.009344946596, 4.92671586337
1.66, 1.00738415983, -25.4062505125, 0.00422676423606, 4.93210885499
1.67, 1.00740282943, -25.356926831, 0.00412632762052, 4.93758789425
1.68, 1.0074877763, -25.3075489874, 0.0133181155283, 4.94294814724
1.69, 1.00763396194, -25.2581175586, 0.0149177052201, 4.94830888607
1.7, 1.00773169865, -25.2086325982, 0.00608972895042, 4.95365120738
1.71, 1.00775063351, -25.159094706, 0.0014761817806, 4.95891182785
1.72, 1.00779237136, -25.1095045127, 0.00892032909613, 4.96411479844
1.73, 1.00792222029, -25.0598625463, 0.0161536627194, 4.96925868016
1.74, 1.0080586892, -25.0101695076, 0.0110091357533, 4.97434545114
1.75, 1.00810767251, -24.9604254715, 0.001917696312, 4.97944045754
1.76, 1.00812041484, -24.9106310359, 0.00408643946453, 4.98443281989
1.77, 1.00821022251, -24.8607869027, 0.0141111819427, 4.98938021363
1.78, 1.00836315203, -24.8108937228, 0.0152952081034, 4.9942493392
1.79, 1.00845899165, -24.7609518839, 0.00549165469968, 4.99911472892
1.8, 1.00848329202, -24.7109616191, 0.00264260476872, 5.00391806212
1.81, 1.00852211403, -24.6609238118, 0.0077763540266, 5.00863895086
1.82, 1.00863890166, -24.6108389983, 0.0151449385714, 5.01331148299
1.83, 1.00877601631, -24.5607079231, 0.0119956662867, 5.01789325868
1.84, 1.00884008194, -24.5105316047, 0.00342586429986, 5.02235837113
1.85, 1.00885871889, -24.460311455, 0.00373200254672, 5.02666334019
1.86, 1.00893650655, -24.4100492144, 0.0125832429446, 5.03078071508
1.87, 1.00908065915, -24.3597468757, 0.0152669600845, 5.03469647223
1.88, 1.00918701115, -24.3094061107, 0.00715641478243, 5.03846183265
1.89, 1.00921298661, -24.2590287343, 0.0016879887108, 5.04202439437
1.9, 1.00925038403, -24.2086168163, 0.00810779833843, 5.04538749374
1.91, 1.00937367045, -24.1581717605, 0.0158705233371, 5.04865425195
1.92, 1.00951442285, -24.1076944395, 0.0119466748525, 5.0518420037
1.93, 1.00957360167, -24.0571870787, 0.00272433728794, 5.05466369519
1.94, 1.00958743622, -24.0066523026, 0.00360024732576, 5.0573198778
1.95, 1.00966917253, -23.956091904, 0.0133139403802, 5.05981383231
1.96, 1.00982015124, -23.9055074382, 0.0157060162737, 5.06213837042
1.97, 1.0099253922, -23.8549001945, 0.00662027166176, 5.06436616623
1.98, 1.00994463019, -23.8042712485, 0.00111697435409, 5.06647022489
1.99, 1.00998147462, -23.7536224214, 0.00851822310145, 5.06836153641
2.0, 1.01011202426, -23.7029552284, 0.0166491028567, 5.07013616751
2.01, 1.01025635351, -23.6522709512, 0.0118433903627, 5.07178831921
2.02, 1.01030986544, -23.6015708426, 0.00194873506317, 5.07330536951
2.03, 1.01033226777, -23.5508563511, 0.00291478685268, 5.07467739085
2.04, 1.01040049677, -23.5001286268, 0.0118421531495, 5.07595210476
2.05, 1.01054527064, -23.44938859, 0.0160202432359, 5.07713406378
2.06, 1.01066312709, -23.3986375793, 0.00830829246706, 5.07816756022
2.07, 1.01069374164, -23.347876664, 0.00144136089686, 5.07909793932
2.08, 1.01072223879, -23.2971068521, 0.00696545834086, 5.07994332238
2.09, 1.01083891636, -23.2463295023, 0.0158423449185, 5.08063186966
2.1, 1.01098753647, -23.1955455453, 0.0131979586013, 5.08125888488
2.11, 1.01105704843, -23.1447558546, 0.00326379744082, 5.08178239342
2.12, 1.01108166235, -23.0939613273, 0.00267150547023, 5.08221173749
2.13, 1.0111381297, -23.0431633321, 0.0102553743725, 5.08250361593
2.14, 1.01127258918, -22.9923627305, 0.0157878402462, 5.08273277402
2.15, 1.01139931198, -22.9415600776, 0.00987693654147, 5.08289459724
2.16, 1.01144371744, -22.8907565087, 0.00223094441682, 5.0829370966
2.17, 1.01146803577, -22.8399528237, 0.00565115469054, 5.08292008542
2.18, 1.01156940713, -22.7891496238, 0.0146043554132, 5.08284012584
2.19, 1.01171723006, -22.7383476769, 0.014130647098, 5.08267384865
2.2, 1.01180216624, -22.687547785, 0.0048450524361, 5.08243912036
2.21, 1.01181843561, -22.6367502197, 0.00218059382586, 5.08218925156
2.22, 1.01187557839, -22.5859560062, 0.0107460584086, 5.08177852444
2.23, 1.01201653397, -22.5351662878, 0.0163594832309, 5.08130283817
2.24, 1.01214413007, -22.484381432, 0.0095154525361, 5.08080513968
2.25, 1.01218173632, -22.4336016877, 0.00148455391421, 5.08028395395
2.26, 1.01220248165, -22.3828274569, 0.00573069606051, 5.07965785685
2.27, 1.01230924515, -22.3320602552, 0.0153623730395, 5.07891567698
2.28, 1.01246224055, -22.2813007179, 0.0142758205196, 5.07813788698
2.29, 1.01254315457, -22.2305490582, 0.00409605998141, 5.0773211973
2.3, 1.01256644449, -22.1798062027, 0.00254160076268, 5.0764044581
2.31, 1.01261568818, -22.1290727836, 0.00929888978333, 5.07542137569
2.32, 1.01274398697, -22.0783495169, 0.0156464285975, 5.07437569471
2.33, 1.0128757935, -22.0276369468, 0.0107742952429, 5.07329268424
2.34, 1.01292792554, -21.97693554, 0.0026496950318, 5.07214310695
2.35, 1.01294938919, -21.92624576, 0.00484733189877, 5.0709554691
2.36, 1.01304161191, -21.8755682553, 0.0138723772271, 5.06969367122
2.37, 1.0131889261, -21.8249036139, 0.014667793197, 5.06840104159
2.38, 1.01328265342, -21.7742520942, 0.00573219664543, 5.0670557234
2.39, 1.01330201218, -21.7236141301, 0.00189023815827, 5.06570095186
2.4, 1.01335078382, -21.6729901491, 0.00969316403684, 5.06426814903
2.41, 1.01348526417, -21.6223805428, 0.016248215004, 5.06280344734
2.42, 1.01361868038, -21.5717858104, 0.0104953892938, 5.0612984748
2.43, 1.01366431293, -21.5212063234, 0.00187400416028, 5.05976914122
2.44, 1.01368127544, -21.4706422751, 0.00480464546258, 5.05819642843
2.45, 1.0137780062, -21.4200942465, 0.0145941351415, 5.05658492926
2.46, 1.01393088547, -21.3695624968, 0.0149015048498, 5.05493660813
2.47, 1.01402139958, -21.3190474231, 0.00502864074733, 5.05324194658
2.48, 1.01404742396, -21.2685494097, 0.00215563418063, 5.05152033762
2.49, 1.01408717796, -21.2180689029, 0.00815258215598, 5.04974910551
2.5, 1.01420881845, -21.1676063922, 0.0155833439129, 5.04793160864
2.51, 1.0143473443, -21.117162241, 0.0118481578648, 5.04607996397
2.52, 1.01440781178, -21.0667365423, 0.00300331616178, 5.04422336319
2.53, 1.01442450332, -21.0163296506, 0.00379600474286, 5.04233547336
2.54, 1.01450586045, -20.9659417168, 0.0130792326539, 5.04041647449
2.55, 1.01465361194, -20.9155731497, 0.0153959938717, 5.03847331644
2.56, 1.01475780314, -20.8652239313, 0.00670849245427, 5.03653327019
2.57, 1.01477948131, -20.8148945607, 0.00140118323502, 5.0345266067
2.58, 1.01481758013, -20.7645853147, 0.00845008406245, 5.03248961205
2.59, 1.0149452794, -20.7142966615, 0.0162461930098, 5.0304316372
2.6, 1.01508644972, -20.6640285261, 0.0116752588463, 5.02834726781
2.61, 1.01514075687, -20.6137815743, 0.00218869750329, 5.02622371095
2.62, 1.01516627619, -20.5635558616, 0.00369882366556, 5.02410340313
2.63, 1.01523698526, -20.513351366, 0.0115394266647, 5.02196811211
2.64, 1.01537365704, -20.4631686552, 0.0149983963998, 5.01976407984
2.65, 1.01548486168, -20.4130078304, 0.00812190980058, 5.01758172355
2.66, 1.01551997741, -20.3628690312, 0.00225889938237, 5.01535009553
2.67, 1.01555517664, -20.3127530282, 0.0072661168491, 5.01303638492
2.68, 1.0156678577, -20.2626603571, 0.0149332641541, 5.01069421069
2.69, 1.01580652957, -20.2125909903, 0.0124008672303, 5.00835959622
2.7, 1.01587489571, -20.1625450443, 0.0037250147322, 5.00601431443
2.71, 1.01589287286, -20.1125227611, 0.00335569152259, 5.00363210073
2.72, 1.01596539873, -20.0625242761, 0.0120707337449, 5.00125349492
2.73, 1.01610765052, -20.0125494604, 0.0153856830039, 4.99889557281
2.74, 1.0162178035, -19.9625985657, 0.00761307439611, 4.9964702822
2.75, 1.01624592735, -19.9126720505, 0.00159941068464, 4.99403057191
2.76, 1.01627892509, -19.8627699296, 0.00747335257932, 4.99158286081
2.77, 1.01639714913, -19.8128924582, 0.0155958463818, 4.98911424095
2.78, 1.01653915265, -19.7630397833, 0.012335694219, 4.98662125538
2.79, 1.01660225215, -19.7132118382, 0.00295675973876, 4.98415599241
2.8, 1.01661434185, -19.6634087455, 0.003091840638, 4.98165253778
2.81, 1.01668956505, -19.6136309092, 0.0127001792775, 4.97910883666
2.82, 1.01683807412, -19.5638786263, 0.0158019409974, 4.97654524285
2.83, 1.01694693185, -19.514151793, 0.00704698479232, 4.97399706884
2.84, 1.01697558755, -19.4644507888, 0.00423261241017, 4.97135895114
2.85, 1.0170102626, -19.4147756699, 0.00658645608417, 4.96882474141
2.86, 1.0171145901, -19.3651264258, 0.0142112762354, 4.96622344903
2.87, 1.0172517655, -19.3155035807, 0.0127678603033, 4.96354541238
2.88, 1.01732724681, -19.2659073218, 0.0044901199269, 4.96090460762
2.89, 1.01734817552, -19.2163373727, 0.00313891304184, 4.95828250365
2.9, 1.01741341099, -19.166793614, 0.0111118959529, 4.95565617079
2.91, 1.01754911712, -19.1172764798, 0.0151729073361, 4.95297566464
2.92, 1.01766335253, -19.067785927, 0.00840080615754, 4.95033378344
2.93, 1.01769836656, -19.018321646, 0.00196660568146, 4.94770932565
2.94, 1.01772837706, -18.96888406, 0.00667753007816, 4.94501595555
2.95, 1.01783737862, -18.9194732788, 0.0148314097673, 4.94233853092
2.96, 1.01797810331, -18.8700891034, 0.0127670492784, 4.93969222321
2.97, 1.01804893907, -18.8207314761, 0.00375693998682, 4.9370217779
2.98, 1.01806370253, -18.7714009301, 0.00279735714831, 4.93429510834
2.99, 1.01813068278, -18.7220975835, 0.0116570986422, 4.93158273048
3.0, 1.01827241292, -18.6728214036, 0.0156223382704, 4.92884215511
3.01, 1.01838609553, -18.6235729854, 0.00791924672998, 4.92604625205
3.02, 1.0184140086, -18.5743523203, 0.00126974788338, 4.92328233593
3.03, 1.01844141376, -18.5251594957, 0.00685586373876, 4.92048225899
3.04, 1.01855601924, -18.4759947989, 0.0155283014649, 4.91767000338
3.05, 1.01870055052, -18.4268581847, 0.0127469980895, 4.91485823407
3.06, 1.01876624661, -18.3777494907, 0.00297017729977, 4.91208442931
3.07, 1.0187746922, -18.3286684516, 0.0024827408904, 4.90931350624
3.08, 1.01884408966, -18.2796156023, 0.0122854722741, 4.90647148001
3.09, 1.018992391, -18.2305912495, 0.0160878375491, 4.90361628611
3.1, 1.01910516793, -18.1815951789, 0.00737142971028, 4.9008087943
3.11, 1.01913733511, -18.1326275871, 0.00219529185389, 4.897918136
3.12, 1.0191589059, -18.0836887096, 0.00543637019632, 4.89506093206
3.13, 1.01925898703, -18.0347783197, 0.0144995154319, 4.89221917605
3.14, 1.01940491207, -17.9858963996, 0.0138350916086, 4.88936870224
3.15, 1.01948567599, -17.9370429968, 0.00435796942446, 4.88651756601
3.16, 1.01949746634, -17.8882179542, 0.00180778742879, 4.88368858862
3.17, 1.01955221923, -17.8394213853, 0.0105948751837, 4.88083759369
3.18, 1.01969168324, -17.7906535777, 0.0161560620361, 4.87792522057
3.19, 1.01981586934, -17.7419147263, 0.00905990827295, 4.87505086244
3.2, 1.01985640886, -17.6932044705, 0.00429864462785, 4.87214431992
3.21, 1.01987692148, -17.6445232671, 0.00430106624611, 4.86925315559
3.22, 1.01996176074, -17.5958714694, 0.0131080390341, 4.86632063257
3.23, 1.02010415906, -17.5472487154, 0.0144643762584, 4.86343496617
3.24, 1.02019864239, -17.4986546665, 0.00592212589776, 4.86058615802
3.25, 1.02021802804, -17.450089509, 0.00163157070539, 4.85765667382
3.26, 1.02026068995, -17.4015534829, 0.00886965775231, 4.85475996171
3.27, 1.02038764372, -17.3530462942, 0.0156858380283, 4.85189247239
3.28, 1.02051923555, -17.3045683847, 0.0105886804597, 4.8489064481
3.29, 1.02056634893, -17.2561200085, 0.00191616689575, 4.8459720038
3.3, 1.02058004603, -17.2077008665, 0.00415772292653, 4.84305672897
3.31, 1.02066847383, -17.1593110674, 0.0137577301105, 4.84010289563
3.32, 1.02081612773, -17.1109508051, 0.0146999792998, 4.83715489846
3.33, 1.02090753053, -17.062620029, 0.00522723738756, 4.83420904696
3.34, 1.02093133939, -17.0143185853, 0.00270145541043, 4.83126567906
3.35, 1.02097008326, -16.9660469106, 0.00761636106001, 4.82828372077
3.36, 1.02108270139, -16.9178050208, 0.014539350542, 4.825287599
3.37, 1.02121358118, -16.8695932549, 0.0114476882999, 4.82227961722
3.38, 1.02127470494, -16.8214118759, 0.00333250253181, 4.81921361238
3.39, 1.02129342403, -16.7732609433, 0.00371422972052, 4.81618128595
3.4, 1.0213687543, -16.7251402578, 0.0121062950968, 4.81315562842
3.41, 1.02150631087, -16.6770498524, 0.0145393494496, 4.81012804614
3.42, 1.02160706916, -16.6289899803, 0.00679345310032, 4.80706068654
3.43, 1.02163181629, -16.58096055, 0.00168337005999, 4.80403664894
3.44, 1.02166824845, -16.53296145, 0.00783543577746, 4.80097513851
3.45, 1.02178601578, -16.4849931024, 0.0151212821986, 4.79791317288
3.46, 1.02191925334, -16.437055136, 0.0112938650646, 4.79489810365
3.47, 1.02197473032, -16.3891473716, 0.00257400332044, 4.79186532785
3.48, 1.02198803468, -16.3412697865, 0.0035078275458, 4.78883967762
3.49, 1.02206627703, -16.2934228183, 0.0127133980465, 4.78576634179
3.5, 1.02220938184, -16.2456063433, 0.0148606753567, 4.7827458609
3.51, 1.02230813912, -16.1978197783, 0.00619543111791, 4.77977774434
3.52, 1.02232568669, -16.1500630266, 0.00107003713704, 4.77674321936
3.53, 1.0223608961, -16.1023370041, 0.00815524694377, 4.77366950751
3.54, 1.02248476571, -16.0546415674, 0.0157761041586, 4.77061890915
3.55, 1.02262052429, -16.0069765968, 0.0111108855258, 4.76759221909
3.56, 1.02266984803, -15.9593437215, 0.00176852281648, 4.76421158367
3.57, 1.02269210036, -15.9117449818, 0.00342277990328, 4.76076962285
3.58, 1.02275971415, -15.8641813757, 0.011163905175, 4.7570417453
3.59, 1.0228915289, -15.8166624052, 0.0144341062277, 4.75200022372
3.6, 1.02299704443, -15.769196621, 0.00758926296421, 4.74635561917
3.61, 1.0230279826, -15.7217941803, 0.00192673879123, 4.73951369872
3.62, 1.02306027956, -15.6744723448, 0.00696259384091, 4.7294155455
3.63, 1.02316868362, -15.6272644915, 0.0143709778678, 4.71753747262
3.64, 1.02330069157, -15.580179896, 0.0116907758091, 4.70474257371
3.65, 1.02336302071, -15.5332280576, 0.00323249306616, 4.69056186717
3.66, 1.02337735987, -15.486433515, 0.00303826242686, 4.67401389035
3.67, 1.02344609481, -15.43981384, 0.011571922352, 4.6555512407
3.68, 1.02358160705, -15.393384126, 0.0145723598252, 4.63553544037
3.69, 1.02368355076, -15.3471639869, 0.0068328915602, 4.61407333593
3.7, 1.02370561739, -15.3011616119, 0.00111205199341, 4.5918134851
3.71, 1.0237343172, -15.2553986757, 0.00699403631027, 4.56637850726
3.72, 1.02384599919, -15.2099053141, 0.0147484273085, 4.53823795462
3.73, 1.02397820919, -15.1647018025, 0.0112843004137, 4.5085747223
3.74, 1.02403204069, -15.1197927371, 0.00215196463833, 4.47865377779
3.75, 1.02403774236, -15.0751940205, 0.00249475834378, 4.44709891247
3.76, 1.02410598152, -15.0309119419, 0.0118232079269, 4.41425223231
3.77, 1.02424363869, -14.9869752347, 0.0145486665165, 4.37927688298
3.78, 1.02434011223, -14.9433886184, 0.00585878831637, 4.34394498323
3.79, 1.02436243286, -14.9001587967, 0.00164478265273, 4.30822467343
3.8, 1.02438188957, -14.8572816885, 0.00522635863603, 4.27335689347
3.81, 1.02447503605, -14.8147485233, 0.0132505831109, 4.2393974031
3.82, 1.02460340452, -14.7725505187, 0.0118205312591, 4.20629437088
3.83, 1.02466713742, -14.7306794624, 0.00306463650619, 4.17399346917
3.84, 1.02467211671, -14.6891270239, 0.00146075288721, 4.14254029518
3.85, 1.02472220114, -14.6478849055, 0.00975810162992, 4.11191351471
3.86, 1.02484653629, -14.6069448022, 0.0141129813406, 4.08208180293
3.87, 1.02494914566, -14.5662997316, 0.00703749326154, 4.05292039154
3.88, 1.02496783603, -14.5259423231, 0.000126845639555, 4.02451516444
3.89, 1.02497948224, -14.4858654412, 0.00491720886749, 3.99680555429
3.9, 1.0250735446, -14.4460622444, 0.0135179717299, 3.96975904393
3.91, 1.02520189409, -14.4065257688, 0.0114576474401, 3.94344041068
3.92, 1.02525708411, -14.3672490672, 0.00193041494703, 3.91777344333
3.93, 1.02526543108, -14.3282262498, 0.00149973755619, 3.89265815336
3.94, 1.02530445848, -14.2894512297, 0.0079822960824, 3.8681824946
3.95, 1.02541222206, -14.2509179429, 0.0129644691105, 3.84430855259
3.96, 1.02551445962, -14.2126205573, 0.00785303991741, 3.82097161726
3.97, 1.02554386916, -14.1745534801, 0.000978011137195, 3.79823461902
3.98, 1.02555354708, -14.1367108147, 0.00378528459998, 3.77606764549
3.99, 1.0256301221, -14.0990871979, 0.0116859225074, 3.75440887837
4.0, 1.02574877105, -14.06167777, 0.0114240906317, 3.73322423934
4.01, 1.02581282413, -14.0244772766, 0.0032256990052, 3.71260785596
4.02, 1.02581491579, -13.9874803155, 0.000657934815123, 3.6924788838
4.03, 1.02585112017, -13.9506825206, 0.00809045166343, 3.67278261775
4.04, 1.02596146718, -13.9140791053, 0.0131701140833, 3.65358495102
4.05, 1.02606156672, -13.8776653693, 0.00725265427666, 3.63482739604
4.06, 1.02608210323, -13.8414369246, 3.08003735441e-05, 3.61652644918
4.07, 1.02608567722, -13.8053892189, 0.00356397887407, 3.59865178207
4.08, 1.02616416762, -13.7695181978, 0.0120856314165, 3.58119062527
4.09, 1.02628481592, -13.7338194867, 0.0113107518945, 3.56417052659
4.1, 1.02634290646, -13.6982892291, 0.00232460769095, 3.54750028371
4.11, 1.02633639059, -13.6629234906, 2.34248919785e-05, 3.53124987472
4.12, 1.02637133967, -13.6277182824, 0.00836249763854, 3.51538790762
4.13, 1.02648572069, -13.5926702093, 0.0134867348389, 3.49982038981
4.14, 1.0265842507, -13.5577757018, 0.00666909272908, 3.4846467096
4.15, 1.02659600869, -13.5230312102, -0.000894766801859, 3.46981064334
4.16, 1.02659415055, -13.4884332498, 0.00344658824369, 3.45533382851
4.17, 1.02667576982, -13.4539788517, 0.0126001069317, 3.44109122927
4.18, 1.0267991077, -13.4196652175, 0.0112204573858, 3.42717091203
4.19, 1.02685108872, -13.385488961, 0.00139575956352, 3.41359171308
4.2, 1.02684976919, -13.351447345, 0.000214950143442, 3.40024941084
4.21, 1.02687513673, -13.317537505, 0.00674391143295, 3.38722904436
4.22, 1.02697492783, -13.2837563243, 0.0125674382027, 3.37448741584
4.23, 1.02707553459, -13.2501013484, 0.00772075432855, 3.36200414892
4.24, 1.02709995781, -13.2165698134, 0.000107491919182, 3.34977657667
4.25, 1.02709733581, -13.1831591796, 0.0024227945984, 3.33781104568
4.26, 1.02716284139, -13.1498670074, 0.0109373203556, 3.32609682382
4.27, 1.02727856556, -13.1166907062, 0.0114120525998, 3.31461481229
4.28, 1.02734146178, -13.0836280751, 0.0028619063148, 3.3033634233
4.29, 1.02733494522, -13.0506765949, -0.000549263330657, 3.29236594951
4.3, 1.02735848751, -13.0178340797, 0.00698095103786, 3.28157235314
4.31, 1.02746263688, -12.9850984664, 0.0129775639782, 3.27098601841
4.32, 1.02756308837, -12.9524673779, 0.00729147206725, 3.26064675011
4.33, 1.02757982956, -12.9199386362, -0.000763281778923, 3.25051383313
4.34, 1.0275717344, -12.8875103274, 0.00227020226379, 3.24056274369
4.35, 1.02764030763, -12.8551804019, 0.0114906608027, 3.23083247471
4.36, 1.02775984054, -12.8229465775, 0.0114800341577, 3.22134079049
4.37, 1.02781819103, -12.7908070728, 0.00205759997485, 3.2119533193
4.38, 1.02780362591, -12.7587605065, -0.00114825540212, 3.20275572608
4.39, 1.02782652167, -12.7268049183, 0.00734844723529, 3.1937360593
4.4, 1.02793617235, -12.6949390317, 0.0134700986463, 3.18483082259
4.41, 1.02803672166, -12.6631610846, 0.00684565173155, 3.17612747439
4.42, 1.02804551851, -12.6314693492, -0.00164753259466, 3.16759661001
4.43, 1.02804578907, -12.5998620638, 0.00162358507254, 3.15922256351
4.44, 1.02810057153, -12.5683380974, 0.00989423439415, 3.15093988982
4.45, 1.02821127977, -12.5368959568, 0.0114505122926, 3.14285118239
4.46, 1.02827905092, -12.5055337078, 0.00350254529824, 3.13495712979
4.47, 1.02827493687, -12.4742499901, -0.0008017416808, 3.12711266136
4.48, 1.0282899925, -12.4430442052, 0.00581300656361, 3.11938825892
4.49, 1.02838453624, -12.4119150822, 0.0124173802213, 3.11178569205
4.5, 1.02848614657, -12.3808610743, 0.00787274584821, 3.10434775044
4.51, 1.02850887038, -12.3498810872, -0.000411037142846, 3.09699007488
4.52, 1.02849746532, -12.3189739037, 0.00138742906645, 3.08977441206
4.53, 1.02855472929, -12.2881384415, 0.010428679726, 3.08264097336
4.54, 1.02866978572, -12.257373703, 0.0116243804256, 3.07564163361
4.55, 1.02873417638, -12.2266781518, 0.00279487519862, 3.06878840037
4.56, 1.02872230718, -12.1960506415, -0.00143033499891, 3.06203404053
4.57, 1.02873610731, -12.1654900401, 0.00612022231242, 3.05539342163
4.58, 1.02883615043, -12.1349956678, 0.0129697876477, 3.04880227315
4.59, 1.0289389961, -12.104566404, 0.00756011963051, 3.0423678258
4.6, 1.02895469272, -12.0742010644, -0.00125846048189, 3.03600212407
4.61, 1.02893786704, -12.0438992516, 0.00124417895988, 3.02967020029
4.62, 1.02899872978, -12.0136601731, 0.0110757042796, 3.02344045802
4.63, 1.02911883789, -11.9834829174, 0.0118225669815, 3.01731982086
4.64, 1.02917961839, -11.9533659806, 0.00204208056984, 3.0113329918
4.65, 1.02917361683, -11.9233090393, -0.00125991747843, 3.00534242504
4.66, 1.02917745039, -11.8933116635, 0.00449519605777, 2.99942803322
4.67, 1.02926403008, -11.8633728721, 0.0122627942671, 2.99362252617
4.68, 1.02937164354, -11.8334920276, 0.00887794749919, 2.98784382972
4.69, 1.02940162046, -11.8036682752, -0.00020247977198, 2.98219851985
4.7, 1.02938362586, -11.7739004823, 0.000143255720683, 2.97661573759
4.71, 1.02942835126, -11.7441887849, 0.0095049779018, 2.97101872402
4.72, 1.02954296385, -11.7145324505, 0.0122912487158, 2.96552646858
4.73, 1.02961706527, -11.6849307094, 0.00367101260223, 2.96010159036
4.74, 1.02960603578, -11.6553826728, -0.00209880341397, 2.95476676163
4.75, 1.02960734331, -11.6258880405, 0.00471453133022, 2.94944465829
4.76, 1.02969945394, -11.5964464244, 0.0128949215658, 2.9441622892
4.77, 1.0298095218, -11.567057008, 0.00868668025021, 2.93900115003
4.78, 1.02983294512, -11.5377192263, -0.00107800541574, 2.93383167035
4.79, 1.02982294909, -11.5084326414, -3.78940361094e-05, 2.92875195231
4.8, 1.02985638717, -11.4791966781, 0.00792449263285, 2.92371790147
4.81, 1.02995975755, -11.4500104647, 0.0118893469527, 2.91875821797
4.82, 1.03004072375, -11.4208739168, 0.00505312945766, 2.91381861404
4.83, 1.03004252532, -11.3917862809, -0.0013194723721, 2.90896641944
4.84, 1.030040157, -11.3627470439, 0.00346474644021, 2.9041496388
4.85, 1.03011689307, -11.3337554108, 0.0115705865145, 2.899442269
4.86, 1.03022443322, -11.3048100882, 0.00940523532971, 2.89488628623
4.87, 1.03026157663, -11.2759094578, 0.000402152439164, 2.89051461414
4.88, 1.03024334343, -11.247051296, -0.000457075022673, 2.88637935178
4.89, 1.03027802377, -11.2182334716, 0.00842286184308, 2.88242634859
4.9, 1.03038691654, -11.1894529237, 0.0122879232169, 2.87898433627
4.91, 1.03046684716, -11.160704368, 0.00452948012766, 2.87597106917
4.92, 1.03046122802, -11.1319837475, -0.00203767933002, 2.87334332934
4.93, 1.0304561108, -11.1032871066, 0.00363482330296, 2.87119097027
4.94, 1.03053832233, -11.0746106159, 0.0122540723602, 2.86928416869
4.95, 1.03064940796, -11.0459486838, 0.00935632459612, 2.86825205755
4.96, 1.03068125233, -11.0172952902, -0.000379744856384, 2.86762061507
4.97, 1.03065694519, -10.988647561, -0.000733150326332, 2.8670649918
4.98, 1.03069433757, -10.9600053862, 0.0090707152963, 2.86651221335
4.99, 1.03080978167, -10.9313637451, 0.0127422475769, 2.86695424299
5.0, 1.03088873424, -10.9027160068, 0.00399062560591, 2.8677121995
5.01, 1.0308877523, -10.8740594919, -0.0010492463175, 2.86878550695
5.02, 1.0308774111, -10.8453894138, 0.00227140208363, 2.87029922155
5.03, 1.03094543996, -10.8167025898, 0.0112462932058, 2.87215498663
5.04, 1.03105816154, -10.7879961355, 0.010481286163, 2.87428600157
5.05, 1.031105605, -10.7592663378, 0.00107629405365, 2.8767622274
5.06, 1.03108537777, -10.7305099445, -0.00133140159168, 2.87956910267
5.07, 1.0311088175, -10.7017249094, 0.00744559716091, 2.88253567347
5.08, 1.03121600661, -10.6729072819, 0.0128700971897, 2.88604363197
5.09, 1.03130700606, -10.6440529631, 0.00575442242214, 2.88985707916
5.1, 1.03130725196, -10.6151600492, -0.00215971243345, 2.89379216163
5.11, 1.03129339225, -10.5862252182, 0.00241299617486, 2.89821090263
5.12, 1.03136736839, -10.557243818, 0.0120501412261, 2.90306905234
5.13, 1.03148552022, -10.5282135072, 0.0106463316134, 2.90803638589
5.14, 1.03152919429, -10.4991323235, 0.000370312484731, 2.91316748034
5.15, 1.03151675335, -10.4699991544, -0.000874547780498, 2.91857971931
5.16, 1.03153322839, -10.4408099569, 0.0060866149603, 2.92422959737
5.17, 1.03162843767, -10.4115639395, 0.0122144243887, 2.92998131353
5.18, 1.03172421816, -10.3822596057, 0.00708017282881, 2.93581890332
5.19, 1.0317398435, -10.3528984914, -0.000891346920606, 2.94136867129
5.2, 1.03172780952, -10.3234829143, 0.00164231954734, 2.94669059862
5.21, 1.03178821772, -10.2940155054, 0.0106435289448, 2.95175961085
5.22, 1.0319013932, -10.2644986317, 0.0111041060129, 2.95658580979
5.23, 1.03195865161, -10.2349354616, 0.002097834795, 2.96061597691
5.24, 1.03194327416, -10.2053458669, -0.00141571973695, 2.96165149912
5.25, 1.03196034273, -10.1757866453, 0.00657576195919, 2.9550419131
5.26, 1.03206259621, -10.1463212547, 0.0128627272487, 2.94336284076
5.27, 1.03215984099, -10.1169861646, 0.00672199872882, 2.92859977221
5.28, 1.03216826634, -10.087826028, -0.00174596612821, 2.90928133503
5.29, 1.03216443549, -10.0589052415, 0.000942966420594, 2.88094559179
5.3, 1.03221061133, -10.0302752263, 0.00897838644553, 2.85063458328
5.31, 1.03231446102, -10.0019589153, 0.0109858693, 2.81785883173
5.32, 1.03238002969, -9.97401131234, 0.00335188723662, 2.77823047245
5.33, 1.03237269235, -9.94648505727, -0.00140001827564, 2.73379313633
5.34, 1.03237848891, -9.9194104619, 0.00464109820789, 2.68777675441
5.35, 1.03246177846, -9.89281716616, 0.011403356634, 2.63627428395
5.36, 1.03255650894, -9.86676457386, 0.00737750429069, 2.58019904494
5.37, 1.03257489997, -9.84129354767, -0.00100091437041, 2.52069592088
5.38, 1.0325537572, -9.81642570312, 1.2985619287e-05, 2.458885497
5.39, 1.03259501326, -9.79220971132, 0.00871676484155, 2.39211478235
5.4, 1.03269591069, -9.76865449964, 0.0104734743976, 2.32592048772
5.41, 1.03275229846, -9.74575603677, 0.00208392991749, 2.26084611221
5.42, 1.03274237282, -9.72349866067, -0.00119136149776, 2.19761427635
5.43, 1.03273510691, -9.70186456959, 0.00241853617305, 2.1361406499
5.44, 1.03279463966, -9.68083641309, 0.00935195177078, 2.07638017142
5.45, 1.0328804977, -9.66039720772, 0.00746768704057, 2.01830051906
5.46, 1.03290505392, -9.6405303804, -0.000398931784531, 1.96185433083
5.47, 1.03288037321, -9.6212199164, -0.00130588038017, 1.90698054614
5.48, 1.03289994743, -9.6024503602, 0.00625600022549, 1.85362994319
5.49, 1.03298314123, -9.58420661837, 0.00958762275598, 1.80177483013
5.5, 1.03304125649, -9.56647389365, 0.002859626258, 1.75138184482
5.51, 1.03302460936, -9.54923782379, -0.002946138102, 1.70240031999
5.52, 1.03300686325, -9.53248458683, 0.00180844074944, 1.65477601522
5.53, 1.03306363905, -9.51620077421, 0.00921430759334, 1.60847879855
5.54, 1.03314544396, -9.50037321377, 0.0067371569967, 1.56348670675
5.55, 1.03315849936, -9.48498903827, -0.00176392116843, 1.5197622936
5.56, 1.03312155956, -9.47003584636, -0.00224015547674, 1.4772532612
5.57, 1.03313662413, -9.45550170003, 0.00615511548827, 1.43592089872
5.58, 1.0332190838, -9.44137491071, 0.0093649935437, 1.39574890117
5.59, 1.03327019999, -9.42764398359, 0.00178126613133, 1.35671321585
5.6, 1.03324092298, -9.41429777581, -0.00415714098903, 1.31877079135
5.61, 1.03321534925, -9.40132560795, 0.00145539410592, 1.2818753631
5.62, 1.03327197079, -9.38871711943, 0.00931780732865, 1.24600729238
5.63, 1.03335161204, -9.37646208569, 0.00614707090116, 1.21115389808
5.64, 1.03335429138, -9.3645505068, -0.00302324104936, 1.17728498209
5.65, 1.0333204779, -9.35297279953, -0.00291694742928, 1.14435395161
5.66, 1.0333193521, -9.34171970653, 0.00411348412741, 1.11233444266
5.67, 1.03338634067, -9.33078219984, 0.00857997270891, 1.08121185871
5.68, 1.03344058739, -9.32015137199, 0.00279328999656, 1.05097136723
5.69, 1.03342009751, -9.30981856525, -0.00380304265699, 1.02158060987
5.7, 1.03338640843, -9.29977549744, -0.000230198417206, 0.993000052054
5.71, 1.03342359285, -9.29001416876, 0.00762819174813, 0.965211958004
5.72, 1.03349736431, -9.28052667402, 0.00655434291619, 0.938210050433
5.73, 1.03351047148, -9.27130524728, -0.00188969738797, 0.911973716807
5.74, 1.03346499395, -9.26234242849, -0.00372974557251, 0.886465788131
5.75, 1.03346082409, -9.25363109492, 0.00418789829627, 0.861658164639
5.76, 1.0335296411, -9.24516426262, 0.0086737935174, 0.837546644089
5.77, 1.03358034594, -9.23693500161, 0.00204819403981, 0.814122149445
5.78, 1.0335498611, -9.22893658387, -0.00482286169708, 0.791356460887
5.79, 1.03350973601, -9.22116261666, -0.000463513322373, 0.769214207235
5.8, 1.03354851196, -9.21360693301, 0.00796577649426, 0.747684469055
5.81, 1.03362318496, -9.20626339352, 0.00630272025195, 0.726767117666
5.82, 1.03362898522, -9.19912594875, -0.00290063354768, 0.706445698448
5.83, 1.03357431955, -9.19218882073, -0.00438014205297, 0.686686002022
5.84, 1.03356887854, -9.18544652953, 0.00445278562423, 0.66746491446
5.85, 1.03364118993, -9.17889367322, 0.00889612221768, 0.648784708468
5.86, 1.03368909313, -9.17252485015, 0.00133923394589, 0.630640725608
5.87, 1.03365685245, -9.16633483486, -0.0025254549518, 0.612966223023
5.88, 1.0336148039, -9.16031869267, -0.00170603268403, 0.595853610234
5.89, 1.03363680427, -9.15447165065, 0.00637157303408, 0.579173293242
5.9, 1.03370526482, -9.14878897276, 0.00663382881138, 0.562967125765
5.91, 1.03372201107, -9.14326595612, -0.00156665455529, 0.547225371941
5.92, 1.03367334738, -9.13789810031, -0.0046617820441, 0.531920618291
5.93, 1.03365478218, -9.13268116756, 0.0026026418572, 0.517030338802
5.94, 1.03371260309, -9.12761100258, 0.00817257767803, 0.502556721505
5.95, 1.03376511412, -9.12268342035, 0.00259955383014, 0.488500232113
5.96, 1.03373753176, -9.11789433984, -0.00499619136476, 0.47484244851
5.97, 1.03368785715, -9.11323993344, -0.0019330064379, 0.46155460905
5.98, 1.03371198555, -9.10871655121, 0.00681898417605, 0.448629707626
5.99, 1.0337832079, -9.10432051284, 0.00661008671021, 0.436075116389
6.0, 1.03379476131, -9.10004814122, -0.00241133235048, 0.42388348685
6.01, 1.0337377669, -9.0958959455, -0.00528726951918, 0.412028511762
6.02, 1.03371809066, -9.09186067906, 0.002905198973, 0.400490409203
6.03, 1.03378059116, -9.08793913707, 0.00857931461549, 0.389276087184
6.04, 1.03383251644, -9.08412804701, 0.00210821776792, 0.378388902473
6.05, 1.0337967891, -9.080424222, -0.00588469502803, 0.367811620604
6.06, 1.03374189203, -9.0768247188, -0.00203113006144, 0.357516498477
6.07, 1.0337696001, -9.07332674498, 0.00740528716335, 0.347500590338
6.08, 1.03384449475, -9.06992743623, 0.00662901008269, 0.337774961636
6.09, 1.03385087104, -9.06662390729, -0.00327090592579, 0.32833386948
6.1, 1.03379949148, -9.06341346706, -0.00507714480223, 0.319149921835
6.11, 1.03377039485, -9.06029360034, 0.00131416769218, 0.310211905017
6.12, 1.03381893059, -9.05726184784, 0.00775091106984, 0.301522027254
6.13, 1.03387397974, -9.05431567741, 0.00326171524542, 0.293086990889
6.14, 1.03385161582, -9.05145259517, -0.00484363792305, 0.284895032331
6.15, 1.03379609562, -9.04867030645, -0.00304848959372, 0.276921571958
6.16, 1.03380800136, -9.0459666712, 0.00580289991119, 0.269160806028
6.17, 1.03387622648, -9.04333949158, 0.00693258086892, 0.261624419477
6.18, 1.03389450687, -9.04078651655, -0.00172982370722, 0.254311256181
6.19, 1.03383823574, -9.0383056228, -0.00583475716324, 0.247200478938
6.2, 1.03380744773, -9.03589489871, 0.00158401318697, 0.240273653008
6.21, 1.03386107171, -9.03355246261, 0.00826354305936, 0.233539513615
6.22, 1.03391705058, -9.03127632553, 0.00292976096077, 0.22700671485
6.23, 1.0338875827, -9.02906452706, -0.00569121870481, 0.220663836164
6.24, 1.03382661913, -9.02691530622, -0.00319883673576, 0.214486159545
6.25, 1.03384195238, -9.02482704248, 0.00642717507405, 0.208470684605
6.26, 1.03391501259, -9.02279802543, 0.00711534257478, 0.202632065316
6.27, 1.03392965105, -9.0208264744, -0.00247565168828, 0.196970015192
6.28, 1.03387739507, -9.01891074947, -0.00479345113065, 0.191460821123
6.29, 1.0338425129, -9.01704937959, 0.000316963518238, 0.186095803207
6.3, 1.03388155067, -9.0152409193, 0.00708008527647, 0.180877162157
6.31, 1.03393628567, -9.01348383544, 0.00372898498386, 0.175815203063
6.32, 1.03392028016, -9.01177659068, -0.0043172822282, 0.170902826593
6.33, 1.03386409538, -9.01011780516, -0.00365268360368, 0.166119017098
6.34, 1.03386624067, -9.0085062382, 0.00476222982236, 0.161458006423
6.35, 1.03392887425, -9.00694058568, 0.006907582013, 0.1569330071
6.36, 1.03395232388, -9.00541945934, -0.000961272323687, 0.152546825828
6.37, 1.03390069256, -9.00394155603, -0.0058230418798, 0.148282996016
6.38, 1.03386346811, -9.00250575688, 0.000536114769718, 0.144124249978
6.39, 1.03390752744, -9.00111097283, 0.00763763737344, 0.140079045118
6.4, 1.03396424907, -8.99975599278, 0.00353375133379, 0.13615888195
6.41, 1.03394227023, -8.99843959641, -0.00509528236579, 0.132356559656
6.42, 1.03388063884, -8.99716072634, -0.00385112720198, 0.128650312402
6.43, 1.0338857342, -8.99591845828, 0.00536517187822, 0.125036265305
6.44, 1.03395370437, -8.9947117792, 0.00719689763625, 0.121530134573
6.45, 1.03397481285, -8.99353957864, -0.00158671570749, 0.118135220327
6.46, 1.03391587082, -8.99240083487, -0.0064332981438, 0.114834120707
6.47, 1.0338775382, -8.99129471519, 0.000869007854323, 0.11160977453
6.48, 1.03392770116, -8.99022039841, 0.00827897155007, 0.108473495758
6.49, 1.03398668198, -8.98917691946, 0.00332034679208, 0.105438126212
6.5, 1.03395834759, -8.988163302, -0.00590668405596, 0.102496000766
