timestamp, prius1 x posi, prius1 y posi, prius1 x vel, prius1 y vel.
0.0, 0.0, 0.0, 0.0, 0.0
0.01, -25.042198018, -0.999976608068, 0.114446510449, -0.00679837116983
0.02, -25.0410112166, -1.00001959174, 0.12758499851, 0.00039275885498
0.03, -25.0396924335, -0.999973291768, 0.140900014734, 0.00802152964517
0.04, -25.0382353706, -0.999915735705, 0.155120407582, 0.00325153030863
0.05, -25.0366360044, -0.999945507088, 0.169448341243, -0.00614032235723
0.06, -25.0348930087, -1.00001644737, 0.183896327999, -0.00447933513691
0.0700000000001, -25.033004071, -1.0000124191, 0.198588809412, 0.00564897557577
0.08, -25.0309644545, -0.999941339733, 0.214025540054, 0.00734457787102
0.09, -25.0287666413, -0.999924233724, 0.230204430117, -0.00241935308354
0.1, -25.0264065433, -0.999993887702, 0.246498078883, -0.00746495027845
0.11, -25.0238795351, -1.00003804351, 0.263542161758, 0.000757685739378
0.12, -25.0211812423, -0.999990134204, 0.28073137317, 0.00389362305687
0.13, -25.0183105092, -0.999939083747, 0.298027419605, 0.00382535434571
0.14, -25.01526567, -0.999956953063, 0.315485660142, -0.00484315710992
0.15, -25.0120435646, -1.000023019, 0.333543500836, -0.00487859482683
0.16, -25.008640162, -1.00003198055, 0.351720409971, 0.00394646235575
0.17, -25.005054589, -0.999972634598, 0.369977740797, 0.00694855072251
0.18, -25.0012833125, -0.999948564114, 0.388865142024, -0.00104925153442
0.19, -24.9973225401, -1.00000622713, 0.407846972255, -0.00682725918379
0.2, -24.9931716238, -1.00005575654, 0.426891880668, -0.000654407499381
0.21, -24.9888260735, -1.00001942339, 0.446662954337, 0.00730991129471
0.22, -24.9842830941, -0.999962571911, 0.466428459392, 0.00367959497843
0.23, -24.9795396671, -0.999986502041, 0.486770167149, -0.00567711664298
0.24, -24.974592556, -1.00005896688, 0.507153145492, -0.00518450280599
0.25, -24.9694386291, -1.00006575536, 0.528127579353, 0.00450876438135
0.26, -24.9640743895, -1.00000115433, 0.549164260909, 0.00724250189327
0.27, -24.9585003622, -0.999979678378, 0.570143004751, -0.00173588449704
0.28, -24.9527134868, -1.00004570622, 0.591707651805, -0.00756804536753
0.29, -24.9467110293, -1.00009765616, 0.613265942387, -0.000437660022539
0.3, -24.9404930703, -1.00005602108, 0.634811799926, 0.00790127461432
0.31, -24.9340591547, -0.999997339571, 0.656398489328, 0.00341565764308
0.32, -24.9274072902, -1.00002854193, 0.678465950375, -0.00661515423052
0.33, -24.9205345845, -1.00010781609, 0.700540998024, -0.00547652592442
0.34, -24.9134412662, -1.00011199713, 0.722591761966, 0.00511530727957
0.35, -24.9061275006, -1.00004209672, 0.745022444074, 0.00749799242593
0.36, -24.898583705, -1.0000239964, 0.768173404373, -0.00252044915427
0.37, -24.8908086544, -1.0000870227, 0.791272416784, -0.00667408795025
0.38, -24.8827989736, -1.00014493759, 0.814988227829, -0.00187667629007
0.39, -24.8745506899, -1.00011872546, 0.839102518041, 0.00671447528696
0.4, -24.8660608408, -1.00006081737, 0.863220318336, 0.00426750509179
0.41, -24.8573308218, -1.00007883178, 0.887195351088, -0.00535147499438
0.42, -24.8483578327, -1.00015531202, 0.911731651477, -0.00616729979706
0.43, -24.8391405742, -1.0001745158, 0.936120215819, 0.00334458869093
0.44, -24.8296793376, -1.00011507211, 0.960472859639, 0.00734819789576
0.45, -24.8199739782, -1.00008787256, 0.985111460515, -0.00104007180016
0.46, -24.8100213785, -1.00015212861, 1.00979828939, -0.00798566195885
0.47, -24.7998225334, -1.00021476254, 1.03437498331, -0.00182297785373
0.48, -24.7893777216, -1.00018396817, 1.05892607925, 0.00731092890694
0.49, -24.7786830509, -1.00012366362, 1.08442699022, 0.00406722876732
0.5, -24.7677334239, -1.00014893433, 1.10986815241, -0.0063582335756
0.51, -24.7565299664, -1.00021878165, 1.13519272379, -0.00654027176747
0.52, -24.745071143, -1.0002512593, 1.16095474469, 0.00159019626509
0.53, -24.7333551134, -1.00020405859, 1.18661697825, 0.00690864452158
0.54, -24.7213832585, -1.00017003148, 1.21213481584, 0.000337931354331
0.55, -24.7091528034, -1.00022218865, 1.23821194224, -0.00734833203051
0.56, -24.6966595509, -1.00029050371, 1.26471088158, -0.00329396614578
0.57, -24.6839026893, -1.00027685167, 1.29100699733, 0.00586906404128
0.58, -24.6708836375, -1.00021952397, 1.31715504959, 0.00478373978304
0.59, -24.6575965985, -1.00023132409, 1.34444036043, -0.00494919161849
0.6, -24.6440381759, -1.00031139837, 1.37150506729, -0.00717786205106
0.61, -24.6302099445, -1.00034447499, 1.39840790977, 0.00195337653561
0.62, -24.6161086789, -1.00029245437, 1.42619641736, 0.00727595084143
0.63, -24.6017304685, -1.00025996472, 1.45380147701, -0.000277232580966
0.64, -24.5870762797, -1.00032119843, 1.48131337366, -0.00828437810562
0.65, -24.5721475824, -1.00039459101, 1.50867778011, -0.00334115348498
0.66, -24.5569428405, -1.00037692054, 1.53647878145, 0.00646775639153
0.67, -24.5414589494, -1.0003164126, 1.56458889038, 0.00470184361736
0.68, -24.5256943719, -1.00033466142, 1.59256325992, -0.00593575574864
0.69, -24.5096476843, -1.00040938392, 1.62096034409, -0.00696588701942
0.7, -24.4933189683, -1.00045202249, 1.64907263944, 0.000323243341416
0.71, -24.4767111663, -1.00041472316, 1.67687206874, 0.0063447108477
0.72, -24.4598247625, -1.00038015819, 1.70465302293, 0.000781195710591
0.73, -24.4426593545, -1.00042862401, 1.73274267378, -0.00727710005751
0.74, -24.4252133115, -1.00050282789, 1.76071495549, -0.00438245504474
0.75, -24.4074885365, -1.00050152848, 1.78849728965, 0.00477292584838
0.76, -24.3894819099, -1.00044898151, 1.81715402563, 0.00485804752962
0.77, -24.3711889378, -1.0004565157, 1.84569096919, -0.0044779816592
0.78, -24.3526113291, -1.00053698699, 1.87405286829, -0.00776311190879
0.79, -24.3337463663, -1.00058126634, 1.90324478413, 0.000602161086454
0.8, -24.3145899689, -1.00053935615, 1.93228718416, 0.00674579365817
0.81, -24.2951438462, -1.0005056411, 1.96114993148, 0.000238734480428
0.82, -24.2754101984, -1.00056298792, 1.98979452059, -0.00825054743653
0.83, -24.2553890343, -1.00064313242, 2.01872651197, -0.00453577019445
0.84, -24.2350799407, -1.00063853104, 2.0474145902, 0.0053462237629
0.85, -24.2144845505, -1.00058245717, 2.07594553774, 0.00484851946424
0.86, -24.1936028998, -1.00059585838, 2.10473284585, -0.00544619888023
0.87, -24.1724317965, -1.00068563168, 2.13386401808, -0.00843101860366
0.88, -24.1509687312, -1.00073041001, 2.16296639634, 0.00103105121825
0.89, -24.1292140527, -1.00068269611, 2.19229813584, 0.00720859779199
0.9, -24.1071659143, -1.00065013227, 2.22153255358, -0.000397191871496
0.91, -24.0848267715, -1.00070903875, 2.25051560999, -0.00586996559576
0.92, -24.0621994047, -1.00079122489, 2.27922735393, -0.00579957042129
0.93, -24.0392806233, -1.00080298801, 2.30882412244, 0.00384952289419
0.94, -24.0160665603, -1.00075163113, 2.33824511134, 0.00534098093841
0.95, -23.992559469, -1.00075286555, 2.36743329728, -0.00404189156389
0.96, -23.9687561769, -1.0008367325, 2.39750383492, -0.00878296066432
0.97, -23.9446543133, -1.00089540883, 2.42721768264, -0.000872376958187
0.98, -23.9202551363, -1.00086180056, 2.45686564346, 0.00659664237411
0.99, -23.8955601431, -1.00082313576, 2.4863285795, 0.00100156691729
1.0, -23.8705695687, -1.00087725946, 2.51605253896, -0.00853316846983
1.01, -23.8452825441, -1.00096832262, 2.54558460684, -0.00610538802517
1.02, -23.8197016944, -1.000977698, 2.5748545473, 0.00440122843836
1.03, -23.7938264931, -1.00092228916, 2.60446049282, 0.00542069083976
1.04, -23.7676561742, -1.00092867868, 2.63385795812, -0.00497685772671
1.05, -23.7411924519, -1.0010080575, 2.66308326402, -0.00875917077962
1.06, -23.714433563, -1.00107834161, 2.69304726986, -0.00266487710839
1.07, -23.6873749644, -1.00105966033, 2.72291462701, 0.00576490693068
1.08, -23.6600190741, -1.00101725298, 2.75274211374, 0.00222632515078
1.09, -23.6323630289, -1.00105815692, 2.7827029959, -0.00760216888798
1.1, -23.6044058846, -1.00115192717, 2.81297457871, -0.00737819460026
1.11, -23.5761471929, -1.00117909985, 2.84301029198, 0.00268094226202
1.12, -23.5475890271, -1.00113036321, 2.87283754026, 0.00579465260808
1.13, -23.5187302837, -1.0011243626, 2.90332277887, -0.00345227825906
1.14, -23.4895685856, -1.00121060582, 2.9332297273, -0.00978841951326
1.15, -23.4601066034, -1.00128489201, 2.96341824994, -0.00255595261922
1.16, -23.4303432031, -1.00126153513, 2.99344088093, 0.00631617748503
1.17, -23.4002787368, -1.00121780147, 3.02370747353, 0.00188616766685
1.18, -23.369912038, -1.00126712188, 3.05380605034, -0.00868216410784
1.19, -23.3392462051, -1.00135425286, 3.08359887172, -0.00771144761274
1.2, -23.3082809723, -1.00139431244, 3.11370360574, 0.000938693369569
1.21, -23.2770140654, -1.00135829958, 3.14402511457, 0.0052575552182
1.22, -23.2454436307, -1.00134666293, 3.17426360188, -0.00218900564866
1.23, -23.2135718008, -1.00142138687, 3.20427702255, -0.00915487239542
1.24, -23.1813992307, -1.00150092719, 3.23451108965, -0.00396930348788
1.25, -23.1489251054, -1.00149455891, 3.26455064293, 0.00483382578878
1.26, -23.1161502619, -1.00145483858, 3.29476727309, 0.00246336289052
1.27, -23.0830694325, -1.00149180899, 3.3255207459, -0.00733949415526
1.28, -23.0496858893, -1.00158913729, 3.35551729687, -0.00829016970384
1.29, -23.0160005948, -1.00162913251, 3.38571044258, 0.00134196091978
1.3, -22.9820126651, -1.00158867161, 3.41612579707, 0.00552168178263
1.31, -22.947721415, -1.0015798906, 3.44632741576, -0.00293013019729
1.32, -22.9131297734, -1.00166425739, 3.47623677585, -0.0100835794319
1.33, -22.8782365066, -1.00174825271, 3.50654930187, -0.00393925757145
1.34, -22.8430397086, -1.00173758567, 3.53705676615, 0.00540046518084
1.35, -22.8075389849, -1.00169573899, 3.56731974591, 0.00223730118744
1.36, -22.7717364081, -1.00174025966, 3.59737169772, -0.0083808317898
1.37, -22.735629845, -1.00183132995, 3.62819623529, -0.00871372559233
1.38, -22.6992159307, -1.00188511141, 3.65880430635, -0.000459785474308
1.39, -22.6624969316, -1.00185726941, 3.68917950057, 0.0050523648239
1.4, -22.6254761366, -1.00184193674, 3.71944065386, -0.00158288051479
1.41, -22.5881505846, -1.00191454193, 3.74984881908, -0.00948516436069
1.42, -22.5505227976, -1.00200469763, 3.77993891648, -0.00546492003755
1.43, -22.5125928929, -1.00201168272, 3.81029132985, 0.00391348900193
1.44, -22.4743580258, -1.00197312229, 3.8409258901, 0.00293004024689
1.45, -22.4358175783, -1.00200437169, 3.87134505139, -0.00699567555667
1.46, -22.3969743563, -1.00210611498, 3.90148538887, -0.00940408139886
1.47, -22.3578330482, -1.00216103004, 3.93136255153, -0.000148519122302
1.48, -22.318386995, -1.00212870856, 3.96205396876, 0.00539728844399
1.49, -22.2786356026, -1.00211504093, 3.99245130267, -0.00221115345143
1.5, -22.2385810835, -1.00219703046, 4.02262447181, -0.0104701776879
1.51, -22.1982249363, -1.00229274612, 4.05292037569, -0.00555396957998
1.52, -22.1575658136, -1.00229600322, 4.08309439794, 0.00448867310928
1.53, -22.1166062429, -1.00225458359, 4.11300521563, 0.0028066529744
1.54, -22.0753468715, -1.00229270635, 4.14312451808, -0.00802194104049
1.55, -22.0337876876, -1.00238931791, 4.17294828637, -0.00920475644545
1.56, -21.991934284, -1.00245388111, 4.20197238166, -0.00178999753381
1.57, -21.9497948306, -1.00243651334, 4.23018543408, 0.00443053309379
1.58, -21.9073773258, -1.00242117893, 4.25760624691, -0.00119586335065
1.59, -21.8646895444, -1.00249068495, 4.28425959606, -0.00948048082292
1.6, -21.8217390458, -1.00258729358, 4.31017044528, -0.00660446012126
1.61, -21.7785331778, -1.00260702218, 4.33535802907, 0.00277884472059
1.62, -21.7350790872, -1.00257357668, 4.35983833971, 0.00296690725877
1.63, -21.6913837152, -1.00260092275, 4.38363187655, -0.00656795204392
1.64, -21.6474538083, -1.0027034125, 4.40676157178, -0.0100242951186
1.65, -21.6032959258, -1.00276969611, 4.42924750721, -0.00151016358046
1.66, -21.5589164464, -1.00274749408, 4.45110338551, 0.00486061809154
1.67, -21.5143215707, -1.00273263643, 4.47234476703, -0.00170809289985
1.68, -21.4695173195, -1.00281078261, 4.492991801, -0.010444044889
1.69, -21.4245095485, -1.00291321006, 4.51306467598, -0.00674610216486
1.7, -21.3793039496, -1.00292933412, 4.53257748695, 0.00339138045078
1.71, -21.3339060611, -1.00289185117, 4.55154139586, 0.00300571370024
1.72, -21.2883212589, -1.00292450836, 4.56997283362, -0.00747872640851
1.73, -21.2425547688, -1.0030216454, 4.58789072049, -0.0098601537865
1.74, -21.1966116721, -1.00309788662, 4.60531010593, -0.00315545043105
1.75, -21.15049691, -1.00308984102, 4.62224188941, 0.00403636425368
1.76, -21.1042152871, -1.00307156965, 4.63869705851, -0.000525845163387
1.77, -21.0577714669, -1.0031362665, 4.65469128044, -0.00942647717006
1.78, -21.0111699848, -1.00323979969, 4.67024096051, -0.0078299325479
1.79, -20.9644152499, -1.00327219743, 4.68535759778, 0.00176078063265
1.8, -20.9175115531, -1.00324128089, 4.70004888156, 0.00333701202929
1.81, -20.8704630597, -1.00326176452, 4.7143269601, -0.00593196997713
1.82, -20.8232738165, -1.00336444288, 4.72820702434, -0.0106989056988
1.83, -20.775947759, -1.00344276754, 4.74170220204, -0.00289142576986
1.84, -20.7284887161, -1.00342931886, 4.75481926603, 0.00458986470153
1.85, -20.6809004107, -1.00340993101, 4.76756618183, -0.000876550256578
1.86, -20.6331864538, -1.00348231697, 4.77995603844, -0.0103610367002
1.87, -20.5853503582, -1.00359202052, 4.79200252419, -0.00803099149402
1.88, -20.5373955396, -1.00362099128, 4.80371391391, 0.00241524523325
1.89, -20.4893253239, -1.00358486715, 4.81509481223, 0.00353837641445
1.9, -20.4411429371, -1.00360925125, 4.82615508613, -0.00674679800495
1.91, -20.3928515125, -1.00370659345, 4.83690765576, -0.0105930351819
1.92, -20.3444541, -1.00379545387, 4.84736224448, -0.00455946267078
1.93, -20.2959536664, -1.00379558789, 4.85752439793, 0.0038889369534
1.94, -20.2473530976, -1.00377131608, 4.86739916977, 0.000442687163364
1.95, -20.1986551893, -1.00382964856, 4.87699676189, -0.00935067105254
1.96, -20.1498626616, -1.00394101128, 4.8863285148, -0.00917432229121
1.97, -20.1009781613, -1.00398621244, 4.89540152933, 0.000861570097358
1.98, -20.052004267, -1.00395513712, 4.90421824441, 0.00406065688893
1.99, -20.0029434788, -1.00396580903, 4.91278582888, -0.00510114686612
2.0, -19.953798223, -1.00406040828, 4.9211111952, -0.00812408713398
2.01, -19.9045708623, -1.00414822601, 4.92921372387, -0.00548736795475
2.02, -19.8552636932, -1.00416257515, 4.93708645321, 0.00246978386068
2.03, -19.8058789519, -1.00414355722, 4.94473632825, 0.000823417604427
2.04, -19.7564188058, -1.00419003631, 4.95217106806, -0.00786938919424
2.05, -19.7068853609, -1.0042929345, 4.95939979573, -0.00915739583543
2.06, -19.6572806672, -1.00434833696, 4.96642852171, -0.00074621314719
2.07, -19.6076067214, -1.0043303386, 4.97325930387, 0.00339494750725
2.08, -19.557865462, -1.00433607827, 4.97989622684, -0.0037946984421
2.09, -19.5080587678, -1.00442477118, 4.98634796266, -0.0104488739477
2.1, -19.4581884682, -1.00451740522, 4.99262233327, -0.005388000362
2.11, -19.4082563431, -1.00452689623, 4.99872168997, 0.00310579652021
2.12, -19.3582641267, -1.00450439974, 5.00464720161, 0.000792941263607
2.13, -19.308213496, -1.00455595279, 5.01040613872, -0.00864904406769
2.14, -19.2581060826, -1.00466527133, 5.01600617385, -0.0095031019924
2.15, -19.2079434741, -1.00471871266, 5.02145204499, -0.000169141007183
2.16, -19.1577272186, -1.00469448851, 5.0267435578, 0.00384210347242
2.17, -19.1074588177, -1.00470105182, 5.03188436991, -0.00432287687079
2.18, -19.0571397254, -1.00479726464, 5.03688207155, -0.0111762873412
2.19, -19.0067713582, -1.00489246443, 5.04174335812, -0.00518086482308
2.2, -18.9563550965, -1.00489597853, 5.04646858159, 0.00383488808272
2.21, -18.9058922845, -1.00486961343, 5.05105890177, 0.000751128873959
2.22, -18.8553842206, -1.00492667116, 5.05551911316, -0.00947533588434
2.23, -18.8048321679, -1.0050424622, 5.05985770279, -0.00980617130556
2.24, -18.7542373566, -1.00509311638, 5.06407729879, 0.000508348655163
2.25, -18.7036009871, -1.00507514411, 5.0681765018, 0.00313225898967
2.26, -18.6529242223, -1.00507618793, 5.07215876999, -0.00303032784469
2.27, -18.6022081887, -1.00515968724, 5.07602982362, -0.010342849292
2.28, -18.5514539829, -1.00525759494, 5.07979562678, -0.00632866192656
2.29, -18.5006626737, -1.00527599352, 5.083456927, 0.00250175647312
2.3, -18.4498353034, -1.00525277652, 5.08701268569, 0.00138696442952
2.31, -18.3989728778, -1.00529651246, 5.09046768326, -0.00797951155852
2.32, -18.3480763745, -1.00540529219, 5.09382836823, -0.0100155338704
2.33, -18.2971467462, -1.00546778991, 5.09709725776, -0.00115295193284
2.34, -18.2461849236, -1.00544835234, 5.10027329329, 0.00391918915913
2.35, -18.1951918082, -1.00544840765, 5.10335807285, -0.00340764513194
2.36, -18.1441682712, -1.00553859654, 5.10635622597, -0.0110490140218
2.37, -18.0931151611, -1.0056394076, 5.10927418402, -0.00617593603301
2.38, -18.0420333072, -1.00565195084, 5.11211136791, 0.00327066376373
2.39, -17.990923519, -1.00562387661, 5.11486552963, 0.00147625346939
2.4, -17.9397865743, -1.0056720907, 5.11754165353, -0.00874825378915
2.41, -17.8886232304, -1.00578752659, 5.12014492679, -0.0103892853507
2.42, -17.8374342244, -1.0058479498, 5.12267799107, -0.000518999607087
2.43, -17.7862202782, -1.00583445693, 5.12513859994, 0.00329734628773
2.44, -17.7349820908, -1.00582787832, 5.12752828439, -0.00201435442658
2.45, -17.6837203367, -1.0059050288, 5.12985053054, -0.0102471608949
2.46, -17.6324356733, -1.00600932921, 5.13211071107, -0.00740992060433
2.47, -17.581128742, -1.00603708845, 5.13430901268, 0.00196474093063
2.48, -17.5298001708, -1.00601122564, 5.13644306363, 0.0022388756936
2.49, -17.4784505631, -1.00604519314, 5.13851555191, -0.00721362868828
2.5, -17.4270805041, -1.00615402207, 5.14053171645, -0.0106886610873
2.51, -17.3756905647, -1.00622714845, 5.14249461269, -0.00222785129538
2.52, -17.3242813046, -1.00621188847, 5.14440110462, 0.00417723061504
2.53, -17.2728532665, -1.00620318216, 5.14625106454, -0.00229141748737
2.54, -17.2214069705, -1.00628678684, 5.14805027245, -0.0109998352301
2.55, -17.1699429261, -1.00639495441, 5.14980182398, -0.0073606194364
2.56, -17.1184616308, -1.00641728442, 5.15150514629, 0.00276000734642
2.57, -17.0669635729, -1.00639995305, 5.15315809568, 0.00203476395856
2.58, -17.015449219, -1.00642546279, 5.15476372121, -0.00578903752219
2.59, -16.9639190225, -1.00652268054, 5.15632491155, -0.0101311517193
2.6, -16.9123734241, -1.00660129183, 5.15784567725, -0.00356448332322
2.61, -16.8608128562, -1.0066003948, 5.1593238516, 0.00309011199992
2.62, -16.8092377422, -1.00659160116, 5.16075690735, -0.00136317221639
2.63, -16.7576484838, -1.00666113738, 5.16215029306, -0.00963575341323
2.64, -16.7060454761, -1.00676518086, 5.16350645414, -0.00789934827073
2.65, -16.6544291028, -1.00680093563, 5.16482712819, 0.00114093812866
2.66, -16.6027997439, -1.006778389, 5.16610785128, 0.00242203634206
2.67, -16.5511577604, -1.00680570115, 5.16735010254, -0.00635282698761
2.68, -16.4995035013, -1.00690928482, 5.16856054023, -0.0106241139282
2.69, -16.4478373107, -1.0069878164, 5.16973889989, -0.003126965298
2.7, -16.3961595242, -1.00698013897, 5.17088350865, 0.00376675654717
2.71, -16.344470469, -1.00696889633, 5.17199439277, -0.00156029502483
2.72, -16.2927704571, -1.00704435676, 5.17307288226, -0.0103778070738
2.73, -16.2410597928, -1.00715278679, 5.17412344201, -0.00794163909966
2.74, -16.1893387739, -1.00718397229, 5.17514737397, 0.00188025231106
2.75, -16.1376076957, -1.00715545377, 5.17613982205, 0.00270863837473
2.76, -16.0858670046, -1.00718550999, 5.17706920917, -0.00702215855025
2.77, -16.0341173189, -1.00729624394, 5.17793858148, -0.0111559783385
2.78, -15.9823593613, -1.00737452827, 5.17872265455, -0.0026356940608
2.79, -15.9305938852, -1.00735960047, 5.1794485771, 0.00446465078252
2.8, -15.8788216557, -1.00734626322, 5.18007991411, -0.00183369183864
2.81, -15.8270433095, -1.00742849435, 5.18066442964, -0.0111904168598
2.82, -15.7752593743, -1.00752782722, 5.18119982966, -0.00852318973029
2.83, -15.7234705568, -1.00757175931, 5.1816504917, 0.00042715500233
2.84, -15.6716774569, -1.00755027729, 5.18205624294, 0.0028701736379
2.85, -15.6198807196, -1.00756927089, 5.18237978284, -0.00545132377457
2.86, -15.5680809798, -1.00766877624, 5.18265724024, -0.0107642153057
2.87, -15.5162787885, -1.0077543128, 5.18286701206, -0.00408648905857
2.88, -15.4644747528, -1.0077531021, 5.18303359475, 0.00358795083214
2.89, -15.4126691958, -1.0077368717, 5.18316670683, -0.000639961105147
2.9, -15.360862861, -1.00780403401, 5.18319077402, -0.00988532629254
2.91, -15.3090564741, -1.00791474926, 5.18317979424, -0.00871540706914
2.92, -15.2572504003, -1.0079551883, 5.18313456916, 0.00111244604863
2.93, -15.2054449606, -1.00792751017, 5.18305555998, 0.00323232539035
2.94, -15.1536406345, -1.00794846726, 5.18290961224, -0.00606902733902
2.95, -15.1018379045, -1.00805531814, 5.182734605, -0.0113730970912
2.96, -15.0500370864, -1.00814162388, 5.18253143695, -0.00368933620717
2.97, -14.9982386153, -1.00813811351, 5.18226398696, -0.000370688714229
2.98, -14.9464437237, -1.00812694729, 5.18182368284, 7.02251477192e-05
2.99, -14.894653901, -1.00818103901, 5.18124859896, -0.00849548648927
3.0, -14.8428724529, -1.00828608661, 5.18000975356, -0.00903990825439
3.01, -14.7911088008, -1.008338556, 5.17774509194, -0.000476858551155
3.02, -14.7393725003, -1.00832118789, 5.17467517371, 0.00299112694015
3.03, -14.6876715837, -1.0083335947, 5.17077092789, -0.00455410979165
3.04, -14.6360297595, -1.00842718335, 5.16313284809, -0.0106286351416
3.05, -14.5844632467, -1.0085177654, 5.15520718704, -0.00498892479024
3.06, -14.5329847361, -1.00852441721, 5.14582125993, 0.0031355020206
3.07, -14.4816111291, -1.00850573141, 5.13430011663, 0.000115169183239
3.08, -14.4303569848, -1.00856383371, 5.12191546027, -0.00913597056192
3.09, -14.3792322606, -1.00867337566, 5.10855709003, -0.00917369785012
3.1, -14.3282572296, -1.00872178454, 5.09145877287, 0.000280710463978
3.11, -14.277463299, -1.00869686381, 5.07291850047, 0.00352218925007
3.12, -14.2268585376, -1.00870930069, 5.05364831663, -0.00499938810954
3.13, -14.1764509595, -1.00880893497, 5.03359298457, -0.0111643115281
3.14, -14.1262521719, -1.00889963145, 5.01179926559, -0.0045255689503
3.15, -14.0762748733, -1.00889806541, 4.9893988035, 0.0040346551443
3.16, -14.0265238541, -1.00887415755, 4.96653188161, 0.000185573444898
3.17, -13.9770172574, -1.00893637479, 4.94083154916, -0.00979949802008
3.18, -13.927771917, -1.00903610812, 4.914032335, -0.00915637205999
3.19, -13.8787958342, -1.00909323777, 4.88697306266, -0.00101670227667
3.2, -13.8300934709, -1.00907643195, 4.85946808394, 0.00342846171165
3.21, -13.7816709104, -1.0090791892, 4.83090182329, -0.00337268405649
3.22, -13.733539794, -1.00916375855, 4.80121041608, -0.0101737571981
3.23, -13.6857067407, -1.00925572271, 4.77133378896, -0.0055124794991
3.24, -13.6381806164, -1.0092665142, 4.73975366437, 0.00302217995512
3.25, -13.5909721336, -1.00924201764, 4.7079617348, 0.00119823905126
3.26, -13.5440814457, -1.0092877321, 4.67617084355, -0.00806166720165
3.27, -13.497514308, -1.00939286931, 4.64301092859, -0.00931781238385
3.28, -13.4512814247, -1.00944621828, 4.60960942547, -0.000262610639482
3.29, -13.4053807591, -1.00942106587, 4.57623000894, 0.00412356143172
3.3, -13.3598146174, -1.00942172925, 4.54307370079, -0.00358510360491
3.31, -13.3145870215, -1.00951068256, 4.50857605488, -0.0106070636894
3.32, -13.2697028879, -1.00960267513, 4.47432147806, -0.00508275616795
3.33, -13.2251602724, -1.00960517945, 4.44027133753, 0.00400431126799
3.34, -13.1809607138, -1.00958765761, 4.40539396251, 0.00170827340302
3.35, -13.1371125934, -1.00962003539, 4.37031423122, -0.00639028103721
3.36, -13.0936173221, -1.00971378219, 4.33482091517, -0.00892313194292
3.37, -13.0504757865, -1.00977314804, 4.29959002963, -0.00146045361238
3.38, -13.0076889891, -1.00975782674, 4.26393029764, 0.00369845775487
3.39, -12.9652567151, -1.00975180479, 4.22861962531, -0.00212209933065
3.4, -12.9231761748, -1.00982449238, 4.19358634317, -0.009275999629
3.41, -12.8814437993, -1.00991373393, 4.1585183753, -0.0057236822996
3.42, -12.8400684333, -1.00992793066, 4.12270065536, 0.0028290386485
3.43, -12.7990498481, -1.00989914484, 4.08718310656, 0.00216897710956
3.44, -12.758390101, -1.00993177195, 4.05085392291, -0.00672250113255
3.45, -12.7180921317, -1.01002851395, 4.01486746257, -0.00901183013225
3.46, -12.6781522597, -1.0100837991, 3.9792559905, -0.000664168188241
3.47, -12.6385666432, -1.01005915302, 3.94402323254, 0.00454975668835
3.48, -12.5993359568, -1.0100491349, 3.90819752883, -0.00213593492899
3.49, -12.5604616591, -1.01012488952, 3.87280104759, -0.0096424028943
3.5, -12.5219380416, -1.01021417295, 3.83798259103, -0.00532058105761
3.51, -12.4837636844, -1.01022005493, 3.80284554174, 0.0038546386994
3.52, -12.4459388034, -1.01018351123, 3.76823698555, 0.00257972564706
3.53, -12.4084562921, -1.01021724395, 3.73434881852, -0.00715489300575
3.54, -12.3713080546, -1.01031759597, 3.70136230118, -0.00911164536532
3.55, -12.3344854928, -1.01036840478, 3.66919570945, 0.000196525739736
3.56, -12.2979801237, -1.01034411219, 3.6378968938, 0.00317547460745
3.57, -12.261783418, -1.01033094312, 3.60743806051, -0.000916956294209
3.58, -12.2258872267, -1.01039125841, 3.57776624995, -0.00823709919285
3.59, -12.1902836515, -1.0104759774, 3.54889146954, -0.00574567029923
3.6, -12.1549646912, -1.01049266044, 3.52082340295, 0.00262312971483
3.61, -12.1199229427, -1.01046097, 3.4934347328, 0.00295336902476
3.62, -12.0851513371, -1.010481846, 3.4667581368, -0.00541867566769
3.63, -12.0506428342, -1.01056938296, 3.44079319076, -0.00854350024063
3.64, -12.0163905019, -1.01062544785, 3.41551202476, -0.00102606258722
3.65, -11.9823875225, -1.01060253447, 3.39089209306, 0.00474451555621
3.66, -11.9486275944, -1.01058464893, 3.36689942037, -0.0009421783293
3.67, -11.9151042965, -1.01064862257, 3.3435437679, -0.00869966253956
3.68, -11.881811548, -1.01073478913, 3.32075854928, -0.00549934875297
3.69, -11.8487436896, -1.01074464435, 3.29856313708, 0.00353593837166
3.7, -11.8158947833, -1.0107057748, 3.27695230451, 0.00334906843077
3.71, -11.7832590443, -1.01072791556, 3.25591026665, -0.00588552678469
3.72, -11.75083099, -1.01082006466, 3.23539416164, -0.00879225216413
3.73, -11.7186053598, -1.01087335084, 3.21541557154, -0.000326188267447
3.74, -11.6865769805, -1.01084188177, 3.19593006393, 0.0055254931333
3.75, -11.6547410819, -1.01082111177, 3.17691217891, -0.00110592127667
3.76, -11.6230927535, -1.01089009473, 3.15839454451, -0.00927561855165
3.77, -11.5916270812, -1.01097824133, 3.14036495054, -0.00525928958527
3.78, -11.560339435, -1.01098106007, 3.12277660551, 0.0044692524821
3.79, -11.529225532, -1.0109352445, 3.10560783498, 0.00367709762492
3.8, -11.4982810133, -1.01095970674, 3.08888327997, -0.00647129354044
3.81, -11.4675014744, -1.0110572513, 3.07259522139, -0.00907475432427
3.82, -11.436882806, -1.01110760175, 3.05669878936, 0.000417366992317
3.83, -11.4064210424, -1.0110802174, 3.04120839528, 0.00513562797782
3.84, -11.3761122617, -1.01105069488, 3.02608644594, 0.000471847210005
3.85, -11.3459528283, -1.01110541145, 3.01132198885, -0.00839104332966
3.86, -11.3159389898, -1.01119635122, 2.99696220858, -0.00641075043486
3.87, -11.2860670071, -1.011213104, 2.9829411421, 0.00333658250804
3.88, -11.2563334452, -1.01116757592, 2.96927263178, 0.00463185558616
3.89, -11.2267348101, -1.01117635175, 2.95593215206, -0.00483494013622
3.9, -11.1972679425, -1.01126671368, 2.94291685762, -0.00932956451948
3.91, -11.1679294883, -1.01132903926, 2.93023798264, -0.00117686206045
3.92, -11.1387165456, -1.01130312747, 2.91780815472, 0.00155029037489
3.93, -11.1096262646, -1.01127748727, 2.90569578785, 0.00125270293916
3.94, -11.0806554398, -1.01131828222, 2.89390872206, -0.0068837277703
3.95, -11.0518022196, -1.01140195339, 2.88216513932, -0.00654521934126
3.96, -11.0230661688, -1.011428942, 2.87049298509, 0.00190409780526
3.97, -10.9944464833, -1.01139277774, 2.85889865525, 0.00443956356679
3.98, -10.9659436006, -1.01139278398, 2.84696436067, -0.00329215844469
3.99, -10.9375618388, -1.01146917423, 2.83482556202, -0.0084647462405
4.0, -10.909303288, -1.01153426819, 2.82235229944, -0.00231315130501
4.01, -10.881169368, -1.01151744409, 2.80988191427, 0.00506947188361
4.02, -10.8531612592, -1.01148424977, 2.79712728318, 0.00130264758511
4.03, -10.8252810601, -1.01152883098, 2.78433010013, -0.00746656282491
4.04, -10.7975293044, -1.01161619528, 2.77147826526, -0.00658009675066
4.05, -10.76990608, -1.01163853297, 2.75862644937, 0.00268511067296
4.06, -10.7424130813, -1.01159509418, 2.74543147398, 0.00492700969656
4.07, -10.7150525322, -1.01159553329, 2.73218658036, -0.00374157305996
4.08, -10.6878251908, -1.01167764108, 2.71870012781, -0.00892989786129
4.09, -10.6607349545, -1.01174243376, 2.70482050487, -0.00184019973403
4.1, -10.6337835794, -1.01171797184, 2.69094617974, 0.00587365611088
4.11, -10.6069712684, -1.01168079684, 2.67703770971, 0.00126132733344
4.12, -10.5803025459, -1.01173008261, 2.66230453059, -0.00812360799327
4.13, -10.5537801454, -1.01182134598, 2.64767546254, -0.00658907248548
4.14, -10.5274039586, -1.01183846565, 2.63306471796, 0.00352781888651
4.15, -10.5011739048, -1.01178751332, 2.61845948301, 0.00539935124007
4.16, -10.4750934416, -1.01178892483, 2.60313371165, -0.00426125268628
4.17, -10.4491664977, -1.01186549719, 2.58779346661, -0.00778547269302
4.18, -10.4233926676, -1.0119330892, 2.57250098413, -0.00293845319592
4.19, -10.3977728722, -1.0119208329, 2.55693519528, 0.00497109494757
4.2, -10.3723093446, -1.01188207661, 2.54132214189, 0.00231640813608
4.21, -10.3470016137, -1.01191602271, 2.52576188905, -0.00662048688728
4.22, -10.3218492361, -1.01200145918, 2.51024793029, -0.00693326540831
4.23, -10.2968554035, -1.01203006485, 2.49404350573, 0.00208933330837
4.24, -10.2720237037, -1.01198681874, 2.47785535858, 0.00547353607236
4.25, -10.2473529207, -1.01197706209, 2.46180113832, -0.00256857355559
4.26, -10.2228452311, -1.01205169079, 2.44532286415, -0.00871012895392
4.27, -10.1985034253, -1.01212049868, 2.4285940203, -0.00257631028434
4.28, -10.1743285742, -1.01210109752, 2.41194908402, 0.0057901949911
4.29, -10.150320025, -1.01205761928, 2.39536920651, 0.00237257180099
4.3, -10.1264787689, -1.01209571349, 2.37851613277, -0.00727847457126
4.31, -10.1028064394, -1.01218572061, 2.36151527068, -0.0070454294178
4.32, -10.0793035569, -1.01220987428, 2.34464034384, 0.00290366890207
4.33, -10.0559709295, -1.01217155582, 2.32752716872, 0.00487958735595
4.34, -10.0328083442, -1.0121552697, 2.31058955583, -0.00117019533551
4.35, -10.0098144687, -1.01221580398, 2.2937862905, -0.00770817689503
4.36, -9.98699043519, -1.01228535709, 2.27658320637, -0.00351759068322
4.37, -9.96433756833, -1.01227901704, 2.25955516697, 0.00460952824942
4.38, -9.94185605476, -1.01223754919, 2.24237185813, 0.00310062578482
4.39, -9.9195452111, -1.01226126384, 2.22540172678, -0.0056503546509
4.4, -9.89740405431, -1.01234247602, 2.20840186562, -0.00704392872255
4.41, -9.87543191011, -1.01237639363, 2.19160061363, 0.00143296884757
4.42, -9.85362676438, -1.01233548079, 2.17501195148, 0.00574443275764
4.43, -9.83198853794, -1.01231721579, 2.15819700129, -0.00141571211232
4.44, -9.81051755419, -1.01238264208, 2.14157919154, -0.00820211845326
4.45, -9.78921152764, -1.01245303133, 2.12519298283, -0.00317865431762
4.46, -9.76807048951, -1.01243950903, 2.10857215191, 0.00547271524264
4.47, -9.74709560069, -1.01239235324, 2.09197591316, 0.00328587832933
4.48, -9.72628533271, -1.0124191359, 2.0756470356, -0.00623836657097
4.49, -9.70563671264, -1.01250497341, 2.05961811372, -0.00721370005804
4.5, -9.68514759451, -1.0125351472, 2.0436942761, 0.00219693732721
4.51, -9.66481655064, -1.01248606741, 2.02807369475, 0.00639288540656
4.52, -9.64463963174, -1.01246674746, 2.01285433573, -0.00176589835615
4.53, -9.62461294451, -1.0125380731, 1.99799247594, -0.00877164574624
4.54, -9.60473320677, -1.01260948498, 1.98347855939, -0.0028107613405
4.55, -9.58499667904, -1.01258829772, 1.96933988475, 0.00637977653814
4.56, -9.56539971094, -1.01254952307, 1.95555876167, 0.00366755557468
4.57, -9.54593893639, -1.01256418228, 1.9420917971, -0.00468124862322
4.58, -9.52661101141, -1.01263993673, 1.92897224958, -0.00696115405244
4.59, -9.50741259755, -1.01267778028, 1.91618469989, 0.000827646689015
4.6, -9.48834079948, -1.01264021247, 1.90364887269, 0.00581496119121
4.61, -9.46939267259, -1.01261554988, 1.89143320976, -0.000420610275198
4.62, -9.45056513549, -1.01267188947, 1.879521831, -0.0075801548822
4.63, -9.43185534645, -1.01274222209, 1.86787712197, -0.00363056753002
4.64, -9.41326062112, -1.0127344894, 1.85649766624, 0.0050342991066
4.65, -9.39477829372, -1.01268592845, 1.84539524891, 0.00394434164241
4.66, -9.37640553611, -1.01270296812, 1.83457022077, -0.00523089341575
4.67, -9.35813977941, -1.01278363235, 1.82398392206, -0.00720857595135
4.68, -9.33997854897, -1.01281874837, 1.8136604191, 0.00149600270213
4.69, -9.32191926827, -1.01277345333, 1.80359002158, 0.00647072998926
4.7, -9.3039598201, -1.01274727842, 1.79369300021, -0.000713275492259
4.71, -9.28609802848, -1.01280938816, 1.78404269293, -0.00818806580956
4.72, -9.26833150819, -1.01288169897, 1.77463131615, -0.00338688905256
4.73, -9.25065793611, -1.01286730784, 1.76544984029, 0.00588178341185
4.74, -9.23307519992, -1.01281310411, 1.75645775741, 0.00411945958775
4.75, -9.2155812884, -1.01283369807, 1.74767811089, -0.00590055858065
4.76, -9.19817407666, -1.0129200358, 1.73911048392, -0.00748525319131
4.77, -9.18085177792, -1.01295220668, 1.7306889123, 0.00221078161999
4.78, -9.16361271915, -1.01290914666, 1.72246303069, 0.00485578469453
4.79, -9.14645494495, -1.01288190467, 1.71442838664, 0.000321250754852
4.8, -9.12937665165, -1.01293005234, 1.70655482211, -0.00691050794899
4.81, -9.11237610309, -1.0129990695, 1.69887155828, -0.00395646305409
4.82, -9.09545147317, -1.01299722047, 1.69136932194, 0.00444801507262
4.83, -9.07860100697, -1.01294994156, 1.68403790181, 0.004288898406
4.84, -9.0618231286, -1.01295936289, 1.67684388533, -0.00430902776398
4.85, -9.04511635797, -1.01303410088, 1.66981346312, -0.00703991853043
4.86, -9.02847900713, -1.01307295688, 1.66295235099, 0.000817060894356
4.87, -9.01190962618, -1.01303295984, 1.65620323139, 0.00627349512141
4.88, -8.99540715982, -1.01300277551, 1.64958233855, 0.0001125139971
4.89, -8.97897007681, -1.01305617499, 1.64311569173, -0.00751130422117
4.9, -8.96259691618, -1.01312771571, 1.6367954857, -0.00380663662257
4.91, -8.94628665159, -1.01312006096, 1.63054504158, 0.00523915471863
4.92, -8.93003812344, -1.01306706039, 1.6244387022, 0.00451867714078
4.93, -8.91384995008, -1.01307937297, 1.61846733258, -0.00492902832733
4.94, -8.89772109674, -1.01315990202, 1.61256688601, -0.00738337026908
4.95, -8.88165060095, -1.01319680474, 1.60679646733, 0.00142954800529
4.96, -8.86563718086, -1.01314933576, 1.60115175392, 0.00692098771121
4.97, -8.84967962438, -1.01311775368, 1.59560936328, -0.000206579739598
4.98, -8.83377682266, -1.01317746934, 1.5902049302, -0.00819521308993
4.99, -8.81792758441, -1.0132517736, 1.58489068647, -0.00363297264376
5.0, -8.80213092839, -1.01323784261, 1.57969009117, 0.00607402553951
5.01, -8.78638590704, -1.01317916435, 1.57456404682, 0.00469709051915
5.02, -8.77069157517, -1.01319523399, 1.56954545522, -0.00564488425395
5.03, -8.75504688994, -1.01326826145, 1.56463198735, -0.00695179606739
5.04, -8.73945099478, -1.01331217278, 1.5597889079, 7.90167346814e-05
5.05, -8.72390308952, -1.01327659862, 1.5550242627, 0.00626183544287
5.06, -8.70840239848, -1.01324054451, 1.55034911793, 0.00106443652704
5.07, -8.6929479456, -1.01328552751, 1.54577029391, -0.00699071124604
5.08, -8.67753893452, -1.01335843436, 1.54125629916, -0.00442729405537
5.09, -8.66217461323, -1.01335816519, 1.53683399672, 0.00466094316927
5.1, -8.64685407983, -1.01330470768, 1.53249867261, 0.00511108388325
5.11, -8.63157662326, -1.01330786295, 1.52821502722, -0.00399497603136
5.12, -8.61634152956, -1.01338435317, 1.52401933556, -0.00752990539597
5.13, -8.60114796353, -1.01342787202, 1.51990900917, 0.000561318100978
5.14, -8.58599533374, -1.0133854501, 1.51583992291, 0.00690815902703
5.15, -8.57088310609, -1.01334756936, 1.51182036225, 0.000799240377043
5.16, -8.55581066879, -1.01339878734, 1.50787705683, -0.00771966971454
5.17, -8.54077725127, -1.01347545136, 1.50401302836, -0.00437848540496
5.18, -8.52578227764, -1.0134698264, 1.50019069745, 0.00545206949013
5.19, -8.51082533725, -1.01341041427, 1.4964060776, 0.00536256788147
5.2, -8.49590589484, -1.01341665832, 1.49268853922, -0.00467686649298
5.21, -8.48102354918, -1.01349988659, 1.48897954982, -0.00797782251872
5.22, -8.46617796823, -1.01354213702, 1.48533880257, 0.00114732658511
5.23, -8.45136846561, -1.01350226735, 1.48176496881, 0.00533534971805
5.24, -8.43659437475, -1.01346245818, 1.47825468881, 0.00191406945431
5.25, -8.42185519989, -1.01349975948, 1.4747759801, -0.00653130398094
5.26, -8.40715048144, -1.01357469648, 1.47136123957, -0.00512680072848
5.27, -8.39247959912, -1.01358273397, 1.46800961801, 0.00398527666235
5.28, -8.37784224392, -1.0135296521, 1.46465388237, 0.00563960549282
5.29, -8.36323816469, -1.01352398491, 1.46135286252, -0.00307442624936
5.3, -8.34866680392, -1.0135965332, 1.45810786988, -0.00769471673476
5.31, -8.33412774736, -1.01364708448, 1.45489067306, -0.000367950137202
5.32, -8.31962061278, -1.01361037713, 1.45172693736, 0.00683408893881
5.33, -8.30514487127, -1.01356654064, 1.44861284872, 0.00179514269328
5.34, -8.29069996393, -1.01360917299, 1.44555299342, -0.00723091903415
5.35, -8.2762856825, -1.01368824716, 1.44248362248, -0.00515074196345
5.36, -8.26190183696, -1.01369141211, 1.43946733825, 0.00477123423937
5.37, -8.24754795549, -1.01363173091, 1.43649516496, 0.0059996679443
5.38, -8.23322359772, -1.01362814584, 1.433549588, -0.00369036693797
5.39, -8.21892856529, -1.0137075455, 1.43063783271, -0.00821343331334
5.4, -8.20466237054, -1.01375774458, 1.42777916419, 0.000138980874984
5.41, -8.19042455442, -1.01371811082, 1.42496184184, 0.00290157953168
5.42, -8.17621484725, -1.01367957515, 1.4221583491, 0.00246278125998
5.43, -8.16203295442, -1.01370930399, 1.41939652881, -0.00582028284099
5.44, -8.14787859422, -1.01378200881, 1.416648179, -0.00537497194536
5.45, -8.1337516732, -1.01379629391, 1.41391068097, 0.00324801425713
5.46, -8.11965195011, -1.01374686978, 1.41121168355, 0.00571817152094
5.47, -8.10557901641, -1.01373534917, 1.40855099335, -0.00222598241331
5.48, -8.09153260894, -1.01380147957, 1.40590048408, -0.00741559608094
5.49, -8.07751251221, -1.01385512037, 1.40329033363, -0.00106814679527
5.5, -8.06351832713, -1.01382529378, 1.40071967436, 0.00638390463666
5.51, -8.04954967317, -1.01377993169, 1.39818395699, 0.00242717432328
5.52, -8.03560651366, -1.0138143463, 1.39561791104, -0.00649061921105
5.53, -8.02168882253, -1.01389151175, 1.39308923027, -0.00547464564656
5.54, -8.00779621711, -1.01390172313, 1.39060066277, 0.00397406616476
5.55, -7.9939281963, -1.01384569392, 1.38816454209, 0.00612926425015
5.56, -7.98008485994, -1.01383549133, 1.38567387267, -0.00276858258822
5.57, -7.96626621973, -1.01390826623, 1.38321935781, -0.00796625605722
5.58, -7.95247193492, -1.0139623187, 1.38080250006, -0.000653174258917
5.59, -7.93870161863, -1.01392541222, 1.37842864532, 0.00712976975629
5.6, -7.9249546747, -1.01387682498, 1.37612724134, 0.00229633789365
5.61, -7.91122942719, -1.01391697678, 1.37407672902, -0.00725502392986
5.62, -7.89752192754, -1.01399900688, 1.37258280246, -0.00556492636836
5.63, -7.88382733521, -1.01400468157, 1.3714793838, 0.00475777204223
5.64, -7.8701419404, -1.01395618575, 1.37077037045, 0.00609304135878
5.65, -7.85645915358, -1.01393603575, 1.370915191, -0.00124833760998
5.66, -7.84277260493, -1.01399739526, 1.37148997896, -0.00750900182317
5.67, -7.82907523842, -1.01405813166, 1.37309885969, -0.00207340931923
5.68, -7.81535819866, -1.01403539367, 1.3753372323, 0.00615450638023
5.69, -7.80160797988, -1.01398512021, 1.37977398747, 0.00338752995344
5.7, -7.7878095928, -1.01401055381, 1.38484678251, -0.00591657792313
5.71, -7.77395821646, -1.0140896364, 1.39038557816, -0.00624966893893
5.72, -7.76004607463, -1.01410969029, 1.39699668041, 0.00312621283236
5.73, -7.74606220267, -1.01405516689, 1.40484032468, 0.00662601143526
5.74, -7.73199507528, -1.01403568314, 1.4134638361, -0.00175660854382
5.75, -7.71783437888, -1.01410407872, 1.42350166718, -0.00814961331307
5.76, -7.70356588505, -1.01416655026, 1.43498277847, -0.00179325553814
5.77, -7.6891798074, -1.01413774589, 1.44701381637, 0.00685080929857
5.78, -7.67467072009, -1.01408433217, 1.45956995091, 0.00327632827143
5.79, -7.66002435288, -1.01411567085, 1.47447682343, -0.00673780249179
5.8, -7.6452252508, -1.01420092567, 1.49002100298, -0.00651060511168
5.81, -7.63026803626, -1.01421821651, 1.50608506693, 0.00376282251081
5.82, -7.61514311375, -1.01415779249, 1.52356454155, 0.00697878496702
5.83, -7.59983583669, -1.01414060395, 1.54251355927, -0.00242858313805
5.84, -7.58433618462, -1.01420534064, 1.56198023704, -0.00722494837358
5.85, -7.56863613309, -1.01427377845, 1.58271788444, -0.00323349785783
5.86, -7.55272043111, -1.01426022125, 1.60540240949, 0.00571189498761
5.87, -7.53656973335, -1.01420690706, 1.62918156045, 0.00420940752701
5.88, -7.52017884266, -1.01422452286, 1.65337317699, -0.00544235436748
5.89, -7.5035379703, -1.01430703677, 1.67902159687, -0.00722064995018
5.9, -7.48664059373, -1.0143396084, 1.70483337474, 0.00197897716994
5.91, -7.46948357854, -1.01428956878, 1.73094363307, 0.00686086286702
5.92, -7.45206398051, -1.01426291554, 1.75734077935, -0.000910697602595
5.93, -7.43437154877, -1.01432865282, 1.78571416889, -0.00852340861459
5.94, -7.41639113131, -1.01440224173, 1.81465664523, -0.00326104032114
5.95, -7.39812017372, -1.01438499084, 1.84381759392, 0.00624774743179
5.96, -7.37954711423, -1.01432930455, 1.87509997658, 0.00405960973118
5.97, -7.36065947719, -1.01435357624, 1.90664041131, -0.00640266452043
5.98, -7.34145565753, -1.0144445347, 1.93832738169, -0.00776504647685
5.99, -7.3219335088, -1.01447692643, 1.97022649254, 0.00240905892857
6.0, -7.30208777526, -1.01442201578, 2.00313634979, 0.00717988126762
6.01, -7.28191117684, -1.01439777583, 2.03627475159, -0.00161876851297
6.02, -7.26140435427, -1.01446505497, 2.06933176595, -0.00607578538008
6.03, -7.24056076731, -1.01453997434, 2.10355372732, -0.00446527107062
6.04, -7.21936945106, -1.01453917096, 2.13885367901, 0.00468268098542
6.05, -7.19782447254, -1.01448942957, 2.17424413831, 0.00441480782178
6.06, -7.17592067656, -1.01450258846, 2.21062604698, -0.00505829941713
6.07, -7.15365252452, -1.01458751922, 2.24706968096, -0.00805058026773
6.08, -7.13101888348, -1.01463317897, 2.28362004196, 0.000537132499824
6.09, -7.10802079476, -1.0145929718, 2.32006750522, 0.00643816348483
6.1, -7.08464947417, -1.01456421541, 2.35835638192, -0.00036257591767
6.11, -7.06089381841, -1.01462745194, 2.39678379803, -0.00875605799747
6.12, -7.0367541054, -1.01471096454, 2.43516633397, -0.0047310616496
6.13, -7.01222612183, -1.01470794527, 2.47445669393, 0.00516006908964
6.14, -6.9873051731, -1.0146555062, 2.5137218869, 0.00433419584845
6.15, -6.96199194887, -1.01467513409, 2.55290989303, -0.00607559983252
6.16, -6.9362824762, -1.01477007011, 2.59298385804, -0.00881400911769
6.17, -6.91017202327, -1.01481750293, 2.63304226588, 0.00082596721105
6.18, -6.88366199864, -1.01477267077, 2.67295145484, 0.00681674318465
6.19, -6.85675339484, -1.01474568433, 2.71276063451, -0.0010501214672
6.2, -6.82943669789, -1.01481120291, 2.75449201883, -0.00644668792288
6.21, -6.80170315407, -1.01489781647, 2.79612626736, -0.00610615839501
6.22, -6.77355299971, -1.01491216051, 2.83771909786, 0.00358005569089
6.23, -6.74497924266, -1.01486518189, 2.88098530995, 0.00475662250033
6.24, -6.71597230311, -1.01487357756, 2.92422191685, -0.00478989469666
6.25, -6.68653442222, -1.01496389767, 2.96722553919, -0.0092843210978
6.26, -6.65666117906, -1.01502604975, 3.01115788964, -0.00112887164778
6.27, -6.62634551141, -1.01499582702, 3.0557959652, 0.006137567747
6.28, -6.59558364462, -1.014964002, 3.10030932046, 0.000179370313461
6.29, -6.56437854495, -1.01502644177, 3.14452215611, -0.00927221035531
6.3, -6.53272322291, -1.01512292358, 3.19041177304, -0.00647583863916
6.31, -6.50060837831, -1.01513553109, 3.23624863191, 0.00405088202824
6.32, -6.46803730053, -1.0150856743, 3.28174533988, 0.00469461775301
6.33, -6.43500032004, -1.01510085243, 3.32917373466, -0.00588865091741
6.34, -6.40149271605, -1.01518789496, 3.37610295848, -0.009365833646
6.35, -6.36751683615, -1.01526284963, 3.42278456715, -0.00304955664241
6.36, -6.33307644972, -1.01524896054, 3.46909008062, 0.00516682772898
6.37, -6.29816485276, -1.01521465048, 3.51704209015, 0.00129150143025
6.38, -6.26277705503, -1.01526501021, 3.56424354822, -0.00846135455507
6.39, -6.22692387036, -1.01536554004, 3.61013363946, -0.00788942947771
6.4, -6.19061856346, -1.01539741237, 3.65470867528, 0.00218350853365
6.41, -6.15387416997, -1.01535564645, 3.69799171486, 0.00493086538769
6.42, -6.11670336448, -1.01535961528, 3.74002840538, -0.00447155746208
6.43, -6.07911843958, -1.01545475318, 3.78084883291, -0.0105135419773
6.44, -6.04113146713, -1.01553468364, 3.82047651339, -0.00303343492051
6.45, -6.00275432907, -1.01551703556, 3.85892584844, 0.00561553024099
6.46, -5.96399874393, -1.0154823961, 3.89620924777, 0.000852055127581
6.47, -5.92487628933, -1.01554192447, 3.93234200584, -0.00960485684279
6.48, -5.88539832863, -1.01563695654, 3.96735127892, -0.00893486011845
6.49, -5.84557615711, -1.01568586517, 4.00122687875, 0.000372652898299
6.5, -5.80542116308, -1.01565303923, 4.03396579415, 0.00501933528881
6.51, -5.76494460376, -1.01564619192, 4.0655888177, -0.0029524705822
6.52, -5.72415742729, -1.01573183343, 4.09613535945, -0.0104129379987
6.53, -5.68307018443, -1.01582259157, 4.12565027401, -0.00485036717335
6.54, -5.64169299922, -1.01582105857, 4.15417335086, 0.00462213391003
6.55, -5.6000355779, -1.01578334818, 4.18174145998, 0.00211899627672
6.56, -5.55810722616, -1.01582765082, 4.20839518577, -0.00838694647626
6.57, -5.51591687875, -1.0159224214, 4.23417487889, -0.00860028162738
6.58, -5.47347312282, -1.0159795126, 4.2591139136, -0.00114295251186
6.59, -5.43078422188, -1.01596063743, 4.28324062677, 0.00412931952693
6.6, -5.3878581328, -1.01595119719, 4.30658308196, -0.00182183856988
6.61, -5.34470251936, -1.01602264089, 4.32917214281, -0.0092123839662
6.62, -5.30132477039, -1.01611190169, 4.35103828338, -0.00566050371719
6.63, -5.25773200636, -1.0161247611, 4.37220589936, 0.00308154188576
6.64, -5.21393109512, -1.01609364174, 4.39269608807, 0.00240750318112
6.65, -5.16992865831, -1.01612548914, 4.41253329922, -0.00671899360926
6.66, -5.12573108633, -1.01622338419, 4.43174416666, -0.00911357871052
6.67, -5.08134454141, -1.01627930903, 4.45035246002, -0.000607023127156
6.68, -5.03677496689, -1.01625359304, 4.46837539942, 0.00472505148229
6.69, -4.992028099, -1.01624291464, 4.48583140011, -0.0021343150071
6.7, -4.9471094753, -1.01632035852, 4.50274252816, -0.00986079082199
6.71, -4.90202444222, -1.01641207029, 4.51913171482, -0.00547101409918
6.72, -4.85677815266, -1.01641854506, 4.53501546797, 0.00392334109658
6.73, -4.81137558241, -1.01638144272, 4.55040710641, 0.00263566267899
6.74, -4.76582153764, -1.01641623684, 4.565323702, -0.00734010214035
6.75, -4.72012066498, -1.01651949335, 4.57978558029, -0.00937919707543
6.76, -4.67427744414, -1.01657230599, 4.59381051277, 0.000133069403107
6.77, -4.62829619583, -1.01653798289, 4.60740905638, 0.00545825533322
6.78, -4.58218109762, -1.01652531984, 4.62059325922, -0.00241301560514
6.79, -4.53593619241, -1.01660847021, 4.63337933965, -0.0104590022922
6.8, -4.48956538627, -1.01670159399, 4.64578565909, -0.00513287997908
6.81, -4.44307243921, -1.01670005036, 4.65782326852, 0.00491931079867
6.82, -4.39646098697, -1.0166703422, 4.66949996847, 0.00316860557434
6.83, -4.34973455021, -1.01669149126, 4.68082814992, -0.00566361826616
6.84, -4.30289653872, -1.0167841078, 4.691822227, -0.00912616129138
6.85, -4.255950241, -1.01684464943, 4.70249661665, -0.0012253443147
6.86, -4.20889882509, -1.01682094648, 4.71285855221, 0.00503139892322
6.87, -4.16174535989, -1.01680096612, 4.72291509732, -0.000866589760412
6.88, -4.11449282515, -1.01686761907, 4.73267719127, -0.00917816786166
6.89, -4.06714410468, -1.01695927791, 4.74215951348, -0.00593824445302
6.9, -4.01970196964, -1.0169705746, 4.75137105435, 0.00368981754118
6.91, -3.97216909854, -1.01692874677, 4.76031605149, 0.00367885799233
6.92, -3.92454809605, -1.01695039292, 4.76900145455, -0.00608365142114
6.93, -3.87684149534, -1.01704716889, 4.77743935589, -0.00932772735358
6.94, -3.82905173349, -1.01710413802, 4.78564181897, -0.00042325492624
6.95, -3.78118115306, -1.01707057327, 4.79361255487, 0.00594704954386
6.96, -3.73323203145, -1.01704650037, 4.8013551184, -0.000936684578302
6.97, -3.68520659298, -1.01711741949, 4.80887731869, -0.00969511619157
6.98, -3.63710699156, -1.01721027579, 4.81619234348, -0.00560125283021
6.99, -3.58893528638, -1.01721318632, 4.82330657027, 0.00477620254995
7.0, -3.54069347102, -1.01717711583, 4.83022101253, 0.00440681932798
7.01, -3.49238349426, -1.01718346229, 4.83694080181, -0.00428818413242
7.02, -3.4440072577, -1.01726919204, 4.84347400005, -0.00908483180107
7.03, -3.39556659208, -1.01733401653, 4.84983172049, -0.00176524965236
7.04, -3.34706324772, -1.01731017373, 4.8560168094, 0.00567051125797
7.05, -3.29849892898, -1.01727705792, 4.86203013023, 0.000772464171843
7.06, -3.24987531275, -1.0173305775, 4.86787599211, -0.00839002761538
7.07, -3.20119402973, -1.01742224303, 4.87356556007, -0.00644666522394
7.08, -3.15245663042, -1.01743787814, 4.87910538357, 0.00362054638576
7.09, -3.10366460845, -1.01738835672, 4.88449507653, 0.00509150046377
7.1, -3.05481943635, -1.01739373456, 4.88973552109, -0.00461143471281
7.11, -3.00592256576, -1.01748351472, 4.89483412948, -0.00933304973861
7.12, -2.9569753845, -1.01754527674, 4.8998016337, -0.000983704665472
7.13, -2.90797920752, -1.01752129572, 4.90463819014, 0.00442730719861
7.14, -2.85893532948, -1.01748228339, 4.90934475559, 0.00230087270215
7.15, -2.80984502474, -1.01751838088, 4.91392231254, -0.00692647363813
7.16, -2.76070954452, -1.01760639708, 4.91838007751, -0.00704608394065
7.17, -2.71153007099, -1.01763384427, 4.92272532943, 0.00239919339948
7.18, -2.66230773281, -1.01758720714, 4.92695699938, 0.00577773125061
7.19, -2.61304365031, -1.01757661071, 4.93107380828, -0.002644176798
7.2, -2.56373894203, -1.01765306663, 4.93508027961, -0.00886534967713
7.21, -2.51439467845, -1.01772156837, 4.93898711936, -0.00232735855765
7.22, -2.46501186011, -1.01769799977, 4.94279583197, 0.0062982173581
7.23, -2.41559146528, -1.01765081276, 4.94650378733, 0.00259703056592
7.24, -2.36613448366, -1.01768887439, 4.95011065722, -0.00737190748786
7.25, -2.3166418889, -1.01777922395, 4.95362596174, -0.00691895497839
7.26, -2.26711458421, -1.01779971526, 4.95705659352, 0.00346742141807
7.27, -2.21755342693, -1.01775709708, 4.960399315, 0.00614527095077
7.28, -2.16795928251, -1.01773243126, 4.96365356301, -0.000737172963932
7.29, -2.11833301869, -1.01779434439, 4.96682055346, -0.00816009472076
7.3, -2.06867547349, -1.01786738147, 4.96991071573, -0.00353412534969
7.31, -2.01898741552, -1.01785510556, 4.97292683765, 0.00568099019375
7.32, -1.96926958952, -1.01780196259, 4.97586552323, 0.00413692758935
7.33, -1.91952276282, -1.01782128468, 4.97872423694, -0.00570063067523
7.34, -1.86974770394, -1.01790609776, 4.98151038842, -0.00739265069985
7.35, -1.81994511827, -1.01793850414, 4.98423247247, 0.00213373338168
7.36, -1.77011565677, -1.01789611647, 4.98688722656, 0.00485842748862
7.37, -1.72025999265, -1.01786721201, 4.98947311018, 0.000626890343488
7.38, -1.67037880346, -1.01791186118, 4.9919896263, -0.00656569692185
7.39, -1.62047275088, -1.01797875379, 4.9944457324, -0.00384736309533
7.4, -1.57054243333, -1.01797658661, 4.99684536205, 0.0044895942808
7.41, -1.52058842262, -1.01792767282, 4.99918530335, 0.00460064131488
7.42, -1.47061131596, -1.01793264713, 5.00146204013, -0.00378501445571
7.43, -1.42061172271, -1.0180028026, 5.00368058936, -0.00666676428657
7.44, -1.3705902005, -1.01803937201, 5.00584966805, 0.000974754282631
7.45, -1.32054725229, -1.01799747673, 5.00796804661, 0.00656490106685
7.46, -1.27048339079, -1.01796264962, 5.01003105251, 0.000722682572391
7.47, -1.22039916425, -1.01800954455, 5.01203781529, -0.00687659426508
7.48, -1.1702951009, -1.01807621786, 5.01399834603, -0.00343532442867
7.49, -1.12017165928, -1.01806561345, 5.01591620949, 0.00554942567691
7.5, -1.07002927608, -1.01800810165, 5.01778709005, 0.00513171084546
7.51, -1.01986842803, -1.0180128722, 5.01960604682, -0.00409748557128
7.52, -0.969689610929, -1.01808588344, 5.02137867278, -0.00673207056166
7.53, -0.919493261645, -1.01811782614, 5.02311445543, 0.00185060051537
7.54, -0.869279759553, -1.01806568989, 5.02481123058, 0.00750343306559
7.55, -0.819049505314, -1.01802637634, 5.02646299353, 0.000720617022591
7.56, -0.768802948196, -1.01807647036, 5.02806816646, -0.00726097911857
7.57, -0.718540514865, -1.01814308646, 5.0296382805, -0.0029925104041
7.58, -0.668262553499, -1.01812349513, 5.0311765489, 0.00666309326397
7.59, -0.617969395183, -1.01805730592, 5.03267760071, 0.0056258392662
7.6, -0.567661426371, -1.01806260851, 5.03413497177, -0.00449431680386
7.61, -0.517339058114, -1.01813895217, 5.03555518999, -0.00680069631786
7.62, -0.467002632504, -1.01816578155, 5.03694865543, 0.00280316963149
7.63, -0.416652431049, -1.01811598258, 5.03831111718, 0.00727802014535
7.64, -0.366288775044, -1.0180659238, 5.03963878791, 0.00252347449631
7.65, -0.315912020535, -1.01809925913, 5.04092715238, -0.00612240617459
7.66, -0.265522523259, -1.0181662806, 5.04218660116, -0.00392858365613
7.67, -0.215120559632, -1.01815866866, 5.04342280976, 0.00571372394509
7.68, -0.164706375421, -1.01809076338, 5.04463088591, 0.00680012784864
7.69, -0.114280272, -1.01807784489, 5.04580323912, -0.00258635766238
7.7, -0.0638425921464, -1.01814427979, 5.04694334038, -0.00679800900795
