timestamp, prius0 x posi, prius0 y posi, prius0 x vel, prius0 y vel.
0.0, 0.0, 0.0, 0.0, 0.0
0.01, -25.0467650753, -0.999906124877, 0.113507513575, -0.001682388473
0.02, -25.0455844322, -0.999964571236, 0.127483307248, -0.00885563392857
0.03, -25.0442599475, -1.00002192449, 0.14244492036, -0.00258113233606
0.04, -25.0427788536, -0.999983528707, 0.158751197895, 0.00682282114609
0.05, -25.0411275133, -0.999927788216, 0.176455384408, 0.00417818051285
0.06, -25.0392925607, -0.999927451094, 0.19550399632, -0.00483378527365
0.0700000000001, -25.0372615066, -0.999993417955, 0.215419887796, -0.00736719287299
0.08, -25.0350270132, -1.00001933394, 0.236405361998, 0.000959167802646
0.09, -25.0325774516, -0.999964270872, 0.25818258812, 0.00633230873596
0.1, -25.0299057006, -0.999922868385, 0.281036217649, -0.000355081619273
0.11, -25.0270005089, -0.999968862005, 0.304628759095, -0.00812706388208
0.12, -25.0238571736, -1.00003071178, 0.328632941569, -0.00395246857574
0.13, -25.02047008, -1.00000911223, 0.353593472815, 0.00534050400281
0.14, -25.0168277219, -0.99994342651, 0.379691304433, 0.00420515815328
0.15, -25.0129186572, -0.999948238562, 0.406645708663, -0.00569456118692
0.16, -25.0087393129, -1.0000221395, 0.433767139451, -0.00791159226824
0.17, -25.0042865976, -1.00004785385, 0.461275036383, 0.00139902577691
0.18, -24.9995566562, -0.99998718006, 0.489464712193, 0.0067607347452
0.19, -24.9945405431, -0.999946899446, 0.518246039391, -0.000954697997075
0.2, -24.9892306431, -1.00000191153, 0.54831039085, -0.00907002793276
0.21, -24.9836169746, -1.00006869298, 0.578808204689, -0.00397565640373
0.22, -24.977700411, -1.0000427276, 0.60871762584, 0.00596314292562
0.23, -24.9714750523, -0.999973776679, 0.640601184067, 0.00410976345867
0.24, -24.964931448, -0.99998524563, 0.672501504748, -0.00671129693951
0.25, -24.958065916, -1.00005345295, 0.705189785922, -0.00808219225691
0.26, -24.9508699981, -1.00009142469, 0.73833943208, -0.000368358313073
0.27, -24.9433420606, -1.0000444905, 0.771586500883, 0.00608886569809
0.28, -24.9354789021, -0.999999338617, 0.80558596987, 0.000301069162313
0.29, -24.9272724508, -1.00004199918, 0.840012369912, -0.00830701609461
0.3, -24.9187214399, -1.00011307156, 0.874497050785, -0.00535933056646
0.31, -24.9098253107, -1.00010478028, 0.909287188975, 0.00434681542204
0.32, -24.9005751806, -1.0000411906, 0.944968494938, 0.00458571737922
0.33, -24.8909683221, -1.00004031943, 0.980651977339, -0.00529369345853
0.34, -24.8810048934, -1.00011762738, 1.01630670828, -0.0089295771046
0.35, -24.870681098, -1.00015790268, 1.05284104745, -0.000132487347011
0.36, -24.8599910521, -1.00010644733, 1.08942931942, 0.00649136597035
0.37, -24.8489339275, -1.00006221302, 1.12619874377, -0.000272586469279
0.38, -24.8375106003, -1.00011441874, 1.16292713542, -0.00938080592867
0.39, -24.8257138376, -1.00019245981, 1.20062349289, -0.00560667889549
0.4, -24.8135403648, -1.00018141049, 1.23828156769, 0.00489356338214
0.41, -24.8009904397, -1.00011437277, 1.27591168094, 0.00455883041043
0.42, -24.7880621164, -1.00011974879, 1.31417037529, -0.00631961467375
0.43, -24.7747451866, -1.00019227206, 1.35354360302, -0.00925123225099
0.44, -24.7610330478, -1.00024648688, 1.39304416501, -0.00204775987315
0.45, -24.7469229395, -1.0002094491, 1.43327405666, 0.00582807876108
0.46, -24.7324084528, -1.00015985083, 1.47371024005, 0.0010312714957
0.47, -24.7174901643, -1.00019991964, 1.51404064631, -0.00870572776234
0.48, -24.7021661636, -1.00028366686, 1.55501954844, -0.00714790536319
0.49, -24.6864311392, -1.00029135647, 1.59607700472, 0.00323179308723
0.5, -24.6702857873, -1.00022941962, 1.63706263965, 0.00509905382588
0.51, -24.653731944, -1.00022208495, 1.67782501847, -0.00491307035482
0.52, -24.6367709966, -1.00029108188, 1.71893559089, -0.00901651093833
0.53, -24.6193891709, -1.00035574701, 1.76148074415, -0.00384567551881
0.54, -24.601582485, -1.00033581866, 1.80390604995, 0.00462553744687
0.55, -24.5833504535, -1.00028622449, 1.8467794126, 0.00196486915843
0.56, -24.5646876597, -1.00031364631, 1.88983258928, -0.00764561429672
0.57, -24.5455922983, -1.00039802133, 1.93346196428, -0.00824423962127
0.58, -24.5260594303, -1.00042385127, 1.97714663146, 0.00127463347832
0.59, -24.506090524, -1.00037246069, 2.02066014679, 0.00504789914319
0.6, -24.4856876643, -1.00035525013, 2.0639554437, -0.00344762314187
0.61, -24.4648509055, -1.00042900331, 2.10766626357, -0.0102276481204
0.62, -24.4435757076, -1.00049917445, 2.1516216345, -0.00391664293286
0.63, -24.4218580455, -1.00047623533, 2.19569192571, 0.00503915090339
0.64, -24.3997000856, -1.00042602655, 2.2400538095, 0.00159748435517
0.65, -24.3770971279, -1.00046206097, 2.28480654484, -0.00876701242606
0.66, -24.354043629, -1.00055564857, 2.32988765501, -0.00881438013647
0.67, -24.3305411634, -1.00058141845, 2.37462857055, 0.00166371927204
0.68, -24.306591818, -1.00052619709, 2.41924239535, 0.00519880314432
0.69, -24.2821948771, -1.00051327572, 2.46434050163, -0.00433383671681
0.7, -24.2573456247, -1.00058704332, 2.50950338864, -0.00886771285576
0.71, -24.2320437182, -1.00066241393, 2.55508295129, -0.00542284586922
0.72, -24.2062841695, -1.00065734822, 2.60079012554, 0.00348395409275
0.73, -24.1800691681, -1.00061174487, 2.64619537848, 0.00212081396885
0.74, -24.1533992892, -1.0006360944, 2.69198628457, -0.00750493983331
0.75, -24.1262695997, -1.00072615069, 2.73792210849, -0.00944679669938
0.76, -24.098679629, -1.00076798554, 2.78425313727, -0.000371241767314
0.77, -24.0706245976, -1.00072711803, 2.83069303621, 0.00462510813399
0.78, -24.0421062043, -1.0007080065, 2.87691225457, -0.00299813142328
0.79, -24.0131253165, -1.00078131559, 2.9234419062, -0.0107566719342
0.8, -23.9836776415, -1.00086442318, 2.97004403313, -0.00566370756677
0.81, -23.9537630982, -1.00085723101, 3.01702420426, 0.00389610235015
0.82, -23.923377433, -1.00081011413, 3.0640464075, 0.00188892706927
0.83, -23.89252289, -1.000842187, 3.11080512391, -0.00861667212402
0.84, -23.8612012495, -1.00094248011, 3.15772929073, -0.0101860609261
0.85, -23.8294076587, -1.00098574687, 3.20491854424, -7.19112196513e-05
0.86, -23.7971434976, -1.00094077358, 3.25183861544, 0.0048909776439
0.87, -23.7644124228, -1.00092472484, 3.29834491493, -0.00380925093402
0.88, -23.7312141405, -1.00099841399, 3.34542992291, -0.00950951050707
0.89, -23.6975460996, -1.00108813657, 3.39218386073, -0.00729762832774
0.9, -23.6634045682, -1.00109931153, 3.43998523254, 0.00236406869876
0.91, -23.6287833012, -1.00105601219, 3.4883060047, 0.00250470083988
0.92, -23.5936797645, -1.00107603119, 3.53623402193, -0.00738429297296
0.93, -23.5581018721, -1.00117374337, 3.58306346922, -0.0109424630674
0.94, -23.5220624162, -1.00123391481, 3.62858337451, -0.00213590655416
0.95, -23.4855742907, -1.00120290527, 3.67283071513, 0.00439523046049
0.96, -23.4486500458, -1.00118000227, 3.71584396544, -0.00242859670157
0.97, -23.4113018801, -1.00125343278, 3.7576543349, -0.011466275051
0.98, -23.3735416539, -1.00135177258, 3.79829182991, -0.00761153607385
0.99, -23.335380889, -1.00136094821, 3.83779133487, 0.00283179545911
1.0, -23.2968307885, -1.00131515394, 3.87618893359, 0.00239031176772
1.01, -23.2579022405, -1.00134223556, 3.91351533373, -0.00846790520753
1.02, -23.2186058329, -1.00143565184, 3.94979535121, -0.0112944839892
1.03, -23.1789518545, -1.00151004634, 3.98505805451, -0.00405980172962
1.04, -23.1389503043, -1.00149360268, 4.01933446398, 0.00372104578226
1.05, -23.0986109039, -1.00146554253, 4.0526556146, -0.00113042566229
1.06, -23.0579431021, -1.00152684292, 4.08504580775, -0.0107732486278
1.07, -23.0169560874, -1.00163074956, 4.11652690429, -0.00912906460128
1.08, -22.9756587858, -1.00165851661, 4.1471256003, 0.00119315599318
1.09, -22.9340598755, -1.0016176148, 4.17687064516, 0.00296592167194
1.1, -22.8921677917, -1.00163160779, 4.20578692608, -0.00700777574143
1.11, -22.849990736, -1.00172111718, 4.23389265399, -0.011012860849
1.12, -22.8075366797, -1.00180545949, 4.26120974073, -0.00579270374308
1.13, -22.7648133685, -1.00180536045, 4.28776216464, 0.00261884791038
1.14, -22.7218283337, -1.00177638012, 4.31357488473, -0.000110000644355
1.15, -22.6785888946, -1.00182449017, 4.33866731636, -0.00966939701939
1.16, -22.6351021696, -1.00192858291, 4.36305528053, -0.0101565601083
1.17, -22.5913750737, -1.00197348112, 4.38675886887, -0.000627126693858
1.18, -22.5474143296, -1.00194173049, 4.40980091698, 0.00305189955293
1.19, -22.503226472, -1.00194482514, 4.43220182194, -0.00545657149665
1.2, -22.4588178536, -1.00203822296, 4.45397530981, -0.012125979323
1.21, -22.4141946508, -1.00212699012, 4.47513657323, -0.00573341246863
1.22, -22.3693628631, -1.00212250614, 4.49570539649, 0.00317905621938
1.23, -22.3243283254, -1.00209155636, 4.5157022227, -0.000344823099492
1.24, -22.2790967073, -1.00214706952, 4.53514141883, -0.0106672460485
1.25, -22.2336735234, -1.00224448357, 4.55403402179, -0.0101510839393
1.26, -22.1880641306, -1.00230002538, 4.57239637727, -0.0022721157216
1.27, -22.1422737367, -1.00228197213, 4.59024595327, 0.00230604718782
1.28, -22.0963074041, -1.00228125295, 4.60759931361, -0.00427276219229
1.29, -22.0501700536, -1.00236190774, 4.62446715256, -0.0112109625502
1.3, -22.0038664699, -1.00245277602, 4.64086034981, -0.00687706525277
1.31, -21.9574013009, -1.00246451141, 4.65679407576, 0.00161548610143
1.32, -21.9107790668, -1.00243941626, 4.67228474802, 4.59243503826e-05
1.33, -21.8640041593, -1.00248287195, 4.68734415906, -0.00918191932184
1.34, -21.8170808502, -1.00258733934, 4.70198013969, -0.0107237210236
1.35, -21.7700132894, -1.00264284636, 4.71620435309, -0.00186999579271
1.36, -21.7228055114, -1.00261988945, 4.73003169224, 0.00266663340926
1.37, -21.6754614381, -1.00262059714, 4.74347560409, -0.00484849155063
1.38, -21.6279848807, -1.00270956202, 4.75654316438, -0.0120469310338
1.39, -21.5803795461, -1.0028044869, 4.76924213963, -0.00683395834582
1.4, -21.532649035, -1.00281171433, 4.78158488886, 0.00222976475677
1.41, -21.4847968501, -1.00278347262, 4.79358538803, -3.47256729658e-05
1.42, -21.4368263926, -1.00283289901, 4.80525237348, -0.0100733324512
1.43, -21.3887409714, -1.0029449397, 4.81659055222, -0.0111689414342
1.44, -21.3405438014, -1.00299914409, 4.82760899606, -0.00132546128675
1.45, -21.2922380088, -1.00297011624, 4.83832048703, 0.00310434310094
1.46, -21.2438266309, -1.00297206182, 4.84873610072, -0.00544350894379
1.47, -21.1953126197, -1.00305907742, 4.85885949466, -0.0105702884183
1.48, -21.146698848, -1.00315752282, 4.86869729659, -0.00812203584216
1.49, -21.0979881051, -1.00317988284, 4.8782585113, 0.000986604948125
1.5, -21.0491831042, -1.00315314787, 4.88755456304, 0.000780806906212
1.51, -21.0002864806, -1.00318848916, 4.89659316702, -0.00860992432147
1.52, -20.9513007974, -1.0032950891, 4.90537701675, -0.0115912646917
1.53, -20.9022285454, -1.0033627303, 4.91391254194, -0.00305077226092
1.54, -20.8530721458, -1.0033447683, 4.92220983591, 0.00285548420318
1.55, -20.8038339526, -1.00333776544, 4.93027849448, -0.00386851895266
1.56, -20.7545162521, -1.0034219016, 4.93812164309, -0.0121839793556
1.57, -20.7051212697, -1.00352580788, 4.94574240777, -0.00814200786195
1.58, -20.6556511655, -1.00354360713, 4.9531485741, 0.00167564237022
1.59, -20.6061080426, -1.00351225184, 4.96035022771, 0.000876588294434
1.6, -20.5564939414, -1.0035521795, 4.96735294373, -0.0094233799193
1.61, -20.506810848, -1.00365317833, 4.97415764344, -0.0109000927541
1.62, -20.4570606921, -1.00372658267, 4.98076981365, -0.00439222289035
1.63, -20.4072453491, -1.00372246214, 4.98719706614, 0.00186323451282
1.64, -20.3573666431, -1.00371447462, 4.99344737928, -0.00287737263492
1.65, -20.3074263448, -1.00378467333, 4.99952384543, -0.0108882686324
1.66, -20.2574261783, -1.00388542694, 5.00542746397, -0.00877135942549
1.67, -20.2073678171, -1.00391697556, 5.01116459073, 8.57181299176e-05
1.68, -20.15725289, -1.0038941221, 5.0167431347, 0.000915497840627
1.69, -20.1070829782, -1.0039235758, 5.0221681232, -0.00785106606997
1.7, -20.0568596195, -1.00402627943, 5.02744011245, -0.0116690234936
1.71, -20.0065843094, -1.0041005338, 5.03256167404, -0.0040325585283
1.72, -19.9562585003, -1.00409060095, 5.03754039715, 0.00242671763395
1.73, -19.9058836056, -1.00408130194, 5.04238303074, -0.00317601382727
1.74, -19.8554609963, -1.00415813096, 5.04709073602, -0.0116730222981
1.75, -19.8049920089, -1.00426348269, 5.05166400893, -0.00882703578246
1.76, -19.7544779392, -1.00429075463, 5.05610764462, 0.00077702791948
1.77, -19.7039200495, -1.00426261618, 5.06042927611, 0.00112551305155
1.78, -19.6533195641, -1.00429543111, 5.06463279148, -0.00856151579752
1.79, -19.602677675, -1.00440539495, 5.06871685642, -0.0121943074701
1.8, -19.5519955406, -1.00447935782, 5.07268379812, -0.00355125226652
1.81, -19.5012742862, -1.00446256854, 5.07654014132, 0.00306161562009
1.82, -19.4505150066, -1.00445185864, 5.08029226637, -0.00351042152323
1.83, -19.3997187633, -1.00453578613, 5.08393988691, -0.0124909448978
1.84, -19.3488865922, -1.004645534, 5.08748222513, -0.00881628386025
1.85, -19.2980194972, -1.00466759261, 5.09092350256, 0.00156095682214
1.86, -19.2471184559, -1.00464820372, 5.0942716818, 0.00124967808084
1.87, -19.1961844167, -1.00467052901, 5.09752836284, -0.00709025883442
1.88, -19.1452183027, -1.00477074741, 5.10069261624, -0.0119639045333
1.89, -19.0942210112, -1.0048531752, 5.10376585859, -0.00506633349381
1.9, -19.0431934145, -1.00485005791, 5.10675256235, 0.00223406469968
1.91, -18.9921363604, -1.00483610138, 5.10965929798, -0.002316197471
1.92, -18.9410506715, -1.00490565198, 5.11248560385, -0.0113029423785
1.93, -18.88993715, -1.00501442333, 5.11522985308, -0.00968572389489
1.94, -18.8387965736, -1.00505131263, 5.11789576873, 1.15657221865e-05
1.95, -18.7876297004, -1.00502391141, 5.12048883926, 0.00164865352288
1.96, -18.7364372646, -1.00504809499, 5.12301228601, -0.00769187397816
1.97, -18.6852199808, -1.00515528228, 5.12546388117, -0.0125208837496
1.98, -18.6339785447, -1.0052379696, 5.12784391034, -0.00462981359302
1.99, -18.5827136306, -1.00522780358, 5.1301575251, 0.00294749909042
2.0, -18.5314258968, -1.00521125137, 5.13240970032, -0.00252667775928
2.01, -18.4801159797, -1.00528723121, 5.13459982631, -0.012117778137
2.02, -18.4287845018, -1.00538679352, 5.13672574348, -0.0100225676214
2.03, -18.3774320651, -1.00543539345, 5.13879035925, -0.00148558763539
2.04, -18.3260592561, -1.00541704885, 5.14079875597, 0.0015390332801
2.05, -18.2746666445, -1.005432012, 5.14275388047, -0.00617142492901
2.06, -18.2232547838, -1.00552664446, 5.14465353281, -0.0118790053645
2.07, -18.1718242131, -1.00561436462, 5.14649728898, -0.00595079199749
2.08, -18.1203756174, -1.00561863041, 5.14824359591, 0.0018518371031
2.09, -18.0689100721, -1.00560181605, 5.14989691282, -0.00155156352608
2.1, -18.0174283964, -1.00566305144, 5.15147395646, -0.0106757807871
2.11, -17.965931376, -1.00577220072, 5.15297050614, -0.0102840696439
2.12, -17.9144199308, -1.00581803348, 5.15434483967, -0.000862132616782
2.13, -17.8628952874, -1.00579365837, 5.15562467553, 0.00192237158284
2.14, -17.8113581349, -1.00581014128, 5.1568514872, -0.00674412358717
2.15, -17.7598092326, -1.00591204625, 5.15797284132, -0.0125209127401
2.16, -17.7082495668, -1.00600119052, 5.15901336483, -0.00563086837314
2.17, -17.6566797983, -1.00599897459, 5.15999097193, 0.00257193699761
2.18, -17.6051007005, -1.00597888117, 5.16086660693, -0.00166554214192
2.19, -17.5535133552, -1.00604590935, 5.16166157093, -0.0114765802561
2.2, -17.5019183795, -1.00616060409, 5.16239664119, -0.0104599689615
2.21, -17.450316327, -1.00620261461, 5.16307518467, -0.000127046499212
2.22, -17.3987078128, -1.00618541025, 5.16368062683, 0.00154438003068
2.23, -17.347093722, -1.00619425182, 5.16419722138, -0.00533107363841
2.24, -17.2954748032, -1.00628386137, 5.16465714456, -0.0118428110563
2.25, -17.2438516247, -1.00637747519, 5.16504464435, -0.0069051945799
2.26, -17.1922248659, -1.00638985595, 5.16537745129, 0.00140324650381
2.27, -17.1405951044, -1.00637058161, 5.16564105986, -0.000800983734432
2.28, -17.0889629756, -1.00642336739, 5.16585990686, -0.0100208146945
2.29, -17.037328966, -1.00653270373, 5.16601418521, -0.0108762051036
2.3, -16.9856938335, -1.00658766503, 5.16608721573, -0.0017682983824
2.31, -16.9340582034, -1.00656656944, 5.16611746643, 0.002185089263
2.32, -16.8824225338, -1.0065752005, 5.16609158015, -0.00576222364385
2.33, -16.8307873781, -1.00667141875, 5.16602497934, -0.0124851159868
2.34, -16.7791531944, -1.00676693697, 5.1658945824, -0.00664562080017
2.35, -16.7275205079, -1.00677293137, 5.16572741589, 0.00216827278298
2.36, -16.6758896968, -1.00674936583, 5.16551215821, -0.000790181729669
2.37, -16.6242612838, -1.00680705778, 5.16525954745, -0.0107851822569
2.38, -16.5726355571, -1.00692229614, 5.16497816768, -0.011132722168
2.39, -16.5210128639, -1.00697411683, 5.16464475728, -0.00106382242283
2.4, -16.4693936361, -1.00694580709, 5.16429448875, 0.00269716933577
2.41, -16.4177781257, -1.00695506805, 5.16390143779, -0.00629469592788
2.42, -16.3661666651, -1.00704843231, 5.16348703469, -0.0108978332627
2.43, -16.314559586, -1.00714588555, 5.16302260794, -0.00776254470518
2.44, -16.2629574795, -1.00716559079, 5.1624762728, 0.00102389053807
2.45, -16.211361287, -1.00714313691, 5.16184708883, 2.6520826323e-05
2.46, -16.1597723631, -1.00718665347, 5.16097287503, -0.00928841627152
2.47, -16.1081939308, -1.00729553856, 5.15976140607, -0.0114226394495
2.48, -16.0566304337, -1.00735931128, 5.15793107923, -0.00265262178172
2.49, -16.0050885352, -1.00734124713, 5.15549191689, 0.00247853822184
2.5, -15.9535728432, -1.00734153034, 5.15274145672, -0.0047164671536
2.51, -15.9020869582, -1.00743139398, 5.14948965837, -0.01238504405
2.52, -15.850636304, -1.00753280792, 5.14569828837, -0.0076307095089
2.53, -15.7992260537, -1.00754682673, 5.14139978395, 0.00178432775179
2.54, -15.7478612325, -1.00751946581, 5.13670428934, 0.00013484911278
2.55, -15.6965446557, -1.00756720513, 5.13177260929, -0.0100249257585
2.56, -15.6452791502, -1.00768240521, 5.12643195859, -0.0117607780822
2.57, -15.5940691812, -1.00774381277, 5.12075851603, -0.00199228110156
2.58, -15.5429173162, -1.00773014184, 5.11473230697, 0.00143592010288
2.59, -15.4918283529, -1.00772649415, 5.10820000736, -0.00349109855427
2.6, -15.4408061315, -1.00780272074, 5.10145283346, -0.0113264093871
2.61, -15.3898530161, -1.007904107, 5.09433222357, -0.00852045883514
2.62, -15.3389732491, -1.00793193607, 5.08679807872, 0.000425633644735
2.63, -15.2881709478, -1.00790904728, 5.07886656348, 0.000618019588494
2.64, -15.2374490354, -1.00794381132, 5.07078980629, -0.00842189002031
2.65, -15.1868095599, -1.00804959059, 5.06229758472, -0.0116608592158
2.66, -15.1362565883, -1.00812048932, 5.05355094048, -0.00351980267253
2.67, -15.0857914445, -1.00810696444, 5.04478219107, 0.00254910723775
2.68, -15.0354133946, -1.00810035525, 5.03615325303, -0.00368492496161
2.69, -14.9851206874, -1.00818205053, 5.02771923105, -0.0119748484135
2.7, -14.9349113193, -1.00828638722, 5.01947208331, -0.00839470043593
2.71, -14.8847835562, -1.00830822026, 5.01139820723, 0.00126732495964
2.72, -14.8347356328, -1.00827895429, 5.00349158355, 0.000905545756881
2.73, -14.7847658551, -1.00831643093, 4.99577111191, -0.0090646398256
2.74, -14.7348723943, -1.00842842956, 4.98822715129, -0.012049164963
2.75, -14.6850535443, -1.00849746811, 4.98083535011, -0.00288394423933
2.76, -14.6353078252, -1.00848777371, 4.97359145679, 0.00161949231019
2.77, -14.5856337366, -1.00847578878, 4.96652039116, -0.00232432287592
2.78, -14.536029465, -1.00854318296, 4.95960256236, -0.0109251666975
2.79, -14.4864938125, -1.00864819182, 4.9528190375, -0.00938570049598
2.8, -14.437025163, -1.00868434819, 4.94617952943, -8.65056608039e-05
2.81, -14.3876222298, -1.00865868768, 4.93967811642, 0.00151301746813
2.82, -14.3382835977, -1.00868216541, 4.93330855214, -0.00741525271434
2.83, -14.2890080461, -1.00878511547, 4.92706932238, -0.0120492872348
2.84, -14.2397942456, -1.00886468232, 4.92094635183, -0.00449456737397
2.85, -14.1906411242, -1.00885521223, 4.91492649066, 0.00278535847099
2.86, -14.141547602, -1.00883936664, 4.90903071724, -0.0024337776417
2.87, -14.092512366, -1.00891203823, 4.90326843084, -0.0116218543045
2.88, -14.0435342352, -1.00902100562, 4.89760322039, -0.00938239814154
2.89, -13.9946121711, -1.00905191381, 4.89205369667, 0.000738028386318
2.9, -13.9457449554, -1.00901932234, 4.88662724639, 0.00189526377342
2.91, -13.8969313546, -1.00904478062, 4.88132854232, -0.0080302411893
2.92, -13.8481704058, -1.00914144382, 4.87608652813, -0.011376073903
2.93, -13.7994614668, -1.00922696043, 4.87093598038, -0.0058196751266
2.94, -13.7508034533, -1.00923008663, 4.86589474951, 0.00200044298226
2.95, -13.7021953592, -1.00921083116, 4.86094126091, -0.00121886910212
2.96, -13.6536363802, -1.00926830155, 4.85608026092, -0.0102959254713
2.97, -13.6051255233, -1.00937453556, 4.85131683317, -0.0100736049446
2.98, -13.5566617634, -1.0094190425, 4.84665376948, -0.00075143792616
2.99, -13.5082442142, -1.00939295797, 4.8420633659, 0.00217803073184
3.0, -13.4598721093, -1.00940593118, 4.83756410045, -0.00633378982608
3.01, -13.4115447629, -1.00950404409, 4.83312008629, -0.01219780483
3.02, -13.3632614809, -1.00959107516, 4.82874090542, -0.00549184776434
3.03, -13.3150216183, -1.00958753493, 4.82443762045, 0.00274638898457
3.04, -13.2668243307, -1.00956463261, 4.8202229143, -0.00129096769627
3.05, -13.2186688383, -1.0096274981, 4.81607231953, -0.0110620919092
3.06, -13.1705545646, -1.00973901972, 4.81198746609, -0.0102305502734
3.07, -13.1224808225, -1.0097795058, 4.80795520985, 6.80077543444e-06
3.08, -13.0744470355, -1.0097601931, 4.80399681379, 0.00184379694466
3.09, -13.0264525456, -1.0097651172, 4.80009027812, -0.00488607150901
3.1, -12.9784968252, -1.00985066672, 4.79625030654, -0.0114982387491
3.11, -12.9305791319, -1.00994192405, 4.79248253063, -0.00673872648801
3.12, -12.8826987815, -1.00995262055, 4.78876824217, 0.00161777319018
3.13, -12.8348553425, -1.009930115, 4.78510688739, -0.000387090405277
3.14, -12.7870481635, -1.0099784063, 4.78151659975, -0.00958168242491
3.15, -12.7392766332, -1.01008435569, 4.77797026287, -0.0106286906138
3.16, -12.6915404066, -1.01013754173, 4.77445276915, -0.00160472576913
3.17, -12.6438391006, -1.01011402776, 4.77098878781, 0.00251969958011
3.18, -12.5961721017, -1.01011831759, 4.7675906535, -0.00527524452138
3.19, -12.5485388655, -1.01021012508, 4.76423126156, -0.0121155870215
3.2, -12.5009390306, -1.01030309314, 4.76091672118, -0.00646261505915
3.21, -12.4533720242, -1.01030717555, 4.75765998798, 0.00241400057449
3.22, -12.4058373942, -1.01027996693, 4.7544345137, -0.000330134593799
3.23, -12.3583348615, -1.01033276718, 4.75124018589, -0.010315859592
3.24, -12.3108641899, -1.0104444561, 4.74806437534, -0.010878827226
3.25, -12.2634250915, -1.01049445416, 4.74492907724, -0.000892230190818
3.26, -12.2160170475, -1.01047542519, 4.7418487801, 0.0014146102329
3.27, -12.1686394641, -1.01047645974, 4.73883540688, -0.00410300733723
3.28, -12.1212921422, -1.01055459066, 4.73581185549, -0.0110095554727
3.29, -12.0739747583, -1.01064684646, 4.73282857344, -0.00729590988471
3.3, -12.0266870479, -1.01066467366, 4.7298806795, 0.00100824210353
3.31, -11.9794286166, -1.01064278997, 4.72696240185, 5.04919023725e-05
3.32, -11.9321993477, -1.01068325188, 4.7240532428, -0.00873496867956
3.33, -11.8849990133, -1.01078515972, 4.72118256116, -0.0107137080124
3.34, -11.8378269252, -1.01084419639, 4.71841980904, -0.00242040608774
3.35, -11.7906818293, -1.01082602554, 4.71577105087, 0.00240583384179
3.36, -11.7435625338, -1.0108253992, 4.71326479374, -0.00440774960884
3.37, -11.6964676084, -1.01090936202, 4.71090046642, -0.0116327394016
3.38, -11.6493956127, -1.01100396088, 4.70866466617, -0.00711264051777
3.39, -11.6023455169, -1.01101587932, 4.70650540926, 0.00177372282813
3.4, -11.5553160945, -1.01098895125, 4.70452822461, 0.000184825534845
3.41, -11.5083059269, -1.01103315386, 4.70266781554, -0.00941759456593
3.42, -11.4613137807, -1.01114095014, 4.70092200645, -0.0110335014383
3.43, -11.4143384741, -1.01119770566, 4.6992837665, -0.00179101685443
3.44, -11.3673790264, -1.01117234796, 4.69774893987, 0.00298146454726
3.45, -11.3204344724, -1.01117124495, 4.69629849667, -0.0048207295501
3.46, -11.2735040476, -1.01126204165, 4.69492682353, -0.0123307718381
3.47, -11.226586987, -1.01135914167, 4.69361942464, -0.00690023984026
3.48, -11.17968267, -1.01136466931, 4.69237475173, 0.00257940298242
3.49, -11.1327905568, -1.01133279444, 4.69116406169, 0.000262116005076
3.5, -11.0859106005, -1.01138161827, 4.68993734146, -0.0101942639009
3.51, -11.0390430305, -1.0114814792, 4.68869742767, -0.0109309381395
3.52, -10.9921878701, -1.01154746708, 4.68745417026, -0.00324749728503
3.53, -10.9453451374, -1.01153325612, 4.68620868226, 0.00252109289526
3.54, -10.8985146012, -1.01152569343, 4.68503649477, -0.00342097580966
3.55, -10.851695315, -1.01160232025, 4.68395220581, -0.0113304727715
3.56, -10.804886592, -1.01170070589, 4.68293023258, -0.00794275702742
3.57, -10.7580871013, -1.01172068538, 4.6820759844, 0.0012493563937
3.58, -10.7112957379, -1.01169201317, 4.68132369508, 0.000908919100448
3.59, -10.6645110659, -1.01172687181, 4.68076429863, -0.00858790630853
3.6, -10.6177307472, -1.01183281852, 4.68048018868, -0.0114487730941
3.61, -10.5709511115, -1.01189805132, 4.68062502001, -0.00273752064136
3.62, -10.5241682389, -1.01187708202, 4.68107807367, 0.00311619232136
3.63, -10.4773786637, -1.01186850764, 4.68198799988, -0.00378191337389
3.64, -10.4305784634, -1.01195203707, 4.68316393169, -0.0120948693807
3.65, -10.3837648281, -1.01205407175, 4.68471991003, -0.0078616214693
3.66, -10.3369338123, -1.01206850314, 4.68657196433, 0.00202629751888
3.67, -10.2900832371, -1.01203447979, 4.68862165919, 0.00106207030728
3.68, -10.2432106792, -1.01207343065, 4.69101464019, -0.0093578464535
3.69, -10.1963126165, -1.0121732988, 4.69366508842, -0.0107058870045
3.7, -10.1493871844, -1.01224362048, 4.69648202824, -0.0040113994115
3.71, -10.1024316018, -1.01223587423, 4.69986892971, 0.00216975412193
3.72, -10.0554382921, -1.01222604299, 4.70383217534, -0.00278082912139
3.73, -10.0084040744, -1.01229551154, 4.70803481668, -0.010783713444
3.74, -9.96132625658, -1.01239406001, 4.71263314106, -0.00844666544911
3.75, -9.91419956148, -1.01242174506, 4.71779978987, 0.0004772766173
3.76, -9.86701884745, -1.01239595187, 4.72333447569, 0.00110745233268
3.77, -9.8197810174, -1.0124244403, 4.72932808361, -0.00779286876923
3.78, -9.77247839834, -1.01252591272, 4.73639853422, -0.0114594327472
3.79, -9.72510068084, -1.01259691727, 4.74412644668, -0.00364147787525
3.8, -9.6776426852, -1.01258331862, 4.75255877412, 0.00272622800537
3.81, -9.63009697423, -1.01257227364, 4.76153586705, -0.00309643613882
3.82, -9.58245700106, -1.01264848805, 4.77165421369, -0.0115816677211
3.83, -9.53471132881, -1.01275172745, 4.78240238937, -0.00851819955658
3.84, -9.48685552317, -1.01277529768, 4.79363070628, 0.00114306339629
3.85, -9.43888599988, -1.01274450423, 4.80513055435, 0.00127840970322
3.86, -9.39080175896, -1.01277678013, 4.81647258188, -0.00855648518987
3.87, -9.34260574366, -1.01288598969, 4.82749770066, -0.0120309511101
3.88, -9.29430107076, -1.01295702801, 4.8382117003, -0.00318927703008
3.89, -9.2458907796, -1.01293687887, 4.84862628526, 0.0033197668151
3.9, -9.1973778256, -1.01292497216, 4.85875312908, -0.00349875022216
3.91, -9.14876507348, -1.01300422186, 4.86860215843, -0.00772434472563
3.92, -9.10005533096, -1.01310425674, 4.87816298031, -0.00943921572654
3.93, -9.0512512951, -1.01314246943, 4.88745950799, -0.000336620027939
3.94, -9.00235560906, -1.01311740946, 4.89649782446, 0.00164514081009
3.95, -8.95337083551, -1.01313746916, 4.90528628466, -0.00699803206616
3.96, -8.90429946598, -1.01323752762, 4.91382770802, -0.0119627291381
3.97, -8.85514392304, -1.01331883434, 4.92212731876, -0.00484438016258
3.98, -8.80590656049, -1.01331244374, 4.93019457056, 0.00259621713286
3.99, -8.75658966802, -1.01329569162, 4.93803943074, -0.0021510751027
4.0, -8.707195468, -1.01336501502, 4.94566600859, -0.0113682875468
4.01, -8.65772612417, -1.0134741255, 4.9530764194, -0.00964608059619
4.02, -8.60818373721, -1.01350908275, 4.9602775548, 0.000309299951749
4.03, -8.55857035161, -1.01347852408, 4.96727926151, 0.00191465616937
4.04, -8.50888795198, -1.01350153771, 4.97408826128, -0.00770660571332
4.05, -8.45913846857, -1.01360954506, 4.98070525945, -0.0126049493301
4.06, -8.40932377816, -1.01369176746, 4.98713411192, -0.00445757754248
4.07, -8.35944570418, -1.01368679552, 4.99338798716, -6.77400540165e-05
4.08, -8.3095060205, -1.01367147059, 4.99946048705, -0.00123795052918
4.09, -8.25950644873, -1.01372743, 5.00536912176, -0.0101163539271
4.1, -8.20944866485, -1.01383374535, 5.01111011901, -0.0103058889291
4.11, -8.15933429634, -1.01388277901, 5.01668835756, -0.00131761664334
4.12, -8.10916492684, -1.01386107316, 5.02211188082, 0.00191846692021
4.13, -8.05894209422, -1.01387385601, 5.02738684067, -0.00615075172242
4.14, -8.00866729314, -1.01397041723, 5.03251349938, -0.012182514527
4.15, -7.95834197804, -1.01406014845, 5.03749378062, -0.00598898983731
4.16, -7.90796756097, -1.01406219414, 5.04233416493, 0.00224053974768
4.17, -7.85754541671, -1.01404158147, 5.047042259, -0.0012830497563
4.18, -7.80707687831, -1.01410274789, 5.05162022836, -0.0108792917237
4.19, -7.75656324482, -1.0142146805, 5.05606736695, -0.0105232469804
4.2, -7.70600577645, -1.01426045748, 5.06038800763, -0.00063365301679
4.21, -7.65540570042, -1.01423217006, 5.06458927257, 0.00234567292475
4.22, -7.60476420769, -1.01424635147, 5.06867649773, -0.00673600625188
4.23, -7.55408245614, -1.01435045178, 5.07264823835, -0.012851837141
4.24, -7.50336157267, -1.01444169071, 5.07650573639, -0.00565774444318
4.25, -7.45260265085, -1.01443697689, 5.08025491557, 0.00299199661489
4.26, -7.40180675623, -1.0144266145, 5.08390231782, -0.000828166462596
4.27, -7.3509749213, -1.01447587077, 5.08744911351, -0.00945494675006
4.28, -7.30010815194, -1.01458044645, 5.09089459614, -0.0106191859519
4.29, -7.24920742464, -1.01463686628, 5.09424155423, -0.00220575479513
4.3, -7.19827369021, -1.01462052476, 5.09749573589, 0.00183278750566
4.31, -7.14730787174, -1.01462864614, 5.10066202107, -0.00537561537143
4.32, -7.09631086547, -1.01471919201, 5.1037393209, -0.0119322579744
4.33, -7.04528354468, -1.01481264734, 5.10672771309, -0.00679119668531
4.34, -6.99422675634, -1.01482306698, 5.10963172245, 0.00161899657076
4.35, -6.94314132627, -1.01480245487, 5.11245716688, -0.000768581392239
4.36, -6.89202805358, -1.01485602742, 5.11520556656, -0.0101611953612
4.37, -6.84088771832, -1.0149663096, 5.11787460491, -0.0108942562842
4.38, -6.78972107684, -1.01502015786, 5.12046656778, -0.00157436185767
4.39, -6.73852886572, -1.01499713707, 5.12298728445, 0.00232266312297
4.4, -6.6873117998, -1.01500570009, 5.1254408493, -0.00586295883371
4.41, -6.63607057313, -1.01510333431, 5.12782527025, -0.0126123603925
4.42, -6.58480586265, -1.01519890007, 5.13013978685, -0.00654147167447
4.43, -6.5335183242, -1.01520300063, 5.13238868705, 0.00237563462758
4.44, -6.48220859785, -1.01517831266, 5.13457793132, -0.000789046309233
4.45, -6.43087730215, -1.0152371785, 5.13670776941, -0.0109640744521
4.46, -6.37952504181, -1.0153536427, 5.13877532841, -0.0111675805843
4.47, -6.32815240224, -1.0154044268, 5.14078259594, -0.000873950822197
4.48, -6.27675995455, -1.01538825845, 5.14273520124, 0.00202387772437
4.49, -6.22534825261, -1.01538834729, 5.14463596898, -0.00439128951274
4.5, -6.17391783346, -1.01547380602, 5.14648372244, -0.0120038089107
4.51, -6.12246922211, -1.01557482087, 5.14827689716, -0.00790957239885
4.52, -6.07100292662, -1.01559385243, 5.15001849508, 0.00123241902406
4.53, -6.01951944325, -1.01556922973, 5.1517140091, 0.000166149050953
4.54, -5.96801925084, -1.01561339823, 5.15336453086, -0.00952041920713
4.55, -5.91650281743, -1.01572528035, 5.15496660745, -0.0116986898441
4.56, -5.86497059663, -1.01578990372, 5.15652137442, -0.0025597662291
4.57, -5.81342303055, -1.01576951664, 5.15803325643, 0.00274639391623
4.58, -5.76186054882, -1.01576857214, 5.15950652834, -0.0047692337482
4.59, -5.71028356707, -1.0158608685, 5.16093836767, -0.0127306583724
4.6, -5.6586924924, -1.01596484597, 5.16232704637, -0.00774421118802
4.61, -5.60708771775, -1.01597772487, 5.16367544528, 0.00204166101931
4.62, -5.55546962789, -1.01596233495, 5.16498925521, 0.000200884240737
4.63, -5.50383859397, -1.01599660771, 5.16626800295, -0.00805591744864
4.64, -5.45219497814, -1.01609794354, 5.16750957694, -0.0113310005698
4.65, -5.40053913252, -1.0161696843, 5.1687139517, -0.00397681541262
4.66, -5.34887139925, -1.01616291299, 5.16988471265, 0.00185124977366
4.67, -5.29719211125, -1.01615969992, 5.17102591132, -0.00366262896081
4.68, -5.24550159018, -1.01623768578, 5.17213572182, -0.0114724312026
4.69, -5.19380015158, -1.01633943707, 5.17321163298, -0.00847671670393
4.7, -5.1420880997, -1.01636641937, 5.17425586718, 0.00049023888152
4.71, -5.09036573281, -1.01634386868, 5.17527325231, 0.000478460865645
4.72, -5.03863333802, -1.01638079142, 5.17626483074, -0.00867219681648
4.73, -4.98689119652, -1.01648829002, 5.17722670546, -0.0117481477867
4.74, -4.93513958091, -1.01655900205, 5.17815899248, -0.00345799641732
4.75, -4.88337875627, -1.01654533222, 5.1790655998, 0.00247524097923
4.76, -4.83160898072, -1.01654064904, 5.17995016339, -0.00396509225991
4.77, -4.77983050305, -1.01662504578, 5.18081028738, -0.0122017885723
4.78, -4.72804356789, -1.01673039913, 5.18164338665, -0.00840984427657
4.79, -4.67624841065, -1.01675203903, 5.18245174082, 0.00125548376118
4.8, -4.62444526292, -1.01672402272, 5.18324004766, 0.000666700258294
4.81, -4.57263434648, -1.01676458807, 5.18400888657, -0.00939583154292
4.82, -4.52081587937, -1.01687895158, 5.18475408969, -0.012191559904
4.83, -4.46899007263, -1.01694834804, 5.18547562404, -0.0028793030654
4.84, -4.41715713181, -1.01692730809, 5.18617758924, 0.00311525663632
4.85, -4.36531725689, -1.01692153865, 5.18686363964, -0.0043446395882
4.86, -4.31347063555, -1.01700843761, 5.18753530289, -0.00828983532981
4.87, -4.2616174725, -1.0171093512, 5.18817577199, -0.00917953058342
4.88, -4.20975793506, -1.01714428103, 5.18880167335, -0.000120946885276
4.89, -4.15789220761, -1.01712149939, 5.18941194761, 0.00104286521951
4.9, -4.10602046212, -1.01714982602, 5.19000785216, -0.00782349741775
4.91, -4.05414286705, -1.01725438965, 5.19058564823, -0.0120166190526
4.92, -4.00225958628, -1.01733271736, 5.19114446943, -0.00440080220539
4.93, -3.95037077876, -1.01732453838, 5.19168751563, 0.00243385712642
4.94, -3.89847659978, -1.01731392516, 5.19221886928, -0.00301611994817
4.95, -3.84657719795, -1.01739073607, 5.19273627174, -0.0118414028174
4.96, -3.79467272083, -1.01749959595, 5.19323610569, -0.00925866665968
4.97, -3.74276330915, -1.01753020604, 5.19372021177, 0.00059621051884
4.98, -3.69084910273, -1.01750170872, 5.1941928111, 0.00130107091429
4.99, -3.6389302339, -1.01753304782, 5.19465527106, -0.0085165976535
5.0, -3.58700683344, -1.01764487844, 5.19510318461, -0.0125523507456
5.01, -3.53507902849, -1.01772292617, 5.19553541392, -0.00390664046912
5.02, -3.48314694223, -1.0177155311, 5.19596049196, -0.000199001764632
5.03, -3.43121069471, -1.01770648883, 5.19636748524, -0.00213206756399
5.04, -3.37927040085, -1.01776989441, 5.19676878633, -0.0105445457609
5.05, -3.32732617508, -1.01787501703, 5.19715613402, -0.00979872026006
5.06, -3.27537812648, -1.0179186783, 5.19753089538, -0.000962535434713
5.07, -3.22342636332, -1.01789891022, 5.19789684944, 0.00127839466083
5.08, -3.17147098896, -1.01792028532, 5.19825520101, -0.00696636235516
5.09, -3.11951210372, -1.01802016734, 5.19860250058, -0.0120353963913
5.1, -3.06754980644, -1.01810459364, 5.19893748574, -0.00533335196215
5.11, -3.01558419223, -1.01810374239, 5.19926246518, 0.00209228852198
5.12, -2.96361535483, -1.0180897926, 5.19958172433, -0.00221746657256
5.13, -2.91164338255, -1.01815835146, 5.19989323379, -0.0112551798572
5.14, -2.85966836469, -1.01826812338, 5.20019302441, -0.00990295726442
5.15, -2.80769038506, -1.01830770752, 5.20048278313, -0.00024105561158
5.16, -2.75570952813, -1.01828153232, 5.20076602111, 0.00165424262935
5.17, -2.70372587326, -1.0183046892, 5.20104448887, -0.00755843969073
5.18, -2.65173949852, -1.0184115445, 5.20131390307, -0.0126041238862
5.19, -2.59975048084, -1.01849639004, 5.20157249603, -0.0049121103533
5.2, -2.54775889318, -1.01848847546, 5.201824014, 0.00282168493955
5.21, -2.49576480907, -1.01847164422, 5.20207164532, -0.00239546383844
5.22, -2.44376829588, -1.01854638581, 5.20231373906, -0.0120572663353
5.23, -2.39176942345, -1.01864697907, 5.2025459341, -0.0102459914065
5.24, -2.33976825665, -1.01869827475, 5.20277002123, -0.00172814831189
5.25, -2.28776486055, -1.01868089478, 5.20298898924, 0.00157949474318
5.26, -2.23575929736, -1.01869449896, 5.20320481696, -0.00601405687324
5.27, -2.18375162712, -1.01878872546, 5.20341396413, -0.0119670556043
5.28, -2.13174190944, -1.01887870566, 5.20361443918, -0.0062398368212
5.29, -2.0797302007, -1.01888514903, 5.20380865805, 0.00174771067731
5.3, -2.02771655808, -1.01886774887, 5.2040003604, -0.00138779034677
5.31, -1.97570103376, -1.01892752192, 5.20418826069, -0.0106050429257
5.32, -1.92368368166, -1.01903770793, 5.20436839463, -0.0105182401535
5.33, -1.8716645521, -1.01908629518, 5.20454128591, -0.00110119335033
5.34, -1.81964369579, -1.01906268272, 5.20471079188, 0.00199420731921
5.35, -1.76762116049, -1.01907748679, 5.20487875937, -0.00656069924537
5.36, -1.71559699263, -1.01917889018, 5.20504112519, -0.0126136769642
5.37, -1.66357123882, -1.01927039806, 5.20519585497, -0.00592972320443
5.38, -1.61154394266, -1.01927029412, 5.20534578532, 0.00248639714281
5.39, -1.55951514895, -1.019249313, 5.20549455163, -0.00147085466932
5.4, -1.50748489716, -1.0193146947, 5.20564099984, -0.0114032569119
5.41, -1.45545322991, -1.01943054069, 5.20578016278, -0.0107139916545
5.42, -1.40342018525, -1.01947541581, 5.20591351514, -0.000365957842308
5.43, -1.35138580326, -1.01945878073, 5.20604466723, 0.00164538909571
5.44, -1.29935012069, -1.01946567077, 5.20617489949, -0.0051294655855
5.45, -1.24731317299, -1.01955479623, 5.206301292, -0.011952340592
5.46, -1.19527499668, -1.0196509779, 5.20642126532, -0.00722179329631
5.47, -1.14323562524, -1.01966546907, 5.20653696309, 0.00133261570712
5.48, -1.09119509389, -1.01964504337, 5.20665191999, -0.000578011071314
5.49, -1.03915343302, -1.01969603452, 5.20676574648, -0.00994898569081
5.5, -0.987110675227, -1.01980669471, 5.20687411128, -0.0111555226937
5.51, -0.935066850713, -1.01986467613, 5.20697699822, -0.00200995085802
5.52, -0.883021990058, -1.0198439873, 5.20707811248, 0.00231356097939
5.53, -0.830976122157, -1.01985038807, 5.2071796121, -0.00554283096631
5.54, -0.778929273917, -1.01994613231, 5.20727792588, -0.0126116628185
5.55, -0.726881474122, -1.02004443023, 5.20737036484, -0.00697949563317
5.56, -0.67483274832, -1.02005250337, 5.20745926727, 0.00212025532742
5.57, -0.622783124137, -1.02002744951, 5.20754880738, -0.00053223678543
5.58, -0.570732624752, -1.020083181, 5.20763767513, -0.010716324109
5.59, -0.518681275756, -1.02019996216, 5.20772150198, -0.0114430072543
5.6, -0.466629100149, -1.02025502253, 5.20780047057, -0.00131339177105
5.61, -0.414576121932, -1.02023892494, 5.20787866305, 0.00119938706911
5.62, -0.362522363415, -1.02024218542, 5.20795739841, -0.00438704937306
5.63, -0.310467845462, -1.02032452723, 5.20803404165, -0.011540845141
5.64, -0.258412590296, -1.02042247292, 5.20810578609, -0.00784517010867
5.65, -0.206356617629, -1.02044452702, 5.20817431267, 0.000698914294069
5.66, -0.154299949005, -1.02042491575, 5.20824330591, -0.000163097982533
5.67, -0.102242602392, -1.02046852011, 5.20831254768, -0.00916485662313
5.68, -0.0501845973149, -1.02057589168, 5.20837795498, -0.0113182770147
