timestamp, prius1 x posi, prius1 y posi, prius1 x vel, prius1 y vel.
0.0, 0.0, 0.0, 0.0, 0.0
0.00999999999999, 25.0575845136, 0.999872713836, -0.109241865886, -0.00589914526887
0.02, 25.056472517, 0.999817738364, -0.117858528957, -0.00210193704811
0.03, 25.0552736715, 0.999842158274, -0.126505141403, 0.00690225257857
0.04, 25.053987478, 0.999911140249, -0.135682300486, 0.00610272261496
0.05, 25.0526044264, 0.999914644532, -0.145623473665, -0.00329919739695
0.06, 25.05112013, 0.999850952238, -0.155928788977, -0.00562624156452
0.07, 25.0495305898, 0.999831789866, -0.166664052908, 0.00322452814294
0.08, 25.0478300723, 0.999896596398, -0.178406829639, 0.00862375665136
0.09, 25.0460060437, 0.999944733965, -0.191027683773, 0.0014705473079
0.1, 25.0440543066, 0.999902330029, -0.203937648665, -0.00637205197969
0.11, 25.0419705642, 0.999846813581, -0.217566594664, -0.00169946526016
0.12, 25.0397465854, 0.999879628672, -0.231954521354, 0.00793511736169
0.13, 25.0373747113, 0.999956145873, -0.246974241944, 0.00647479723923
0.14, 25.0348505331, 0.999958128838, -0.2625521992, -0.0037531464185
0.15, 25.0321669565, 0.999890986695, -0.278683509975, -0.00567322484054
0.16, 25.0293201399, 0.999877027324, -0.295349198393, 0.00416438556827
0.17, 25.026303449, 0.99993875638, -0.312485339233, 0.00831281496153
0.18, 25.0231145889, 0.999997193622, -0.329778037315, 0.00327793161676
0.19, 25.0197512798, 0.999972011213, -0.347515147961, -0.00516177564554
0.2, 25.0162070764, 0.999916607267, -0.365785240425, -0.00261051154703
0.21, 25.0124786997, 0.999937266077, -0.384512935462, 0.00695343729543
0.22, 25.0085593392, 1.00001536231, -0.403815446927, 0.0076690100711
0.23, 25.0044450044, 1.00003617802, -0.423680791508, -0.00175156906262
0.24, 25.0001273284, 0.999979902728, -0.444278162596, -0.00558169895181
0.25, 24.9956030792, 0.999956821798, -0.464990578691, 0.00281210572817
0.26, 24.9908685976, 1.00002442199, -0.486504522613, 0.00964855523115
0.27, 24.9859155064, 1.00008971177, -0.508503821772, 0.00348180469851
0.28, 24.98074115, 1.00006266568, -0.530746200806, -0.00547232832765
0.29, 24.9753433272, 1.0000076136, -0.553359236385, -0.00213829986225
0.3, 24.9697145226, 1.0000381597, -0.576747186606, 0.00823028246891
0.31, 24.9638498887, 1.00011257896, -0.60070980675, 0.00799331725343
0.32, 24.9577417833, 1.00014733135, -0.625225738652, 0.000228023485212
0.33, 24.9513874426, 1.00010790948, -0.649951224264, -0.00452317320156
0.34, 24.9447853729, 1.0000840533, -0.674929492208, 0.00194365984774
0.35, 24.9379287816, 1.00014221969, -0.700662917337, 0.00909129607533
0.36, 24.9308134906, 1.00021334662, -0.726859418892, 0.0050182010548
0.37, 24.9234325162, 1.00020638525, -0.753582254709, -0.0035200432851
0.38, 24.915783837, 1.00016091778, -0.780401009304, -0.0021556136038
0.39, 24.9078662454, 1.0001831309, -0.80736466441, 0.0071325366332
0.4, 24.8996781755, 1.00026867184, -0.834683048084, 0.00899497445348
0.41, 24.8912129189, 1.00030774984, -0.862581698361, 0.000268287576217
0.42, 24.8824689498, 1.0002676614, -0.890429297362, -0.00446775735568
0.43, 24.8734447075, 1.00024929416, -0.918818695664, 0.00293131974995
0.44, 24.8641338117, 1.00032005051, -0.947551224136, 0.0103842421729
0.45, 24.8545351767, 1.00040005676, -0.9763645622, 0.00548083231006
0.46, 24.8446468776, 1.00039357726, -1.005665354, -0.00364449674925
0.47, 24.8344629, 1.00034953562, -1.0354519631, -0.00163225256878
0.48, 24.8239767782, 1.00038212458, -1.06590660216, 0.00848130603063
0.49, 24.8131862047, 1.00048010043, -1.09634971088, 0.00995951711787
0.5, 24.8020906686, 1.000523242, -1.12708081008, 0.00027219954209
0.51, 24.7906848509, 1.00048243846, -1.15819726877, -0.00437401201769
0.52, 24.7789670445, 1.0004705614, -1.18966825372, 0.00406223711986
0.53, 24.7669326144, 1.00055040539, -1.22134153852, 0.00693404536739
0.54, 24.7545790297, 1.00063118777, -1.25366736334, 0.00680958141118
0.55, 24.7418994463, 1.00064452111, -1.286510057, -0.00152941712728
0.56, 24.7288891408, 1.0006136478, -1.31960927534, -0.00120195528683
0.57, 24.7155474946, 1.00064132064, -1.35296817113, 0.00756598779145
0.58, 24.7018691649, 1.00073530206, -1.38673813357, 0.0103380666755
0.59, 24.687854285, 1.00079345217, -1.42028521824, 0.00248032603882
0.6, 24.6735037405, 1.00077331966, -1.45405483399, -0.00285632235923
0.61, 24.658812895, 1.00076466527, -1.48814334114, 0.00348493425352
0.62, 24.6437805532, 1.0008410591, -1.52254351585, 0.01120326159
0.63, 24.6284027336, 1.00093576041, -1.55698750763, 0.00748607504084
0.64, 24.612680627, 1.00095171471, -1.59144047392, -0.00145522767262
0.65, 24.596614011, 1.00092374885, -1.62608415688, -0.000578035467412
0.66, 24.5801984491, 1.00096247354, -1.6610311906, 0.00897198140701
0.67, 24.5634335259, 1.00106987272, -1.69614494905, 0.0114463769223
0.68, 24.5463152, 1.00113404046, -1.73150690326, 0.00270136401275
0.69, 24.5288432268, 1.00111497894, -1.76705608009, -0.00264510585201
0.7, 24.5110143818, 1.00111316739, -1.80273744886, 0.00460126516124
0.71, 24.4928207395, 1.00120365558, -1.83983875633, 0.0126735335817
0.72, 24.4742580099, 1.00130919992, -1.87679412704, 0.00814069017551
0.73, 24.4553246967, 1.00132717076, -1.91378044607, -0.00146022731842
0.74, 24.4360233483, 1.00130166527, -1.95040031611, 5.22721539055e-05
0.75, 24.4163564496, 1.00135223934, -1.98704340727, 0.0105099815723
0.76, 24.3963225946, 1.00147431628, -2.02378612584, 0.0126423448112
0.77, 24.37592092, 1.00154448665, -2.06045450963, 0.00285392946137
0.78, 24.3551547083, 1.00152569514, -2.09670343465, -0.00248050007358
0.79, 24.3340275973, 1.00153121577, -2.13288182827, 0.00583952539449
0.8, 24.3125348285, 1.00162657241, -2.16955435152, 0.0118967047634
0.81, 24.2906771733, 1.00174325569, -2.20589629108, 0.0102116224956
0.82, 24.2684574628, 1.00178381882, -2.24211911883, 0.00048645079253
0.83, 24.2458741332, 1.00176633655, -2.27860635933, -0.000139916153952
0.84, 24.2229262018, 1.0018092379, -2.31481858374, 0.00972973668556
0.85, 24.1996174283, 1.00193340409, -2.35084632895, 0.013868640762
0.86, 24.1759497751, 1.00202499934, -2.38675839123, 0.00534479635776
0.87, 24.1519226442, 1.00202416444, -2.42259252363, -0.00159737143379
0.88, 24.1275393702, 1.00202690519, -2.45800422112, 0.00489521746303
0.89, 24.1028039766, 1.00212169216, -2.49328066114, 0.00946176286922
0.9, 24.0777173969, 1.0022434707, -2.52826552378, 0.0119217298362
0.91, 24.0522803156, 1.00230663182, -2.56310450488, 0.00274421450769
0.92, 24.0264962127, 1.00230206282, -2.59781442752, 0.000162679674011
0.93, 24.0003639209, 1.0023391299, -2.63273581973, 0.0088047864668
0.94, 23.9738814171, 1.00246086491, -2.66784729531, 0.0145148147662
0.95, 23.9470475235, 1.00257028889, -2.7028746612, 0.00777686340245
0.96, 23.919864472, 1.00259071408, -2.73780727878, -0.000161928425132
0.97, 23.8923315728, 1.00259512981, -2.77294635488, 0.00416314389859
0.98, 23.8644455095, 1.00268631961, -2.80819027902, 0.0138724547891
0.99, 23.8362096632, 1.0028245712, -2.84290862083, 0.0128766376596
1.0, 23.8076288561, 1.00289172568, -2.87719987133, 0.0027960664964
1.01, 23.7787071863, 1.00288828223, -2.91120200234, 0.000537108567201
1.02, 23.7494453304, 1.00293484704, -2.9451229122, 0.0101883978383
1.03, 23.7198461205, 1.00306100701, -2.97879317229, 0.0135421198433
1.04, 23.689910505, 1.00317894507, -3.01240256123, 0.00960328528976
1.05, 23.659638939, 1.00322114289, -3.04597869503, 0.00185224812681
1.06, 23.6290322433, 1.00323536227, -3.07932602341, 0.0041763452135
1.07, 23.5980940039, 1.00331967487, -3.11240791358, 0.0130216269253
1.08, 23.5668255208, 1.0034576584, -3.14527085053, 0.0137793324082
1.09, 23.5352307953, 1.00354375195, -3.17766827477, 0.00516172963274
1.1, 23.5033136849, 1.00355897129, -3.20986181662, 0.00161724564938
1.11, 23.4710747115, 1.00360458474, -3.2420446995, 0.00933944770428
1.12, 23.43851476, 1.0037339612, -3.27394844759, 0.0156899993722
1.13, 23.405637826, 1.00386198011, -3.30545786791, 0.0100928651157
1.14, 23.3724485795, 1.00390551248, -3.33632114465, 0.0018698107493
1.15, 23.3389500686, 1.00392315316, -3.36746900551, 0.00491189535861
1.16, 23.3051426295, 1.00401944518, -3.39796720427, 0.0144592540666
1.17, 23.2710312782, 1.0041699632, -3.42851867703, 0.0147018862159
1.18, 23.2366145525, 1.00425990746, -3.45896757102, 0.00518396595975
1.19, 23.2018933642, 1.00427533845, -3.48930870184, 0.00184011949273
1.2, 23.1668705308, 1.00432856434, -3.51932315443, 0.0105325216661
1.21, 23.1315487278, 1.00447172259, -3.54921817874, 0.017004136195
1.22, 23.0959285807, 1.00460798406, -3.57888232473, 0.0104504867911
1.23, 23.0600136909, 1.00465155415, -3.60817832092, 0.00177661011222
1.24, 23.0238072317, 1.00467198739, -3.63731246694, 0.00562534428173
1.25, 22.987309419, 1.0047802588, -3.66634637016, 0.0158995145613
1.26, 22.9505228623, 1.0049282427, -3.69506912207, 0.0151208377406
1.27, 22.9134506651, 1.00503337403, -3.72358824092, 0.00731354485161
1.28, 22.8760923032, 1.00506751149, -3.75229395178, 0.00309161155722
1.29, 22.8384470762, 1.00512172509, -3.78086192498, 0.00980619046498
1.3, 22.8005183074, 1.00525645605, -3.80906365314, 0.016513966736
1.31, 22.7623065343, 1.00539919803, -3.83739367198, 0.0120534846738
1.32, 22.7238132006, 1.00546381516, -3.86548740251, 0.00384049346106
1.33, 22.6850387072, 1.00549506562, -3.89352836638, 0.00572171484295
1.34, 22.645985065, 1.00559587948, -3.9214311494, 0.0148572418254
1.35, 22.6066518987, 1.00575539642, -3.94942593192, 0.0161387890814
1.36, 22.5670388913, 1.00586502612, -3.97729658049, 0.00738072528753
1.37, 22.5271488447, 1.00589910848, -4.00484350166, 0.0032272409342
1.38, 22.4869844044, 1.00595963314, -4.03228599039, 0.0108598869895
1.39, 22.4465455981, 1.00610726251, -4.05961797926, 0.0178004119015
1.4, 22.4058354049, 1.00625859199, -4.08657216324, 0.0124741963863
1.41, 22.364857333, 1.0063234784, -4.11319952043, 0.00371386554498
1.42, 22.3236137431, 1.00635641592, -4.13978275325, 0.00628011476418
1.43, 22.2821045352, 1.00646783215, -4.16622786832, 0.0162015750875
1.44, 22.2403320011, 1.00663940227, -4.19255304995, 0.017037058024
1.45, 22.1982959744, 1.00675243396, -4.2189021904, 0.00732440145154
1.46, 22.1559958319, 1.00678543966, -4.24528592086, 0.00329416788808
1.47, 22.1134327259, 1.00685212852, -4.27160946045, 0.0119346434089
1.48, 22.0706069701, 1.00701283224, -4.29761959208, 0.0190808960783
1.49, 22.0275238915, 1.00717213947, -4.32311769795, 0.0127930039019
1.5, 21.9841892174, 1.00723620254, -4.34792545252, 0.00349578400073
1.51, 21.9406100278, 1.00727048089, -4.37204316982, 0.00684862240063
1.52, 21.8967930825, 1.00739280908, -4.3955002119, 0.0175734541059
1.53, 21.852744922, 1.00756174399, -4.41830403636, 0.0181275541434
1.54, 21.8084720375, 1.00769374589, -4.44046157224, 0.00946045927596
1.55, 21.7639808252, 1.00774047773, -4.46198682167, 0.0037394312039
1.56, 21.71927743, 1.00780097094, -4.48291906804, 0.0107522317652
1.57, 21.6743676778, 1.0079540751, -4.50327743785, 0.0190625352836
1.58, 21.6292572631, 1.00812539756, -4.52306576374, 0.0148026734206
1.59, 21.5839518842, 1.00820939399, -4.54228393215, 0.00499390837023
1.6, 21.5384571012, 1.00824616452, -4.56096370228, 0.00609344905684
1.61, 21.4927781605, 1.00835684624, -4.5791346877, 0.0165566787935
1.62, 21.4469200931, 1.00852685244, -4.59680208863, 0.0186123513077
1.63, 21.4008879189, 1.00867409326, -4.6139695413, 0.0114961465825
1.64, 21.3546866036, 1.00873691738, -4.63064300199, 0.00460789148004
1.65, 21.3083209368, 1.00879437069, -4.64685607086, 0.0096657625589
1.66, 21.2617954262, 1.00893698087, -4.66262756409, 0.0184901088185
1.67, 21.2151144511, 1.00911462939, -4.67795988356, 0.0163815828189
1.68, 21.1682824206, 1.00921807189, -4.69284850533, 0.00675736997536
1.69, 21.1213036729, 1.00926142293, -4.70731608222, 0.00571516287062
1.7, 21.0741822876, 1.00936080642, -4.72139161691, 0.0152462720451
1.71, 21.0269221309, 1.0095410419, -4.73508193888, 0.0195935437811
1.72, 20.979527066, 1.00969212169, -4.74838138332, 0.0114058651304
1.73, 20.9320009865, 1.00975154614, -4.76129414833, 0.00427463912922
1.74, 20.8843476148, 1.00981030468, -4.77385335705, 0.0102590938059
1.75, 20.836570409, 1.00996286531, -4.78607388728, 0.0196214614398
1.76, 20.7886727486, 1.01013402286, -4.79795195076, 0.0169860232841
1.77, 20.7406580618, 1.01025212609, -4.80948717785, 0.00857323136303
1.78, 20.6925297171, 1.01030793125, -4.82069299909, 0.00616791786878
1.79, 20.6442908917, 1.01040127126, -4.83159559122, 0.0140110220808
1.8, 20.5959445685, 1.01057146531, -4.84220202917, 0.0191798319547
1.81, 20.5474937187, 1.01072995779, -4.85250697348, 0.0129801534059
1.82, 20.4989413641, 1.01080668312, -4.86250981478, 0.00567466355326
1.83, 20.4502904116, 1.01086814883, -4.87223699089, 0.00955598490642
1.84, 20.4015435423, 1.01100822089, -4.88170396892, 0.0183660429577
1.85, 20.3527033432, 1.01119080389, -4.89090916724, 0.0174143103051
1.86, 20.3037724715, 1.01130798455, -4.89984334635, 0.00815423549808
1.87, 20.2547535771, 1.01136008269, -4.9085211154, 0.00602866177779
1.88, 20.2056491123, 1.01145724208, -4.91696810323, 0.0147861024692
1.89, 20.1564613528, 1.01163631067, -4.92518752386, 0.0199535306833
1.9, 20.107192596, 1.01179756379, -4.93317132938, 0.0128071720158
1.91, 20.0578452185, 1.01186962092, -4.94091663081, 0.00516599744113
1.92, 20.0084214874, 1.01193006155, -4.94845089239, 0.00989024494757
1.93, 19.9589234497, 1.01207782185, -4.95578700365, 0.01932156859
1.94, 19.9093530832, 1.01226722674, -4.96292080556, 0.0177084116744
1.95, 19.8597124678, 1.01238198112, -4.96983977308, 0.00758669996492
1.96, 19.8100036902, 1.01242930732, -4.97655908137, 0.00582968738336
1.97, 19.7602286396, 1.01253021677, -4.98310363881, 0.0155847790949
1.98, 19.7103890424, 1.01270502026, -4.989471971, 0.0195059319137
1.99, 19.6604866909, 1.01287474609, -4.99565977843, 0.0143897888142
2.0, 19.61052342, 1.01296166334, -5.00165915515, 0.006135911358
2.01, 19.560501017, 1.01302013365, -5.00749285334, 0.00879432544311
2.02, 19.5104210707, 1.01315402669, -5.0131757324, 0.0181541362921
2.03, 19.460285083, 1.01334274413, -5.01870454313, 0.0186316661565
2.04, 19.4100946513, 1.01347340744, -5.0240661546, 0.00928410430519
2.05, 19.3598514183, 1.01352883516, -5.02926884407, 0.00566429645623
2.06, 19.3095568705, 1.01361827901, -5.03433699117, 0.0139925195999
2.07, 19.2592123243, 1.01379616143, -5.03927348418, 0.0205275984976
2.08, 19.2088191278, 1.01396948247, -5.0440682388, 0.0142577168273
2.09, 19.158378747, 1.01405132993, -5.04871232865, 0.00551162493399
2.1, 19.1078925872, 1.0141071108, -5.05322960642, 0.00895375131122
2.11, 19.0573618514, 1.0142475604, -5.05763454792, 0.0190677918157
2.12, 19.0067876793, 1.01442898193, -5.061918164, 0.0185588054325
2.13, 18.9561713261, 1.01456946898, -5.06607346817, 0.0108427960172
2.14, 18.9055140656, 1.01463773696, -5.07010240553, 0.0063348262962
2.15, 18.8548170688, 1.01472272644, -5.07402688116, 0.0127575311646
2.16, 18.8040813489, 1.01488734266, -5.07785167523, 0.0195575303902
2.17, 18.7533079274, 1.01506205987, -5.08156799846, 0.0153217977693
2.18, 18.7024979397, 1.01515924002, -5.08516551821, 0.00698968769467
2.19, 18.6516524963, 1.01522011833, -5.08866332135, 0.00850210320981
2.2, 18.6007725378, 1.01534797826, -5.09207495095, 0.0175353978515
2.21, 18.5498589218, 1.01553565783, -5.0953968307, 0.0190571725109
2.22, 18.4989126052, 1.01567543945, -5.09861493809, 0.0103811986346
2.23, 18.4479346183, 1.0157381863, -5.10173280572, 0.00591129639629
2.24, 18.3969258698, 1.01582386961, -5.10477284956, 0.0132556979387
2.25, 18.3458871098, 1.01599598464, -5.10773897295, 0.0203164851989
2.26, 18.2948191172, 1.0161740502, -5.11061926437, 0.0152171579827
2.27, 18.243722801, 1.01626615038, -5.11340355332, 0.00631826053516
2.28, 18.1925990466, 1.01632320158, -5.11611121057, 0.0085061334588
2.29, 18.1414485595, 1.01645615617, -5.11875559123, 0.0183365589236
2.3, 18.0902719721, 1.0166505745, -5.12133207975, 0.0194307293738
2.31, 18.0390700382, 1.01678851045, -5.12382419878, 0.00979717477726
2.32, 17.9878435934, 1.01684480849, -5.12623594965, 0.00543483400574
2.33, 17.9365933398, 1.01693121408, -5.1285915047, 0.0137916366199
2.34, 17.8853198187, 1.01710082364, -5.13088965356, 0.0187979632877
2.35, 17.8340236481, 1.01728194361, -5.13312385606, 0.0164643638722
2.36, 17.7827055631, 1.01738884358, -5.13526426263, 0.00753863121943
2.37, 17.7313665631, 1.01744723492, -5.13730555596, 0.00767858086011
2.38, 17.6800077193, 1.01756594357, -5.13925375961, 0.0168550461094
2.39, 17.6286297087, 1.01775466143, -5.14112416151, 0.0198258218527
2.4, 17.5772336239, 1.0179057141, -5.14287044207, 0.0114908964651
2.41, 17.5258207202, 1.01797279909, -5.144497024, 0.00566080974311
2.42, 17.474391929, 1.01805003359, -5.14605278473, 0.0121919905488
2.43, 17.422947932, 1.01821640311, -5.14754233165, 0.0203636106402
2.44, 17.3714894247, 1.0184026606, -5.14894825996, 0.016465273846
2.45, 17.3200174796, 1.01850486293, -5.15023749885, 0.00683799616094
2.46, 17.2685330443, 1.01855845684, -5.15144105664, 0.00755566362514
2.47, 17.2170370471, 1.01868138292, -5.15255686436, 0.0176259680592
2.48, 17.1655303442, 1.01886417769, -5.15359010994, 0.0191092225091
2.49, 17.1140136329, 1.01902075666, -5.15455657152, 0.0128130864866
2.5, 17.0624878258, 1.01910146161, -5.15541561547, 0.00662970383284
2.51, 17.0109537561, 1.01917743204, -5.15620442419, 0.0111731922478
2.52, 16.9594121826, 1.01932955321, -5.15692203336, 0.0190372896527
2.53, 16.9078638441, 1.01951238041, -5.15756524127, 0.0170666500644
2.54, 16.856309412, 1.01962806887, -5.15813323551, 0.00840328873252
2.55, 16.8047497406, 1.01968984925, -5.15862340165, 0.00748464598495
2.56, 16.7531854492, 1.0198019436, -5.15905315819, 0.0160176436142
2.57, 16.7016171243, 1.0199860435, -5.15944768204, 0.0198407411963
2.58, 16.6500453855, 1.02014322298, -5.15973019506, 0.0124348386016
2.59, 16.5984711049, 1.02021793202, -5.1599459382, 0.00604332990687
2.6, 16.5468949532, 1.02029224296, -5.1601165542, 0.0114287806849
2.61, 16.4953172493, 1.02045052718, -5.16025975759, 0.0197767944524
2.62, 16.4437383305, 1.02063759747, -5.16035084494, 0.0170976412587
2.63, 16.3921589054, 1.02074881591, -5.16036829024, 0.00769391895958
2.64, 16.340579541, 1.0208050454, -5.16033256997, 0.0072377229186
2.65, 16.2890007686, 1.02092002996, -5.16026366435, 0.016677261693
2.66, 16.2374228675, 1.02111093167, -5.16015099594, 0.0203307559893
2.67, 16.1858464084, 1.02126759814, -5.15998171591, 0.0119407477107
2.68, 16.1342718918, 1.02133529893, -5.15975453774, 0.00538661773483
2.69, 16.0826999045, 1.02140783219, -5.15948862828, 0.0117149724681
2.7, 16.0311306622, 1.02157270846, -5.15920830564, 0.0205481802647
2.71, 15.9795643801, 1.02176384211, -5.15888712403, 0.0170665532054
2.72, 15.9280016428, 1.02186971767, -5.1585057977, 0.00689730290028
2.73, 15.8764429036, 1.02191997552, -5.15808163666, 0.00699605392977
2.74, 15.8248886101, 1.0220383529, -5.15762996254, 0.0174047176238
2.75, 15.7733388965, 1.02222207224, -5.15716433643, 0.020388326987
2.76, 15.7217940029, 1.02238958551, -5.15665794055, 0.0135108140727
2.77, 15.6702544817, 1.02246829345, -5.15609752967, 0.00572813067574
2.78, 15.6187206816, 1.02253271148, -5.15550877117, 0.0101614968987
2.79, 15.5671929492, 1.02268302187, -5.15489601476, 0.0196182370909
2.8, 15.5156714164, 1.02287698981, -5.15426725774, 0.0182866462082
2.81, 15.4641563669, 1.02299821686, -5.15358922268, 0.00821459667409
2.82, 15.4126483311, 1.02305039693, -5.15287381118, 0.00616227639618
2.83, 15.361147503, 1.02315342569, -5.15214420923, 0.0157435984256
2.84, 15.3096541471, 1.02333090576, -5.15138693498, 0.0198889011504
2.85, 15.258168458, 1.02350585555, -5.15060353109, 0.0149757245733
2.86, 15.2066908845, 1.02359805079, -5.14976436183, 0.00655079591616
2.87, 15.1552219269, 1.02365897973, -5.14889007448, 0.0089157437697
2.88, 15.103761721, 1.0237940422, -5.14801691401, 0.0183241213852
2.89, 15.0523102542, 1.02398609515, -5.14714135198, 0.0190877633775
2.9, 15.0008676385, 1.0241218907, -5.14623909877, 0.00976719853488
2.91, 14.9494343541, 1.02418059595, -5.14527372532, 0.00583747461348
2.92, 14.898010853, 1.02427062628, -5.14429394848, 0.0140116269508
2.93, 14.8465971012, 1.02444983076, -5.14333304006, 0.0207855230509
2.94, 14.7951931855, 1.02462723302, -5.14231444826, 0.0147317766617
2.95, 14.7437995807, 1.02471310536, -5.14127162501, 0.0057896689464
2.96, 14.6924164616, 1.02476985526, -5.14021169238, 0.00892541592598
2.97, 14.6410440687, 1.02491006849, -5.13913862016, 0.019110591272
2.98, 14.5896824557, 1.02509379031, -5.13804538114, 0.0189182956773
2.99, 14.538331936, 1.02523826686, -5.13692809075, 0.011197998318
3.0, 14.4869926601, 1.02530840045, -5.13578964842, 0.0063603099287
3.01, 14.4356649339, 1.02539259988, -5.13462874387, 0.0126525560944
3.02, 14.3843488027, 1.02555751031, -5.13346398562, 0.0197267378138
3.03, 14.3330444957, 1.0257353826, -5.13226270787, 0.0156945810002
3.04, 14.2817524074, 1.02583538091, -5.13102671921, 0.00713343895784
3.05, 14.2304727177, 1.0258958684, -5.12977638478, 0.00834372192632
3.06, 14.1792056193, 1.02602243035, -5.12852035749, 0.0174917488772
3.07, 14.1279510537, 1.02621161737, -5.12726889621, 0.0193455013936
3.08, 14.0767090588, 1.02635462341, -5.12599539456, 0.0106486341799
3.09, 14.0254799918, 1.02641816386, -5.12469135327, 0.0058188388528
3.1, 13.974263937, 1.02650190828, -5.12338847678, 0.0130459178141
3.11, 13.9230609975, 1.02667347016, -5.12207834008, 0.0204169338106
3.12, 13.8718711419, 1.02685405053, -5.12076902118, 0.0155243944418
3.13, 13.8206944505, 1.02694814732, -5.1194429815, 0.00636787398033
3.14, 13.7695310281, 1.02700374596, -5.11810852065, 0.00824132148204
3.15, 13.7183810527, 1.02713445495, -5.11675823892, 0.0182128178024
3.16, 13.6672447056, 1.02732968884, -5.11538221025, 0.0196565664555
3.17, 13.6161222784, 1.02747011487, -5.11397989803, 0.00997783049597
3.18, 13.5650139023, 1.02752617154, -5.11257134746, 0.0052304047875
3.19, 13.5139195564, 1.02760956038, -5.11117078766, 0.0134868860359
3.2, 13.4628393039, 1.02777787835, -5.10975857426, 0.0188435812811
3.21, 13.4117731455, 1.02796090199, -5.10835200663, 0.0167004496061
3.22, 13.3607210968, 1.02806889471, -5.10693437547, 0.00748297730618
3.23, 13.3096832785, 1.02812475996, -5.10549158562, 0.00731105881068
3.24, 13.2586600971, 1.02824040513, -5.10402781037, 0.016669601282
3.25, 13.2076514513, 1.0284294502, -5.10258367595, 0.0200034709219
3.26, 13.1566572949, 1.02858236782, -5.10111867288, 0.0115943047735
3.27, 13.105677952, 1.02864825878, -5.09962864286, 0.00535364661009
3.28, 13.0547134587, 1.02872154689, -5.09815148768, 0.0118115703416
3.29, 13.0037636519, 1.02888603867, -5.09669272767, 0.0203603192733
3.3, 12.9528284106, 1.02907377971, -5.09522804808, 0.0166536875596
3.31, 12.9019080363, 1.02917635929, -5.0937177642, 0.00669378178202
3.32, 12.8510028453, 1.02922641693, -5.0922008709, 0.00708860676335
3.33, 12.800112814, 1.02934549569, -5.09068162084, 0.0173832883777
3.34, 12.7492380378, 1.02952706925, -5.08914871011, 0.0200247436701
3.35, 12.6983787011, 1.02969050804, -5.08760079559, 0.0131411889063
3.36, 12.6475348768, 1.02976735634, -5.08604447316, 0.00570474799355
3.37, 12.5967065471, 1.0298326126, -5.08449763619, 0.0102606966292
3.38, 12.5458938024, 1.02998238868, -5.08292965105, 0.0193994105571
3.39, 12.4950968049, 1.03017257475, -5.08135455063, 0.0178354168715
3.4, 12.4443155536, 1.03029026579, -5.07977731857, 0.00799972029727
3.41, 12.3935501391, 1.03034224187, -5.0781717689, 0.0062604446497
3.42, 12.3428009421, 1.03044591009, -5.07655464189, 0.0157035771005
3.43, 12.2920678477, 1.03062372115, -5.07493993786, 0.0183888446893
3.44, 12.241350987, 1.0307878221, -5.07330441026, 0.0141418895456
3.45, 12.1906521058, 1.03087826404, -5.07132638923, 0.0069313955573
3.46, 12.1399739249, 1.03094601517, -5.06916115583, 0.00958374721067
3.47, 12.0893204207, 1.03108206195, -5.06603338607, 0.0178458551337
3.48, 12.0387070783, 1.03126431509, -5.06112569263, 0.0179220871867
3.49, 11.9881523822, 1.03139248822, -5.05460292643, 0.00951666884241
3.5, 11.9376668826, 1.03145510487, -5.04730506812, 0.00657477410873
3.51, 11.8872613486, 1.03155048723, -5.03835430717, 0.014121285185
3.52, 11.8369550807, 1.0317234737, -5.02745209347, 0.0196404603237
3.53, 11.7867667822, 1.03188892402, -5.01541609847, 0.0137650619083
3.54, 11.7367104719, 1.0319722651, -5.00071569288, 0.00611271119281
3.55, 11.6868071165, 1.03203507397, -4.98496029766, 0.00945100729348
3.56, 11.6370661907, 1.03217395597, -4.96826107992, 0.0183167211982
3.57, 11.5874983907, 1.0323588976, -4.95006574189, 0.0178461221984
3.58, 11.5381210193, 1.03248119294, -4.93052379757, 0.00857355049302
3.59, 11.4889429784, 1.03253442278, -4.91022225515, 0.00582251455008
3.6, 11.4399742374, 1.03262738026, -4.88840186154, 0.0142659618724
3.61, 11.3912312059, 1.03280333921, -4.86542465545, 0.019847307842
3.62, 11.342721349, 1.03296610913, -4.84178524652, 0.0130384004818
3.63, 11.2944537927, 1.03303883316, -4.81669418534, 0.00494369006235
3.64, 11.2464440503, 1.03309344191, -4.79056498412, 0.00903314257368
3.65, 11.1986999085, 1.03323280014, -4.76330368272, 0.0185836997133
3.66, 11.1512368286, 1.03340439713, -4.73470301732, 0.0177700200242
3.67, 11.1040645658, 1.03353380244, -4.70485892307, 0.00952939606151
3.68, 11.0571965358, 1.03358973326, -4.67405482302, 0.00522277246004
3.69, 11.0106466923, 1.03366642128, -4.64145675278, 0.0120641994323
3.7, 10.9644225536, 1.03382385647, -4.60917673368, 0.0186565968017
3.71, 10.9185312052, 1.03398628787, -4.57510038064, 0.0137806511134
3.72, 10.8729841313, 1.03406676386, -4.53988768497, 0.00528246110988
3.73, 10.8277893452, 1.0341130825, -4.50464687655, 0.0072407081676
3.74, 10.7829498078, 1.03423014487, -4.46856202267, 0.0164378866095
3.75, 10.7384789293, 1.03440440948, -4.4309759434, 0.017393148133
3.76, 10.6943907271, 1.03452456816, -4.39235273139, 0.00820294336791
3.77, 10.6506902274, 1.03456641025, -4.35319078012, 0.00394112844516
3.78, 10.6073887342, 1.03463536632, -4.31285891097, 0.0117218809293
3.79, 10.5644910273, 1.03478734806, -4.27261904974, 0.0140348494888
3.8, 10.5220001664, 1.03493644112, -4.23159420566, 0.0135959947369
3.81, 10.479918435, 1.03502104873, -4.19020415177, 0.00579417234146
3.82, 10.4382562969, 1.03506483589, -4.14802937241, 0.00612949870237
3.83, 10.3970167461, 1.03516209018, -4.10568035637, 0.0140501865104
3.84, 10.3562040361, 1.03531742257, -4.0620760764, 0.0162151344778
3.85, 10.3158382379, 1.03543616169, -4.01696542256, 0.00869725540255
3.86, 10.275923799, 1.03548160353, -3.9717913045, 0.00377956546706
3.87, 10.2364642645, 1.03553782011, -3.92569030469, 0.00959497177758
3.88, 10.197470134, 1.03567060496, -3.87904369486, 0.0164064759671
3.89, 10.1589425757, 1.0358165085, -3.83237603906, 0.0125805461833
3.9, 10.1208820105, 1.03588677236, -3.78564523652, 0.00415405155147
3.91, 10.0832922966, 1.03591625622, -3.73752756025, 0.00502013463223
3.92, 10.0461967545, 1.03600727407, -3.68754594031, 0.0137287112584
3.93, 10.0095997251, 1.03615879454, -3.63801332387, 0.015582049373
3.94, 9.97351265306, 1.03626585801, -3.58520057781, 0.00712050058702
3.95, 9.93795891828, 1.03629427712, -3.53160406964, 0.00216474051811
3.96, 9.90294071278, 1.03633907624, -3.47809618907, 0.00887081404131
3.97, 9.86845872777, 1.03646745417, -3.42437101224, 0.0159949347616
3.98, 9.8345155866, 1.03660532663, -3.36996695853, 0.0113533041037
3.99, 9.80112330515, 1.03665914902, -3.31460468332, 0.00230882631994
4.0, 9.76828412555, 1.03667238681, -3.25934076456, 0.00371894082245
4.01, 9.73599937465, 1.03675527303, -3.20337202125, 0.0132082564476
4.02, 9.70428099763, 1.03688737406, -3.14646920824, 0.0143544913906
4.03, 9.67313112265, 1.0369924291, -3.08966219444, 0.00742621187139
4.04, 9.64255256696, 1.03702001962, -3.0315255485, 0.00138817850113
4.05, 9.61256752156, 1.03704591904, -2.9717526186, 0.0062314499296
4.06, 9.58317910347, 1.03714806844, -2.912186829, 0.0138106827118
4.07, 9.55438610027, 1.03727542652, -2.85266742737, 0.0111833533539
4.08, 9.52618989033, 1.03733103137, -2.79216007362, 0.0023240680712
4.09, 9.49860942106, 1.03733427316, -2.73027601597, 0.00176637066382
4.1, 9.47164783358, 1.03739066734, -2.6680503057, 0.0103807923437
4.11, 9.44531108295, 1.03751593611, -2.60599271432, 0.0136048685127
4.12, 9.41960694826, 1.03760774862, -2.54109780848, 0.00564920453211
4.13, 9.39455161003, 1.03761539659, -2.47639338713, -0.000581823044647
4.14, 9.37014189821, 1.03762624557, -2.41197096928, 0.00517260649447
4.15, 9.34637553554, 1.03772148166, -2.34728948187, 0.0132206863885
4.16, 9.32326140275, 1.03783923204, -2.28208830379, 0.00977992746932
4.17, 9.30079335612, 1.03787588645, -2.21825165869, 0.000172724932276
4.18, 9.27895456551, 1.03785973397, -2.15618919716, 0.00018069409119
4.19, 9.25772742869, 1.03790591572, -2.09587403572, 0.00973118695118
4.2, 9.23709471296, 1.03801202928, -2.03725202882, 0.0115754777722
4.21, 9.21703979408, 1.03809515947, -1.98026577159, 0.00548468762457
4.22, 9.19754658787, 1.03810140956, -1.92486103557, -0.00107679345755
4.23, 9.17859943906, 1.03809734725, -1.87101051053, 0.00289031706523
4.24, 9.16018299814, 1.03816632184, -1.81867681745, 0.0107258234516
4.25, 9.14228233614, 1.03826841555, -1.76780934583, 0.00911503676605
4.26, 9.12488307677, 1.03830520655, -1.71835173878, 0.000390832200129
4.27, 9.10797129931, 1.03828417874, -1.67027241282, -0.00111493226843
4.28, 9.09153335277, 1.03830825357, -1.62354885488, 0.00708338152935
4.29, 9.07555587276, 1.03840462229, -1.57814036456, 0.0112035229415
4.3, 9.06002595572, 1.03847757439, -1.53399579505, 0.00405123370221
4.31, 9.04493118648, 1.0384671089, -1.49107277984, -0.0027342875364
4.32, 9.03025944823, 1.03845059235, -1.44935641989, 0.00208664504923
4.33, 9.01599881947, 1.03851540741, -1.40881847394, 0.0104798194455
4.34, 9.00213771236, 1.03861221118, -1.36941631158, 0.00822663798762
4.35, 8.98866501328, 1.03863529639, -1.3311015836, -0.00123933000556
4.36, 8.97556997052, 1.03859927697, -1.29385389258, -0.00230304107758
4.37, 8.96284199884, 1.03861692477, -1.25766000544, 0.00684388514209
4.38, 8.9504707021, 1.03871146048, -1.22249113562, 0.0108703376226
4.39, 8.9384460125, 1.03877579243, -1.1883036799, 0.00275868085991
4.4, 8.92675824777, 1.03875011087, -1.1550771705, -0.004218551713
4.41, 8.91539782008, 1.03872343402, -1.12283931684, 0.00155053217578
4.42, 8.90435395771, 1.03878232541, -1.09196023626, 0.00594456785989
4.43, 8.89361606536, 1.03886819399, -1.0617096475, 0.00836261269522
4.44, 8.88317229263, 1.038897691, -1.03282401448, -0.000598079861256
4.45, 8.87301114296, 1.0388589501, -1.00522940797, -0.00348722441797
4.46, 8.863118401, 1.03885670318, -0.979104127171, 0.00457998962778
4.47, 8.85347986988, 1.03893539087, -0.954266799092, 0.0101610302312
4.48, 8.84408423809, 1.03900326766, -0.930488481314, 0.00372068560716
4.49, 8.83492110452, 1.03898401461, -0.90781314964, -0.00422853688508
4.5, 8.82597798278, 1.03894544475, -0.886448109686, -0.00044382736574
4.51, 8.81724229275, 1.03898835268, -0.866215911549, 0.00887008128721
4.52, 8.8087038776, 1.03907765404, -0.847041398739, 0.00806806544735
4.53, 8.80035104843, 1.03909879371, -0.829056697354, -0.00176348427397
4.54, 8.79217247283, 1.03904885993, -0.812080173226, -0.00434391749179
4.55, 8.78415962904, 1.03904371453, -0.795884980034, 0.00474304358126
4.56, 8.77630417038, 1.03911536456, -0.780655755748, 0.00814014801167
4.57, 8.76859582737, 1.03918043267, -0.766360025537, 0.00437472520067
4.58, 8.76102666683, 1.03917087769, -0.75279629962, -0.00341039073617
4.59, 8.75358913362, 1.03913070004, -0.740091218316, -0.00149726408682
4.6, 8.74627313865, 1.03915670076, -0.728531344362, 0.00706164919924
4.61, 8.73906622767, 1.03923589764, -0.718092045401, 0.00795828575099
4.62, 8.73195960438, 1.03926522972, -0.708539363948, -0.000492679634349
4.63, 8.72494437633, 1.03922316576, -0.699634581184, -0.004296754784
4.64, 8.71801141849, 1.03920737252, -0.692101189638, 0.00298861403707
4.65, 8.71115061059, 1.03927301027, -0.685305740672, 0.00932442079489
4.66, 8.70435040133, 1.03933919771, -0.679867679656, 0.00400462804732
4.67, 8.69760007944, 1.03932226127, -0.675455900111, -0.00427620074539
4.68, 8.69088795409, 1.03927634905, -0.672055163594, -0.00167511835476
4.69, 8.68420628189, 1.03930548598, -0.669348683146, 0.0076696929218
4.7, 8.67754639749, 1.03938941289, -0.667986271465, 0.00813968784807
4.71, 8.67089099762, 1.0394150903, -0.668115098914, -0.00122844466839
4.72, 8.66423003244, 1.03936536151, -0.669259603902, -0.00486148142058
4.73, 8.65754999368, 1.0393494865, -0.671858951477, 0.00345651350724
4.74, 8.65083711096, 1.03942208315, -0.675447078799, 0.0100019061252
4.75, 8.64408713422, 1.03949017312, -0.67965511957, 0.00373133800336
4.76, 8.63728830394, 1.03946666357, -0.684983600778, -0.00503181561754
4.77, 8.63043148166, 1.03941697676, -0.691419693721, -0.00159008756593
4.78, 8.62350412855, 1.03945209352, -0.698873453951, 0.00854797267144
4.79, 8.61649717207, 1.03952838325, -0.707695256627, 0.00806031975489
4.8, 8.60939209105, 1.03956392464, -0.718049946229, 0.000353074624508
4.81, 8.60218093885, 1.03952722633, -0.728898881104, -0.00415754461028
4.82, 8.5948581081, 1.03950732198, -0.740369298482, 0.00228532877521
4.83, 8.58741759853, 1.03956737666, -0.752607747904, 0.00912193964677
4.84, 8.57984701553, 1.03963780531, -0.766341253213, 0.0049070306438
4.85, 8.57213421811, 1.03963092383, -0.780823885885, -0.00339454870317
4.86, 8.56427118103, 1.03958810098, -0.796749433644, -0.0018412186521
4.87, 8.55624145924, 1.039612613, -0.813735831734, 0.00721991756947
4.88, 8.54803964509, 1.03969711308, -0.831153510383, 0.00875347847269
4.89, 8.53966010461, 1.03973388855, -0.849645072853, 0.000104530539232
4.9, 8.53108768356, 1.03969412962, -0.86929226248, -0.00428934585736
4.91, 8.52231729528, 1.03967819298, -0.889236156882, 0.00313781017748
4.92, 8.51334600464, 1.03974907645, -0.909465535388, 0.0101993329886
4.93, 8.50417014648, 1.03982573013, -0.9303274167, 0.00508633034131
4.94, 8.49478078444, 1.03981669581, -0.951940667485, -0.00374319274202
4.95, 8.48517445204, 1.03977364831, -0.973721321347, -0.00143670251558
4.96, 8.47534727394, 1.03980744405, -0.996483217028, 0.00845285715709
4.97, 8.46528467148, 1.03990278373, -1.02037002422, 0.00952512139115
4.98, 8.45498202629, 1.03994149549, -1.0444860026, -9.68924600945e-05
4.99, 8.44443729858, 1.03989926819, -1.06878120251, -0.00434166262811
5.0, 8.43364737927, 1.03988849803, -1.09371448978, 0.00413850096134
5.01, 8.42260381983, 1.03997187105, -1.11948996765, 0.0114357518891
5.02, 8.41129830686, 1.04005597991, -1.14587627552, 0.00535006889314
5.03, 8.3997264567, 1.04004544167, -1.17314577007, -0.00402275039858
5.04, 8.3878729545, 1.04000326564, -1.20195512926, -0.000886705068455
5.05, 8.3757278878, 1.04004802693, -1.23124341645, 0.00985729896523
5.06, 8.36328925664, 1.04014100466, -1.26066526009, 0.0106621397176
5.07, 8.35055744079, 1.04019912301, -1.28967948165, 0.0020951434453
5.08, 8.33752980644, 1.04017122147, -1.3201062524, -0.00382118034469
5.09, 8.32419569211, 1.04015504653, -1.35107480458, 0.00305205000346
5.1, 8.31054896327, 1.04023187592, -1.38240475005, 0.0115516773781
5.11, 8.29658775687, 1.04032953094, -1.41416975781, 0.00754285403703
5.12, 8.28230488061, 1.0403407952, -1.44650034421, -0.00232854338248
5.13, 8.26769803056, 1.040302934, -1.4791854021, -0.00145345142882
5.14, 8.25275873433, 1.04033799139, -1.51295817314, 0.00905457480334
5.15, 8.23747876067, 1.04043550893, -1.54708846946, 0.0106255751181
5.16, 8.22185714087, 1.04050632843, -1.58128713604, 0.00417341310736
5.17, 8.20589211468, 1.04049962618, -1.61620165248, -0.00210259858726
5.18, 8.18957045824, 1.04048925853, -1.65212839306, 0.00271069316827
5.19, 8.17288978717, 1.04055849017, -1.68801328871, 0.0109044491798
5.2, 8.15584949371, 1.04065994403, -1.72426608491, 0.00891602962997
5.21, 8.13844325261, 1.04069272449, -1.76095804801, 5.77158039292e-05
5.22, 8.1206685332, 1.04067098965, -1.79817425366, -0.00076089572026
5.23, 8.10251827469, 1.04070240465, -1.83605049905, 0.00815363586713
5.24, 8.08398419932, 1.04080890031, -1.87491042223, 0.0121517301096
5.25, 8.06505809306, 1.04088811597, -1.91443849318, 0.00457942668714
5.26, 8.04573363399, 1.04088339992, -1.95433561534, -0.00186771292745
5.27, 8.02600990581, 1.04087972439, -1.99452819328, 0.00381567804762
5.28, 8.00587993335, 1.04096353506, -2.03555982251, 0.012482512852
5.29, 7.98533617798, 1.04107750679, -2.07703583836, 0.00977326485853
5.3, 7.9643779797, 1.04111416099, -2.11867772078, 0.000206363749894
5.31, 7.94300038482, 1.04109572872, -2.16066693292, -9.52695810704e-05
5.32, 7.92120279633, 1.0411391849, -2.20291244512, 0.00972638858139
5.33, 7.8989792564, 1.04126139228, -2.24560755123, 0.0135235133132
5.34, 7.87633001646, 1.0413488602, -2.28806054173, 0.00496418520511
5.35, 7.85325563139, 1.04134601724, -2.3308606709, -0.00161664236806
5.36, 7.82975136351, 1.04134990334, -2.37379888108, 0.00505798916501
5.37, 7.80581666674, 1.0414498569, -2.41717216684, 0.0142041202069
5.38, 7.781446471, 1.041577143, -2.46065653147, 0.0106534534924
5.39, 7.75664270249, 1.04161751635, -2.50388852637, 0.000321964634371
5.4, 7.73140891949, 1.04160241046, -2.54644324406, 0.000612595186618
5.41, 7.70574198812, 1.04165892811, -2.59059909776, 0.0114301290989
5.42, 7.67963334983, 1.04178305422, -2.63496847968, 0.014526300742
5.43, 7.65308136963, 1.04189134814, -2.67918949759, 0.00756538843945
5.44, 7.62608653636, 1.04190966655, -2.72376845668, -0.000288726087423
5.45, 7.59864246499, 1.04191471053, -2.76902774733, 0.00439120775736
5.46, 7.57074393506, 1.04200897357, -2.81441409292, 0.0141939278518
5.47, 7.54239134642, 1.04214905734, -2.86007699977, 0.0129352393625
5.48, 7.5135790379, 1.04221563617, -2.90633758953, 0.00271587342287
5.49, 7.48430160517, 1.04221249195, -2.95285144812, 0.000716117710137
5.5, 7.45456044491, 1.04226249658, -2.99910438539, 0.0106460846321
5.51, 7.42435804193, 1.04239272858, -3.04535195412, 0.0138552214937
5.52, 7.39369109338, 1.04251229019, -3.09177344103, 0.00967214576359
5.53, 7.3625621555, 1.04255511814, -3.13778176927, 0.00199026459647
5.54, 7.33097266826, 1.04257235356, -3.18436447037, 0.00462247881737
5.55, 7.29891188637, 1.04266175266, -3.23154544254, 0.0135428756278
5.56, 7.26638190182, 1.04280371645, -3.2782402086, 0.0140713819799
5.57, 7.23338541366, 1.04289161239, -3.32510500169, 0.00531884568228
5.58, 7.19991928618, 1.04290923019, -3.371944135, 0.00198187168122
5.59, 7.16598775323, 1.04295984988, -3.41822502439, 0.009938849138
5.6, 7.13159545594, 1.04309488685, -3.46412510069, 0.0161936407573
5.61, 7.09674599653, 1.04322636572, -3.50983062057, 0.0103410314873
5.62, 7.06144023518, 1.04327209669, -3.55501124523, 0.0021443273277
5.63, 7.02569002438, 1.04329388698, -3.59878330987, 0.0054666122333
5.64, 6.98950916098, 1.04339636448, -3.64119948196, 0.0150879543032
5.65, 6.95291099686, 1.0435517913, -3.68229520605, 0.0150670173407
5.66, 6.91590857778, 1.04364408207, -3.72209807203, 0.00537524155211
5.67, 6.87851459049, 1.04366217212, -3.76065691619, 0.0022227642082
5.68, 6.84074118063, 1.04372057899, -3.79803285823, 0.0111352312213
5.69, 6.8025999693, 1.04386921294, -3.8342633357, 0.0174575217155
5.7, 6.76410226305, 1.04400814011, -3.86937223325, 0.0105865169393
5.71, 6.72525913601, 1.04405264983, -3.90338668325, 0.00190919501651
5.72, 6.68608126396, 1.04407588442, -3.93636326139, 0.00603791503537
5.73, 6.64657881182, 1.04418887753, -3.96834459635, 0.0163577691123
5.74, 6.60676158156, 1.04435451587, -3.99935454771, 0.0156840397965
5.75, 6.56663919631, 1.04444704094, -4.02940792881, 0.00500102799388
5.76, 6.52622102989, 1.04447603102, -4.05854599951, 0.00293134656743
5.77, 6.48551601651, 1.04452967665, -4.08681193656, 0.00997830703693
5.78, 6.44453272285, 1.04466872776, -4.11423577426, 0.0170614026542
5.79, 6.40327946242, 1.0448152194, -4.14083364293, 0.0121727790184
5.8, 6.36176440602, 1.04487723766, -4.16662165415, 0.00332743673866
5.81, 6.31999545593, 1.04490327142, -4.19164168009, 0.00532415249448
5.82, 6.27798012198, 1.04500340746, -4.2159290321, 0.0150385467042
5.83, 6.23572562202, 1.04516537873, -4.23950062688, 0.0162882112252
5.84, 6.19323905338, 1.04527281282, -4.26236489591, 0.00681998908891
5.85, 6.15052736672, 1.04529884046, -4.28454721708, 0.00234919705061
5.86, 6.10759719534, 1.04535298181, -4.30608829151, 0.0104878011581
5.87, 6.06445484211, 1.04549961853, -4.32700797685, 0.0178021183713
5.88, 6.02110645519, 1.04564883064, -4.34731432541, 0.0119627700614
5.89, 5.97755811608, 1.045704587, -4.36701638125, 0.0025394288813
5.9, 5.93381570263, 1.04572603892, -4.38615038439, 0.00528313587165
5.91, 5.88988476752, 1.0458310732, -4.40474361252, 0.015817343322
5.92, 5.84577065221, 1.04598456782, -4.4228036634, 0.0161225532711
5.93, 5.80147864377, 1.04610087077, -4.44033891317, 0.00825584196012
5.94, 5.75701391134, 1.04613799153, -4.45736411933, 0.00279708861598
5.95, 5.71238141003, 1.04618527944, -4.47391152411, 0.00901239087519
5.96, 5.66758583217, 1.04631669467, -4.48999764665, 0.0166741489632
5.97, 5.62263174399, 1.04646602189, -4.50562745383, 0.0128996377374
5.98, 5.57752368067, 1.04653546286, -4.52080478076, 0.00380364418288
5.99, 5.5322660501, 1.04655940552, -4.53555551988, 0.00454162895423
6.0, 5.48686301259, 1.04664915784, -4.54990323442, 0.0140441869065
6.01, 5.44131854779, 1.04680723742, -4.563854684, 0.0164677799057
6.02, 5.39563660177, 1.04692101684, -4.57740958898, 0.00756901908821
6.03, 5.34982108093, 1.04694983506, -4.59058021534, 0.00205821283884
6.04, 5.30387570593, 1.04699473922, -4.60339486355, 0.0092239581764
6.05, 5.25780397954, 1.04713132249, -4.6158645265, 0.0172347596925
6.06, 5.21160932636, 1.04728209337, -4.6279897749, 0.0125849596757
6.07, 5.16529517921, 1.04734380762, -4.63977103054, 0.00281914807605
6.08, 5.11886487526, 1.04736052569, -4.65123183254, 0.00420238174875
6.09, 5.07232153858, 1.04745240173, -4.66239115381, 0.0145921677647
6.1, 5.02566815433, 1.04761509177, -4.67325150382, 0.0166402602081
6.11, 4.97890771195, 1.04772464816, -4.68380919088, 0.00669810519966
6.12, 4.93204318978, 1.04775566543, -4.69407644669, 0.00287621159212
6.13, 4.88507739263, 1.04779409968, -4.70407313373, 0.00773530857695
6.14, 4.83801298519, 1.04791460793, -4.71380976114, 0.0159573023845
6.15, 4.79085255188, 1.04806349486, -4.72328575979, 0.0133095295606
6.16, 4.74359869525, 1.04813724896, -4.73249941396, 0.0039791443104
6.17, 4.69625396668, 1.04815604975, -4.74146731969, 0.00345484304632
6.18, 4.64882075445, 1.04823227929, -4.75020670821, 0.0127357984697
6.19, 4.60130132422, 1.04838334117, -4.75871934868, 0.0163454416613
6.2, 4.55369794368, 1.0485005693, -4.76700134897, 0.00804431061278
6.21, 4.50601289188, 1.04852950115, -4.77505792347, 0.00150659099043
6.22, 4.45824833841, 1.04856250097, -4.78291003753, 0.00769287627532
6.23, 4.41040629891, 1.04868632235, -4.79056442783, 0.0164023823684
6.24, 4.36248874454, 1.04883610661, -4.79801833095, 0.0129687383901
6.25, 4.31449768423, 1.04890151876, -4.80526837859, 0.00288519671247
6.26, 4.2664350899, 1.04891136, -4.81233039678, 0.00290812768366
6.27, 4.21830278725, 1.04898786685, -4.81921902399, 0.0131461037853
6.28, 4.17010250298, 1.04914296705, -4.8259334965, 0.0165201025915
6.29, 4.12183598625, 1.04925609138, -4.83246821782, 0.0071649732331
6.3, 4.07350501078, 1.04928635868, -4.83882940078, 0.00217629245845
6.31, 4.02511124092, 1.04931117419, -4.84503185587, 0.00604468429884
6.32, 3.97665624195, 1.04941802154, -4.85108322583, 0.0151033108519
6.33, 3.92814152379, 1.04956622284, -4.85698046873, 0.0137403954887
6.34, 3.87956863351, 1.04964363291, -4.86271925028, 0.0039821193183
6.35, 3.83093910908, 1.04965424985, -4.86831045333, 0.00199769210901
6.36, 3.78225437571, 1.04971379195, -4.87376828405, 0.0112114744931
6.37, 3.73351576503, 1.04985729479, -4.87909219491, 0.0162836651429
6.38, 3.68472462226, 1.04997864656, -4.88427688907, 0.00853492821853
6.39, 3.63588232797, 1.05000628603, -4.88932350874, 0.000690877622352
6.4, 3.58699019942, 1.05002419329, -4.8942487391, 0.00586411557759
6.41, 3.53804943658, 1.05013373075, -4.89905755098, 0.0155600993573
6.42, 3.4890612078, 1.05028351999, -4.9037456554, 0.013486872502
6.43, 3.4400267283, 1.05035289476, -4.90830801808, 0.00285246702762
6.44, 3.39094720569, 1.05036792985, -4.91275642745, 0.00138122811531
6.45, 3.3418237506, 1.0504121687, -4.91710026479, 0.00930486363423
6.46, 3.29265740481, 1.05054259559, -4.92134059344, 0.0157977370577
6.47, 3.24344920882, 1.05067011015, -4.92547241322, 0.00980083820475
6.48, 3.19420024288, 1.0507080134, -4.92949461679, 0.00109390982197
6.49, 3.14491155133, 1.05071788047, -4.93342087535, 0.00418251061669
6.5, 3.09558407885, 1.05080895286, -4.93725722864, 0.0140470073279
6.51, 3.046218732, 1.05095536566, -4.94099962724, 0.0141546387953
6.52, 2.99681645707, 1.05103704873, -4.94464288157, 0.00407719907209
6.53, 2.94737821373, 1.05103978336, -4.94819405855, 0.000493062785396
6.54, 2.89790488299, 1.0510811881, -4.95166566658, 0.00949089634033
6.55, 2.84839726945, 1.05121551048, -4.9550561725, 0.0161275963383
6.56, 2.79885619136, 1.05134117749, -4.958359954, 0.0091250721754
6.57, 2.74928251214, 1.05137662517, -4.96167685658, 0.00327556116232
6.58, 2.6996770469, 1.05138253407, -4.96471792073, 0.00272387608796
6.59, 2.65004055178, 1.05145564442, -4.96778896339, 0.0124287197229
6.6, 2.60037373451, 1.05159654847, -4.97078654758, 0.0145875954646
6.61, 2.55067733439, 1.05168952147, -4.97370560694, 0.00534867509544
6.62, 2.5009521144, 1.05169644963, -4.97655021492, -4.43279726515e-05
6.63, 2.45119878142, 1.05172246002, -4.97933231903, 0.00747694521529
6.64, 2.40141797033, 1.05184196176, -4.98205137055, 0.0154588613151
6.65, 2.35161031937, 1.05197292927, -4.98470209593, 0.0104099600058
6.66, 2.30177650811, 1.05201182067, -4.9872821502, 0.000515757938468
6.67, 2.25191719794, 1.05202088236, -4.98980281071, 0.00166177598618
6.68, 2.20203298531, 1.05207676536, -4.99226797309, 0.0105812297634
6.69, 2.15212443106, 1.05220760622, -4.99467556208, 0.0145091669691
6.7, 2.10219211437, 1.05230930249, -4.99702088265, 0.00665668788179
6.71, 2.05223664173, 1.05232398489, -4.99930578894, -6.77901403022e-05
6.72, 2.00225858359, 1.05233825651, -5.00154091392, 0.00558593862157
6.73, 1.95225844625, 1.05244041794, -5.00372693181, 0.0142954865639
6.74, 1.90223673041, 1.0525720185, -5.00585895869, 0.0113961360586
6.75, 1.852193972, 1.05262332511, -5.0079341432, 0.00148449922015
6.76, 1.80213070714, 1.05261682607, -5.00996068689, 0.00101589192924
6.77, 1.75204741134, 1.05267202053, -5.01194510917, 0.0109058621536
6.78, 1.70194452364, 1.05280635622, -5.01388336112, 0.0146600384094
6.79, 1.65182250741, 1.05290392255, -5.01577073497, 0.00578264450515
6.8, 1.60168185414, 1.052915799, -5.01768231828, 0.00222701351738
6.81, 1.55152301024, 1.05292834729, -5.01941011755, 0.00437389739218
6.82, 1.50134638782, 1.05301371457, -5.02117106551, 0.0126472966483
6.83, 1.45115238407, 1.05313796369, -5.02288913354, 0.0115713217582
6.84, 1.40094142208, 1.05319879682, -5.024561785, 0.00270462743204
6.85, 1.35071393086, 1.05319782733, -5.02619478799, 0.000728806508665
6.86, 1.30047029616, 1.05323993437, -5.02779434388, 0.00903446537965
6.87, 1.25021087001, 1.05335892769, -5.02935738556, 0.013790252278
6.88, 1.19993601874, 1.05345933156, -5.03087989281, 0.00686017036769
6.89, 1.14964613112, 1.05347443134, -5.03236308357, -0.000386323387714
6.9, 1.09934157591, 1.05347900803, -5.03381525381, 0.00415608750245
6.91, 1.04902267586, 1.05356637361, -5.03523689651, 0.0130275608674
6.92, 0.998689748045, 1.05369181229, -5.03662341595, 0.0113214956879
6.93, 0.948343134172, 1.05374511337, -5.03797266709, 0.00164969519663
6.94, 0.897983181166, 1.05373459788, -5.03929075076, 5.12779787855e-05
6.95, 0.847610195897, 1.05377545329, -5.0405830637, 0.00931430246464
6.96, 0.797224457885, 1.05389811494, -5.04184570026, 0.0140136677303
6.97, 0.74682626213, 1.05399544741, -5.04307480039, 0.00609373130572
6.98, 0.696415923773, 1.05400022337, -5.04427216609, -0.00142561633376
6.99, 0.645993739055, 1.05399892926, -5.04544588073, 0.00403558520146
7.0, 0.595559963766, 1.05408935079, -5.0465953351, 0.013500047428
7.01, 0.54511485235, 1.05421634181, -5.04771565409, 0.0110571561145
7.02, 0.494658681418, 1.05426160554, -5.04880527898, 0.00053616321366
7.03, 0.444191730093, 1.05425580816, -5.04987089563, -0.00051898016609
7.04, 0.393714244399, 1.05428179592, -5.05091559101, 0.00744072037539
7.05, 0.343226451923, 1.05439144627, -5.05193687803, 0.0135142738553
7.06, 0.292728586865, 1.05449472202, -5.05293106198, 0.00734173137727
7.07, 0.242220899677, 1.05450980642, -5.05389917237, -0.000996145384671
7.08, 0.191703631779, 1.05450088289, -5.05484806945, 0.00239879174965
7.09, 0.141176992231, 1.05457309639, -5.05577818143, 0.0119922458845
7.1, 0.0906411849025, 1.05469653835, -5.05668484734, 0.0116976115302
