timestamp, prius1 x posi, prius1 y posi, prius1 x vel, prius1 y vel.
0.0, 0.0, 0.0, 0.0, 0.0
0.00999999999999, -25.0455447917, -1.00001890777, 0.121192159467, -0.00384271407608
0.02, -25.0442840609, -0.999991204782, 0.135644629208, 0.00625369261245
0.03, -25.042873768, -0.999932266352, 0.151109429952, 0.00462479875909
0.04, -25.0413069526, -0.999923142021, 0.166912145321, -0.0038649181226
0.05, -25.0395772931, -0.999984531647, 0.183681996533, -0.00747687098227
0.06, -25.0376749003, -1.00001750012, 0.201429587538, -2.18771438698e-05
0.07, -25.0355934131, -0.999969065596, 0.219459729999, 0.00616038309351
0.08, -25.0333296627, -0.999922229394, 0.237799398121, 0.000642391485267
0.09, -25.0308787027, -0.999959089289, 0.256983644457, -0.00755327282624
0.1, -25.0282345858, -1.0000227876, 0.276395680363, -0.0047079361248
0.11, -25.0253953829, -1.00001045883, 0.295991368366, 0.00457558269998
0.12, -25.0223548278, -0.999945223003, 0.316556727541, 0.00480885140805
0.13, -25.019104119, -0.999939841344, 0.337999213664, -0.00461712429452
0.14, -25.015639084, -1.00000903109, 0.359502081082, -0.00808103585392
0.15, -25.0119534962, -1.0000427093, 0.381964282742, 0.000339910960717
0.16, -25.0080434446, -0.999988548811, 0.404469313542, 0.006688854171
0.17, -25.0039081349, -0.999941168995, 0.427050146128, 0.000228523448481
0.18, -24.9995464984, -0.999985938905, 0.44973564775, -0.00846895014921
0.19, -24.9949511762, -1.00005514519, 0.473850645706, -0.00482420804526
0.2, -24.9901128677, -1.00003898436, 0.498201266198, 0.00520866059794
0.21, -24.9850307933, -0.99996958736, 0.522617004019, 0.00485289938343
0.22, -24.9796989326, -0.999969497116, 0.548373693361, -0.00552390575145
0.23, -24.9741061155, -1.00003389764, 0.574552356348, -0.00748511077554
0.24, -24.9682471177, -1.00007456364, 0.601614879522, -0.00114833357053
0.25, -24.9621156754, -1.00003566632, 0.62891299182, 0.00555861520231
0.26, -24.955707523, -0.999988439386, 0.657052427577, 0.00111624353558
0.27, -24.9490171273, -1.00002023772, 0.68532670114, -0.00728259832124
0.28, -24.9420399181, -1.00008764158, 0.714461159813, -0.00561781452027
0.29, -24.9347661388, -1.00008702274, 0.744575293754, 0.0034298753701
0.3, -24.927191514, -1.00002769683, 0.774675869896, 0.00475708944493
0.31, -24.9193146747, -1.00001823071, 0.804931505109, -0.00406531670316
0.32, -24.9111241401, -1.000085946, 0.837167451468, -0.00844732551841
0.33, -24.9026146209, -1.00012935777, 0.869056452125, -0.000975962935353
0.34, -24.8937837333, -1.00008631405, 0.901214576408, 0.00596567188339
0.35, -24.8846312686, -1.00003925872, 0.933371805602, 0.00066025096298
0.36, -24.8751522317, -1.00007942941, 0.966453131144, -0.00826518458977
0.37, -24.8653379796, -1.00015361105, 1.00039192175, -0.00590811893878
0.38, -24.8551859496, -1.0001508487, 1.03415167049, 0.00392849592558
0.39, -24.8446919485, -1.00008777468, 1.06875037449, 0.0048268499931
0.4, -24.8338482004, -1.0000832831, 1.10412591637, -0.00497423920545
0.41, -24.8226511668, -1.00016067215, 1.13941281699, -0.00924552868679
0.42, -24.8111004352, -1.00020639893, 1.17473787964, -0.00073466705634
0.43, -24.7991936583, -1.00015840701, 1.21072355955, 0.00644024963877
0.44, -24.7869271506, -1.00011149773, 1.24665022675, 0.000150748519338
0.45, -24.7742978007, -1.00016098217, 1.28331025189, -0.00935019051213
0.46, -24.7612970714, -1.00022775225, 1.3208149289, -0.00645101705597
0.47, -24.7479225219, -1.00023914868, 1.35812897128, 0.00214990186438
0.48, -24.7341755636, -1.00018817435, 1.3952974947, 0.00440558524527
0.49, -24.720055494, -1.00017708403, 1.43294451158, -0.00366770568284
0.5, -24.7055573893, -1.00024369017, 1.4707000547, -0.00877746007329
0.51, -24.6906834738, -1.00029658023, 1.50818438733, -0.00231428797312
0.52, -24.6754320381, -1.00026617447, 1.54628963614, 0.00499310970117
0.53, -24.6597985423, -1.00022233979, 1.5847640151, 0.000828012594515
0.54, -24.6437776469, -1.00025931857, 1.6235052857, -0.008083035628
0.55, -24.627368925, -1.00033775115, 1.66221216076, -0.00688740653623
0.56, -24.6105646764, -1.00034842376, 1.70252202102, 0.00252178353441
0.57, -24.5933589711, -1.0002945587, 1.7425700921, 0.00443496218842
0.58, -24.5757539126, -1.00028844783, 1.78239967716, -0.00456154759521
0.59, -24.5577512691, -1.00036478553, 1.82205168884, -0.00960884152307
0.6, -24.539345378, -1.00042087345, 1.86312410139, -0.00219605838617
0.61, -24.5205291787, -1.00038664209, 1.90404219368, 0.00538936072494
0.62, -24.5013050318, -1.00034306431, 1.94471867076, 0.000353819930604
0.63, -24.4816712413, -1.00038895596, 1.98599376011, -0.00914904132163
0.64, -24.461625631, -1.00047516213, 2.02705521291, -0.00727201345915
0.65, -24.4411706896, -1.00048436386, 2.06786310129, 0.0029826783384
0.66, -24.4203047684, -1.00042698206, 2.10926723287, 0.00448947915748
0.67, -24.3990235535, -1.00042608953, 2.15108196052, -0.00550236371285
0.68, -24.3773232135, -1.0005127073, 2.19289080902, -0.0104895523285
0.69, -24.3552077179, -1.0005720693, 2.2342489765, -0.00204688365363
0.7, -24.3326674634, -1.00053349895, 2.2774651439, 0.00583492749731
0.71, -24.3096984464, -1.0004901239, 2.32020999573, -0.000152620729476
0.72, -24.2863035208, -1.00054065815, 2.36265861375, -0.00539256759371
0.73, -24.2624774527, -1.00062660634, 2.40647299338, -0.0085726014634
0.74, -24.2382141244, -1.00065408201, 2.45004337458, 0.00119415451148
0.75, -24.2135167555, -1.00060428361, 2.49328559361, 0.00475709247614
0.76, -24.1883884104, -1.00059195545, 2.53622716063, -0.00406311728345
0.77, -24.1628202866, -1.00067180444, 2.5813121273, -0.0107636010284
0.78, -24.1368020297, -1.00074537284, 2.62615465934, -0.00409704155153
0.79, -24.1103363617, -1.00072349367, 2.67070910855, 0.0049124793538
0.8, -24.0834229932, -1.00067637817, 2.71571604391, 0.00111042725292
0.81, -24.0560580505, -1.00071869528, 2.76110339743, -0.00943844605038
0.82, -24.0282409225, -1.00080264576, 2.80613125097, -0.00873889961194
0.83, -23.9999746744, -1.0008426845, 2.85084756299, -0.000663971250348
0.84, -23.9712601976, -1.00080861159, 2.89588423863, 0.00382002244554
0.85, -23.9420947329, -1.00079407392, 2.94117126699, -0.0030238962238
0.86, -23.9124729199, -1.0008625117, 2.98700732709, -0.00999076879465
0.87, -23.8823883008, -1.00093981351, 3.03383296939, -0.00543290477115
0.88, -23.8518360688, -1.00093625991, 3.08037161663, 0.00312597664492
0.89, -23.8208209242, -1.00089702604, 3.12642665945, 0.00131561583194
0.9, -23.789340778, -1.0009287454, 3.17346012249, -0.00808048535142
0.91, -23.7573912442, -1.00102151728, 3.22016408472, -0.00950013884963
0.92, -23.7249770452, -1.00106346471, 3.26638361814, -0.000467984465536
0.93, -23.6921037647, -1.00102655701, 3.31205268719, 0.00397006653395
0.94, -23.6587725379, -1.00101544447, 3.35799862825, -0.0037946885524
0.95, -23.6249839836, -1.00109404834, 3.40350310197, -0.0110125782171
0.96, -23.5907391642, -1.00117731257, 3.44927554809, -0.00559081292832
0.97, -23.5560350813, -1.00117135297, 3.495343182, 0.00352263381139
0.98, -23.520872271, -1.00113106729, 3.54098028956, 0.001031890318
0.99, -23.4852559653, -1.00117076813, 3.58609559465, -0.00917941393281
1.0, -23.4491858878, -1.00127318707, 3.63158960958, -0.0101537553757
1.01, -23.4126681768, -1.00131595147, 3.67574826257, -0.00014080086126
1.02, -23.3757151846, -1.00127517856, 3.7186771486, 0.00418380170439
1.03, -23.3383390732, -1.00126756081, 3.76040888429, -0.00461686194166
1.04, -23.3005516795, -1.00134619836, 3.80097209005, -0.00969686808048
1.05, -23.2623645093, -1.00143527381, 3.84039816183, -0.00714869158708
1.06, -23.2237887422, -1.00144738169, 3.87872027783, 0.00198932638306
1.07, -23.1848352468, -1.00141119322, 3.91597306292, 0.00162924410784
1.08, -23.1455145871, -1.00143866208, 3.95218631152, -0.00788062556218
1.09, -23.1058370348, -1.00153750448, 3.98738456187, -0.0107838555786
1.1, -23.0658125719, -1.00159617864, 4.0215956503, -0.0021285544135
1.11, -23.0254508996, -1.00156908044, 4.0548506173, 0.00369953141949
1.12, -22.9847614494, -1.00155446098, 4.08717895077, -0.003196859976
1.13, -22.9437533892, -1.00163200591, 4.11860309329, -0.011528024592
1.14, -22.9024356331, -1.00172846191, 4.14914502672, -0.00734882324249
1.15, -22.8608168404, -1.00173784421, 4.17883150161, 0.00249749849068
1.16, -22.8189054315, -1.00169895685, 4.20769048601, 0.00153444243986
1.17, -22.7767095895, -1.00173296478, 4.23574476727, -0.00888075089963
1.18, -22.7342372725, -1.00184123329, 4.26301191417, -0.01145425055
1.19, -22.691496213, -1.00190071632, 4.28951359804, -0.00174963731237
1.2, -22.6484939262, -1.0018684117, 4.31527496612, 0.00411256442496
1.21, -22.6052377186, -1.00185520074, 4.34031960192, -0.00382945100169
1.22, -22.5617346903, -1.00193759167, 4.36466537977, -0.00773121102796
1.23, -22.5179917529, -1.00203141887, 4.38832340369, -0.00831409736853
1.24, -22.4740156088, -1.00205630386, 4.41132027858, 0.000890944970599
1.25, -22.4298127829, -1.00202496639, 4.43367607774, 0.0016955382313
1.26, -22.3853896145, -1.00204864578, 4.45540926128, -0.00747288178576
1.27, -22.3407522682, -1.00214869168, 4.47653285754, -0.0114337578327
1.28, -22.2959067346, -1.00221888712, 4.49706281766, -0.00346419631132
1.29, -22.2508588353, -1.00220154352, 4.51701886045, 0.00322310630641
1.3, -22.2056142309, -1.00218540741, 4.53642015973, -0.00266715082836
1.31, -22.1601784223, -1.0022592803, 4.55527934107, -0.0115208432604
1.32, -22.1145567598, -1.00236267244, 4.57360790066, -0.00852880241302
1.33, -22.0687544396, -1.002384625, 4.59142224176, 0.00146370216724
1.34, -22.0227765153, -1.00234926149, 4.60874076235, 0.00177138016946
1.35, -21.9766278975, -1.00237786089, 4.62557771027, -0.00834828463395
1.36, -21.9303133615, -1.00248679642, 4.64194171921, -0.0121077806372
1.37, -21.8838375481, -1.00255797242, 4.65784505508, -0.00308930586605
1.38, -21.8372049672, -1.00254291128, 4.67330747628, 0.000388610337375
1.39, -21.790420004, -1.00253014522, 4.68833388091, -0.00194592246731
1.4, -21.7434869194, -1.00259201056, 4.70294409885, -0.0103411488084
1.41, -21.6964098578, -1.00269279003, 4.71714309385, -0.00918218857647
1.42, -21.6491928449, -1.00272917078, 4.73094314088, -0.000250199961402
1.43, -21.6018397958, -1.00270424847, 4.74435893203, 0.00157767699729
1.44, -21.5543545144, -1.00272443067, 4.75740232912, -0.00693009615666
1.45, -21.5067406993, -1.00282253134, 4.77007967687, -0.0116885141754
1.46, -21.4590019459, -1.00290118044, 4.78239961173, -0.0046386393776
1.47, -21.4111417481, -1.00289402614, 4.79437474497, 0.00256811049902
1.48, -21.3631635042, -1.00287790472, 4.80601816001, -0.00219566933376
1.49, -21.315070514, -1.00294645082, 4.81733700992, -0.0111831929417
1.5, -21.2668659878, -1.00305293253, 4.82833647929, -0.00937112010285
1.51, -21.218553044, -1.00308608742, 4.83902636853, 0.00038124882457
1.52, -21.1701347166, -1.00305589429, 4.84941928996, 0.00182546576808
1.53, -21.1216139512, -1.00307917159, 4.85952467857, -0.00764341754427
1.54, -21.0729936127, -1.00318522001, 4.86934581512, -0.0123292633691
1.55, -21.0242764884, -1.00326484918, 4.87888906099, -0.00426616061256
1.56, -20.9754652844, -1.00325127978, 4.88816550896, 0.00321766812885
1.57, -20.9265626325, -1.00323324021, 4.8971860158, -0.00247261997918
1.58, -20.8775710894, -1.00330883634, 4.90595507433, -0.0120525113655
1.59, -20.8284931424, -1.00340648902, 4.91447594928, -0.00974890238682
1.6, -20.7793312073, -1.00345188693, 4.92275683668, -0.00117825242344
1.61, -20.7300876336, -1.00343142225, 4.93080747785, 0.00164910402786
1.62, -20.6807647047, -1.00344606694, 4.93863595405, -0.00617257188483
1.63, -20.6313646395, -1.00353997375, 4.94624454907, -0.0117238906782
1.64, -20.5818895963, -1.00362507018, 4.95363754453, -0.0056369978393
1.65, -20.5323416715, -1.00362655126, 4.96082316562, 0.00205552734411
1.66, -20.4827229049, -1.00360889276, 4.96781102681, -0.00155233733691
1.67, -20.4330352761, -1.00367014752, 4.97460457884, -0.010637692578
1.68, -20.3832807127, -1.00377770663, 4.98120557765, -0.0100319599912
1.69, -20.3334610857, -1.0038205992, 4.98761991865, -0.000586650395096
1.7, -20.2835782158, -1.00379454596, 4.99385656378, 0.00198262250534
1.71, -20.2336338717, -1.00381123067, 4.99992161036, -0.00679159999592
1.72, -20.183629772, -1.00391275798, 5.00581625837, -0.0123894031191
1.73, -20.1335675885, -1.00399948843, 5.01154288498, -0.00534017461242
1.74, -20.0834489456, -1.00399482571, 5.01710889142, 0.00273097247879
1.75, -20.0332754236, -1.00397443104, 5.02252258401, -0.00172486274048
1.76, -19.9830485556, -1.00404197608, 5.02778600338, -0.0114766428478
1.77, -19.9327698352, -1.00415533013, 5.03289943031, -0.0102252565329
1.78, -19.8824407114, -1.00419460481, 5.03786781022, 0.000121777808094
1.79, -19.8320625955, -1.00417619501, 5.04269908595, 0.00154880743258
1.8, -19.7816368566, -1.00418571515, 5.04739781789, -0.00541484729045
1.81, -19.7311648263, -1.0042751865, 5.05196464638, -0.0117249665513
1.82, -19.6806478005, -1.00436654304, 5.05640079466, -0.0066361623272
1.83, -19.6300870366, -1.00437685978, 5.06071240662, 0.00151097080248
1.84, -19.5794837596, -1.00435781529, 5.06490594323, -0.000909923007974
1.85, -19.5288391568, -1.0044114545, 5.0689838442, -0.0100429558778
1.86, -19.4781543843, -1.00451957663, 5.07294551811, -0.0106534573477
1.87, -19.4274305655, -1.00457202398, 5.07679407393, -0.00155559919072
1.88, -19.3766687932, -1.00455013426, 5.08053635211, 0.00214135330543
1.89, -19.325870129, -1.00455989101, 5.08417680932, -0.0058834062924
1.9, -19.2750356037, -1.00465615485, 5.08771519992, -0.0123727133204
1.91, -19.2241662214, -1.00474941416, 5.09115138285, -0.00637785115583
1.92, -19.1732629565, -1.00475350597, 5.09449052768, 0.00224783985908
1.93, -19.1223267577, -1.00473056288, 5.09773973017, -0.000939286629794
1.94, -19.0713585443, -1.00478943892, 5.10089961671, -0.010827341779
1.95, -19.020359213, -1.00490355825, 5.10396828704, -0.0109131404618
1.96, -18.9693296324, -1.00495298116, 5.10694920656, -0.000871990540827
1.97, -18.9182706502, -1.00492424916, 5.10984777741, 0.00260860511161
1.98, -18.8671830878, -1.00493509114, 5.11266894584, -0.00645504242853
1.99, -18.8160677449, -1.00502871228, 5.1154101817, -0.0107913242762
2.0, -18.7649253992, -1.00512400138, 5.11807200896, -0.00751061722947
2.01, -18.7137568049, -1.00514212947, 5.12065845339, 0.00105892335577
2.02, -18.6625626978, -1.00512075047, 5.12317522057, -0.000162083089266
2.03, -18.61134379, -1.00516568437, 5.12562354558, -0.00933864204039
2.04, -18.5601007752, -1.00527344625, 5.12800113204, -0.0112021305845
2.05, -18.5088343275, -1.00533496628, 5.13030975078, -0.00249013697592
2.06, -18.4575451024, -1.00531690799, 5.13255480507, 0.00234257762244
2.07, -18.4062337373, -1.00531918359, 5.13474060409, -0.00490960369863
2.08, -18.3549008506, -1.00540953127, 5.13686488598, -0.0123014362712
2.09, -18.3035470454, -1.00550896646, 5.13892640814, -0.00740090788937
2.1, -18.2521729054, -1.00552174722, 5.14092946211, 0.00177289542305
2.11, -18.2007790011, -1.0054960125, 5.14287934334, -0.000112712803928
2.12, -18.1493658834, -1.00554565058, 5.14477699146, -0.0101181981411
2.13, -18.0979340908, -1.00566004969, 5.14661923051, -0.0115704454479
2.14, -18.0464841455, -1.00571953014, 5.14840703465, -0.00187021872629
2.15, -17.9950165555, -1.00569445844, 5.15014601721, 0.00288681137588
2.16, -17.9435318143, -1.00569683045, 5.15183941363, -0.00539455790464
2.17, -17.8920305528, -1.0057900159, 5.15345865259, -0.00835124485367
2.18, -17.8405137436, -1.0058842077, 5.15495396264, -0.00808016544348
2.19, -17.7889823255, -1.00590993952, 5.15637458221, 0.000368725061988
2.2, -17.7374372128, -1.00589036606, 5.15769254552, 0.000141517028995
2.21, -17.6858793146, -1.0059286119, 5.15893885533, -0.0085741739104
2.22, -17.634309342, -1.00603271249, 5.16011333133, -0.0112955200304
2.23, -17.5827281643, -1.00610023047, 5.1611833117, -0.00334033071942
2.24, -17.5311371594, -1.00608834144, 5.16207580401, 0.00211045174288
2.25, -17.4795397566, -1.00608697752, 5.16250360564, -0.00415551323686
2.26, -17.4279437976, -1.00617017005, 5.16174893588, -0.0118437238849
2.27, -17.3763583204, -1.00627124238, 5.160429921, -0.00804427277605
2.28, -17.3247890423, -1.00629217836, 5.1585450482, 0.00106512826529
2.29, -17.2732412597, -1.00626779233, 5.15614412543, 0.000284725593091
2.3, -17.2217253876, -1.00630977783, 5.15216569375, -0.00927290453751
2.31, -17.17025254, -1.00642035917, 5.14763247832, -0.0116955935507
2.32, -17.1188269233, -1.00648641576, 5.14269070815, -0.00276824556971
2.33, -17.0674568131, -1.00646741388, 5.1363959306, 0.00272956208531
2.34, -17.0161537801, -1.00646490908, 5.12947652964, -0.00449450022527
2.35, -16.9649248646, -1.00655467807, 5.12161035143, -0.0125528204616
2.36, -16.9137800676, -1.00665868994, 5.11276590866, -0.00787241143146
2.37, -16.8627240057, -1.00667326672, 5.10376952664, 0.00191759975838
2.38, -16.811758138, -1.00665733612, 5.09476696581, 0.000400946954781
2.39, -16.7608819827, -1.00668884317, 5.08581714663, -0.00776571529
2.4, -16.7100958702, -1.00678863432, 5.07674694998, -0.011304477267
2.41, -16.6593995157, -1.00686142901, 5.06787350797, -0.00412372959176
2.42, -16.6087908814, -1.0068552134, 5.05918757595, 0.00193160083773
2.43, -16.5582682327, -1.00684958517, 5.0506613604, -0.00331536946419
2.44, -16.5078298574, -1.00692451642, 5.04234849587, -0.0112519143065
2.45, -16.4574738231, -1.00702586837, 5.03419367891, -0.00855678255806
2.46, -16.4071983071, -1.00705386514, 5.02623339064, 0.000450500657163
2.47, -16.3570015436, -1.00702997205, 5.01843360446, 0.000770919335828
2.48, -16.3068818302, -1.00706319168, 5.01082011277, -0.00829758542874
2.49, -16.2568374981, -1.00716848664, 5.0033532253, -0.0116737995096
2.5, -16.206867129, -1.00723979887, 4.99602319055, -0.00355792686052
2.51, -16.156969186, -1.0072260338, 4.98886180904, 0.00263496347192
2.52, -16.1071419798, -1.0072180254, 4.98187058933, -0.00352586299206
2.53, -16.0573841631, -1.00729858122, 4.97497982045, -0.0119187307846
2.54, -16.0076947939, -1.00740306337, 4.96818185825, -0.00844973884052
2.55, -15.9580727014, -1.00742524469, 4.96151464414, 0.00127358078575
2.56, -15.9085166466, -1.00739512471, 4.95497195289, 0.00104346266894
2.57, -15.8590265026, -1.00743116245, 4.94832856147, -0.00894924265469
2.58, -15.8096028238, -1.00754278501, 4.94169911701, -0.0120769270503
2.59, -15.7602460035, -1.00761242308, 4.93495600969, -0.00293980119537
2.6, -15.7109588423, -1.00760259513, 4.92780633845, 0.00170032863733
2.61, -15.6617428276, -1.00758920676, 4.92068365818, -0.00216471173931
2.62, -15.6125981652, -1.00765551164, 4.91354510185, -0.0108782569704
2.63, -15.5635250558, -1.00776081105, 4.90636949563, -0.00945474720655
2.64, -15.5145261322, -1.00779737176, 4.89869969985, -7.50674439363e-05
2.65, -15.4656042538, -1.00777074318, 4.89097873167, 0.00166875257461
2.66, -15.4167597183, -1.00779267059, 4.88323445508, -0.00729208604985
2.67, -15.3679937808, -1.0078952797, 4.87525009026, -0.0120856806376
2.68, -15.3193080107, -1.00797549617, 4.86722043993, -0.00454479277892
2.69, -15.2707027265, -1.00796570464, 4.85916207846, 0.00289576797151
2.7, -15.2221790817, -1.00794820774, 4.85087731222, -0.00225513769558
2.71, -15.1737396984, -1.0080197838, 4.84233293117, -0.011585487777
2.72, -15.1253855764, -1.00812915359, 4.83380505953, -0.0094528451457
2.73, -15.0771169577, -1.00816033148, 4.82524887662, 0.000778072336757
2.74, -15.0289368375, -1.00814025201, 4.81617023609, 0.001300821846
2.75, -14.9808471893, -1.00815462558, 4.80712674556, -0.00587413692958
2.76, -14.9328476977, -1.00824422133, 4.79811750768, -0.0112737040079
2.77, -14.8849404857, -1.00832720133, 4.78866408756, -0.00564642658083
2.78, -14.8371279759, -1.00833087127, 4.77921479911, 0.00178023582409
2.79, -14.7894092738, -1.00831424197, 4.76986189031, -0.00141762452706
2.8, -14.7417840365, -1.00837141756, 4.76054064665, -0.0100591639175
2.81, -14.6942537274, -1.00847402914, 4.75087121833, -0.00969260213039
2.82, -14.6468200076, -1.00851658299, 4.74123606476, -0.000748602806611
2.83, -14.599482323, -1.00849234452, 4.73166005984, 0.00192093990919
2.84, -14.5522410727, -1.0085065975, 4.72194632763, -0.00627890437061
2.85, -14.5050969284, -1.00860180649, 4.71226538554, -0.011759786688
2.86, -14.4580491416, -1.00868495394, 4.70265673883, -0.00522802959611
2.87, -14.4110995183, -1.00868133346, 4.69254366328, 0.00257342073634
2.88, -14.3642522042, -1.00866054134, 4.68229402575, -0.00142518953214
2.89, -14.3175072122, -1.00872224877, 4.67205889738, -0.0107247126258
2.9, -14.2708695758, -1.00882926668, 4.66086949036, -0.00977586126315
2.91, -14.2243597083, -1.00886727607, 4.64607300656, 5.28775677692e-05
2.92, -14.1780192363, -1.0088354707, 4.62749904694, 0.00243662775018
2.93, -14.1318746017, -1.00885034443, 4.60717947789, -0.00677406221905
2.94, -14.0859648361, -1.00895215787, 4.5808586141, -0.012308069096
2.95, -14.0403301219, -1.00903523614, 4.5515937616, -0.00469074318191
2.96, -13.9949991994, -1.00903033319, 4.52050471115, 0.00036090058342
2.97, -13.9499860702, -1.009007478, 4.4880750196, -0.000231017091469
2.98, -13.9053240613, -1.00905446097, 4.45025916164, -0.00940898625421
2.99, -13.8610466172, -1.00915809863, 4.41124590242, -0.0103005802374
3.0, -13.8171644321, -1.0092074569, 4.3711962929, -0.00115443713924
3.01, -13.7736920754, -1.0091798599, 4.32783861695, 0.00291390006551
3.02, -13.730681378, -1.00918104345, 4.28070808394, -0.00497110511254
3.03, -13.6881540317, -1.00926990043, 4.23141223378, -0.011738666039
3.04, -13.6461338209, -1.0093581195, 4.17906549852, -0.00584707468338
3.05, -13.6046372939, -1.00935570523, 4.12669065526, 0.00310476579606
3.06, -13.5636724436, -1.0093356397, 4.07283108861, 0.000742240309853
3.07, -13.5232464383, -1.00936697974, 4.01898267205, -0.00769912249758
3.08, -13.4833657551, -1.00946082109, 3.96382160175, -0.0101120525833
3.09, -13.4440347305, -1.00951672263, 3.90891557104, -0.00218765774783
3.1, -13.4052586982, -1.00949521308, 3.85279900792, 0.00298704166973
3.11, -13.367058103, -1.00948544753, 3.79396247213, -0.00319859453894
3.12, -13.3294475278, -1.00955725151, 3.73505546771, -0.0104813114909
3.13, -13.2924234827, -1.00964401192, 3.67650875622, -0.00656257160571
3.14, -13.2559837361, -1.00965192104, 3.61818537771, 0.0022609313491
3.15, -13.2201372774, -1.00961703802, 3.55763092383, 0.001346761367
3.16, -13.1848982166, -1.00964723135, 3.49699256245, -0.00788080538444
3.17, -13.1502648815, -1.00974218042, 3.43655560605, -0.00997532605296
3.18, -13.1162403527, -1.0097917937, 3.37513047558, -0.00118807609414
3.19, -13.0828278974, -1.00977045716, 3.31407053576, 0.00244079549967
3.2, -13.0500304657, -1.0097522547, 3.25204149884, -0.00155938590448
3.21, -13.0178608441, -1.00980652615, 3.18871599182, -0.00903539736887
3.22, -12.9863233728, -1.00988904159, 3.12566205664, -0.00699849984509
3.23, -12.9554153795, -1.00990597221, 3.06288203982, 0.00138651565772
3.24, -12.9251327013, -1.00987104711, 3.00051485786, 0.00224408193176
3.25, -12.8954841469, -1.00988466759, 2.93592338888, -0.00595131621203
3.26, -12.8664832236, -1.00996650889, 2.87132695488, -0.00944679344479
3.27, -12.8381263258, -1.01002060818, 2.80711024528, -0.00217971637429
3.28, -12.8104147576, -1.0099950845, 2.74208288485, 0.00390709439544
3.29, -12.7833520321, -1.00997008747, 2.67738694204, -0.00134481588669
3.3, -12.7569342788, -1.01002552943, 2.61308237082, -0.009243091787
3.31, -12.7311576153, -1.01010666908, 2.54915956979, -0.00645401525319
3.32, -12.7060308834, -1.01011355825, 2.48306881867, 0.00262636337053
3.33, -12.6815637755, -1.01006821921, 2.41722896164, 0.00294666704239
3.34, -12.6577540558, -1.0100800769, 2.3516656868, -0.00611331289142
3.35, -12.6346016976, -1.01016357479, 2.28588454698, -0.0094149682657
3.36, -12.6120973442, -1.0102120038, 2.22195033072, -0.00117953100744
3.37, -12.5902231671, -1.01018208064, 2.15980294951, 0.00192461038606
3.38, -12.5689615625, -1.01015388082, 2.0993857074, -6.02837769115e-05
3.39, -12.5482953979, -1.01019207227, 2.04066346527, -0.00754811774107
3.4, -12.5282080201, -1.01026468154, 1.98358142484, -0.00645213054854
3.41, -12.5086832433, -1.01027881665, 1.92809400101, 0.00163705737432
3.42, -12.4897053358, -1.01023721656, 1.87415966866, 0.00334133261713
3.43, -12.4712590036, -1.01023557764, 1.82173614301, -0.00425267013623
3.44, -12.4533293791, -1.01030345601, 1.77077785768, -0.00847871123929
3.45, -12.4359020103, -1.01035329302, 1.72124249471, -0.00208442907179
3.46, -12.4189628479, -1.01032541156, 1.67309261829, 0.00444937771926
3.47, -12.4024982356, -1.01028895075, 1.62629251278, 0.000213693201841
3.48, -12.3864948956, -1.01032816187, 1.58080261659, -0.00782351460922
3.49, -12.3709399247, -1.01040101621, 1.53658274269, -0.00614718024193
3.5, -12.3558207808, -1.01040746223, 1.49359806672, 0.00266581368506
3.51, -12.3411252755, -1.01035654067, 1.45181735287, 0.00400059297289
3.52, -12.3268415588, -1.01035335871, 1.41120785004, -0.00448118153071
3.53, -12.3129581128, -1.01042421762, 1.37173290229, -0.00865093423906
3.54, -12.2994637425, -1.01047084003, 1.33335942227, -0.00135322315733
3.55, -12.286347566, -1.01043323182, 1.29605910518, 0.00541089427933
3.56, -12.2735990065, -1.01039133076, 1.25980516283, 0.000316166540955
3.57, -12.2612077799, -1.01043336321, 1.22456606143, -0.00826454023701
3.58, -12.2491638922, -1.01050761274, 1.19030992649, -0.00590724930098
3.59, -12.2374576266, -1.01050668976, 1.15701034845, 0.00367296523637
3.6, -12.2260795402, -1.01044704105, 1.12464429508, 0.00456085610732
3.61, -12.2150204514, -1.01044374612, 1.0931864157, -0.00486856906077
3.62, -12.2042714366, -1.01051891049, 1.06260691179, -0.00891454310975
3.63, -12.1938238227, -1.01056269084, 1.03287992698, -0.000622879815515
3.64, -12.1836691793, -1.0105232442, 1.00398969466, 0.00311104843038
3.65, -12.173799313, -1.01048024455, 0.975900293712, 0.00142747235114
3.66, -12.1642062574, -1.01050679159, 0.948602483903, -0.00677517054814
3.67, -12.1548822712, -1.0105751747, 0.922065853529, -0.00621994800412
3.68, -12.1458198289, -1.01058474977, 0.896269491009, 0.002375213476
3.69, -12.1370116171, -1.01053131625, 0.871195942132, 0.00476224925983
3.7, -12.1284505253, -1.01051611981, 0.846826390535, -0.00315431779674
3.71, -12.1201296418, -1.01057767051, 0.823137448568, -0.00822592464088
3.72, -12.1120422495, -1.01062577596, 0.800108275644, -0.00182518841108
3.73, -12.1041818184, -1.01059072945, 0.777722752906, 0.00553469394089
3.74, -12.0965420026, -1.01054093776, 0.755966212078, 0.00153926707476
3.75, -12.0891166305, -1.01057062001, 0.734819319871, -0.00729391724252
3.76, -12.0818997057, -1.01064185858, 0.714261245575, -0.00616361894797
3.77, -12.0748853981, -1.01064581599, 0.694276170081, 0.00324413079434
3.78, -12.0680680426, -1.01058436893, 0.674851670823, 0.00530513907001
3.79, -12.0614421302, -1.01056914187, 0.655973402976, -0.00356568633182
3.8, -12.0550023061, -1.01063593666, 0.63762191557, -0.00863931604935
3.81, -12.0487433666, -1.01068305465, 0.619780747585, -0.00127829370681
3.82, -12.0426602525, -1.01063964835, 0.602438284054, 0.00639718154314
3.83, -12.0367480477, -1.01058545715, 0.585584167504, 0.00152144476408
3.84, -12.0310019701, -1.01061968583, 0.569202543736, -0.00794143451058
3.85, -12.0254173747, -1.01069453828, 0.553276172825, -0.00613202464214
3.86, -12.0199897438, -1.01069275552, 0.537793249683, 0.00413693979985
3.87, -12.0147146893, -1.01063714441, 0.522745405143, 0.0050152194929
3.88, -12.0095879427, -1.01061363606, 0.508120851433, -0.00209100527461
3.89, -12.0046053553, -1.01066704678, 0.493904788856, -0.00781032836562
3.9, -11.9997628957, -1.01071672108, 0.480083634058, -0.00235389726104
3.91, -11.9950566442, -1.01068628028, 0.466648389768, 0.00534226913023
3.92, -11.9904827926, -1.01063227927, 0.453591661177, 0.00241694528855
3.93, -11.9860376357, -1.01065174622, 0.440901653887, -0.00640354028178
3.94, -11.9817175748, -1.01071980655, 0.42856422292, -0.00636974124624
3.95, -11.9775191105, -1.01072917132, 0.41656976163, 0.00264856074972
3.96, -11.9734388427, -1.01066894823, 0.404912101982, 0.00568469005932
3.97, -11.9694734651, -1.01064486175, 0.39358357942, -0.0024652610094
3.98, -11.9656197633, -1.01070374813, 0.38257111788, -0.00830101955883
3.99, -11.9618746143, -1.01075365197, 0.371863752069, -0.00193980613365
4.0, -11.9582349814, -1.01071577189, 0.361455307251, 0.00616463005992
4.01, -11.9546979149, -1.01065721807, 0.351341080971, 0.00244495581335
4.02, -11.9512605436, -1.01068103576, 0.341511245228, -0.00707232629453
4.03, -11.9479200803, -1.01075360409, 0.331953663456, -0.00647050720523
4.04, -11.9446738134, -1.01075854035, 0.322661220709, 0.00343966645744
4.05, -11.94151911, -1.01069077655, 0.313630271651, 0.00619393665399
4.06, -11.9384534083, -1.01066727185, 0.304855210177, -0.00296791606161
4.07, -11.9354742182, -1.01073271241, 0.296324484615, -0.00886281987418
4.08, -11.9325791208, -1.01078296032, 0.288029200477, -0.00149478356297
4.09, -11.9297657637, -1.01074523533, 0.279970775376, 0.00371139324347
4.1, -11.927031862, -1.0106859898, 0.272130280372, 0.00355511529852
4.11, -11.9243751917, -1.01069504841, 0.26451593932, -0.00573914795241
4.12, -11.9217935934, -1.01076442779, 0.257112361403, -0.00710624935516
4.13, -11.9192849669, -1.01078275326, 0.249913414946, 0.00192901597628
4.14, -11.9168472721, -1.01072210892, 0.242916733605, 0.00639559706924
4.15, -11.9144785252, -1.0106866484, 0.23611910027, -0.00128619812436
4.16, -11.9121767965, -1.01074004638, 0.229511237274, -0.00842779308408
4.17, -11.9099402125, -1.01079764232, 0.22308510931, -0.0029850166525
4.18, -11.9077669503, -1.01076594345, 0.216837714393, 0.00613481577276
4.19, -11.9056552409, -1.01069965989, 0.210768008452, 0.00369158303767
4.2, -11.9036033604, -1.01071262755, 0.204870119377, -0.00643276670206
4.21, -11.9016096365, -1.01078751611, 0.199134646508, -0.00734390667823
4.22, -11.8996724419, -1.01080244856, 0.193557043956, 0.00267276367115
4.23, -11.8977901965, -1.01074577913, 0.188136862243, 0.0053515099414
4.24, -11.8959613636, -1.01070653947, 0.182870856222, -7.64759743356e-05
4.25, -11.8941844478, -1.01074610038, 0.177752402987, -0.00732220072276
4.26, -11.8924579981, -1.01080300328, 0.172774392169, -0.00381420025023
4.27, -11.8907806021, -1.01078481046, 0.1679343359, 0.00476809486688
4.28, -11.8891508897, -1.01072337302, 0.163231939624, 0.00411739058983
4.29, -11.8875675255, -1.01072374317, 0.15866332181, -0.00484611475065
4.3, -11.8860292134, -1.0107889465, 0.154220600922, -0.00719459862745
4.31, -11.8845346934, -1.01081293758, 0.149899612934, 0.00115901493801
4.32, -11.8830827412, -1.0107568033, 0.145700057959, 0.00638363462043
4.33, -11.8816721665, -1.01071551481, 0.141621234206, -0.000353446344738
4.34, -11.8803018104, -1.0107608535, 0.137656555383, -0.00795740375766
4.35, -11.8789705494, -1.01082024583, 0.133799789172, -0.00364042507188
4.36, -11.877677289, -1.01079601312, 0.130049642415, 0.00556482849113
4.37, -11.8764209682, -1.01072911865, 0.126407003268, 0.00429205596275
4.38, -11.8752005519, -1.01073301436, 0.122868568573, -0.0055268129923
4.39, -11.8740150367, -1.01080425501, 0.119426895718, -0.0075347354934
4.4, -11.8728634458, -1.01082603609, 0.116078821497, 0.00179872574235
4.41, -11.8717448313, -1.01076239385, 0.112825188403, 0.00700346559761
4.42, -11.8706582712, -1.01072025713, 0.109666140285, -0.000743015135522
4.43, -11.8696028672, -1.01077243341, 0.106595275891, -0.00867180736162
4.44, -11.8685777494, -1.01083449931, 0.103607047022, -0.00343664617438
4.45, -11.8675820694, -1.01080372553, 0.100701186768, 0.00640529070519
4.46, -11.866615006, -1.01074499424, 0.0978793019563, 0.00498830682467
4.47, -11.8656757571, -1.01073531308, 0.0951386128154, -0.00403889447846
4.48, -11.8647635448, -1.01079985114, 0.0924729871562, -0.0077724045574
4.49, -11.8638776131, -1.01083334342, 0.0898791357741, 0.000196337987068
4.5, -11.8630172271, -1.01078051582, 0.0873579974247, 0.00670364442135
4.51, -11.8621816733, -1.01073003987, 0.084910730824, 0.000798398666583
4.52, -11.8613702552, -1.01076826462, 0.0825325015577, -0.00783293717536
4.53, -11.8605822991, -1.01083396419, 0.080217785063, -0.00470843674204
4.54, -11.8598171476, -1.01081845643, 0.077966148779, 0.00514120355433
4.55, -11.859074165, -1.0107474189, 0.0757798498475, 0.00530119378628
4.56, -11.8583527294, -1.01074036043, 0.0736574964173, -0.00468890868804
4.57, -11.8576522385, -1.01081147404, 0.0715925876491, -0.00821948879918
4.58, -11.8569721064, -1.0108437367, 0.0695824950162, 0.000777245478692
4.59, -11.8563117641, -1.01079113616, 0.0676343688496, 0.00410196200212
4.6, -11.8556706587, -1.01074222449, 0.065733331124, 0.00167209001445
4.61, -11.8550482507, -1.01076695336, 0.0638914158864, -0.0065026753042
4.62, -11.854444018, -1.01082827658, 0.0620985204205, -0.00516924738558
4.63, -11.8538574516, -1.01082515774, 0.0603539677172, 0.00362528021044
4.64, -11.8532880275, -1.01076280429, 0.0586708436743, 0.00525615187927
4.65, -11.8527350134, -1.0107460279, 0.0570673598729, -0.00315165847466
4.66, -11.8521976185, -1.0108049431, 0.0555531021528, -0.00764757551792
4.67, -11.8516748274, -1.01084289373, 0.0541374057772, -0.000583997025864
4.68, -11.8511644154, -1.01079653922, 0.0530471624711, 0.00638365480863
4.69, -11.8506645924, -1.0107430153, 0.0520498923721, 0.00155115313679
4.7, -11.8501734716, -1.01077298199, 0.0512940348219, -0.00719284353963
4.71, -11.8496845876, -1.010838429, 0.0515572033259, -0.00520738681528
4.72, -11.8491912549, -1.01083074571, 0.0521952881103, 0.00436713134231
4.73, -11.8486893471, -1.01076216304, 0.0532583906424, 0.005586686538
4.74, -11.8481665369, -1.01074757037, 0.0563889623206, -0.00376959275315
4.75, -11.8476099948, -1.01081332798, 0.0600170480422, -0.00817883822741
4.76, -11.847004849, -1.01085123737, 0.0658125141353, -0.000132744882085
4.77, -11.8463399215, -1.010797898, 0.0721068613862, 0.00706351832859
4.78, -11.8456066099, -1.01074218072, 0.0799949295665, 0.00129538511982
4.79, -11.8447858286, -1.01077878962, 0.0894129309902, -0.00801638294589
4.8, -11.8438647852, -1.01084913733, 0.099582776171, -0.00528389544268
4.81, -11.8428290372, -1.01083705742, 0.112326526846, 0.00508157822577
4.82, -11.8416622118, -1.01076277688, 0.125771615878, 0.00582859244743
4.83, -11.8403575833, -1.01075147309, 0.139869045859, -0.00451742452788
4.84, -11.838908531, -1.01081184067, 0.154615619464, -0.00759919677567
4.85, -11.8373033953, -1.01085701669, 0.171002214667, -0.00163262611626
4.86, -11.8355272732, -1.01081819047, 0.188867735434, 0.00607883385651
4.87, -11.8335702025, -1.01076069319, 0.207216552638, 0.0023738018854
4.88, -11.8314158735, -1.01078298678, 0.228171207424, -0.0067698473559
4.89, -11.8290495504, -1.01085177066, 0.249597937863, -0.0061544490461
4.9, -11.8264599754, -1.01085553624, 0.2726090252, 0.00333485912483
4.91, -11.8236330897, -1.01079013003, 0.297016729622, 0.00589554182015
4.92, -11.8205621695, -1.01076783772, 0.32157460511, -0.00292725425001
4.93, -11.8172389709, -1.01083098059, 0.34747726724, -0.00859616293271
4.94, -11.8136542303, -1.01087984729, 0.373779719882, -0.0015669282229
4.95, -11.809798695, -1.01083702209, 0.401479429194, 0.00656193666221
4.96, -11.8056664177, -1.01077801816, 0.429286315591, 0.00211782774588
4.97, -11.8012500902, -1.01080745448, 0.458298820984, -0.00772890454389
4.98, -11.7965457415, -1.0108836928, 0.487341991737, -0.00655596237388
4.99, -11.7915401383, -1.01088601011, 0.517919580376, 0.00382506244122
5.0, -11.7862287219, -1.01081605229, 0.548589115816, 0.0061014468853
5.01, -11.7806092433, -1.01079745374, 0.579476523969, -0.00375788337161
5.02, -11.7746711612, -1.01085973222, 0.612388186894, -0.0071155183651
5.03, -11.7684024639, -1.01091184906, 0.64551145063, -0.00285741212125
5.04, -11.7618019968, -1.01088531107, 0.678733718794, 0.00508600034775
5.05, -11.7548686228, -1.01083093959, 0.712760504734, 0.00259202609722
5.06, -11.7475846058, -1.01084876355, 0.748151094545, -0.00641490541446
5.07, -11.7399462865, -1.01091996518, 0.783603661855, -0.00697959038495
5.08, -11.731948546, -1.01093629526, 0.820044892996, 0.00194646849239
5.09, -11.7235848476, -1.01088017809, 0.856645326758, 0.00548910465805
5.1, -11.7148532646, -1.01085604081, 0.893908253788, -0.00246603274058
5.11, -11.7057468533, -1.01091713164, 0.931404899422, -0.00882960804137
5.12, -11.6962608821, -1.01097499171, 0.969833399974, -0.00291890293461
5.13, -11.6863903896, -1.01094544579, 1.00826424704, 0.00549850956935
5.14, -11.6761358298, -1.01089018712, 1.04664641587, 0.00227556209329
5.15, -11.6654929988, -1.01091589633, 1.08593690815, -0.00746153214962
5.16, -11.6544569411, -1.01099568173, 1.12522809244, -0.00750631584042
5.17, -11.643023877, -1.01101181759, 1.16537609141, 0.0023263331311
5.18, -11.6311893383, -1.01095195022, 1.20548021886, 0.00564446599722
5.19, -11.6189490092, -1.01093168925, 1.24649902245, -0.00329347840692
5.2, -11.6062991807, -1.01100291067, 1.28739752261, -0.00978730723156
5.21, -11.5932410023, -1.01106541525, 1.32817155777, -0.00291708000802
5.22, -11.5797662203, -1.01103220151, 1.3707443285, 0.0059638984041
5.23, -11.5658653129, -1.01097600236, 1.41328953941, 0.00192415335221
5.24, -11.5515402825, -1.0110102184, 1.4556227693, -0.00857532558322
5.25, -11.5367857864, -1.01108416605, 1.49897392874, -0.00762125116739
5.26, -11.5215995395, -1.01111254736, 1.54206387787, 0.000489977225911
5.27, -11.505979343, -1.01106812408, 1.58585681691, 0.00474310452359
5.28, -11.4899217638, -1.01104526235, 1.62950498667, -0.00221856757491
5.29, -11.4734192723, -1.01110478146, 1.67487454579, -0.00899371133204
5.3, -11.4564626188, -1.01117086696, 1.72018186836, -0.00424464242172
5.31, -11.4390555675, -1.0111558984, 1.76509693707, 0.00418166645255
5.32, -11.4211924848, -1.01110748464, 1.8115470155, 0.00214284797619
5.33, -11.4028632796, -1.01113117287, 1.85805852836, -0.00724753673459
5.34, -11.3840703858, -1.01121421474, 1.90429345207, -0.008400010662
5.35, -11.3648165505, -1.01124433546, 1.95025258957, 0.00072575635505
5.36, -11.3450950099, -1.01119667037, 1.99786583088, 0.00491862972841
5.37, -11.3248932044, -1.01117735523, 2.04624425136, -0.00303445133153
5.38, -11.3042088172, -1.01124760408, 2.09435126635, -0.0100717852969
5.39, -11.2830403081, -1.0113199031, 2.14309100569, -0.00440281892202
5.4, -11.2613854096, -1.01130234345, 2.19156669049, 0.00459722423074
5.41, -11.2392466863, -1.01125295614, 2.23978516282, 0.00181953832221
5.42, -11.216623779, -1.01128502747, 2.28853431204, -0.00837622521661
5.43, -11.1935104289, -1.0113777373, 2.3378998505, -0.00904188070076
5.44, -11.1699043242, -1.011408667, 2.38700751625, 0.0010255298728
5.45, -11.1458098654, -1.01135776321, 2.43566049765, 0.00504143374547
5.46, -11.1212202721, -1.01134275565, 2.48598879902, -0.00392054983124
5.47, -11.0961284595, -1.01142395227, 2.53603491888, -0.0111209101724
5.48, -11.0705376598, -1.01150169956, 2.58574314208, -0.00446604544978
5.49, -11.0444536186, -1.01148100257, 2.63542077423, 0.00501362736139
5.5, -11.0178653532, -1.01143137379, 2.68604194686, 0.00138229133211
5.51, -10.9907712684, -1.01147288603, 2.73648040577, -0.00957656288558
5.52, -10.9631735985, -1.01156046922, 2.78663303588, -0.00991368556422
5.53, -10.9350693453, -1.01160851785, 2.83796693692, -0.000959001275446
5.54, -10.9064572451, -1.01157013695, 2.88806112874, 0.00469180026533
5.55, -10.8773439529, -1.01154785368, 2.93876124278, -0.00261366498188
5.56, -10.8477176547, -1.01161973837, 2.990021837, -0.0109122975527
5.57, -10.8175802503, -1.01170787348, 3.04110226714, -0.00636153472645
5.58, -10.7869363596, -1.01170644474, 3.09136966732, 0.00354799614047
5.59, -10.7557898857, -1.01165880777, 3.14159661856, 0.00221014953266
5.6, -10.724144198, -1.0116874673, 3.19119937351, -0.00841448324547
5.61, -10.6920082145, -1.01177595647, 3.23970832733, -0.00947106200488
5.62, -10.6593923534, -1.01183291536, 3.28718149441, -0.00268206462352
5.63, -10.6263066775, -1.01181245185, 3.33397837682, 0.00330928811638
5.64, -10.5927555208, -1.01179232938, 3.38007020928, -0.00186509796715
5.65, -10.5587497947, -1.01185225325, 3.42500528875, -0.00979762417005
5.66, -10.5242967751, -1.01193941922, 3.46944305483, -0.00724286995665
5.67, -10.4894053433, -1.01195470353, 3.5128009397, 0.00164726415688
5.68, -10.4540835293, -1.01191839757, 3.55556996075, 0.0020109924377
5.69, -10.4183388033, -1.01193836701, 3.59741222009, -0.00697392701713
5.7, -10.3821772015, -1.01203032637, 3.63905304675, -0.0104154293457
5.71, -10.3456029374, -1.01208961541, 3.67989724289, -0.00245319038635
5.72, -10.3086247537, -1.01206480193, 3.71987144352, 0.00371240722049
5.73, -10.2712518462, -1.01204513327, 3.75887769051, -0.00233702189343
5.74, -10.2334950976, -1.01211318062, 3.79667935026, -0.0106986247027
5.75, -10.1953664896, -1.01220583177, 3.83329722499, -0.00736498588833
5.76, -10.1568776195, -1.01221757263, 3.86877271885, 0.00225872259878
5.77, -10.1180396961, -1.01217700811, 3.90314830764, 0.0021136933224
5.78, -10.078863551, -1.01220134848, 3.93646079919, -0.00776042153469
5.79, -10.0393596571, -1.01230100601, 3.96874116294, -0.0109504670413
5.8, -9.99953812934, -1.01236000593, 4.00002397329, -0.00196535186841
5.81, -9.95940873568, -1.01232849943, 4.0303467028, 0.0043207618184
5.82, -9.91898091912, -1.01230781855, 4.05974389694, -0.00270071759645
5.83, -9.87826381235, -1.01238301418, 4.08824263481, -0.01148637519
5.84, -9.83726624552, -1.0124794968, 4.11586976643, -0.00727539539195
5.85, -9.79599673916, -1.01248535702, 4.14265760764, 0.00310102706801
5.86, -9.75446352974, -1.01245355879, 4.1686376453, 0.00226114163604
5.87, -9.71267458552, -1.01246675586, 4.19383571198, -0.00617926553685
5.88, -9.67063761642, -1.0125553617, 4.21827388214, -0.0105781259308
5.89, -9.6283600715, -1.01262171355, 4.24197688755, -0.00339257358228
5.9, -9.58584914018, -1.01260330276, 4.26497283793, 0.00354776692111
5.91, -9.54311177809, -1.01257858826, 4.28728706501, -0.00138814366721
5.92, -9.50015472207, -1.01263782828, 4.30893883187, -0.0101085810711
5.93, -9.45698449223, -1.01273152755, 4.32994663846, -0.00797895433902
5.94, -9.41360737642, -1.01275096777, 4.35033462708, 0.00165425755499
5.95, -9.3700296526, -1.01270982677, 4.37007532102, 0.00278335812865
5.96, -9.32625782592, -1.01272356232, 4.38918990847, -0.00662360664964
5.97, -9.28229813441, -1.0128172321, 4.40765987004, -0.0109155715371
5.98, -9.23815687653, -1.01288160578, 4.42553671504, -0.0027350880365
5.99, -9.19383967378, -1.01285421211, 4.44286336168, 0.00443753090581
6.0, -9.14935217591, -1.01282526075, 4.45961980119, -0.00142596700738
6.01, -9.10469975322, -1.01288893133, 4.47586417866, -0.01069023508
6.02, -9.05988749847, -1.01298506234, 4.49160514014, -0.00778741710285
6.03, -9.01492052127, -1.01299733231, 4.50682572729, 0.0026678340292
6.04, -8.96980387703, -1.01296236247, 4.52154987278, 0.00321801869349
6.05, -8.92454233919, -1.01296231806, 4.53582260963, -0.00482688167406
6.06, -8.87914032639, -1.01304352826, 4.54965953909, -0.0104585000801
6.07, -8.83360256359, -1.01311445812, 4.56299605677, -0.00406252488033
6.08, -8.78793343896, -1.01309844532, 4.57593355625, 0.00389107626262
6.09, -8.74213699524, -1.01306292932, 4.5884607376, 0.00012870701759
6.1, -8.69621756326, -1.01310888884, 4.60055771019, -0.00920509915758
6.11, -8.65017913201, -1.01320168665, 4.61227854262, -0.00845630080852
6.12, -8.60402529993, -1.01322670583, 4.62364455249, 0.00135928285592
6.13, -8.55775955367, -1.01318050063, 4.63466856976, 0.00397563943602
6.14, -8.51138547021, -1.01317876643, 4.64532501421, -0.00509219132824
6.15, -8.46490669067, -1.0132641036, 4.65562146332, -0.0107692869969
6.16, -8.41832660808, -1.01333296353, 4.66559868197, -0.00338046560644
6.17, -8.37164843608, -1.01330694172, 4.67524356618, 0.00494963569796
6.18, -8.32487532258, -1.01327879455, 4.68459588067, 0.000888338003838
6.19, -8.27801015847, -1.01330949695, 4.69366442351, -0.00742000234462
6.2, -8.23105591287, -1.01339124294, 4.70242219567, -0.00818477611467
6.21, -8.18401556719, -1.01342351644, 4.71088599789, 0.000102761463188
6.22, -8.1368919718, -1.01338631382, 4.71908528719, 0.00375431661353
6.23, -8.08968764005, -1.01337538608, 4.72702611881, -0.00339117213201
6.24, -8.04240552283, -1.01344350439, 4.73466731602, -0.00946780737882
6.25, -7.99504822979, -1.01351089681, 4.74207059872, -0.00416439029321
6.26, -7.94761805929, -1.01349683052, 4.74924824558, 0.0038767485642
6.27, -7.90011741842, -1.01345532573, 4.75617302899, 0.00126268668769
6.28, -7.85254874882, -1.01348696447, 4.7628570793, -0.0077650410279
6.29, -7.80491435889, -1.01357065852, 4.76932888396, -0.00808000597749
6.3, -7.75721625116, -1.01359676186, 4.77560331456, 0.00107382668285
