timestamp, prius0 x posi, prius0 y posi, prius0 x vel, prius0 y vel.
0.0, 0.0, 0.0, 0.0, 0.0
0.01, 25.046683882, 0.999845084207, -0.116477827564, -0.00430913171016
0.02, 25.0454643285, 0.999850430197, -0.131829703117, 0.00585621406323
0.03, 25.0440849908, 0.999925972405, -0.148963107496, 0.00801396805688
0.04, 25.0425243324, 0.999951388017, -0.167461505012, -0.00152279457969
0.05, 25.0407766093, 0.999889352253, -0.186409765042, -0.00685289775928
0.06, 25.0388334861, 0.999849602269, -0.206669815618, 0.00113868099951
0.0700000000001, 25.0366837119, 0.999902421265, -0.227805323004, 0.00455165798398
0.08, 25.0343229138, 0.999962708957, -0.248918664119, 0.00494463220466
0.09, 25.0317431658, 0.99995631136, -0.271456750656, -0.00374536735128
0.1, 25.028933714, 0.99989915717, -0.294637826359, -0.00413524728653
0.11, 25.0258899574, 0.99989710115, -0.318256237999, 0.0047059465886
0.12, 25.0226076129, 0.999966460252, -0.342292280421, 0.00819588049424
0.13, 25.019078921, 1.00000476343, -0.367578111685, 0.000454944899574
0.14, 25.0152958294, 0.99996090872, -0.39317135122, -0.00558029950962
0.15, 25.011255195, 0.999922157709, -0.419079232319, 0.000366997034709
0.16, 25.0069534031, 0.999969855461, -0.445344133805, 0.00863800136577
0.17, 25.0023822358, 1.00004261155, -0.472904884049, 0.00547104961501
0.18, 24.9975342497, 1.00003684887, -0.500707294293, -0.00390556054007
0.19, 24.9924054317, 0.999980122279, -0.529361671154, -0.00374207528593
0.2, 24.986987488, 0.999987368524, -0.558403202937, 0.00599538092474
0.21, 24.9812762553, 1.00006934234, -0.587863805124, 0.00923425386181
0.22, 24.9752686639, 1.00011250398, -0.617587466123, 0.000515022221468
0.23, 24.9689636855, 1.00006760405, -0.647412472094, -0.00559551393688
0.24, 24.9623565851, 1.00003378219, -0.678191441094, 0.00133927024299
0.25, 24.955438491, 1.00009465521, -0.709398024148, 0.0100429772687
0.26, 24.9482075338, 1.00017745337, -0.740755717347, 0.00602785626831
0.27, 24.9406575975, 1.00017242535, -0.773200048339, -0.00405747728627
0.28, 24.9327821522, 1.00011663275, -0.805812797883, -0.00325753598369
0.29, 24.9245789303, 1.00013451101, -0.838650525926, 0.00743438992541
0.3, 24.916047792, 1.00021553655, -0.871495662947, 0.00992065940424
0.31, 24.9071829735, 1.00027633028, -0.905396044564, 0.00281334547596
0.32, 24.8979783454, 1.00025001584, -0.939411127538, -0.00448363733334
0.33, 24.8884331736, 1.00021544198, -0.973503943383, 0.000491299931465
0.34, 24.8785419495, 1.00026845782, -1.00863572025, 0.0097748196566
0.35, 24.8682981838, 1.00036097769, -1.04391445765, 0.00797798488507
0.36, 24.8577037508, 1.00037905256, -1.07896428296, -0.00193322583931
0.37, 24.8467556608, 1.00033316967, -1.11480673295, -0.0033112519068
0.38, 24.8354450319, 1.00034304126, -1.15113682981, 0.00647858294324
0.39, 24.823771006, 1.00043842004, -1.18748485735, 0.011340261514
0.4, 24.8117329879, 1.00050735734, -1.22387955971, 0.00314931584506
0.41, 24.7993268572, 1.00048169376, -1.26117113472, -0.00441595369993
0.42, 24.7865474085, 1.00045249407, -1.29850418682, 0.00151425686235
0.43, 24.773393659, 1.0005200423, -1.33592927404, 0.0113954817519
0.44, 24.7598610489, 1.00061071109, -1.37428806164, 0.0090938072028
0.45, 24.745944923, 1.00064866537, -1.41261563276, 0.000408026952146
0.46, 24.7316455486, 1.00062024879, -1.45091190172, -0.00237027148704
0.47, 24.7169644577, 1.00062883516, -1.48906807571, 0.00572672270097
0.48, 24.7018972783, 1.00071922553, -1.52814552811, 0.0114614685597
0.49, 24.6864389546, 1.00080112712, -1.56722757803, 0.0052962099784
0.5, 24.6705842155, 1.00079837882, -1.60731028744, -0.00245801317894
0.51, 24.6543301873, 1.00077745597, -1.64720424536, 0.00138380414741
0.52, 24.6376783411, 1.00083838185, -1.68694200177, 0.0107458002947
0.53, 24.6206241424, 1.00094702436, -1.72762649731, 0.0101523230391
0.54, 24.6031647964, 1.00099004963, -1.7680613709, 0.000575600565786
0.55, 24.5852993843, 1.00096381075, -1.80863127574, -0.0018983111937
0.56, 24.5670238258, 1.00098281879, -1.85008486905, 0.00721101619748
0.57, 24.548330194, 1.00108943242, -1.89232600111, 0.0129768655187
0.58, 24.5292144784, 1.00118113726, -1.934459738, 0.00579721781032
0.59, 24.5096782862, 1.00118018878, -1.97642273525, -0.00232562366627
0.6, 24.4897194294, 1.00116466836, -2.01909729838, 0.00237765710245
0.61, 24.4693332544, 1.00124044338, -2.06176824848, 0.0124784869316
0.62, 24.4485212117, 1.00136399764, -2.10427275727, 0.0112591851621
0.63, 24.4272840294, 1.00141216465, -2.14669344084, 0.000712212875804
0.64, 24.4056177737, 1.00138775989, -2.19000128371, -0.00144553600586
0.65, 24.3835209178, 1.00141743312, -2.23298930126, 0.00875561950306
0.66, 24.3609950605, 1.00152742471, -2.27580457214, 0.0133440347028
0.67, 24.3380372422, 1.0016363297, -2.31940004079, 0.00826627591367
0.68, 24.3146440645, 1.00165848958, -2.36283753288, -0.000593971135233
0.69, 24.2908172371, 1.00164802821, -2.40611002984, 0.00196729827505
0.7, 24.2665520923, 1.00171713621, -2.45034070136, 0.0120796591776
0.71, 24.2418472642, 1.00184833183, -2.49421788485, 0.0130623025219
0.72, 24.2167047627, 1.00192121129, -2.5378774257, 0.00327222127475
0.73, 24.1911269785, 1.0019129337, -2.58130090372, -0.00085164645563
0.74, 24.1651109597, 1.00193847737, -2.62552623219, 0.0079018046784
0.75, 24.1386532568, 1.00205989361, -2.66960290481, 0.015250086493
0.76, 24.1117511307, 1.00218109412, -2.71442628668, 0.00898837154451
0.77, 24.0844015461, 1.00220634538, -2.75905631608, -0.000423518149922
0.78, 24.056601055, 1.00220099465, -2.8045240944, 0.00291631421979
0.79, 24.0283481093, 1.00228507793, -2.84966228153, 0.013889806903
0.8, 23.9996435076, 1.00241792689, -2.89471361589, 0.0146273020104
0.81, 23.9704906753, 1.00251455893, -2.93941741037, 0.00587825550393
0.82, 23.9408825877, 1.00252425951, -2.98579732301, -1.00300395599e-05
0.83, 23.9108100773, 1.00254746743, -3.03212365385, 0.00712639599346
0.84, 23.8802766479, 1.00266586174, -3.07809313393, 0.0157489028677
0.85, 23.8492801499, 1.00280461434, -3.1247563327, 0.0115724222173
0.86, 23.8178180617, 1.00285517409, -3.17117444908, 0.00157902379197
0.87, 23.7858929581, 1.00285703873, -3.21734144898, 0.00263017951084
0.88, 23.7535048956, 1.00293431166, -3.26398605974, 0.0133884905748
0.89, 23.7206494835, 1.0030737283, -3.3106073361, 0.0156956224501
0.9, 23.6873293156, 1.00319172549, -3.35694302559, 0.00854493691103
0.91, 23.6535425381, 1.00322357185, -3.40394906773, 0.00144226678715
0.92, 23.6192867012, 1.0032492432, -3.45072360523, 0.00658170098763
0.93, 23.5845645326, 1.00336275072, -3.49722534039, 0.0157725713699
0.94, 23.5493799048, 1.00351419206, -3.54365336391, 0.0138157927114
0.95, 23.5137279811, 1.00359084713, -3.59022199937, 0.00400449727937
0.96, 23.477616757, 1.00360570959, -3.63552639833, 0.00288089996421
0.97, 23.4410589442, 1.00367778297, -3.67958001853, 0.0126827616769
0.98, 23.4040668996, 1.00383395615, -3.7224098527, 0.0173198822576
0.99, 23.3666527502, 1.00396205102, -3.76403341651, 0.00907086893897
1.0, 23.3288284246, 1.00399669514, -3.80447769654, 0.00173436481214
1.01, 23.2906054555, 1.00403005051, -3.84379845225, 0.00781643629526
1.02, 23.2519948901, 1.00415987574, -3.88203229071, 0.0175247777924
1.03, 23.2130074833, 1.00431050846, -3.91919611513, 0.0150138549195
1.04, 23.1736538336, 1.00440801315, -3.95530974376, 0.00643893987403
1.05, 23.1339442821, 1.00444127998, -3.99040623374, 0.00388963029358
1.06, 23.0938887825, 1.00451254053, -4.02453156879, 0.0119422530783
1.07, 23.0534969019, 1.00466369397, -4.05771137583, 0.0174165116736
1.08, 23.0127780113, 1.00480460148, -4.08995826245, 0.0111964765387
1.09, 22.9717413565, 1.00486203535, -4.12128893939, 0.00366141475142
1.1, 22.9303958961, 1.00490305781, -4.15174741595, 0.00757782240455
1.11, 22.8887501902, 1.00502495413, -4.18136605942, 0.0167226976783
1.12, 22.8468125381, 1.00519218443, -4.21015953049, 0.0159362692995
1.13, 22.8045911505, 1.00529354712, -4.23813400112, 0.00647837869593
1.14, 22.7620940794, 1.00532762626, -4.26531930874, 0.00419475031491
1.15, 22.7193290282, 1.00540727504, -4.29175612157, 0.0131798576598
1.16, 22.6763033722, 1.00557204206, -4.3174627234, 0.01865769973
1.17, 22.6330243663, 1.00572022379, -4.34244429233, 0.0114514535803
1.18, 22.5894992087, 1.0057771071, -4.36671169039, 0.00354606516494
1.19, 22.5457348557, 1.00582106583, -4.39030588919, 0.0083095895824
1.2, 22.5017379084, 1.00595474669, -4.41325303249, 0.0180905919711
1.21, 22.4575147686, 1.00613290042, -4.43556136222, 0.0166242622242
1.22, 22.4130718191, 1.00623559529, -4.45723025802, 0.00626343546364
1.23, 22.3684153327, 1.00626837349, -4.47828675721, 0.00433957296162
1.24, 22.3235512663, 1.00635536015, -4.49876761172, 0.0143443954364
1.25, 22.2784852961, 1.00651943333, -4.51868268783, 0.0185662100656
1.26, 22.2332230538, 1.00667979218, -4.53803821681, 0.0134009061696
1.27, 22.1877701103, 1.00675505971, -4.55683682435, 0.00484892031821
1.28, 22.1421318865, 1.00680020056, -4.57511151543, 0.00751330103659
1.29, 22.0963134987, 1.00692307497, -4.59288782509, 0.0172343819702
1.3, 22.0503198746, 1.00710381051, -4.61017205435, 0.0178806034806
1.31, 22.0041559448, 1.00722571199, -4.62696011112, 0.00827803459095
1.32, 21.9578265968, 1.00726954883, -4.64326905056, 0.00445016181947
1.33, 21.9113364681, 1.00734775744, -4.65913325192, 0.013019600599
1.34, 21.8646899341, 1.00751791582, -4.67456429149, 0.0198977353743
1.35, 21.8178913155, 1.00768483279, -4.68955984598, 0.0135477434497
1.36, 21.7709449731, 1.00775763336, -4.70411900955, 0.00447178609932
1.37, 21.7238551287, 1.00780259908, -4.71827429325, 0.0079304832131
1.38, 21.6766257177, 1.00793478084, -4.73204739718, 0.0184309132546
1.39, 21.6292605359, 1.00811108881, -4.74543803827, 0.0187656577439
1.4, 21.5817634067, 1.00824981824, -4.75844564545, 0.0102033198949
1.41, 21.5341381298, 1.00830550728, -4.77107726557, 0.00473113031058
1.42, 21.4863883259, 1.00837602029, -4.78336449384, 0.0116915513102
1.43, 21.4385173696, 1.00853695179, -4.79531954861, 0.0197023781431
1.44, 21.3905285743, 1.00871397132, -4.80693948424, 0.0153640254025
1.45, 21.342425322, 1.00880486744, -4.81821799915, 0.00580126836989
1.46, 21.2942109188, 1.0088507603, -4.82918033671, 0.00702829782178
1.47, 21.2458884207, 1.00896975314, -4.83984966603, 0.0172508948155
1.48, 21.197460728, 1.00914651623, -4.85022508489, 0.0182964842309
1.49, 21.1489308085, 1.0092931558, -4.86030367787, 0.0117708780646
1.5, 21.1003016091, 1.00936510425, -4.87008837499, 0.00597082109909
1.51, 21.0515759539, 1.00943697958, -4.87960536291, 0.010912412766
1.52, 21.0027564558, 1.00958572629, -4.88886676891, 0.0185554434846
1.53, 20.9538456626, 1.00976102358, -4.8978700719, 0.0161391212477
1.54, 20.9048461877, 1.00986738655, -4.90660810049, 0.00758483481187
1.55, 20.855760611, 1.00992385738, -4.91509838558, 0.00719650860501
1.56, 20.8065913119, 1.01003415237, -4.92336276682, 0.0158266475227
1.57, 20.7573405221, 1.01021391076, -4.93140321703, 0.0191809853849
1.58, 20.7080105115, 1.01036262891, -4.9392107251, 0.0115479845957
1.59, 20.658603606, 1.01043040985, -4.94678738344, 0.00558745205429
1.6, 20.609122002, 1.01050278775, -4.95415945792, 0.0113794101622
1.61, 20.559567693, 1.01065955134, -4.96133663192, 0.019453067954
1.62, 20.5099426328, 1.01084043834, -4.96831344031, 0.0162954123119
1.63, 20.4602488719, 1.0109437528, -4.97507997311, 0.00703907487933
1.64, 20.4104884367, 1.010996531, -4.98165477322, 0.0071475161105
1.65, 20.3606631549, 1.01111159752, -4.98805830789, 0.0166550500564
1.66, 20.3107747208, 1.0112995012, -4.99429012282, 0.0197809521696
1.67, 20.2608248976, 1.01144878976, -5.00033806972, 0.0111700888845
1.68, 20.2108155241, 1.01151103493, -5.00620391324, 0.00510276220353
1.69, 20.1607483086, 1.01158347207, -5.01191454449, 0.0118465670968
1.7, 20.110624761, 1.01174834489, -5.01747725506, 0.0203466943006
1.71, 20.060446375, 1.01193428684, -5.02288420058, 0.0163523123826
1.72, 20.0102147682, 1.01203335952, -5.02812293503, 0.00637599475803
1.73, 19.9599315404, 1.0120817997, -5.03321392084, 0.00708299377143
1.74, 19.9095980875, 1.01220191646, -5.03817601473, 0.0175257200573
1.75, 19.8592156916, 1.01238365811, -5.04300475019, 0.0199203167761
1.76, 19.8087857269, 1.01254471406, -5.04769279393, 0.0128480662503
1.77, 19.7583096215, 1.0126193486, -5.0522349532, 0.00560403331551
1.78, 19.7077887293, 1.01268528646, -5.05665637548, 0.0104428494278
1.79, 19.6572242147, 1.01283676825, -5.06096597877, 0.0195047847455
1.8, 19.6066172014, 1.0130263001, -5.06515756938, 0.0176488049507
1.81, 19.5559689369, 1.01314173827, -5.06921686118, 0.00781789051711
1.82, 19.5052806928, 1.01319356137, -5.07315727304, 0.00640073211269
1.83, 19.4545535667, 1.01329963594, -5.07700027721, 0.0159686234693
1.84, 19.4037885198, 1.013489087, -5.08074470853, 0.0206654976789
1.85, 19.3529865904, 1.01365159216, -5.08437638708, 0.0125129818734
1.86, 19.3021489316, 1.01372018064, -5.08789178497, 0.00499590735564
1.87, 19.2512766059, 1.01378466269, -5.09131592145, 0.0107719523127
1.88, 19.2003702258, 1.01393896416, -5.09491243423, 0.0157048446469
1.89, 19.149431418, 1.01412620888, -5.09790521931, 0.0186775558617
1.9, 19.0984603803, 1.01425694344, -5.10105152491, 0.00930993959743
1.91, 19.0474583762, 1.01431394242, -5.10410073398, 0.00594208362366
1.92, 18.996426277, 1.01440708592, -5.10707645513, 0.0143840391515
1.93, 18.9453648057, 1.01458786102, -5.10997853416, 0.0206965650675
1.94, 18.8942747356, 1.01476160633, -5.11279543877, 0.0142338607824
1.95, 18.8431569744, 1.01484381768, -5.11551733574, 0.00564333412428
1.96, 18.7920123797, 1.01490241313, -5.11816644516, 0.00932938312298
1.97, 18.740841622, 1.01504650652, -5.12075510299, 0.0193619113607
1.98, 18.6896453318, 1.01522950368, -5.12327362649, 0.0192561028624
1.99, 18.6384242526, 1.0153740318, -5.12571307977, 0.0109515783141
2.0, 18.5871791821, 1.01544033831, -5.12807311916, 0.00599331703988
2.01, 18.5359108213, 1.01552350048, -5.13037581322, 0.0128188950894
2.02, 18.4846197166, 1.01569236105, -5.13262507359, 0.0202097758518
2.03, 18.4333064366, 1.01587317496, -5.13481016081, 0.015754509778
2.04, 18.3819716869, 1.01597082345, -5.13691847597, 0.00674046388946
2.05, 18.330616165, 1.01602830171, -5.13896777226, 0.0082376039617
2.06, 18.279240398, 1.01615713255, -5.14097258411, 0.017955658954
2.07, 18.2278448348, 1.01635114347, -5.14292792129, 0.0197195597018
2.08, 18.1764300445, 1.01649456124, -5.14481688095, 0.0104225520357
2.09, 18.1249966897, 1.01655453549, -5.14664141825, 0.00549213263678
2.1, 18.0735453159, 1.01663796916, -5.14842566335, 0.0133071928425
2.11, 18.0220760539, 1.01680979398, -5.15042590091, 0.0162895988547
2.12, 17.9705901086, 1.0169859128, -5.15186420018, 0.0165061729457
2.13, 17.9190872678, 1.01709720488, -5.15349805744, 0.00820098767413
2.14, 17.867568341, 1.01716111859, -5.15508324608, 0.00798702212059
2.15, 17.8160337478, 1.01727850382, -5.15663575295, 0.0164115120556
2.16, 17.7644838193, 1.0174624602, -5.15815139777, 0.0194925201386
2.17, 17.7129189774, 1.01761457497, -5.15961661389, 0.0119622880048
2.18, 17.6613397475, 1.01768822489, -5.16102907355, 0.00629360647644
2.19, 17.6097465744, 1.01776793433, -5.16240916413, 0.0120596959405
2.2, 17.5581397527, 1.01792979002, -5.16376180613, 0.0198047711807
2.21, 17.5065195888, 1.01811330358, -5.16507652894, 0.0165406285796
2.22, 17.454886781, 1.01822045518, -5.16628266839, 0.00755865381906
2.23, 17.4032423258, 1.01827977801, -5.16741387881, 0.00784815680542
2.24, 17.3515870258, 1.01840085516, -5.16845749256, 0.0171152812256
2.25, 17.2999216231, 1.01859160529, -5.16944014701, 0.0199526374372
2.26, 17.2482467537, 1.01874299846, -5.17035058052, 0.0114705146768
2.27, 17.196563308, 1.01881012073, -5.17115633256, 0.00571918255331
2.28, 17.1448720494, 1.01888893174, -5.17191592934, 0.0124208273577
2.29, 17.093173592, 1.01905765815, -5.17259949366, 0.0205633417587
2.3, 17.0414685777, 1.01924487571, -5.17322755016, 0.0164730776701
2.31, 16.9897577923, 1.01934671387, -5.17375387973, 0.00680563053951
2.32, 16.9380420399, 1.01940084894, -5.17422675222, 0.00769735110032
2.33, 16.886321945, 1.01952593474, -5.1746307872, 0.017865690029
2.34, 16.8345981832, 1.0197105026, -5.17495978094, 0.0192043236922
2.35, 16.7828712621, 1.01986703652, -5.17525261344, 0.0127519340342
2.36, 16.7311417729, 1.01994746474, -5.17548089678, 0.00666553812989
2.37, 16.6794103334, 1.02002491264, -5.17564398658, 0.0113963529854
2.38, 16.627677468, 1.02017931565, -5.17577416812, 0.0192237080325
2.39, 16.5759434531, 1.02036287594, -5.1758706008, 0.0170460056227
2.4, 16.5242089377, 1.02047792063, -5.17587875266, 0.00834560255341
2.41, 16.4724746455, 1.0205401278, -5.17582132195, 0.0076230553344
2.42, 16.4207410675, 1.02065437037, -5.17574127259, 0.0162563358283
2.43, 16.3690084162, 1.02084009075, -5.17563688867, 0.0199128964617
2.44, 16.3172771675, 1.02099694645, -5.17546018864, 0.012347485426
2.45, 16.2655478934, 1.02107119977, -5.17524123634, 0.00606975716157
2.46, 16.2138209581, 1.02114697689, -5.17499857174, 0.0116549879665
2.47, 16.1620967416, 1.02130750374, -5.17470415909, 0.0199537058948
2.48, 16.1103756928, 1.02149511958, -5.17435774426, 0.017053698948
2.49, 16.0586583141, 1.0216055038, -5.1739699328, 0.00762462054442
2.5, 16.0069449893, 1.02166215864, -5.17355190722, 0.00738488499214
2.51, 15.9552360346, 1.02177939166, -5.17309602358, 0.0169207778631
2.52, 15.9035317256, 1.02197185719, -5.17262450123, 0.0203857625621
2.53, 15.8518322681, 1.02212796608, -5.17212320711, 0.011829434755
2.54, 15.8001381468, 1.02219507214, -5.17155603869, 0.00541097754084
2.55, 15.7484499367, 1.02226913855, -5.17094558251, 0.0119521467863
2.56, 15.6967676498, 1.02243159525, -5.17058091785, 0.0160266613081
2.57, 15.6450922899, 1.02261507529, -5.16965901414, 0.017883181713
2.58, 15.5934235832, 1.02273923741, -5.16893775808, 0.00902339268824
2.59, 15.5417621129, 1.02280078361, -5.16821989621, 0.00693262187616
2.6, 15.4901078397, 1.02290491727, -5.16750067514, 0.0152761001144
2.61, 15.4384609433, 1.02308736804, -5.16674487504, 0.0202328809799
2.62, 15.3868218632, 1.0232529124, -5.16593609428, 0.0134028324988
2.63, 15.335191026, 1.02333294084, -5.16509788219, 0.00605178392289
2.64, 15.2835686194, 1.02340132532, -5.16425370239, 0.0105209665125
2.65, 15.2319547958, 1.02355296906, -5.16338133458, 0.0195401669378
2.66, 15.1803497367, 1.02374461711, -5.16250005304, 0.0180173190518
2.67, 15.1287536277, 1.02386491956, -5.16159201936, 0.00832151990626
2.68, 15.0771666425, 1.02392029118, -5.16067292658, 0.00658368178626
2.69, 15.0255890075, 1.02402645799, -5.15972558873, 0.0158864979481
2.7, 14.9740208562, 1.02421593612, -5.15877762769, 0.0207954675598
2.71, 14.9224624655, 1.02438175673, -5.15777692627, 0.0129663783832
2.72, 14.8709141163, 1.02445463525, -5.15674998415, 0.00531935183725
2.73, 14.819376056, 1.02452015142, -5.15573615957, 0.0107008913878
2.74, 14.7678484994, 1.02467791982, -5.15464993377, 0.0203266129047
2.75, 14.7163324812, 1.02486015791, -5.15341007332, 0.0183299913281
2.76, 14.6648295772, 1.02499185313, -5.1520487645, 0.00978001566219
2.77, 14.6133415515, 1.0250558488, -5.15045990104, 0.00664822512335
2.78, 14.561870984, 1.02515234945, -5.14853895204, 0.0143251942428
2.79, 14.5104217483, 1.02532892773, -5.1462041317, 0.0201226722465
2.8, 14.4589971698, 1.02549949001, -5.14361939514, 0.0142540702412
2.81, 14.407602189, 1.02558643516, -5.14035525969, 0.0063728292543
2.82, 14.3562456442, 1.02565130261, -5.13590690505, 0.00968674816335
2.83, 14.3049358846, 1.02579387048, -5.13101240442, 0.0188291736091
2.84, 14.2536778647, 1.02598498028, -5.1256291517, 0.0185133771822
2.85, 14.202479166, 1.02611316984, -5.1191551538, 0.00908064662624
2.86, 14.1513501757, 1.02617036045, -5.11165419608, 0.00617631471574
2.87, 14.1002986427, 1.02626737095, -5.10370651062, 0.0147782314732
2.88, 14.049332432, 1.0264498633, -5.09459310231, 0.0206108770234
2.89, 13.9984601242, 1.02662027817, -5.08496710002, 0.0137695364702
2.9, 13.9476914559, 1.02669910471, -5.07401811717, 0.00548273952357
2.91, 13.8970406949, 1.02675886748, -5.06125971675, 0.00959867866218
2.92, 13.8465235881, 1.0269052626, -5.04728953923, 0.0194302467233
2.93, 13.796149914, 1.02708582442, -5.03268538881, 0.0187015913775
2.94, 13.7459276606, 1.02722362352, -5.01685242985, 0.0102939498547
2.95, 13.6958721711, 1.027286411, -4.9994460997, 0.00590461457262
2.96, 13.6459994051, 1.02737074518, -4.98043169663, 0.0129502281879
2.97, 13.5963249393, 1.02753821585, -4.95983010937, 0.0197400325138
2.98, 13.5468647935, 1.02771106178, -4.93761038928, 0.0147625036975
2.99, 13.4976297399, 1.02780022518, -4.91484748571, 0.00609616935975
3.0, 13.448625044, 1.02785475689, -4.89157851578, 0.00812629312619
3.01, 13.3998630989, 1.02798190429, -4.86653246154, 0.0175648812778
3.02, 13.3513628768, 1.02816795855, -4.83902953947, 0.0185781685676
3.03, 13.3031409429, 1.02829889108, -4.81098038564, 0.00919650576133
3.04, 13.2552018756, 1.02835003883, -4.78246912816, 0.00487851946138
3.05, 13.2075558445, 1.02842927364, -4.75237297451, 0.0128618698654
3.06, 13.1602133366, 1.02858814673, -4.72182544671, 0.0176317419598
3.07, 13.1131782792, 1.02875759794, -4.69089627455, 0.0153256908949
3.08, 13.0664625709, 1.0288545798, -4.65762684849, 0.00660363759466
3.09, 13.0200835661, 1.02890355657, -4.62379425407, 0.00661900089306
3.1, 12.9740464912, 1.02900977816, -4.58943463063, 0.0153991736136
3.11, 12.9283543929, 1.02918300626, -4.55480652652, 0.0182166002999
3.12, 12.8830180688, 1.02931919308, -4.51794688295, 0.0100807435608
3.13, 12.838055422, 1.02937316911, -4.48043310743, 0.00432233551118
3.14, 12.7934694522, 1.02943571401, -4.44267408353, 0.0105192140843
3.15, 12.749264439, 1.02958349991, -4.40395201897, 0.0183423395354
3.16, 12.7054515218, 1.02974985959, -4.36462005006, 0.0145076879389
3.17, 12.6620375636, 1.02983407164, -4.32406470439, 0.00508826754543
3.18, 12.6190308437, 1.0298698343, -4.28327885951, 0.00561563331788
3.19, 12.5764381587, 1.0299711956, -4.24124914822, 0.0152431173236
3.2, 12.5342666343, 1.03012996945, -4.19909701037, 0.0166577613836
3.21, 12.4925226829, 1.03026278237, -4.15572120231, 0.0104674134948
3.22, 12.4512189722, 1.03032076177, -4.11108358978, 0.00431246583829
3.23, 12.4103621741, 1.03037251996, -4.06639337178, 0.00856775152879
3.24, 12.3699527942, 1.03049703672, -4.02166588891, 0.0161193443146
3.25, 12.3299901551, 1.03065081985, -3.97652619231, 0.0141663362004
3.26, 12.2904855404, 1.03073872077, -3.93060955905, 0.00563731392378
3.27, 12.2514392703, 1.0307723954, -3.88479407156, 0.00451766750313
3.28, 12.2128511826, 1.03085311067, -3.8390065497, 0.0126900548444
3.29, 12.1747267152, 1.03100349826, -3.79208352488, 0.0164258509076
3.3, 12.1370723151, 1.03112749008, -3.74510244602, 0.009134939779
3.31, 12.0998843685, 1.03116951637, -3.69813553545, 0.00268868211082
3.32, 12.0631886076, 1.03120913392, -3.64708955973, 0.00778116481765
3.33, 12.0270046123, 1.03132952686, -3.59601903736, 0.0158299489568
3.34, 11.9913300706, 1.03147720355, -3.54522219105, 0.0131383582215
3.35, 11.9561689215, 1.03154983302, -3.49351068022, 0.00383163449959
3.36, 11.9215327458, 1.0315671972, -3.44017467859, 0.00321281324582
3.37, 11.8874268118, 1.03164033073, -3.38738069175, 0.0122897051309
3.38, 11.8538463218, 1.03178652649, -3.33507332063, 0.015771086026
3.39, 11.8207954389, 1.03189839324, -3.28141682948, 0.00747396105927
3.4, 11.7882850815, 1.03192201779, -3.22720607183, 0.000911803502097
3.41, 11.7563171075, 1.03194866233, -3.17285869547, 0.00692609623997
3.42, 11.7248936699, 1.03205965289, -3.1185795864, 0.0109917236958
3.43, 11.6940135719, 1.03219217327, -3.06406246593, 0.0127841492919
3.44, 11.663673137, 1.03226622683, -3.01042514896, 0.00397205586751
3.45, 11.6338652719, 1.03227636157, -2.95752733479, 0.00160164046117
3.46, 11.6045884303, 1.0323254585, -2.90409081909, 0.00958599722554
3.47, 11.5758436688, 1.03245082135, -2.8512431013, 0.0144940807532
3.48, 11.5476235378, 1.03256011628, -2.79914141942, 0.00779461291812
3.49, 11.5199274022, 1.03258410229, -2.74640170958, 0.000323812873753
3.5, 11.4927554805, 1.03259354717, -2.69433867034, 0.00441277517665
3.51, 11.4661037435, 1.03268299518, -2.64233766558, 0.0132153867668
3.52, 11.4399693007, 1.03281221094, -2.59096008541, 0.0118026024839
3.53, 11.4143444861, 1.03287127831, -2.54033354618, 0.00216078257856
3.54, 11.3892255646, 1.03286401644, -2.48973305384, 0.000123255591137
3.55, 11.3646088996, 1.03290382373, -2.43985064149, 0.00907462708825
3.56, 11.3404887712, 1.03301536195, -2.39052233288, 0.0118007713852
3.57, 11.3168611859, 1.03311436083, -2.34124006929, 0.00765810988909
3.58, 11.2937234519, 1.03314028567, -2.29256129948, 0.000389481965125
3.59, 11.2710725725, 1.03314115297, -2.24384313682, 0.00269121876878
3.6, 11.2489058849, 1.03320698803, -2.19573636888, 0.0107050862583
3.61, 11.2272170399, 1.03331845776, -2.14825546122, 0.0108729927841
3.62, 11.2060045215, 1.03337730432, -2.10055390105, 0.00258674781378
3.63, 11.1852687967, 1.03336991052, -2.05278656809, -0.000592413219382
3.64, 11.1650132494, 1.03339180379, -2.00468287023, 0.00659439176418
3.65, 11.145234649, 1.03348930523, -1.95725668437, 0.0120837491645
3.66, 11.1259268925, 1.03358059067, -1.91017389949, 0.00641078941312
3.67, 11.107091818, 1.0335907673, -1.8627376498, -0.00128435889228
3.68, 11.0887323265, 1.03357795135, -1.8153425747, 0.00169655302279
3.69, 11.0708502244, 1.03363814738, -1.76744242885, 0.0103676628786
3.7, 11.0534432689, 1.0337445089, -1.72016023841, 0.0100543574004
3.71, 11.0365106284, 1.0337900819, -1.67255194668, 0.000919060883216
3.72, 11.020050005, 1.03376610593, -1.62578291352, -0.00204320467481
3.73, 11.0040505352, 1.03377871879, -1.58030473976, 0.00608303111621
3.74, 10.9884992632, 1.03387273659, -1.5361064186, 0.011668758213
3.75, 10.9733836175, 1.03395512531, -1.49313965882, 0.00508450292948
3.76, 10.9586915204, 1.0339488238, -1.45135917702, -0.00299732894696
3.77, 10.9444112038, 1.03392268897, -1.41075117297, 0.000805600908617
3.78, 10.9305310733, 1.0339786239, -1.37129114974, 0.0101795803277
3.79, 10.917039834, 1.03408086224, -1.33293835581, 0.00929689414587
3.8, 10.9039266585, 1.03411348328, -1.29564368661, -0.000705113563101
3.81, 10.8911810986, 1.03407381606, -1.25938446458, -0.00334198831855
3.82, 10.8787928676, 1.0340792112, -1.22415158784, 0.00582038468164
3.83, 10.8667518477, 1.03415938136, -1.189911406, 0.0103195393527
3.84, 10.8550483053, 1.03424080434, -1.15662745876, 0.00569587382459
3.85, 10.8436728772, 1.03423923712, -1.1242589951, -0.0030393050077
3.86, 10.8326164776, 1.03420135113, -1.09279647946, -0.0012092171772
3.87, 10.8218701252, 1.0342348673, -1.062226542, 0.00821097693449
3.88, 10.8114250341, 1.03432836379, -1.03251758302, 0.00940465021816
3.89, 10.8012726512, 1.03436817753, -1.00365773048, 9.47213458017e-05
3.9, 10.791404306, 1.03432756202, -0.975685515552, -0.00437976190176
3.91, 10.7818108883, 1.0343133955, -0.948650405483, 0.00348823247415
3.92, 10.7724831665, 1.0343845059, -0.92271901691, 0.00603327254897
3.93, 10.763412144, 1.03445471228, -0.89737852482, 0.0057439409252
3.94, 10.7545879856, 1.03445976705, -0.87308686974, -0.00224757377694
3.95, 10.7460001674, 1.03442216307, -0.849995914556, -0.0020195293443
3.96, 10.7376387471, 1.03443883344, -0.827785341213, 0.00613370574393
3.97, 10.7294941984, 1.03451653036, -0.806615631714, 0.00857639667843
3.98, 10.7215572828, 1.0345587427, -0.786241026848, 0.00101226793926
3.99, 10.7138198893, 1.03452595525, -0.766668451006, -0.00410786308928
4.0, 10.7062728845, 1.03450322406, -0.748112262594, 0.00179189337017
4.01, 10.6989068848, 1.0345596433, -0.730474376478, 0.00894826992898
4.02, 10.6917135735, 1.0346318736, -0.713542186455, 0.00527241663199
4.03, 10.6846866256, 1.0346280538, -0.697169120283, -0.00332311103562
4.04, 10.6778202227, 1.03458173804, -0.681428157664, -0.00255447779226
4.05, 10.6711087325, 1.0345979746, -0.666169519118, 0.00641548851845
4.06, 10.6645474796, 1.0346780456, -0.651366087546, 0.00859651559204
4.07, 10.6581318831, 1.03471531311, -0.637020183642, 0.000131365302916
4.08, 10.6518578422, 1.03467244738, -0.623042383645, -0.00500821252002
4.09, 10.6457217304, 1.03464557073, -0.609428970119, 0.00182409572319
4.1, 10.6397201217, 1.03470523912, -0.596137002775, 0.00932603256541
4.11, 10.6338496275, 1.03477729234, -0.58318719894, 0.00483007725374
4.12, 10.6281070347, 1.03476477535, -0.570547052365, -0.00437691837479
4.13, 10.6224891891, 1.0347105277, -0.558227960721, -0.0029670593108
4.14, 10.6169932798, 1.03472790759, -0.546160982948, 0.00685798691478
4.15, 10.611616555, 1.03481152296, -0.534375620029, 0.0086817671456
4.16, 10.6063562216, 1.03484400887, -0.522872294661, -0.000760797145021
4.17, 10.6012095126, 1.0347912141, -0.511643184168, -0.00585767046226
4.18, 10.5961737581, 1.03476127372, -0.500674378265, 0.00199742055172
4.19, 10.5912462855, 1.03481536342, -0.489982184129, 0.00755817116923
4.2, 10.5864243324, 1.03488792557, -0.47955995297, 0.00581341647806
4.21, 10.5817054972, 1.03488716253, -0.469348271623, -0.00349061630835
4.22, 10.5770875234, 1.03483076525, -0.459382373506, -0.00413505625187
4.23, 10.5725679047, 1.03483085948, -0.449673432063, 0.0051119066134
4.24, 10.5681443896, 1.03490647429, -0.440153516984, 0.00886239156655
4.25, 10.5638151279, 1.03494969621, -0.430796737505, 0.000667734306765
4.26, 10.5595806473, 1.03490465403, -0.421204476758, -0.00595122337687
4.27, 10.5554447415, 1.03486247138, -0.410999187617, 0.000121740542146
4.28, 10.5514156863, 1.03491081709, -0.399863156181, 0.00888489792336
4.29, 10.5474987847, 1.03497242395, -0.38868831834, 0.00586840228558
4.3, 10.5436921425, 1.03498086269, -0.377805055303, -0.00220278823068
4.31, 10.5399928001, 1.03493193618, -0.36721956562, -0.00415606639715
4.32, 10.5363977503, 1.03492129206, -0.356940417207, 0.00340188883529
4.33, 10.5329039714, 1.03498180705, -0.346957066946, 0.00792018129419
4.34, 10.529508602, 1.03502702536, -0.337247680339, 0.00170540572183
4.35, 10.5262089864, 1.03499420517, -0.327796798723, -0.00502648747208
4.36, 10.5230025072, 1.03495027236, -0.318614726932, -0.00100706747793
4.37, 10.519886482, 1.03498182194, -0.309700714979, 0.00719119931204
4.38, 10.516858292, 1.03504986506, -0.301038527835, 0.00582124481214
4.39, 10.5139155295, 1.03505296417, -0.292605441662, -0.00302370917157
4.4, 10.5110559122, 1.03499657921, -0.284402804806, -0.00465415255132
4.41, 10.5082771004, 1.03498598877, -0.276440870191, 0.00378382360381
4.42, 10.5055767207, 1.03505119719, -0.268709987664, 0.00826684814384
4.43, 10.5029525545, 1.0350950205, -0.261188872191, 0.00114465987074
4.44, 10.5004025786, 1.03505404288, -0.253864138952, -0.00585455399978
4.45, 10.4979247786, 1.03500590816, -0.246750137269, -0.000997567805386
4.46, 10.495517047, 1.03504152964, -0.239847039296, 0.00776240908193
4.47, 10.4931773315, 1.03511245576, -0.233139146701, 0.00573138946054
4.48, 10.4909037894, 1.03510965844, -0.226604004898, -0.00390165003078
4.49, 10.4886944895, 1.0350456791, -0.220286354497, -0.00512070305651
4.5, 10.4865471591, 1.03503593729, -0.214208538508, 0.00426835660829
4.51, 10.4844591357, 1.03510663597, -0.208415264092, 0.00865731378671
4.52, 10.482427622, 1.0351489797, -0.202898548962, 0.000542867128094
4.53, 10.4804500685, 1.03509951815, -0.197605100468, -0.00668803264689
4.54, 10.4785239188, 1.03504771074, -0.192622802969, -0.000891137610379
4.55, 10.4766462662, 1.03508850535, -0.187889539311, 0.00843256855819
4.56, 10.4748140258, 1.03514866826, -0.183542560256, 0.00589627004405
4.57, 10.4730240993, 1.0351559428, -0.179411208527, -0.00254730219449
4.58, 10.4712741249, 1.03509989274, -0.175558696102, -0.00509700146913
4.59, 10.4695614872, 1.03508011966, -0.171931147691, 0.00266466609779
4.6, 10.4678839837, 1.03513716699, -0.168518202954, 0.00788627117112
4.61, 10.4662392251, 1.03518313441, -0.16537747543, 0.00172662184235
4.62, 10.4646249025, 1.03514698215, -0.162415056451, -0.00567657461698
4.63, 10.4630392786, 1.03509429295, -0.159634482909, -0.00191591198805
4.64, 10.4614801347, 1.03511967263, -0.157122723631, 0.00690597636779
4.65, 10.4599451881, 1.03518820869, -0.154784475555, 0.00603613959047
4.66, 10.4584324609, 1.03519167535, -0.152672304913, -0.0032500398796
4.67, 10.4569400213, 1.0351290784, -0.150710258967, -0.00551324106489
4.68, 10.455465893, 1.03511043284, -0.149019697663, 0.00318444855319
4.69, 10.4540079954, 1.03517392258, -0.147456016801, 0.00842725432705
4.7, 10.4525654278, 1.03522030046, -0.145945574087, 0.00132067929021
4.71, 10.4511377589, 1.0351771152, -0.144472835335, -0.00642137101962
4.72, 10.4497250076, 1.03512104419, -0.142961498689, -0.00180993649012
4.73, 10.4483273222, 1.03515187887, -0.141466333702, 0.00764820715457
4.74, 10.4469445243, 1.03522514785, -0.139981817767, 0.00612464853947
4.75, 10.4455767351, 1.0352241107, -0.138459210346, -0.00402716041935
4.76, 10.4442241769, 1.03515463409, -0.136937045669, -0.00591822336624
4.77, 10.4428867596, 1.03513773468, -0.135435597677, 0.00379044321067
4.78, 10.4415644208, 1.03519519326, -0.133917907008, 0.00781011172854
4.79, 10.4402572357, 1.03524823682, -0.132405162102, 0.00271344342964
4.8, 10.4389652106, 1.03521794607, -0.130884457473, -0.00564459852143
4.81, 10.4376883483, 1.03515808495, -0.129374096821, -0.00307474478868
4.82, 10.4364268149, 1.03517349159, -0.127820540102, 0.00633148366996
4.83, 10.4351807698, 1.03524450532, -0.12627761621, 0.00688403022093
4.84, 10.4339501898, 1.0352576012, -0.124727813116, -0.00251177486898
4.85, 10.432735198, 1.03519442804, -0.123152614371, -0.00625311435328
4.86, 10.4315359236, 1.03516451971, -0.121592590437, 0.00205817475396
4.87, 10.4303521625, 1.0352235792, -0.120051616852, 0.00868309542298
4.88, 10.4291837517, 1.03527874783, -0.118517552047, 0.00243559988768
4.89, 10.4280308825, 1.03524187589, -0.116942131264, -0.00642051867046
4.9, 10.4268937096, 1.03517781009, -0.115379765083, -0.00306315271996
4.91, 10.4257720604, 1.03519834694, -0.113840441404, 0.00710853155013
4.92, 10.4246658632, 1.03526098414, -0.112284168457, 0.00736314702223
4.93, 10.4235752576, 1.0352868092, -0.110723936305, -0.000988837879013
4.94, 10.422500295, 1.03523161501, -0.109157959566, -0.00634085106001
4.95, 10.4214410367, 1.03519044465, -0.107581849767, 0.000381581680064
4.96, 10.4203974907, 1.03523669677, -0.106021763145, 0.00812328968573
4.97, 10.4193696118, 1.03529821412, -0.104441680121, 0.00387676515035
4.98, 10.4183574077, 1.03527578471, -0.102885916857, -0.00543815277716
4.99, 10.4173610218, 1.03520940872, -0.101276784583, -0.004269230104
5.0, 10.4163806549, 1.03521375792, -0.0996880864577, 0.0056293696063
5.01, 10.4154161013, 1.03528676713, -0.0981147036012, 0.00777275512869
5.02, 10.4144671754, 1.03531084816, -0.0965361547082, -0.00159508656227
5.03, 10.413534312, 1.03524835562, -0.0949252608391, -0.00694861211701
5.04, 10.412617446, 1.0352064313, -0.0933377443054, 0.000780409238637
5.05, 10.4117160976, 1.03525498303, -0.0920270791404, 0.00416758908682
5.06, 10.4108310956, 1.0353113532, -0.0901592209534, 0.00457193436094
5.07, 10.4099620447, 1.03530175624, -0.0885358726341, -0.00407715911869
5.08, 10.4091092298, 1.03524074344, -0.086915845437, -0.00462203923933
5.09, 10.4082726729, 1.03523285592, -0.085286598568, 0.00402752140837
5.1, 10.4074522959, 1.03529539311, -0.0836778806883, 0.00750809649244
5.11, 10.4066478604, 1.03532759298, -0.0820984625677, -0.000133857515029
5.12, 10.4058585629, 1.03527775606, -0.0806491744326, -0.00625897702204
5.13, 10.4050825024, 1.03523111346, -0.0794409506196, -0.00054718566733
5.14, 10.4043177662, 1.03526918249, -0.0783885271278, 0.00763708565007
5.15, 10.4035624202, 1.03533259121, -0.0775440078894, 0.00456589487418
5.16, 10.4028128676, 1.03531820998, -0.0772397883298, -0.00480181988863
5.17, 10.4020649695, 1.0352517067, -0.0771818382597, -0.00484659593651
5.18, 10.4013155299, 1.03524688394, -0.077547671542, 0.00469382849725
5.19, 10.4005605776, 1.03531606541, -0.078300117248, 0.00796824558826
5.2, 10.3997967556, 1.03534742026, -0.0792757418568, -0.000651430299947
5.21, 10.3990224432, 1.03529057257, -0.0804063463421, -0.00689094075439
5.22, 10.3982358292, 1.03524255203, -0.0817296319992, -0.000212945959096
5.23, 10.3974339673, 1.03528750027, -0.0834560158798, 0.00842099781262
5.24, 10.3966124749, 1.03535488536, -0.0856077299512, 0.00452074696906
5.25, 10.3957689268, 1.03533517571, -0.0878839811152, -0.00557090153177
5.26, 10.3949018613, 1.03526327465, -0.0903934204088, -0.00500781914368
5.27, 10.3940073952, 1.03526262075, -0.0933888739368, 0.00548934173465
5.28, 10.393081621, 1.03532496135, -0.0965175684377, 0.00804459092055
5.29, 10.3921235316, 1.03536737427, -0.0998292808044, 0.000955847879261
5.3, 10.3911322497, 1.03532218351, -0.103187263929, -0.00645728172048
5.31, 10.3901078065, 1.03526707529, -0.10644833693, -0.00166214957422
5.32, 10.3890513605, 1.03529827257, -0.109595669356, 0.00755251693765
5.33, 10.3879640372, 1.03536895281, -0.112624471908, 0.00578639408329
5.34, 10.3868472311, 1.03536519604, -0.115489856341, -0.00417520648027
5.35, 10.3857024058, 1.03529620331, -0.118233518037, -0.00573121421165
5.36, 10.3845308439, 1.03528122945, -0.120845579168, 0.00391816976677
5.37, 10.3833336686, 1.03533798586, -0.123357015802, 0.00759012895369
5.38, 10.3821119469, 1.03538826307, -0.125759608659, 0.00247134299553
5.39, 10.3808669425, 1.03535734927, -0.128014297064, -0.00553418742209
5.4, 10.3795999233, 1.03529983598, -0.130170409008, -0.00280447777376
5.41, 10.3783119064, 1.03531656977, -0.132215617768, 0.00631180688934
5.42, 10.3770038932, 1.03538570717, -0.134172338729, 0.00662004210699
5.43, 10.3756770435, 1.03539703559, -0.135989205774, -0.00254812324855
5.44, 10.3743324704, 1.03533554703, -0.137701962964, -0.00594938753051
5.45, 10.3729712523, 1.03530851416, -0.139331892043, 0.00225842446218
5.46, 10.3715941925, 1.03536746992, -0.140882038603, 0.00851469828836
5.47, 10.3702021598, 1.03542044947, -0.14232190919, 0.00226221882513
5.48, 10.3687961967, 1.03538384241, -0.143669650496, -0.00620943966276
5.49, 10.3673771274, 1.03532312146, -0.144948293967, -0.00270322920495
5.5, 10.3659457309, 1.03534566334, -0.14613903824, 0.00713707816087
5.51, 10.3645029171, 1.03542097141, -0.147233008385, 0.00688237021615
5.52, 10.3630495687, 1.03542929547, -0.148246215195, -0.0032210816202
5.53, 10.3615866097, 1.035361234, -0.149156426456, -0.00637607181954
5.54, 10.3601148537, 1.03533569954, -0.150015248299, 0.00286323188962
5.55, 10.3586347323, 1.03539214704, -0.150826323067, 0.00692985899987
5.56, 10.3571465468, 1.03544695553, -0.151631170585, 0.00336914287185
5.57, 10.3556499504, 1.03542428269, -0.152498042298, -0.0050131167485
5.58, 10.3541432544, 1.03536540213, -0.153663442339, -0.0034424381006
5.59, 10.3526238788, 1.03537428236, -0.155026058531, 0.00566167986364
5.6, 10.3510887821, 1.03544312881, -0.156804671587, 0.00714617170739
5.61, 10.3495338507, 1.03546331568, -0.15899946174, -0.00161457838133
5.62, 10.3479554285, 1.03540606569, -0.161439086253, -0.00607382856059
5.63, 10.3463487738, 1.03537240554, -0.16459833006, 0.00136319786336
5.64, 10.3447077056, 1.03542582545, -0.168381512426, 0.00844683515238
5.65, 10.3430271491, 1.03548478621, -0.172468269441, 0.00326686071225
5.66, 10.3413038655, 1.03545703694, -0.177035852375, -0.00567324015804
5.67, 10.3395318972, 1.03539452346, -0.182331257254, -0.00340456292754
5.68, 10.3377015, 1.0354088765, -0.188419549266, 0.00650827270629
5.69, 10.3358090879, 1.0354848823, -0.19473704197, 0.00756687099022
5.7, 10.3338505405, 1.03550366343, -0.201641824177, -0.00214816822667
5.71, 10.3318215372, 1.03544050282, -0.208784513266, -0.00648529418823
5.72, 10.3297183774, 1.03540827752, -0.216496146981, 0.00198118950924
5.73, 10.3275369067, 1.0354599817, -0.224422784885, 0.00700835479969
5.74, 10.3252733928, 1.03552291703, -0.232905143244, 0.00461929574033
5.75, 10.3229240876, 1.0355110673, -0.241557406602, -0.00433679015474
5.76, 10.3204874569, 1.03545102463, -0.250366129643, -0.00411707060787
5.77, 10.3179598505, 1.03545222906, -0.259736092329, 0.005140039803
5.78, 10.3153377015, 1.0355237466, -0.26926357101, 0.00809577488117
5.79, 10.3126196154, 1.03555711351, -0.278916083944, -0.000294527364177
5.8, 10.30980264, 1.0355063667, -0.28905198024, -0.00609287343991
5.81, 10.3068816877, 1.03546650509, -0.29967985037, 0.000532587647377
5.82, 10.303853109, 1.03551654026, -0.31058254994, 0.00874806895141
5.83, 10.3007156332, 1.03558636918, -0.321432849944, 0.00480398882009
5.84, 10.2974689831, 1.03557168677, -0.332431811269, -0.00484722245884
5.85, 10.2941135896, 1.03550869849, -0.343169412742, -0.00405439614488
5.86, 10.2906524752, 1.03551601077, -0.353588798765, 0.00610772851238
5.87, 10.2870886912, 1.03558349732, -0.36369639666, 0.00757381706984
5.88, 10.2834257817, 1.03562448516, -0.373438583872, 0.00124692518747
5.89, 10.2796670818, 1.0355895344, -0.382861852221, -0.00491283285207
5.9, 10.2758157628, 1.03555041576, -0.391967484736, -0.00029593271586
5.91, 10.2718750648, 1.0355880517, -0.400754854597, 0.00760355794591
5.92, 10.267847959, 1.03565634138, -0.409259481005, 0.00560178174057
5.93, 10.2637372626, 1.03565718721, -0.417478612765, -0.00307699032823
5.94, 10.2595458888, 1.0356043854, -0.425400239608, -0.0039378804419
5.95, 10.2552766315, 1.03560259457, -0.433057253285, 0.00465997461532
5.96, 10.2509322017, 1.03567308945, -0.44045600875, 0.008477073739
5.97, 10.2465150233, 1.03571634928, -0.447608653755, 0.00103201191225
5.98, 10.2420276785, 1.0356770348, -0.454488786805, -0.00533833440248
5.99, 10.2374727808, 1.03563788189, -0.461138247662, 0.000120145734425
6.0, 10.2328535477, 1.03568326059, -0.467358976101, 0.00849683601934
6.01, 10.2281770262, 1.03575729239, -0.472599162586, 0.00577644294107
6.02, 10.2234546393, 1.03575507877, -0.476554240164, -0.00365016735581
6.03, 10.218700841, 1.03569812634, -0.479016574755, -0.00404728098321
6.04, 10.2139279222, 1.03570051044, -0.480199217086, 0.0054283385542
6.05, 10.2091492445, 1.03577879673, -0.480381948353, 0.00904991031327
6.06, 10.2043728737, 1.0358223352, -0.479777323585, 0.000604823516044
6.07, 10.1996060211, 1.03577667174, -0.478460236431, -0.00594017043286
6.08, 10.1948604221, 1.0357362928, -0.475637065665, 0.000449332294228
6.09, 10.1901494778, 1.03578851972, -0.471456960689, 0.00926620772187
6.1, 10.185488195, 1.03585230637, -0.465743955326, 0.00595980769754
6.11, 10.1808933492, 1.03586074083, -0.458343191984, -0.0022127395231
6.12, 10.1763801844, 1.03581283289, -0.449411359395, -0.00392614147945
6.13, 10.171959215, 1.03580578393, -0.439872796824, 0.00382413741143
6.14, 10.1676371044, 1.0358698828, -0.429682416841, 0.00817624386331
6.15, 10.1634253217, 1.0359160447, -0.417784086408, 0.0016924851849
6.16, 10.1593319011, 1.03588316403, -0.406086362012, -0.00496676948923
6.17, 10.155353803, 1.03584149525, -0.394714431626, -0.000653851691586
6.18, 10.1514877419, 1.03587704346, -0.383671598938, 0.00756016756555
6.19, 10.1477304951, 1.03594720429, -0.372940203372, 0.00588601144552
6.2, 10.1440790709, 1.03594992588, -0.362495533485, -0.00308555144083
6.21, 10.1405306169, 1.03589415212, -0.352338005362, -0.00445741919159
6.22, 10.1370822349, 1.03588697114, -0.342476095978, 0.00418986693735
6.23, 10.1337310111, 1.03595545023, -0.332898254667, 0.00847159894069
6.24, 10.1304742067, 1.03599956292, -0.32358136864, 0.0010605065302
6.25, 10.1273092919, 1.03595793335, -0.314511093718, -0.00583857240981
6.26, 10.1242337548, 1.03591179842, -0.305700928689, -0.000659908332738
6.27, 10.1212450031, 1.03595120456, -0.297149161222, 0.00809987020074
6.28, 10.1183405179, 1.03602374469, -0.288838379324, 0.00573317359638
6.29, 10.1155180065, 1.03601994226, -0.280744740751, -0.00401841915768
6.3, 10.1127752907, 1.03595622043, -0.272873144198, -0.00494299901393
6.31, 10.110110112, 1.0359497679, -0.265234511903, 0.00466092107133
6.32, 10.1075201764, 1.03602343317, -0.257818034048, 0.00881617216731
6.33, 10.1050033632, 1.03606547899, -0.250600698795, 0.000396179193387
6.34, 10.1025577511, 1.03601486626, -0.243570361728, -0.0067069103021
6.35, 10.1001814051, 1.0359648831, -0.236744642761, -0.000562111714478
6.36, 10.097872029, 1.03600464071, -0.230376192167, 0.00407653930371
6.37, 10.0956284238, 1.03607207749, -0.223685164102, 0.00646146615859
6.38, 10.093448052, 1.0360806768, -0.217416633178, -0.00279003981689
6.39, 10.0913295016, 1.03601993024, -0.211315692666, -0.00558676412908
6.4, 10.0892710423, 1.03599877473, -0.205396711307, 0.0028930945293
6.41, 10.0872708753, 1.03606157016, -0.199652876217, 0.00859941618879
6.42, 10.08532733, 1.03611221429, -0.194064677659, 0.00185965894653
6.43, 10.0834389311, 1.03607300858, -0.188617095996, -0.00624130205752
6.44, 10.0816042122, 1.03601564812, -0.183326432062, -0.00213732913214
6.45, 10.0798215885, 1.0360435902, -0.178196624609, 0.00750403369451
6.46, 10.0780894962, 1.03611867222, -0.173213993293, 0.00654757366268
6.47, 10.0764065714, 1.03612254725, -0.168355947023, -0.00361266794652
6.48, 10.0747715646, 1.03605411184, -0.163626460458, -0.00609503453332
6.49, 10.073183127, 1.03603366452, -0.159042059285, 0.00340898201406
6.5, 10.0716398277, 1.03608989539, -0.154593335208, 0.00795620304887
6.51, 10.0701403826, 1.03614699096, -0.150267354589, 0.00322456565351
6.52, 10.0686836423, 1.03612007339, -0.146046692677, -0.0055519118728
6.53, 10.0672685047, 1.03605787952, -0.141944939378, -0.00350616951053
6.54, 10.0658937459, 1.03606961515, -0.137970694762, 0.00613918631672
6.55, 10.0645581221, 1.03614222591, -0.13411340706, 0.00729781573069
6.56, 10.063260561, 1.03615996452, -0.130351895541, -0.00214700512214
6.57, 10.0620001232, 1.03609700431, -0.126685065314, -0.00653033638294
6.58, 10.0607757885, 1.0360626167, -0.123131752331, 0.00160383157869
6.59, 10.0595861727, 1.03611537069, -0.119943235139, 0.0041384288287
6.6, 10.0584310157, 1.03616660481, -0.116337365767, 0.00382503520524
6.61, 10.0573086799, 1.03615200603, -0.113068314622, -0.00419554921623
6.62, 10.0562185782, 1.03609553633, -0.10988883384, -0.00380668553993
6.63, 10.0551597727, 1.03609522346, -0.106809331526, 0.00451375237074
6.64, 10.054131284, 1.03615657323, -0.103822301894, 0.00692386374692
6.65, 10.0531322656, 1.03618148154, -0.100910083699, -0.000746944746356
6.66, 10.0521620004, 1.03613116681, -0.0980683542188, -0.00579877873695
6.67, 10.0512197181, 1.03609252386, -0.0953139573328, 0.000302774649665
6.68, 10.0503045392, 1.03613444994, -0.0926470449873, 0.00751566384529
6.69, 10.0494156373, 1.03619162086, -0.0900540015265, 0.00371539756594
6.7, 10.048552354, 1.03617173444, -0.087518858216, -0.00491951221159
6.71, 10.0477140677, 1.03611017415, -0.0850537014573, -0.00398146860088
6.72, 10.0469000334, 1.03611301418, -0.0826696462743, 0.0051384622921
6.73, 10.0461094609, 1.03618000808, -0.0803586150386, 0.00725004282715
6.74, 10.0453417021, 1.0362029454, -0.0781020138616, -0.00134030520154
6.75, 10.0445962369, 1.03614550497, -0.0758971508433, -0.00640264096028
6.76, 10.043872472, 1.03610573187, -0.0737632804704, 0.000631094803621
6.77, 10.0431696918, 1.03615379347, -0.0717000654099, 0.00816895383556
6.78, 10.0424872405, 1.03621343402, -0.0696931446887, 0.00352679377665
6.79, 10.0418246382, 1.03618737352, -0.0677261879823, -0.00572227572741
6.8, 10.0411814289, 1.03612045512, -0.0658143523009, -0.00413485321904
6.81, 10.040557014, 1.03612703764, -0.0639692231008, 0.00583385870332
6.82, 10.0399507476, 1.03620002502, -0.0621821120755, 0.00756916661629
6.83, 10.0393615813, 1.03622045018, -0.0605487660554, -0.00201117053129
6.84, 10.0387878918, 1.03615534317, -0.0590783576829, -0.00702225056429
6.85, 10.0382275689, 1.03611487089, -0.0578752947499, 0.00104116794346
6.86, 10.0376755734, 1.03615959199, -0.0574105385327, 0.00660529994561
6.87, 10.0371263549, 1.03622189294, -0.0572860079581, 0.00472918329535
6.88, 10.0365755123, 1.03620986588, -0.0577353813472, -0.00460371050757
6.89, 10.0360151768, 1.03614312534, -0.0591734983346, -0.00507324054197
6.9, 10.0354364947, 1.03613465374, -0.0613758237588, 0.00430753851023
6.91, 10.0348338083, 1.03620181661, -0.063947446873, 0.00797216612818
6.92, 10.0342034374, 1.03623529743, -0.0668688407725, -0.000338388882376
6.93, 10.0335385187, 1.03618043702, -0.0708566707981, -0.00686042817096
6.94, 10.0328301682, 1.03613032235, -0.0755523390469, -0.000565296642762
6.95, 10.0320732515, 1.03617214207, -0.0805542816913, 0.00823788948736
6.96, 10.0312653207, 1.03624033612, -0.0859234011792, 0.00480466753506
6.97, 10.03039711, 1.03622399799, -0.0924053583955, -0.00528891162985
6.98, 10.0294622598, 1.03615244172, -0.0992248840156, -0.00518617525996
6.99, 10.0284566771, 1.03614868896, -0.106488803164, 0.00517733382836
7.0, 10.0273754968, 1.03621120818, -0.114490304311, 0.00740824332918
7.01, 10.0262112578, 1.03625165716, -0.122973093473, 0.00111478359557
7.02, 10.0249576565, 1.0362114038, -0.132358914643, -0.00580737300589
7.03, 10.0236049397, 1.03616085465, -0.142772921466, -0.00148275091292
7.04, 10.0221457563, 1.03618986631, -0.153616832656, 0.00710104233091
7.05, 10.0205760253, 1.03625675284, -0.164851641802, 0.00563191944927
7.06, 10.0188855899, 1.0362559135, -0.177780765224, -0.00353959340871
7.07, 10.0170612023, 1.036194176, -0.191704625482, -0.00509225763857
7.08, 10.0150940328, 1.03618145823, -0.2061765664, 0.00379471492766
7.09, 10.0129753058, 1.03624799235, -0.221861663832, 0.00844637825029
7.1, 10.0106951971, 1.03629192568, -0.238533838363, 0.00101167003002
7.11, 10.0082416558, 1.03624817516, -0.256395133954, -0.00614317684811
7.12, 10.0056054981, 1.03619865881, -0.275187695488, -0.000920559168508
7.13, 10.0027804172, 1.0362372275, -0.294483955895, 0.00821115568584
7.14, 9.99975584976, 1.03631213913, -0.314707022592, 0.00605129610769
7.15, 9.99652398222, 1.03631055986, -0.33594525391, -0.00387820760665
7.16, 9.99307792805, 1.03624684443, -0.35748238555, -0.00497170684695
7.17, 9.98940823281, 1.03624086405, -0.380764877308, 0.00487009639439
7.18, 9.98550330624, 1.03631874977, -0.404401614958, 0.0094307544225
7.19, 9.98136107218, 1.03636725255, -0.428215785553, 0.00103095769845
7.2, 9.97697595767, 1.03632117837, -0.45298193423, -0.0063623412249
7.21, 9.97234198234, 1.03627401973, -0.477951635998, -0.000209705838895
7.22, 9.96745334002, 1.03631914554, -0.504133193555, 0.00471745964476
7.23, 9.96230706228, 1.0363958467, -0.529913219798, 0.00754593617856
7.24, 9.95689231233, 1.03641448301, -0.557020705683, -0.00188151507777
7.25, 9.95120695189, 1.03636075022, -0.584123839632, -0.00496806065189
7.26, 9.94524533578, 1.03634625731, -0.612197401134, 0.00373028620494
7.27, 9.93900307864, 1.03642005032, -0.640302202384, 0.00994480988295
7.28, 9.93247420233, 1.03648483891, -0.669396251048, 0.00328295042162
7.29, 9.92565511899, 1.03645788798, -0.698435433679, -0.00514638662458
