timestamp, prius1 x posi, prius1 y posi, prius1 x vel, prius1 y vel.
0.0, 0.0, 0.0, 0.0, 0.0
0.00999999999999, 0.999866917489, -25.0723029095, -0.00745913591675, 0.114482772284
0.02, 0.999832898117, -25.0711037589, -8.61903746693e-05, 0.130180810262
0.03, 0.999884166985, -25.0697439386, 0.0067833485707, 0.146466764072
0.04, 0.999940071891, -25.0682200221, 0.00164980708611, 0.163049756976
0.05, 0.999910934515, -25.0665267265, -0.00707538887109, 0.180724326701
0.06, 0.999848627901, -25.0646486549, -0.00473989941622, 0.199520707568
0.07, 0.999862335591, -25.0625817815, 0.00499036346117, 0.218476067968
0.08, 0.999936106181, -25.0603240382, 0.00595822794238, 0.2376507157
0.09, 0.999953167746, -25.0578723516, -0.00359274338097, 0.257407521029
0.1, 0.999890325726, -25.0552207602, -0.00775598687186, 0.277475519171
0.11, 0.999858773268, -25.0523655115, 0.000621368219105, 0.29820114665
0.12, 0.999919799198, -25.049299244, 0.00775858859767, 0.319689908951
0.13, 0.999980935977, -25.0460162199, 0.00170154508149, 0.341444063932
0.14, 0.99994822733, -25.0425141258, -0.0075866752975, 0.363489472746
0.15, 0.999898696509, -25.0387864589, -0.00474255817391, 0.386649670624
0.16, 0.999903703778, -25.0348210954, 0.00376525879727, 0.41106997774
0.17, 0.999971113876, -25.0306081402, 0.00612324456553, 0.436017551727
0.18, 1.00000061597, -25.0261435563, -0.00171590467575, 0.461351765623
0.19, 0.999954234464, -25.0214204055, -0.00671912548917, 0.487831417968
0.2, 0.999921484889, -25.0164300737, -0.000336374585095, 0.514685466123
0.21, 0.999971476282, -25.0111694149, 0.00697957022275, 0.54186002717
0.22, 1.00003610875, -25.0056337656, 0.00301175290506, 0.569913857972
0.23, 1.00002197146, -24.9998133612, -0.00572965177305, 0.598566232992
0.24, 0.999967023399, -24.9937053134, -0.00455534870586, 0.627432664963
0.25, 0.999979322467, -24.9873067448, 0.00481937605176, 0.656603596292
0.26, 1.00005666316, -24.9806128202, 0.00685914802987, 0.686694599835
0.27, 1.00008819283, -24.9736147666, -0.00191396963283, 0.717231804101
0.28, 1.00003892855, -24.9663108603, -0.00687599715522, 0.747886815365
0.29, 1.00000976067, -24.9586936563, 0.000464865837351, 0.780210142951
0.3, 1.00007054308, -24.9507481776, 0.00808210898865, 0.813161976653
0.31, 1.000142162, -24.9424679353, 0.0032748889146, 0.847192068287
0.32, 1.00012662577, -24.9338455663, -0.00604095377498, 0.881454844411
0.33, 1.00007147723, -24.9248781, -0.00418835843284, 0.916431317509
0.34, 1.00009269664, -24.9155584867, 0.00601733683815, 0.951696542183
0.35, 1.00018107919, -24.905886001, 0.00768198264582, 0.987007014956
0.36, 1.00021523911, -24.8958571855, -0.00207151673092, 1.02312100407
0.37, 1.00016354491, -24.8854649315, -0.00697113770555, 1.0594992435
0.38, 1.00013907501, -24.8747089312, 0.00141804959445, 1.09587007748
0.39, 1.00021231037, -24.8635883131, 0.00933841232756, 1.13269952676
0.4, 1.00029181916, -24.8520942592, 0.00357392937884, 1.17019162069
0.41, 1.0002748195, -24.8402265436, -0.00636550502029, 1.20751486766
0.42, 1.00023447711, -24.8279845901, -0.00400124032949, 1.24495438913
0.43, 1.00024903298, -24.8153632668, 0.00501604030078, 1.28377710288
0.44, 1.00033355653, -24.8023502941, 0.00811552690542, 1.32295206594
0.45, 1.00038273603, -24.7889451279, 4.45602203094e-05, 1.36217067331
0.46, 1.00034951783, -24.7751451593, -0.00575626296653, 1.40207236694
0.47, 1.00032544121, -24.7609444925, 0.000616072079178, 1.44212267271
0.48, 1.00038949214, -24.746343645, 0.00878297061891, 1.48209899421
0.49, 1.00047505289, -24.7313390586, 0.00515174396549, 1.52292407809
0.5, 1.00047895615, -24.7159232107, -0.00431369968585, 1.56445027041
0.51, 1.00043446379, -24.7000907771, -0.00368160111419, 1.60606126702
0.52, 1.00045799308, -24.6838424271, 0.00627614015603, 1.64759736253
0.53, 1.00055484656, -24.6671768515, 0.00910658364667, 1.68970771463
0.54, 1.00060827323, -24.6500894039, 2.70499929895e-05, 1.731827968
0.55, 1.00057341501, -24.6325761701, -0.00581870650969, 1.77485355404
0.56, 1.00055411008, -24.6146315499, 0.00158163208315, 1.81829734484
0.57, 1.00063121379, -24.5962468404, 0.0101482424946, 1.86276400241
0.58, 1.00072625138, -24.5774162964, 0.00563126931887, 1.90728101963
0.59, 1.00073023475, -24.5581408347, -0.0045263417507, 1.95168512733
0.6, 1.0006863347, -24.5384203384, -0.00322504068456, 1.99651669652
0.61, 1.00072025574, -24.5182505715, 0.00767972735312, 2.04135974638
0.62, 1.00081597429, -24.497633314, 0.00933790089879, 2.08600634246
0.63, 1.00088368093, -24.4765662973, 0.00213725545109, 2.13136845375
0.64, 1.00086816178, -24.4550466758, -0.00445210321233, 2.1764895453
0.65, 1.00085083104, -24.4330759397, 0.000909601065837, 2.22151071138
0.66, 1.00091917086, -24.4106524544, 0.00956335679467, 2.26714873318
0.67, 1.00101966879, -24.3877751372, 0.00716595519045, 2.31229276929
0.68, 1.0010449776, -24.3644426761, -0.00235040673101, 2.35826905247
0.69, 1.00101336784, -24.3406496228, -0.00298702860497, 2.40422867151
0.7, 1.00104044916, -24.3163980852, 0.00662225414729, 2.45027045955
0.71, 1.00114668688, -24.2916825638, 0.0106500805489, 2.49671041941
0.72, 1.00122113381, -24.2665040013, 0.00234413258694, 2.54288771314
0.73, 1.00120538447, -24.2408620414, -0.00445159387252, 2.58955445876
0.74, 1.00119279162, -24.214752092, 0.00184906730236, 2.63625515008
0.75, 1.0012744874, -24.1881742556, 0.0110324973239, 2.68335362503
0.76, 1.00138624041, -24.1611238516, 0.00785826877758, 2.73052430059
0.77, 1.00141318459, -24.1335997976, -0.0024835893966, 2.77821749195
0.78, 1.00138205264, -24.1055994417, -0.00258719722078, 2.82569536385
0.79, 1.00141918806, -24.0771263109, 0.00803629527213, 2.87280583227
0.8, 1.00152730289, -24.0481831769, 0.0101472625108, 2.92020319172
0.81, 1.0016117781, -24.0187601071, 0.00423443176826, 2.96805140917
0.82, 1.00161686923, -23.9888594512, -0.00265376013985, 3.01609016985
0.83, 1.00161142772, -23.9584770653, 0.00162490319786, 3.06415141905
0.84, 1.00168532244, -23.9276131837, 0.0102231852705, 3.11259564477
0.85, 1.00179818767, -23.896264898, 0.00892871854036, 3.1608961814
0.86, 1.00184488226, -23.8644357734, -0.000134904335374, 3.20880204207
0.87, 1.00183085126, -23.8321247132, -0.00174426521505, 3.25734275007
0.88, 1.00186501556, -23.7993278135, 0.00707868803134, 3.30579215902
0.89, 1.00197873212, -23.7660481199, 0.0118382625427, 3.35391411169
0.9, 1.00207155508, -23.7322887217, 0.00458904303359, 3.40207779047
0.91, 1.00207754878, -23.6980444178, -0.00258431741095, 3.45055014317
0.92, 1.00207678904, -23.6633171546, 0.00250735459906, 3.49867930806
0.93, 1.0021634705, -23.6281105476, 0.0116690699544, 3.5464057088
0.94, 1.00228807702, -23.5924322252, 0.00972676342275, 3.59295041235
0.95, 1.00233760872, -23.5562950775, -0.000159669275779, 3.63820512671
0.96, 1.0023243073, -23.5197119135, -0.00139134536484, 3.68218713184
0.97, 1.00236751357, -23.4826953383, 0.00838986185494, 3.72492645025
0.98, 1.00249508999, -23.4452575223, 0.0130731112991, 3.7664746137
0.99, 1.00259473706, -23.4074101381, 0.00480250226661, 3.80687335348
1.0, 1.00260003388, -23.3691645522, -0.0026653875341, 3.8461434271
1.01, 1.00260300011, -23.3305319827, 0.00336231533455, 3.88430157152
1.02, 1.00270242846, -23.2915233762, 0.0131072614733, 3.92138730611
1.03, 1.0028379057, -23.2521492005, 0.0103752127431, 3.95744762607
1.04, 1.0028882184, -23.2124195501, -0.000397261524389, 3.99250838733
1.05, 1.00288881005, -23.1723443772, -0.000704728562272, 4.02657953582
1.06, 1.00292812297, -23.131933445, 0.00744150435101, 4.05968818429
1.07, 1.00304942874, -23.091196206, 0.0131084286545, 4.09187237473
1.08, 1.00316068627, -23.0501416986, 0.00674618072039, 4.12316810716
1.09, 1.00318563132, -23.0087787026, -0.00111607302681, 4.15359169198
1.1, 1.00319240409, -22.9671158995, 0.00280037500142, 4.183152915
1.11, 1.00328178532, -22.9251617965, 0.0122058655525, 4.21188038168
1.12, 1.00341840073, -22.8829245179, 0.0114810598845, 4.23981392128
1.13, 1.00348750492, -22.8404118632, 0.00171301774371, 4.2669758589
1.14, 1.00348636967, -22.7976315058, -0.000771383129159, 4.2933725865
1.15, 1.00353103705, -22.7545910571, 0.00841893799741, 4.31901804038
1.16, 1.0036635253, -22.7112978551, 0.0141292663078, 4.34394876592
1.17, 1.00377972167, -22.6677588684, 0.00676740952015, 4.36819500441
1.18, 1.00380155252, -22.6239808725, -0.00148565074905, 4.39176592126
1.19, 1.0038087661, -22.5799706178, 0.00330969819066, 4.41466466495
1.2, 1.00390789554, -22.5357347313, 0.0133975743939, 4.43691602923
1.21, 1.00405367356, -22.4912794905, 0.0119984878781, 4.45855600863
1.22, 1.00412213196, -22.4466108987, 0.00129155427863, 4.47960088319
1.23, 1.00413215271, -22.4017349158, -0.000398646800483, 4.500049698
1.24, 1.00417001409, -22.3566574366, 0.00721823836173, 4.51991626855
1.25, 1.00429450815, -22.311384176, 0.0140456834149, 4.53922689269
1.26, 1.00442127814, -22.2659205303, 0.00858650073517, 4.55800943801
1.27, 1.00446085291, -22.2202717181, -0.00018739376234, 4.57627157043
1.28, 1.00446908413, -22.174442956, 0.00247016498677, 4.59401207985
1.29, 1.00455606852, -22.1284394085, 0.0123495243477, 4.6112474904
1.3, 1.00470212178, -22.0822659588, 0.0130383922346, 4.62800951843
1.31, 1.00478831913, -22.0359272347, 0.00323982517124, 4.64431377805
1.32, 1.00479452626, -21.9894278115, -0.000726623151137, 4.66015813548
1.33, 1.00483517318, -21.9427723031, 0.00797123184904, 4.67554536361
1.34, 1.00496948148, -21.8959651589, 0.014996722074, 4.69050279877
1.35, 1.00510081812, -21.8490105273, 0.00856111804266, 4.70505519167
1.36, 1.00514085585, -21.801912386, 0.00401356936599, 4.71923945984
1.37, 1.00515526817, -21.7546749154, 0.00182918480012, 4.73294802187
1.38, 1.00523048749, -21.7073020016, 0.0111794875375, 4.74629814659
1.39, 1.00537422227, -21.6597974944, 0.0137678055051, 4.75928107072
1.4, 1.00547615806, -21.6121649612, 0.00512778894638, 4.77191244614
1.41, 1.00549434642, -21.5644079157, -0.000409158770558, 4.78418937109
1.42, 1.0055270957, -21.5165299369, 0.00656072469678, 4.79610955846
1.43, 1.00565042162, -21.4685345083, 0.0145812277843, 4.80769396834
1.44, 1.00578983147, -21.4204248463, 0.0102292661946, 4.81896661725
1.45, 1.00584259749, -21.3722040269, 0.00059380679773, 4.82993082638
1.46, 1.00584993767, -21.3238751782, 0.0018110457516, 4.84057838354
1.47, 1.00593051166, -21.2754414619, 0.0120626899534, 4.8509171207
1.48, 1.00608240246, -21.2269058265, 0.0143174339555, 4.86097418375
1.49, 1.00618397554, -21.1782709967, 0.0046491237652, 4.87076233003
1.5, 1.00620932427, -21.1295396949, 0.000302865776072, 4.8802730971
1.51, 1.00623608161, -21.0807146966, 0.00522921910292, 4.88950821392
1.52, 1.00634732796, -21.0317987267, 0.013914031908, 4.89847979063
1.53, 1.00649191572, -20.9827942875, 0.0116498443645, 4.90721109896
1.54, 1.00656150291, -20.9337037333, 0.00202758099478, 4.91570673563
1.55, 1.00657189882, -20.884529464, 0.00110935446198, 4.92395736589
1.56, 1.00663886633, -20.8352739521, 0.0106147357788, 4.93196508388
1.57, 1.00678548479, -20.7859395128, 0.0147850919765, 4.93975341804
1.58, 1.00690150409, -20.7365282424, 0.00652246619499, 4.94733654
1.59, 1.0069308634, -20.6870421705, 0.00421508684516, 4.95474243371
1.6, 1.00696402177, -20.6374835909, 0.00466524192917, 4.96186128091
1.61, 1.00706310717, -20.5878544988, 0.0125648041517, 4.96881009953
1.62, 1.00720206822, -20.5381568877, 0.0119735345131, 4.97557274874
1.63, 1.00728413822, -20.4883925692, 0.00371378993304, 4.98215474866
1.64, 1.00730637699, -20.4385634907, 0.00153534408449, 4.98852176505
1.65, 1.00736647021, -20.3886719908, 0.00922806782053, 4.99464123229
1.66, 1.00750046152, -20.3387204495, 0.0140584454037, 5.00054725443
1.67, 1.00762095991, -20.2887108021, 0.00786596797633, 5.00626686198
1.68, 1.00766165785, -20.23864508, 0.000849717227891, 5.01176288636
1.69, 1.00768923973, -20.1885254329, 0.00481103174645, 5.01705817142
1.7, 1.00779385015, -20.1383538487, 0.0133064872364, 5.02216200852
1.71, 1.00793801928, -20.0881320928, 0.012162342515, 5.02709909753
1.72, 1.00801714112, -20.0378618722, 0.00311887998347, 5.03185029898
1.73, 1.00803406455, -19.9875450215, 0.00124341392906, 5.03643038003
1.74, 1.00809638311, -19.9371833395, 0.00984047452465, 5.04082611121
1.75, 1.00823758354, -19.8867785537, 0.0146688612991, 5.04505096783
1.76, 1.00835929399, -19.8363323724, 0.00755398621552, 5.04911868142
1.77, 1.00839409794, -19.7858462425, 0.000227239094138, 5.05304065094
1.78, 1.00841949556, -19.7353216896, 0.00502456369485, 5.05680650116
1.79, 1.00853040617, -19.6847604472, 0.0141139930137, 5.06037652266
1.8, 1.00867994038, -19.6341643265, 0.0123194517949, 5.06380280809
1.81, 1.00875544048, -19.583534524, 0.0024455522521, 5.06711142502
1.82, 1.00876663046, -19.5328725821, 0.000952666977113, 5.07022598801
1.83, 1.00883163473, -19.4821802631, 0.0105206110305, 5.0731995987
1.84, 1.00898049377, -19.4314588143, 0.0152856037488, 5.07605976106
1.85, 1.00910292747, -19.3807093083, 0.00715609045907, 5.07881553875
1.86, 1.00914131994, -19.3299328803, 0.0018293472492, 5.08143549354
1.87, 1.00916430676, -19.2791309161, 0.00383836771692, 5.08393186251
1.88, 1.00926121571, -19.2283045724, 0.0129968156558, 5.08631770777
1.89, 1.00941063843, -19.1774549848, 0.0132792483639, 5.08858287888
1.9, 1.00950155425, -19.1265832457, 0.0040235040756, 5.09075390629
1.91, 1.00951909345, -19.0756902703, 0.000604114546118, 5.09282754957
1.92, 1.00957143928, -19.0247771319, 0.00888397316962, 5.09479291125
1.93, 1.00971036092, -18.9738449154, 0.0151656849773, 5.09664499876
1.94, 1.00984309119, -18.9228946249, 0.00885859362773, 5.09841607275
1.95, 1.00988546177, -18.8719269917, 0.000310936173003, 5.10011005169
1.96, 1.0099036222, -18.8209430419, 0.0038665928584, 5.10167874022
1.97, 1.01000574171, -18.7699438896, 0.0137731382416, 5.10315951764
1.98, 1.01016096641, -18.7189303817, 0.0135116639992, 5.1045492838
1.99, 1.01024856018, -18.6679034097, 0.00331624460865, 5.10584980041
2.0, 1.01027353071, -18.6168638388, 0.000566663877972, 5.10708390454
2.01, 1.01031505295, -18.5658123923, 0.00730196336285, 5.1082170893
2.02, 1.01044278029, -18.5147500449, 0.0148051599694, 5.10927572359
2.03, 1.01058358267, -18.4636774823, 0.0104232059834, 5.11025743406
2.04, 1.0106407551, -18.4125954382, 0.0012703263533, 5.11117605353
2.05, 1.01065625393, -18.3615045815, 0.00264866095884, 5.1120088202
2.06, 1.01074287042, -18.3104060102, 0.0124322620889, 5.11273051137
2.07, 1.01089599358, -18.2593005309, 0.0143392563276, 5.11339958707
2.08, 1.01099906218, -18.208188562, 0.00500271448649, 5.1140280068
2.09, 1.01102766811, -18.1570707303, 0.00217656058743, 5.11456753144
2.1, 1.01106812729, -18.1059478137, 0.00625556903633, 5.1150489883
2.11, 1.01118190093, -18.0548203754, 0.0135556369277, 5.11547817306
2.12, 1.01132011664, -18.0036888403, 0.0110959205112, 5.11587073706
2.13, 1.01139089002, -17.9525537584, 0.00279909777407, 5.11617508295
2.14, 1.01141384084, -17.9014160302, 0.00249930440835, 5.11641170931
2.15, 1.01148928577, -17.8502762246, 0.0108431241128, 5.1165955832
2.16, 1.01163117537, -17.799134854, 0.0139671853024, 5.11672203232
2.17, 1.01174195227, -17.7479924251, 0.00651158853049, 5.11681339608
2.18, 1.01177441807, -17.6968492511, 0.000795923556766, 5.11686814423
2.19, 1.0118120748, -17.6457058002, 0.00646749643843, 5.11687193013
2.2, 1.01193129269, -17.5945625979, 0.0142000231383, 5.11681624738
2.21, 1.01207278909, -17.5434201462, 0.0110420916758, 5.11673028314
2.22, 1.01213864667, -17.4922786858, 0.00207918141309, 5.11661717196
2.23, 1.01215620964, -17.4411387194, 0.00227585496683, 5.11641682215
2.24, 1.01223452067, -17.3900011144, 0.0114706562349, 5.11616121099
2.25, 1.01238260818, -17.3388662002, 0.014382989371, 5.11588344483
2.26, 1.01249233958, -17.2877341617, 0.00599248180823, 5.11558772138
2.27, 1.01251795195, -17.236605267, 0.000180403883742, 5.11524353907
2.28, 1.01255421138, -17.1854800811, 0.00677486294422, 5.11485309941
2.29, 1.01267980772, -17.1343589633, 0.01491854311, 5.11443582057
2.3, 1.01282475526, -17.0832421714, 0.0109595500629, 5.11398374462
2.31, 1.01288512989, -17.0321300312, 0.00130230916988, 5.11350870382
2.32, 1.01289717224, -16.9810227789, 0.00208391026188, 5.11300345872
2.33, 1.01297905797, -16.92992066, 0.0121814748526, 5.11248933621
2.34, 1.01313383763, -16.878824159, 0.014805045035, 5.1118938924
2.35, 1.01324203439, -16.8277335079, 0.00539331879553, 5.11130622609
2.36, 1.01327326905, -16.7766488515, 0.000715926022345, 5.11069422473
2.37, 1.01330182588, -16.7255706128, 0.00527905882199, 5.1100087064
2.38, 1.01341391449, -16.6744995081, 0.0141224099809, 5.10928532859
2.39, 1.01356283054, -16.6234356662, 0.0122565185202, 5.10855849164
2.4, 1.01363865873, -16.5723792588, 0.00258435499862, 5.10779453598
2.41, 1.01365210928, -16.5213305888, 0.00121294319349, 5.10700956696
2.42, 1.01371887142, -16.4702899098, 0.0105952949378, 5.10619968793
2.43, 1.01386716895, -16.4192574388, 0.0151579660946, 5.10536400891
2.44, 1.01398861252, -16.368233447, 0.00713315249268, 5.10451363811
2.45, 1.01402806417, -16.3172179801, 0.00202798242891, 5.10365305812
2.46, 1.0140531602, -16.266211219, 0.00400739453357, 5.10277329743
2.47, 1.01415034861, -16.215213569, 0.0129104657172, 5.10182506732
2.48, 1.01429823383, -16.1642255408, 0.0131277703955, 5.10086282809
2.49, 1.01438874635, -16.1132471379, 0.00410175203576, 5.09989994026
2.5, 1.01440805267, -16.0622784605, 0.000817378810945, 5.09890558249
2.51, 1.01446164072, -16.0113199437, 0.00889923037069, 5.09787879107
2.52, 1.014599329, -15.9603717125, 0.0149673520608, 5.0968510201
2.53, 1.01473042266, -15.9094337527, 0.0087792116938, 5.09582673976
2.54, 1.0147734659, -15.8585061488, 0.000484103294846, 5.09477239113
2.55, 1.01479339966, -15.8075892078, 0.00399228350651, 5.09369661782
2.56, 1.01489521933, -15.7566830867, 0.0136187022197, 5.09261137698
2.57, 1.01504824674, -15.7057879336, 0.0133021404396, 5.09150282563
2.58, 1.01513504926, -15.6549039495, 0.00336784623321, 5.09037280062
2.59, 1.01516032448, -15.604031372, 0.00151508558556, 5.08922506456
2.6, 1.01520815243, -15.5531703575, 0.00755945775382, 5.0880512225
2.61, 1.01533230254, -15.5023212541, 0.0140279124158, 5.08685686853
2.62, 1.01546507793, -15.4514840606, 0.00984008960754, 5.08567067305
2.63, 1.0155225382, -15.4006586832, 0.00180093297809, 5.08448966145
2.64, 1.01554558241, -15.3498452948, 0.00334704044971, 5.08326835063
2.65, 1.01563363372, -15.2990444777, 0.0120445586347, 5.08196781026
2.66, 1.01577864609, -15.2482570329, 0.0134056485751, 5.08060743121
2.67, 1.01587655766, -15.1974837345, 0.00499019104959, 5.07897722992
2.68, 1.0159004373, -15.1467300561, 0.000749400438238, 5.07687921046
2.69, 1.01594713889, -15.0960012122, 0.00788112411487, 5.07384804731
2.7, 1.01607692879, -15.0453063948, 0.0146051278233, 5.07021885576
2.71, 1.0162114954, -14.9946520728, 0.00960933509714, 5.06570744183
2.72, 1.01626283781, -14.9440452745, 0.00104124821666, 5.06075573177
2.73, 1.01628103732, -14.8934901163, 0.00323470251451, 5.05538944555
2.74, 1.01637271518, -14.8429941357, 0.0126850116075, 5.04874996765
2.75, 1.01652286462, -14.7925691916, 0.0136360259007, 5.04140027245
2.76, 1.01661766338, -14.7422201536, 0.00429642988584, 5.03360008865
2.77, 1.01663391633, -14.6919552046, 0.000148711476468, 5.02451502231
2.78, 1.01667980573, -14.6417881345, 0.00824743212155, 5.01389644905
2.79, 1.01681551424, -14.5917335209, 0.0151790939206, 5.00217648354
2.8, 1.01695114472, -14.5418050755, 0.00926211298745, 4.9884611042
2.81, 1.01699950371, -14.4920211137, 0.00475912219883, 4.97292653631
2.82, 1.01701943867, -14.4424102548, 0.00214934057042, 4.95490269218
2.83, 1.01709494704, -14.3929808114, 0.0110952002444, 4.93632849092
2.84, 1.01723867791, -14.3437508546, 0.0139664171627, 4.9140672066
2.85, 1.01734502041, -14.294761737, 0.00575319563928, 4.88899251997
2.86, 1.01737864211, -14.2460453101, 0.00221383921636, 4.85954683537
2.87, 1.01741115155, -14.1976345349, 0.00487525548598, 4.82812284684
2.88, 1.01750956558, -14.1495566875, 0.012247922524, 4.7918439874
2.89, 1.01764213841, -14.1018668776, 0.0112104736539, 4.7518795997
2.9, 1.01771728374, -14.054586077, 0.00323414953804, 4.71020914445
2.91, 1.0177369549, -14.0077368012, 0.0014533839199, 4.66501071829
2.92, 1.01779489608, -13.9613560812, 0.00885185178799, 4.61725048977
2.93, 1.01792120231, -13.9154584398, 0.0130614049748, 4.56826794777
2.94, 1.01803044448, -13.8700666183, 0.00682114246162, 4.51566723714
2.95, 1.01806282537, -13.8252229628, 0.000268428006156, 4.45873933987
2.96, 1.01808506074, -13.7809619315, 0.0042657045554, 4.39972856934
2.97, 1.01818056749, -13.7372988368, 0.0121229363815, 4.3392881579
2.98, 1.01830950805, -13.6942538094, 0.0105432525966, 4.27559687056
2.99, 1.01837320624, -13.6518577782, 0.00180516434169, 4.21006561032
3.0, 1.01837892854, -13.6101203973, 0.00028814217128, 4.14403955466
3.01, 1.0184295036, -13.5690665027, 0.00842593437958, 4.07537787498
3.02, 1.01855101449, -13.5287201224, 0.0123842985065, 4.00559265725
3.03, 1.01864884396, -13.4890768543, 0.00535211228198, 3.93552431285
3.04, 1.01867016481, -13.4501416318, 0.00323799553533, 3.86489291966
3.05, 1.01869002434, -13.4119260368, 0.00280927702487, 3.79284571956
3.06, 1.01876246044, -13.3744444088, 0.00948498836136, 3.72009904797
3.07, 1.01887143185, -13.3376942448, 0.00941111234113, 3.6470465767
3.08, 1.0189350137, -13.3016866082, 0.00243253772869, 3.57260186796
3.09, 1.01894338122, -13.2664306182, -0.000209339322433, 3.49744024039
3.1, 1.018975325, -13.2319318539, 0.0056054822021, 3.42096152883
3.11, 1.01906713318, -13.1982022327, 0.00977419586284, 3.34380463684
3.12, 1.01915031562, -13.1652470031, 0.00483620419838, 3.26605971046
3.13, 1.01916619677, -13.1330680758, -0.00136934502077, 3.18881487565
3.14, 1.01916632117, -13.1016572947, 0.00150411136144, 3.11247014194
3.15, 1.01923013552, -13.0710053441, 0.00888033109148, 3.03705586901
3.16, 1.01933221609, -13.0411028794, 0.00848746674035, 2.96257885018
3.17, 1.01938237597, -13.0119394205, 0.000816617146312, 2.88901959929
3.18, 1.0193755288, -12.9835006096, -0.00144638090326, 2.81635890913
3.19, 1.01940117923, -12.9557769098, 0.00545058445017, 2.74459096656
3.2, 1.01949385985, -12.9287595281, 0.00985704443794, 2.67370829305
3.21, 1.01957389717, -12.902439693, 0.00412156202251, 2.60370897582
3.22, 1.01957949164, -12.8768087362, -0.00249419747393, 2.53457439074
3.23, 1.01957101585, -12.8518582238, 0.000942832736781, 2.46628113841
3.24, 1.01963182293, -12.8275798789, 0.00865576193765, 2.39882327055
3.25, 1.01972857827, -12.8039653988, 0.00758757867422, 2.33220483582
3.26, 1.01976504244, -12.7810063358, -0.000827052889354, 2.26680890063
3.27, 1.01974248774, -12.7586898228, -0.00279634920281, 2.2034088802
3.28, 1.01975917717, -12.7369982822, 0.00489336443969, 2.14176812708
3.29, 1.01984740003, -12.7159142962, 0.00933076204601, 2.08185206364
3.3, 1.01991825014, -12.6954207869, 0.00284195020949, 2.02362283065
3.31, 1.01990874433, -12.6755011569, -0.00404236512799, 1.96702415011
3.32, 1.01988821642, -12.6561394186, 9.70951534382e-05, 1.91199686802
3.33, 1.01994434433, -12.6373200817, 0.00835212323842, 1.85850283214
3.34, 1.02003616442, -12.6190279431, 0.00678690025419, 1.80651490774
3.35, 1.02006045726, -12.6012481391, -0.00231166251968, 1.75599014635
3.36, 1.02003777253, -12.5839663359, -0.00352483103924, 1.70687202516
3.37, 1.02003697556, -12.5671686779, 0.0026054635845, 1.65911981186
3.38, 1.02010607675, -12.5508416872, 0.00808942882798, 1.61270302304
3.39, 1.02017594128, -12.5349721314, 0.00350568561806, 1.56759477269
3.4, 1.0201733567, -12.5195471251, -0.00377796955918, 1.52375252661
3.41, 1.02014419234, -12.5045542675, -0.00169102856213, 1.48112717211
3.42, 1.02017862862, -12.4899815818, 0.00630716073771, 1.43968652921
3.43, 1.02026045932, -12.4758173123, 0.00676949613458, 1.39941221051
3.44, 1.02029230131, -12.4620499296, -0.00134853095423, 1.36027384219
3.45, 1.02025779533, -12.4486682943, -0.004676590019, 1.322226769
3.46, 1.02025071265, -12.4356617171, 0.00236621339211, 1.28523224405
3.47, 1.02031948448, -12.4230197767, 0.00803097407029, 1.24927300248
3.48, 1.02038493541, -12.4107321938, 0.00267231067261, 1.2143310925
3.49, 1.02037093393, -12.3987889593, -0.0050230895744, 1.18037071962
3.5, 1.02033249792, -12.3871804814, -0.00224771211292, 1.14734995494
3.51, 1.02036586098, -12.3758975151, 0.00643317553747, 1.11524518989
3.52, 1.02044752535, -12.3649309438, 0.00645866437398, 1.08404688753
3.53, 1.02047144445, -12.3542718021, -0.00247660632147, 1.0537311545
3.54, 1.02042574719, -12.3439114549, -0.00560635955506, 1.02425896432
3.55, 1.02041454612, -12.3338416593, 0.00236224684534, 0.995598299673
3.56, 1.02048517553, -12.3240543606, 0.00816289135982, 0.967740317813
3.57, 1.02054753125, -12.3145415689, 0.0019301072822, 0.940673749761
3.58, 1.02052747057, -12.3052954734, -0.00160183217949, 0.914401415045
3.59, 1.0204889176, -12.2963087845, -0.00349264516616, 0.888786428596
3.6, 1.02050431364, -12.2875742253, 0.00460166086148, 0.863913589089
3.61, 1.02057669352, -12.2790847998, 0.00646377081671, 0.839742120851
3.62, 1.02060943844, -12.2708335502, -0.00124478707463, 0.816256895216
3.63, 1.02056991159, -12.2628137604, -0.00582701898141, 0.793426868807
3.64, 1.02054563053, -12.255019047, 0.000415360382807, 0.771223375508
3.65, 1.02059949253, -12.2474432021, 0.00712238919795, 0.74963911541
3.66, 1.02066358815, -12.2400800407, 0.00297069847405, 0.728669509675
3.67, 1.02065084022, -12.2329235104, -0.00534364783135, 0.708292042276
3.68, 1.02060107716, -12.225967855, -0.00397284412529, 0.688475221956
3.69, 1.02061654793, -12.21920758, 0.00490050854786, 0.66920327287
3.7, 1.02069126426, -12.2126372301, 0.00645461604546, 0.650477288602
3.71, 1.02071896566, -12.20625138, -0.00212310033788, 0.632285983506
3.72, 1.02066984849, -12.2000448144, -0.00666083782831, 0.614601120712
3.73, 1.0206421811, -12.1940126211, 0.00050353949169, 0.597397856573
3.74, 1.02069959072, -12.1881500117, 0.0074961387652, 0.580674702544
3.75, 1.02076343875, -12.1824521675, 0.00251982839261, 0.564431477187
3.76, 1.0207422589, -12.176914369, -0.0063497100607, 0.548648192736
3.77, 1.02068532571, -12.1715321709, -0.00430824774994, 0.533295807544
3.78, 1.020702544, -12.1663013555, 0.00537012665631, 0.518363176615
3.79, 1.02078087856, -12.1612176902, 0.00652861042404, 0.50385646811
3.8, 1.0208038671, -12.15627678, -0.00299279754336, 0.489806267805
3.81, 1.02075839634, -12.1514739378, -0.0062631133421, 0.476245772518
3.82, 1.02072198205, -12.1468041459, -0.00110978195482, 0.463166107197
3.83, 1.02076396807, -12.1422612728, 0.00643440956263, 0.450939829479
3.84, 1.02082866642, -12.137836729, 0.00349422323856, 0.439413324138
3.85, 1.0208204233, -12.1335237939, -0.00524868937885, 0.428600805277
3.86, 1.02076395237, -12.1293145451, -0.00523546766681, 0.418732590137
3.87, 1.02076521193, -12.1251994576, 0.00364276146606, 0.40965505021
3.88, 1.02083483175, -12.1211701884, 0.00660091044917, 0.401682367045
3.89, 1.02086841235, -12.1172151749, -0.00147760287786, 0.394703945991
3.9, 1.0208198809, -12.1133219433, -0.00725136731073, 0.38933189212
3.91, 1.02078013646, -12.1094738462, -0.000979415574807, 0.385638191611
3.92, 1.02082692691, -12.1056575933, 0.00700360614612, 0.382899825787
3.93, 1.02089387375, -12.1018613045, 0.00329903375586, 0.381723339809
3.94, 1.02087932484, -12.0980705332, -0.00609635246586, 0.381614339201
3.95, 1.02081675313, -12.0942721486, -0.00549646871306, 0.383340660612
3.96, 1.02082094762, -12.0904505682, 0.00428691314315, 0.386134057295
3.97, 1.02089690009, -12.086593181, 0.00700042034162, 0.390638305851
3.98, 1.02092906181, -12.0826838389, -0.00205791896651, 0.396306450107
3.99, 1.02088370186, -12.0787133498, -0.00558721997521, 0.402836075673
4.0, 1.02084287976, -12.0746694798, -0.00203377352329, 0.411055664087
4.01, 1.02087621295, -12.0705383438, 0.00584348788723, 0.420166101393
4.02, 1.02094202643, -12.0663113292, 0.0041331992876, 0.43015542387
4.03, 1.02094250545, -12.0619806653, -0.00447347304374, 0.441198529709
4.04, 1.02088795382, -12.0575337215, -0.00561478769394, 0.453103003437
4.05, 1.02088163821, -12.0529587534, 0.00279575566167, 0.466487366165
4.06, 1.02094800203, -12.0482491708, 0.0068265095314, 0.48025202286
4.07, 1.02099007225, -12.0433958258, -0.000341144128258, 0.495397518156
4.08, 1.02095028535, -12.0383856937, -0.0068413330135, 0.511397204465
4.09, 1.02090794678, -12.0332122395, -0.00168802673353, 0.528011376898
4.1, 1.02094858019, -12.0278642628, 0.00671189902722, 0.546644851632
4.11, 1.0210203317, -12.0223226575, 0.00435295461735, 0.566326893575
4.12, 1.02101855681, -12.0165817061, -0.0049512938998, 0.586494802965
4.13, 1.02096083338, -12.010633961, -0.00563913387103, 0.607846108035
4.14, 1.02095954988, -12.0044683658, 0.0036565460814, 0.629865026634
4.15, 1.02103495253, -11.9980770727, 0.00755457603965, 0.653106182967
4.16, 1.02107938422, -11.9914495639, -0.000519798622803, 0.676937475699
4.17, 1.02103600564, -11.9845780629, -0.00716104522871, 0.701986072517
4.18, 1.0209950885, -11.9774484451, -0.00110942630623, 0.728458133946
4.19, 1.02104517431, -11.9700520932, 0.00776595849938, 0.755265939306
4.2, 1.02112422864, -11.9623835694, 0.00467229382433, 0.783068102843
4.21, 1.02112099505, -11.9544331173, -0.00534651601752, 0.811428451118
4.22, 1.02106139537, -11.946197896, -0.00548257174099, 0.840010726375
4.23, 1.02106732115, -11.9376757933, 0.00474352990573, 0.868801744009
4.24, 1.02115360035, -11.9288631226, 0.00842162682418, 0.898370851361
4.25, 1.02120105895, -11.9197496002, -0.000677289074065, 0.928654539835
4.26, 1.02116496079, -11.9103328855, -0.00506219961456, 0.959010876759
4.27, 1.02112678574, -11.9006056083, -0.00180772832837, 0.991101904564
4.28, 1.02116674881, -11.8905519819, 0.00694285054436, 1.02387130069
4.29, 1.02124830049, -11.8801704489, 0.00590645901227, 1.0567119743
4.3, 1.02126432063, -11.8694595105, -0.00329244106785, 1.08971452074
4.31, 1.02121650827, -11.858414249, -0.00527779123098, 1.1236676601
4.32, 1.02121471537, -11.8470281607, 0.00352972324705, 1.15778548906
4.33, 1.02129464526, -11.8353005394, 0.00862568119136, 1.19197538733
4.34, 1.02135609445, -11.8232276353, 0.00145184797427, 1.22700108423
4.35, 1.02132882233, -11.8108019955, -0.00608755330148, 1.26232635823
4.36, 1.02129132014, -11.7980223548, -0.00122263579819, 1.29775007198
4.37, 1.02134175389, -11.7848817852, 0.00820141096057, 1.33479116029
4.38, 1.02143344903, -11.7713675984, 0.00654220290554, 1.37219088805
4.39, 1.0214503927, -11.757479437, -0.0035431008077, 1.40958138632
4.4, 1.02140098234, -11.7432171035, -0.00515349986688, 1.44698991048
4.41, 1.02140628205, -11.728579722, 0.00465919460072, 1.4848653518
4.42, 1.02149866057, -11.7135601576, 0.0097477419177, 1.52316348036
4.43, 1.02156620422, -11.6981577824, 0.00159952243671, 1.56142818435
4.44, 1.02153748218, -11.6823691697, -0.00627337074171, 1.60050483151
4.45, 1.02150245332, -11.6661879947, -0.000513867821747, 1.63975137803
4.46, 1.0215645252, -11.6496156099, 0.00955758094618, 1.6788172745
4.47, 1.02165199258, -11.6326482403, 0.00712937222624, 1.71878303027
4.48, 1.02168498758, -11.6152808835, -0.00142901672909, 1.758739227
4.49, 1.02165253695, -11.5975116671, -0.00417307960842, 1.7993301381
4.5, 1.02165640399, -11.5793349704, 0.0037837131057, 1.84004989566
4.51, 1.02174046276, -11.5607482832, 0.00937338120805, 1.88146446902
4.52, 1.02181580919, -11.5417464606, 0.00329836133979, 1.92291222152
4.53, 1.0218078793, -11.5223311461, -0.00433606493812, 1.96416356719
4.54, 1.02178178923, -11.5025071898, -0.000606587416368, 2.00449324643
4.55, 1.02183556955, -11.4822652613, 0.00854419799341, 2.04747015484
4.56, 1.02193609684, -11.4615989284, 0.00796766030315, 2.08977518696
4.57, 1.02197219228, -11.4405108915, -0.00144639633692, 2.13181419344
4.58, 1.02193997477, -11.4190015563, -0.00393184053365, 2.17420146223
4.59, 1.02195148444, -11.397067589, 0.0049555756311, 2.21656281716
4.6, 1.02204881522, -11.3747114624, 0.0106210430746, 2.2586452561
4.61, 1.02213169922, -11.3519332215, 0.00358850472474, 2.30113640658
4.62, 1.02212330898, -11.3287295418, -0.00445952891415, 2.34356793226
4.63, 1.02209998621, -11.3051030734, 0.000121031410353, 2.38570002511
4.64, 1.02216584841, -11.2810526904, 0.00998024274013, 2.42839371316
4.65, 1.02227828537, -11.2565736929, 0.00877398382182, 2.47152147183
4.66, 1.02231671418, -11.2316629654, -0.00157762986077, 2.51457546446
4.67, 1.02228383678, -11.2063225785, -0.00372173768656, 2.55740019164
4.68, 1.02230348256, -11.1805537084, 0.00622230884325, 2.60048347441
4.69, 1.02241478752, -11.1543529605, 0.0118897866635, 2.64356382603
4.7, 1.02250473997, -11.1277237211, 0.00379296118543, 2.68624577859
4.71, 1.02250008537, -11.1006617522, 0.000273082622557, 2.73025836301
4.72, 1.02248820912, -11.0731602581, 7.39330548946e-06, 2.77401012489
4.73, 1.02254689094, -11.0452227274, 0.00918460369693, 2.81743126705
4.74, 1.02265997436, -11.0168527461, 0.00976151484772, 2.86051538152
4.75, 1.02271734481, -10.9880499111, 0.000710936569079, 2.90407079962
4.76, 1.02270144317, -10.9588120106, -0.00285682638723, 2.94741222971
4.77, 1.02271836654, -10.929143102, 0.00526535768221, 2.99031839353
4.78, 1.02282230137, -10.8990432512, 0.0117708901046, 3.03367011138
4.79, 1.02292336309, -10.8685082676, 0.0058021967982, 3.07739649521
4.8, 1.02293569682, -10.8375366062, -0.00276401104866, 3.12086075331
4.81, 1.02292197135, -10.8061312676, 0.000540467825966, 3.1643379256
4.82, 1.02299090415, -10.7742919448, 0.0104781602813, 3.20750707404
4.83, 1.02311533822, -10.7420238337, 0.0105761328561, 3.25013113721
4.84, 1.02317520366, -10.7093323037, 0.000564125885324, 3.29218768356
4.85, 1.02315758137, -10.6762196639, -0.00282600997728, 3.33467150367
4.86, 1.02318048908, -10.6426818956, 0.0063260450032, 3.37694581118
4.87, 1.02329694595, -10.6087223633, 0.012949400653, 3.41917985129
4.88, 1.02340456468, -10.5743410987, 0.00596540434453, 3.46138749643
4.89, 1.02341479264, -10.5395381204, -0.00307531894653, 3.50334579879
4.9, 1.02340184826, -10.5043183315, 0.00107344737626, 3.54475456355
4.91, 1.0234810774, -10.4686871341, 0.011753824703, 3.58563815796
4.92, 1.02360085313, -10.4326482815, 0.0111385195154, 3.62647757252
4.93, 1.02367601528, -10.3962016795, 0.00254342125815, 3.66704090103
4.94, 1.0236731599, -10.3593522757, -0.00211570513716, 3.70707073974
4.95, 1.02369182785, -10.3221075627, 0.0051853163964, 3.74604125267
4.96, 1.02379803924, -10.2844793017, 0.0124619873405, 3.78382048318
4.97, 1.0239125361, -10.2464792483, 0.00754996222615, 3.82044449575
4.98, 1.02394114436, -10.2081187652, -0.00148549923414, 3.8559453809
4.99, 1.02393278415, -10.1694089645, 0.000528371257529, 3.89034633913
5.0, 1.02399992235, -10.1303606803, 0.0104532923252, 3.92368503875
5.01, 1.02413067818, -10.090984268, 0.0118019113822, 3.9560124076
5.02, 1.0242062984, -10.0512896304, 0.0021662150444, 3.98736445642
5.03, 1.02419870411, -10.0112864014, -0.00243907159713, 4.01776124712
5.04, 1.02421942191, -9.97098403959, 0.00585435286151, 4.04722537551
5.05, 1.02433474341, -9.93039166722, 0.0133644217255, 4.0757997649
5.06, 1.02445335108, -9.88951795507, 0.00747407148428, 4.10352443138
5.07, 1.02447671907, -9.84837126587, -0.00217778171107, 4.13042101373
5.08, 1.02447917488, -9.80695982713, 0.00032297969008, 4.15650317418
5.09, 1.02453543459, -9.76529162351, 0.00901338284511, 4.18180144394
5.1, 1.02465753358, -9.72337432086, 0.0117374034321, 4.20635189508
5.11, 1.02474296863, -9.68121523252, 0.00376532464431, 4.23018266718
5.12, 1.02474867849, -9.63882146385, -0.00172837343363, 4.25330858645
5.13, 1.02476463091, -9.59620000336, 0.00453046913205, 4.27574413952
5.14, 1.02486513279, -9.55335761684, 0.0122198708531, 4.29751963544
5.15, 1.02498359109, -9.51030073171, 0.00842984292709, 4.31866604211
5.16, 1.02502169583, -9.46703553313, -0.000723995624214, 4.33920017305
5.17, 1.02501410306, -9.42356809463, 3.20741448929e-05, 4.35913113914
5.18, 1.02507272498, -9.37990437547, 0.00958693571195, 4.3784778772
5.19, 1.02520007381, -9.33605006098, 0.0120264978508, 4.3972709381
5.2, 1.02528287255, -9.29201056547, 0.00308021903829, 4.41553049821
5.21, 1.02528024462, -9.24779116419, -0.00246442749578, 4.43326536955
5.22, 1.02529383996, -9.2033970731, 0.00475675114435, 4.45048462828
5.23, 1.02539968049, -9.15883333967, 0.0128083881457, 4.46721283311
5.24, 1.025519841, -9.1141047391, 0.00814670821675, 4.48347361453
5.25, 1.02555042587, -9.06921587136, -0.00168815267583, 4.49927794371
5.26, 1.02555016064, -9.02417128583, -0.000545897530155, 4.51463051027
5.27, 1.02559451215, -8.97897542107, 0.0078529186466, 4.52954687996
5.28, 1.02571104784, -8.93363254394, 0.0117957874568, 4.54404817353
5.29, 1.02580208743, -8.88814670841, 0.00449823677744, 4.55815040828
5.3, 1.02581033741, -8.84252185548, -0.00204938340733, 4.57186059534
5.31, 1.02581605693, -8.79676188667, 0.00313275099553, 4.58518406601
5.32, 1.02590479165, -8.75087060131, 0.0114976975506, 4.59813756458
5.33, 1.02602366735, -8.70485159634, 0.00900281312478, 4.61073947986
5.34, 1.02606756921, -8.65870832742, -0.000431240818061, 4.62299867926
5.35, 1.02605487854, -8.61244419831, -0.00112097870619, 4.63491857624
5.36, 1.02609895726, -8.56606257709, 0.00820594434353, 4.64650796015
5.37, 1.02621940939, -8.51956667966, 0.0120129932502, 4.65778503262
5.38, 1.02630728005, -8.47295955861, 0.00374050866271, 4.66876096567
5.39, 1.02630573332, -8.42624418949, -0.00299764568916, 4.67944018989
5.4, 1.02630663324, -8.3794235323, 0.00311348399929, 4.68982578937
5.41, 1.02639896864, -8.33250047036, 0.0119829277529, 4.69993151694
5.42, 1.02651919254, -8.28547772359, 0.00871035622364, 4.70977108176
5.43, 1.02655505898, -8.23835791054, -0.00150745302855, 4.71935031839
5.44, 1.02654790986, -8.19114362555, -0.0012417723547, 4.72867092183
5.45, 1.02658013358, -8.14383742054, 0.00644488755364, 4.73774096778
5.46, 1.02668584484, -8.09644174957, 0.0111660915233, 4.74657244363
5.47, 1.02677646243, -8.04895894537, 0.00480453686546, 4.75517387021
5.48, 1.02678627853, -8.00139127677, -0.00223710469901, 4.76354930361
5.49, 1.02678348402, -7.95374099426, 0.00180978763891, 4.77170117388
5.5, 1.02685813017, -7.90601030243, 0.010281123797, 4.7796385648
5.51, 1.02697117859, -7.85820129043, 0.00896567709631, 4.78737156179
5.52, 1.02701760902, -7.81031596862, -0.000188130114812, 4.79490480751
5.53, 1.02700173189, -7.76235631462, -0.00199968952242, 4.80224072152
5.54, 1.02703206458, -7.71432429353, 0.00665425141084, 4.8093836349
5.55, 1.02714091986, -7.66622178923, 0.0113642340816, 4.81634372834
5.56, 1.02722859234, -7.6180505946, 0.00407632460411, 4.82312633138
5.57, 1.02722841667, -7.56981245742, -0.00326050312364, 4.82973471568
5.58, 1.02721951165, -7.52150911297, 0.00163679931204, 4.83617074744
5.59, 1.02729657983, -7.47314226143, 0.010697976255, 4.84244191823
5.6, 1.02741100674, -7.42471351253, 0.00871922896062, 4.8485550389
5.61, 1.02744977699, -7.37622442307, -0.00126159150118, 4.85451313562
5.62, 1.02742425777, -7.32767652275, -0.00267372755909, 4.86031863313
5.63, 1.02745349382, -7.27907133305, 0.00695647071811, 4.86597512047
5.64, 1.02756616309, -7.23041030964, 0.0115903953239, 4.87149032407
5.65, 1.02765059139, -7.18169484561, 0.00328010353828, 4.87686683192
5.66, 1.02765012542, -7.13292630245, -0.00203465365756, 4.88210761709
5.67, 1.02763506605, -7.08410602423, 7.60995191454e-05, 4.887215724
5.68, 1.02769434052, -7.03523532747, 0.00919660753966, 4.89219554597
5.69, 1.02780478726, -6.98631546914, 0.00929159985712, 4.89705191065
5.7, 1.02785515235, -6.93734766909, -5.91475340727e-05, 4.90178661375
5.71, 1.02783228681, -6.88833311808, -0.00338808993006, 4.90640297689
5.72, 1.02784518769, -6.83927299421, 0.00494870079429, 4.91090366085
5.73, 1.02794413618, -6.79016843467, 0.0110873129234, 4.91529395817
5.74, 1.02803503257, -6.74102053439, 0.00460350470872, 4.91957483519
5.75, 1.02803479061, -6.6918303638, -0.00392615390582, 4.92374947187
5.76, 1.02801127584, -6.64259896845, -0.000254358568443, 4.927820579
5.77, 1.02807212846, -6.59332737552, 0.00960364295399, 4.93179224066
5.78, 1.02818458957, -6.54401656863, 0.00914004071627, 4.93566641971
5.79, 1.02822781987, -6.49466751532, -0.00114193618509, 4.93944384774
5.8, 1.02820756731, -6.44528115163, -0.00301577573267, 4.94312900335
5.81, 1.02821150771, -6.39585839477, 0.00329286298229, 4.94672402538
5.82, 1.02829371692, -6.34640013485, 0.00982371629021, 4.95023243978
5.83, 1.02838296165, -6.29690723827, 0.00532715036381, 4.95365388015
5.84, 1.02839377812, -6.24738055703, -0.00293887657499, 4.9569909109
5.85, 1.0283701578, -6.19782091047, -0.00121359994854, 4.96024732557
5.86, 1.02841411498, -6.14822909885, 0.00771603410487, 4.96342604205
5.87, 1.02851533262, -6.09860589818, 0.00891381231565, 4.96652754675
5.88, 1.02856631649, -6.04895208184, 0.000142118054414, 4.96955134719
5.89, 1.02854125524, -5.99926839391, -0.00411293620325, 4.97250231805
5.9, 1.0285410153, -5.94955554969, 0.00332698624273, 4.97538348881
5.91, 1.02862602436, -5.89981424481, 0.0101075167299, 4.97819666392
5.92, 1.02871390091, -5.85004517224, 0.00475902410137, 4.9809392256
5.93, 1.02871516648, -5.80024901833, -0.00403968156224, 4.98361432358
5.94, 1.02868357435, -5.75042642647, -0.00161563813164, 4.98622677607
5.95, 1.02872850573, -5.7005780192, 0.00809753073179, 4.98877899413
5.96, 1.0288321733, -5.65070441036, 0.00885539652482, 4.9912690254
5.97, 1.02887702843, -5.60080622951, -0.000862035803865, 4.99369552394
5.98, 1.02884147094, -5.55088407045, -0.00498364252527, 4.99606488059
5.99, 1.02883803113, -5.50093848878, 0.00346734298655, 4.99838049672
6.0, 1.02892678369, -5.45097002719, 0.0104557550054, 5.00064254352
6.01, 1.02901333043, -5.40097924782, 0.00414905274869, 5.00284610067
6.02, 1.02900919332, -5.35096671874, -0.000477338601847, 5.00498783359
6.03, 1.02897774041, -5.30093291733, -0.00285239307621, 5.00709644362
6.04, 1.02900507404, -5.25087835771, 0.00634898594018, 5.00915030795
6.05, 1.02910066955, -5.20080351342, 0.0090055897081, 5.01115484395
6.06, 1.02915545036, -5.15070889735, 0.000440362487119, 5.01310675295
6.07, 1.02912607207, -5.1005949951, -0.0052420566852, 5.01501270821
6.08, 1.02910911924, -5.05046223939, 0.00150360197768, 5.01687735088
6.09, 1.02918145108, -5.00031105056, 0.00949740590383, 5.01870041344
6.1, 1.02927062304, -4.95014187911, 0.00526664441089, 5.02047557853
6.11, 1.02927376752, -4.89995519127, -0.00439451641373, 5.02220548461
6.12, 1.02922998991, -4.84975138994, -0.00340323295834, 5.02389792839
6.13, 1.0292573721, -4.79953084271, 0.00670484445751, 5.02555508207
6.14, 1.02935600431, -4.74929393192, 0.00905359880796, 5.02717174408
6.15, 1.02940552023, -4.69904108969, -0.000525520551452, 5.02874361386
6.16, 1.02937545213, -4.64877270882, -0.00394415116354, 5.03028054767
6.17, 1.02935389545, -4.59848912304, 0.000112347190373, 5.03178411628
6.18, 1.02940909103, -4.54819066189, 0.00794767425336, 5.03325589287
6.19, 1.02949266866, -4.49787768436, 0.00562698218004, 5.03468872227
6.2, 1.02950598807, -4.44755057874, -0.00323370105426, 5.03608346532
6.21, 1.02946586789, -4.39720967347, -0.00393026032202, 5.03744863286
6.22, 1.0294785737, -4.34685524977, 0.00479086641787, 5.03878707821
6.23, 1.02956292388, -4.29648760477, 0.00838226079538, 5.04009357679
6.24, 1.02961695315, -4.24610709355, 0.000638798119005, 5.04136234024
6.25, 1.02958700584, -4.19571404986, -0.00571418939669, 5.04260116777
6.26, 1.02955890704, -4.14530873087, -2.62846050927e-05, 5.04381686376
6.27, 1.0296163756, -4.09489137897, 0.00829709222611, 5.04500789771
6.28, 1.02970025032, -4.04446229271, 0.00525943100619, 5.04616499587
6.29, 1.02970515388, -3.99402180793, -0.00433024078123, 5.04728980823
6.3, 1.02965579269, -3.94357018334, -0.00453111131118, 5.04839280213
6.31, 1.02966793604, -3.89310762183, 0.00510565954795, 5.04947676026
6.32, 1.02975556387, -3.84263435607, 0.00850869830479, 5.05053403001
6.33, 1.02980536842, -3.79215069712, -0.00022888986255, 5.05155766513
6.34, 1.02976478399, -3.74165692574, -0.00672224925355, 5.05255772496
6.35, 1.02973155883, -3.69115322817, -6.49483615983e-05, 5.05354208064
6.36, 1.02979232572, -3.64063977908, 0.00873015145916, 5.0545077733
6.37, 1.02987674956, -3.59011683249, 0.00486731036906, 5.05544284084
6.38, 1.02987269559, -3.53958468689, -0.00548357878788, 5.05635012833
6.39, 1.02982817244, -3.48904353328, -0.00535371329518, 5.05724248221
6.4, 1.02982415959, -3.4384935342, 0.00323439778694, 5.05812029444
6.41, 1.02990014407, -3.38793485746, 0.00821489203969, 5.05897792886
6.42, 1.0299573012, -3.33736776223, 0.00105652899139, 5.05980598721
6.43, 1.02992575212, -3.2867925, -0.00652482008422, 5.06061315653
6.44, 1.02988268157, -3.23620921657, -0.0018511183903, 5.06140947951
6.45, 1.02992543325, -3.18561802933, 0.00737578279779, 5.0621932156
6.46, 1.03000827418, -3.13501913532, 0.00567512512856, 5.06295159212
6.47, 1.03001648341, -3.08441280033, -0.00438521864885, 5.06368418972
6.48, 1.02995792447, -3.0337992005, -0.00611216557815, 5.06440485104
6.49, 1.02995220449, -2.98317842488, 0.003490131385, 5.06511821474
6.5, 1.03003177067, -2.93255059884, 0.0084323911768, 5.0658145342
6.51, 1.03008565763, -2.88191596124, 0.00025381749801, 5.06648281389
6.52, 1.03004796001, -2.83127475819, -0.00292268055289, 5.06711116138
6.53, 1.0300065629, -2.78062700358, -0.00288989419313, 5.06778034755
6.54, 1.03003289666, -2.72997286966, 0.00563912361683, 5.06841651109
6.55, 1.03010641565, -2.67931247745, 0.00562173425675, 5.06903233437
6.56, 1.03012287795, -2.62864605716, -0.00316722738391, 5.06962477568
6.57, 1.03007118571, -2.57797376757, -0.00619251897766, 5.07020706429
6.58, 1.030053888, -2.52729566848, 0.00167345712792, 5.07078551202
6.59, 1.0301169988, -2.47661184236, 0.00734407490982, 5.07135172501
6.6, 1.03017155007, -2.42592248516, 0.00118095006823, 5.0718935465
6.61, 1.03014054453, -2.37522780096, -0.00676147619546, 5.07241957278
6.62, 1.03008867279, -2.32452786803, -0.00321942215066, 5.07294265674
6.63, 1.03011629704, -2.27382271914, 0.00599796557438, 5.07346138713
6.64, 1.03019143393, -2.22311248171, 0.00544931081545, 5.07396062041
6.65, 1.03020092966, -2.17239737785, -0.00420679702102, 5.07443776276
6.66, 1.03013914893, -2.1216775375, -0.00697254624764, 5.07490881555
6.67, 1.03011953579, -2.07095297584, 0.00187097956951, 5.07538048585
6.68, 1.03018620618, -2.02022374368, 0.00761389837435, 5.07584182491
6.69, 1.03023842736, -1.96949003071, 0.000482929391677, 5.07627877519
6.7, 1.03019714822, -1.91875202805, -0.00785810122134, 5.07670256265
6.71, 1.03013835217, -1.86800977536, -0.00345965168586, 5.07712790165
6.72, 1.03016830465, -1.81726326567, 0.00645342373507, 5.07755212665
6.73, 1.0302310631, -1.76651262782, 0.00519094516171, 5.07795640212
6.74, 1.03024744844, -1.71575803991, -0.00306278529147, 5.07834240206
6.75, 1.03019262243, -1.66499962943, -0.00699110455421, 5.07872239438
6.76, 1.03016199625, -1.61423739853, 7.6729961274e-05, 5.07910510138
6.77, 1.03021167157, -1.56347136487, 0.00641332172388, 5.07948155725
6.78, 1.03026329369, -1.51270168103, 0.00130321008988, 5.07983667952
6.79, 1.03023313332, -1.46192852894, -0.00695242372573, 5.08017824868
6.8, 1.03017276245, -1.41115194833, -0.00458219178491, 5.08052205532
6.81, 1.03018494928, -1.36037191027, 0.00456583154954, 5.08086778936
6.82, 1.03025188098, -1.3095884896, 0.00519094863437, 5.08119826454
6.83, 1.03026273415, -1.25880188403, -0.00399122169615, 5.08150806178
6.84, 1.03019820039, -1.20801220335, -0.00779359628504, 5.08181490577
6.85, 1.03016472153, -1.15721941323, 0.000221350218824, 5.0821281882
6.86, 1.03021797377, -1.10642350652, 0.0067397934955, 5.08243644611
6.87, 1.03026827388, -1.05562463823, 0.000718958653359, 5.08272234218
6.88, 1.03022851305, -1.00482298854, -0.00803746145662, 5.08299623151
6.89, 1.03016068489, -0.954018567183, -0.0049108578598, 5.08327614501
6.9, 1.03017453555, -0.903211311395, 0.00499723802327, 5.08356067504
6.91, 1.03024399991, -0.852401288553, 0.00510781683232, 5.08382915177
6.92, 1.0302483509, -0.801588705593, -0.00502801367528, 5.08407658439
6.93, 1.03017335538, -0.750773656474, -0.00862828017552, 5.08432412562
6.94, 1.03013726908, -0.69995607045, 0.00042456480014, 5.08458175302
6.95, 1.03018263663, -0.649135933146, 0.00543098300863, 5.08483244141
6.96, 1.03023477675, -0.598313379103, 0.00173064069954, 5.08506617396
6.97, 1.03020553009, -0.547488581678, -0.00739679980535, 5.08528533506
6.98, 1.0301326081, -0.496661563645, -0.00635616927069, 5.08551048005
6.99, 1.03012779637, -0.445832241277, 0.00324102199481, 5.08574363256
7.0, 1.03019001944, -0.395000641232, 0.0053770203022, 5.08596488924
7.01, 1.03020490407, -0.344166955996, -0.00374496648579, 5.08616420162
7.02, 1.03013486332, -0.293331300248, -0.00906753083539, 5.0863616161
7.03, 1.03008377507, -0.242493601861, -0.0016213471498, 5.086570832
7.04, 1.03012506768, -0.191653796529, 0.00625263107978, 5.08678032911
7.05, 1.03017767668, -0.140812014136, 0.00127449317193, 5.08696762385
7.06, 1.03013929739, -0.0899684484882, -0.00851245626357, 5.08714143744
