timestamp, prius1 x posi, prius1 y posi, prius1 x vel, prius1 y vel.
0.0, 0.0, 0.0, 0.0, 0.0
0.00999999999999, -0.999956998334, 30.0526843096, 0.00487855088079, -0.109789878473
0.02, -0.999956794278, 30.0515752365, -0.00537732234978, -0.116852855593
0.03, -1.00001540934, 30.0503950503, -0.00749918716138, -0.124007790117
0.04, -1.0000524049, 30.0491417914, -0.000508698099422, -0.13149778062
0.05, -1.00000528343, 30.0478127757, 0.00645430373197, -0.139118419123
0.06, -0.999950987978, 30.0464073644, 0.00162256887358, -0.146804882198
0.07, -0.999980202005, 30.044923109, -0.00712908375341, -0.154869917784
0.08, -1.00004506247, 30.0433576592, -0.00516547288841, -0.163019256408
0.09, -1.00003697401, 30.0417103509, 0.00440101107828, -0.171235600087
0.1, -0.999967913929, 30.039980516, 0.00564016091874, -0.17952553584
0.11, -0.999952638621, 30.0381663145, -0.00370217264119, -0.188139174206
0.12, -1.00001774669, 30.036265543, -0.00812821765991, -0.196821174867
0.13, -1.00005522096, 30.0342775226, -9.71285673183e-05, -0.205565494007
0.14, -1.00000143233, 30.0322020417, 0.00711762870776, -0.214339113542
0.15, -0.999944985311, 30.0300385064, 0.00137913619953, -0.223175249828
0.16, -0.999980693704, 30.0277863136, -0.00793003118827, -0.232065036783
0.17, -1.00003597566, 30.0254430761, -0.00547277415208, -0.24132705905
0.18, -1.00003955091, 30.0230075103, 0.00288542627846, -0.250577727891
0.19, -0.999979837648, 30.0204792339, 0.00549936254383, -0.259871012515
0.2, -0.999955417126, 30.017857487, -0.00216777630564, -0.269239260942
0.21, -1.00000760054, 30.0151401991, -0.00743990160863, -0.278947824488
0.22, -1.00004979908, 30.0123259095, -0.00140851416936, -0.288656845311
0.23, -1.00001060066, 30.0094144337, 0.00599086715196, -0.298388303545
0.24, -0.999954105663, 30.0064038069, 0.002348607715, -0.308460946583
0.25, -0.999974804773, 30.0032924842, -0.00644195626634, -0.318541554957
0.26, -1.00003926856, 30.000080307, -0.00569460731581, -0.328628327663
0.27, -1.00003986676, 29.9967672573, 0.003509591546, -0.338718996053
0.28, -0.999974264142, 29.993352142, 0.00586328000874, -0.349078406554
0.29, -0.999951409396, 29.9898331957, -0.0027280667402, -0.359471157121
0.3, -1.00001051536, 29.9862102752, -0.0080365582627, -0.369868451937
0.31, -1.0000537616, 29.9824831255, -0.00106739547091, -0.380287003068
0.32, -1.00000809852, 29.9786507248, 0.00669105062693, -0.390957247281
0.33, -0.999948524136, 29.9747115042, 0.00222244548872, -0.401645602249
0.34, -0.999974911348, 29.9706639229, -0.00721516997845, -0.412623226354
0.35, -1.00004456921, 29.9665065115, -0.00583927414256, -0.423596642234
0.36, -1.0000412168, 29.9622394879, 0.00423861116818, -0.434549574547
0.37, -0.999969043482, 29.9578626732, 0.00625121260286, -0.445528202682
0.38, -0.999948046698, 29.9533749874, -0.00334731121733, -0.456756368065
0.39, -1.00000125028, 29.9487749716, -0.00744895365487, -0.467979057869
0.4, -1.00005178516, 29.9440628563, -0.00254079335522, -0.479175346744
0.41, -1.00001971379, 29.939237576, 0.0058640047749, -0.490620920826
0.42, -0.999956507815, 29.934297815, 0.0034944380526, -0.502061616944
0.43, -0.999967361254, 29.9292437486, -0.00589890549365, -0.513479525759
0.44, -1.00003509568, 29.9240737636, -0.00666022459522, -0.525187497346
0.45, -1.00004664635, 29.9187874051, 0.00264587727625, -0.536805154171
0.46, -0.999981264141, 29.9133850497, 0.00656546483883, -0.548391530139
0.47, -0.999947197648, 29.9078669495, -0.00159929836342, -0.559954118123
0.48, -1.00000219721, 29.902231462, -0.00836625085953, -0.571810298776
0.49, -1.00005541342, 29.8964781312, -0.00232355215567, -0.583570462285
0.5, -1.00001725318, 29.8906074477, 0.00660469127329, -0.595286635068
0.51, -0.999950016053, 29.884619403, 0.00347479565172, -0.607132823665
0.52, -0.999966123162, 29.8785118629, -0.00669875102957, -0.619080384155
0.53, -1.00002555732, 29.8722850411, -0.0065122954014, -0.630981742194
0.54, -1.00004626409, 29.8659393713, 0.00115575721249, -0.642837184824
0.55, -0.99999275077, 29.8594739695, 0.00601635972584, -0.654922716219
0.56, -0.999952869506, 29.8528882332, -0.000229660386422, -0.666936783086
0.57, -0.999993500368, 29.8461825321, -0.00731414855413, -0.678906016939
0.58, -1.0000475338, 29.839356227, -0.00334240712282, -0.691068837886
0.59, -1.00002411141, 29.8324085088, 0.00520639833269, -0.703182711265
0.6, -0.999960870977, 29.825339625, 0.00405365461127, -0.715276498599
0.61, -0.999963188532, 29.8181485345, -0.00506490489941, -0.727599246718
0.62, -1.00002830445, 29.8108350364, -0.00697132816634, -0.739800893297
0.63, -1.00004785366, 29.8033987992, 0.00167547739531, -0.752154612407
0.64, -0.999987989069, 29.7958393448, 0.00653996155447, -0.764439989486
0.65, -0.999947729216, 29.7881573377, -0.000625565706875, -0.776660150223
0.66, -0.999995092442, 29.780353719, -0.00802131113047, -0.788766746604
0.67, -1.00005212239, 29.7724296434, -0.0032064032123, -0.800753601468
0.68, -1.00002309272, 29.7643842475, 0.00595005013082, -0.813044228826
0.69, -0.999955093593, 29.7562161597, 0.00414922180476, -0.825257077881
0.7, -0.999961675597, 29.7479266976, -0.00580661879503, -0.837330439517
0.71, -1.00003320333, 29.7395159741, -0.00732966743396, -0.849481113201
0.72, -1.00005065319, 29.7309841617, 0.00230342614357, -0.86161352907
0.73, -0.999983597238, 29.7223315203, 0.00711024919825, -0.873631135957
0.74, -0.999943139538, 29.7135594807, -0.00108253751674, -0.885504236899
0.75, -0.999987387706, 29.704667419, -0.00645288932278, -0.897609753531
0.76, -1.00004728526, 29.6956549642, -0.00444763423412, -0.909571130464
0.77, -1.00003284422, 29.6865237028, 0.0047728829747, -0.921375277274
0.78, -0.999965438197, 29.6772741664, 0.00507107333036, -0.933217693879
0.79, -0.999956862836, 29.6679070508, -0.00424857282562, -0.944904409359
0.8, -1.00002228918, 29.658424029, -0.00771128516651, -0.956416860708
0.81, -1.00005284839, 29.6488267208, 0.000613038588405, -0.967767699519
0.82, -0.999996236983, 29.6391158619, 0.00694746672747, -0.979137965265
0.83, -0.999945728209, 29.6292911759, 0.000609131267136, -0.990539528426
0.84, -0.999986209824, 29.6193528442, -0.00801136826272, -1.0018349295
0.85, -1.00005129163, 29.6093023369, -0.00445443012962, -1.01297667897
0.86, -1.00003194397, 29.599141187, 0.00552356141979, -1.02397206065
0.87, -0.999958963167, 29.5888707407, 0.00528161336383, -1.03484246696
0.88, -0.999953955038, 29.5784915698, -0.00498380478683, -1.04573819398
0.89, -1.00001212344, 29.5680033179, -0.00777562615138, -1.05665548648
0.9, -1.00005388566, 29.5574065697, -0.0010116141129, -1.06743315946
0.91, -1.00000880773, 29.5467026887, 0.00656431838254, -1.07808198446
0.92, -0.999950317527, 29.5358922594, 0.00217171105926, -1.08875817257
0.93, -0.999976035359, 29.5249756551, -0.00706158326374, -1.09931019371
0.94, -1.0000439931, 29.5139542625, -0.00570260315825, -1.10971683226
0.95, -1.00004046949, 29.5028293943, 0.00415334481762, -1.11999677061
0.96, -0.999969762134, 29.491601793, 0.00610243804096, -1.13028877839
0.97, -0.999949269075, 29.4802717935, -0.00329459918001, -1.14047178164
0.98, -1.00000389412, 29.468840752, -0.00616409621543, -1.15050885723
0.99, -1.00004686498, 29.4573091276, -0.00208053301187, -1.16058142588
1.0, -1.00001599466, 29.4456773774, 0.00529135302876, -1.17053557187
1.01, -0.999960207686, 29.4339466191, 0.00284349335132, -1.18038360226
1.02, -0.999972266082, 29.4221178142, -0.00552629309711, -1.19013329942
1.03, -1.00003279821, 29.4101913818, -0.00586403635438, -1.19991153161
1.04, -1.00004064161, 29.3981678223, 0.00254225944275, -1.20956629
1.05, -0.999981311613, 29.3860483593, 0.00572532568385, -1.2191067803
1.06, -0.99995304345, 29.3738332546, -0.0017729856935, -1.22869885966
1.07, -1.00000381843, 29.3615226557, -0.00756342821818, -1.23819413871
1.08, -1.00004967946, 29.3491175888, -0.00187041608717, -1.24758307328
1.09, -1.00001331424, 29.3366193637, 0.00594600393684, -1.25684933444
1.1, -0.99995417212, 29.3240289482, 0.00279324077386, -1.26602534868
1.11, -0.999971189699, 29.3113472264, -0.0062540822527, -1.27511022028
1.12, -1.0000371855, 29.2985750119, -0.00609079648126, -1.28410734136
1.13, -1.00004211585, 29.2857135004, 0.00318022407702, -1.29309614148
1.14, -0.999976456575, 29.2727609323, 0.00615327514741, -1.3022067016
1.15, -0.999949184106, 29.2597176413, -0.00229387596038, -1.31123767753
1.16, -1.00000688587, 29.2465838498, -0.00818971287351, -1.32031603845
1.17, -1.00005420455, 29.2333597523, -0.00156313848749, -1.32929519026
1.18, -1.00001136807, 29.2200462555, 0.00667955625628, -1.33818756947
1.19, -0.999948614784, 29.2066442822, 0.00272312129949, -1.34699436608
1.2, -0.999971060035, 29.193153822, -0.00703193830462, -1.35587059858
1.21, -1.00004261372, 29.1795753558, -0.00628533621379, -1.36461980661
1.22, -1.00004392243, 29.1659099482, 0.00390303126334, -1.37326521775
1.23, -0.99997140066, 29.152157833, 0.00659336527982, -1.38196951097
1.24, -0.999945535936, 29.1383190393, -0.00288634268992, -1.39059556945
1.25, -0.999997472317, 29.1243944418, -0.00764163447412, -1.39912577012
1.26, -1.00005251005, 29.1103845637, -0.00306827242894, -1.40767046295
1.27, -1.0000232485, 29.0962894694, 0.00588360837014, -1.41614751107
1.28, -0.999956405482, 29.0821101458, 0.00404076973342, -1.42453176918
1.29, -0.99996317498, 29.0678472417, -0.00573195464976, -1.43284854154
1.3, -1.00003324137, 29.0535011138, -0.00715852983816, -1.44119193272
1.31, -1.00004974477, 29.0390721447, 0.00231103215884, -1.44942799932
1.32, -0.999983661131, 29.0245609816, 0.00696248951237, -1.45761057019
1.33, -0.999944308239, 29.0099678367, -0.00111955979563, -1.46584260906
1.34, -0.999987864322, 28.9952927241, -0.00631096873963, -1.47399549781
1.35, -1.00004630787, 28.980536539, -0.00433965904677, -1.4820584297
1.36, -1.00003193689, 28.9657000629, 0.00467623173963, -1.49004590763
1.37, -0.999965960533, 28.9507841274, 0.0049387558033, -1.49795881212
1.38, -0.999957744914, 28.9357889045, -0.00418584812241, -1.50592233967
1.39, -1.00002180761, 28.9207143142, -0.00755005495034, -1.5138185748
1.4, -1.00005153522, 28.9055605531, 0.000608409139632, -1.52176204216
1.41, -0.999996011161, 28.8903276681, 0.00678844467843, -1.52964027353
1.42, -0.999946713043, 28.875016366, 0.000561817997423, -1.53745118659
1.43, -0.999986502941, 28.8596268888, -0.00785938229775, -1.54529906405
1.44, -1.00005009024, 28.8441590366, -0.00434904774054, -1.5530967089
1.45, -1.00003093225, 28.8286136446, 0.00540865024854, -1.56081341644
1.46, -0.999959538895, 28.8129912748, 0.00513897956588, -1.56848206261
1.47, -0.999954871662, 28.7972919915, -0.004910872124, -1.57621225484
1.48, -1.00001280206, 28.7815157236, -0.00683711681588, -1.58387218379
1.49, -1.00004822263, 28.7656632904, -0.000728235572262, -1.59144710643
1.5, -1.00000618036, 28.749734611, 0.00586045114467, -1.59910157247
1.51, -0.999954999164, 28.7337298045, 0.00165035791787, -1.60668366729
1.52, -0.999980072591, 28.7176496554, -0.00651332904069, -1.61418277431
1.53, -1.00004034888, 28.7014947845, -0.00498146267749, -1.62161380748
1.54, -1.00003487614, 28.6852661646, 0.00384359751531, -1.62895213605
1.55, -0.999971335824, 28.6689638578, 0.00526695620994, -1.63635780629
1.56, -0.999955241785, 28.6525876945, -0.00325605055163, -1.64371448734
1.57, -1.00001443591, 28.6361377723, -0.00759506873904, -1.65111250184
1.58, -1.00005075288, 28.6196142353, -0.000370896342921, -1.65843182578
1.59, -1.00000260026, 28.6030179456, 0.00648560056936, -1.66567277694
1.6, -0.999949223857, 28.5863486061, 0.00144729414969, -1.67308267519
1.61, -0.999980219542, 28.569604937, -0.00725934200535, -1.68049084967
1.62, -1.0000450727, 28.5527876065, -0.00505622615039, -1.68782002296
1.63, -1.00003537542, 28.5358963775, 0.00455354994521, -1.69524333955
1.64, -0.999965945514, 28.5189313951, 0.00556517836989, -1.70259135528
1.65, -0.99995233566, 28.5018932876, -0.00389605549884, -1.70987513333
1.66, -1.00001850122, 28.4847826801, -0.00812615528415, -1.71708896983
1.67, -1.00005473914, 28.4675997041, 9.20403811154e-05, -1.72435377296
1.68, -0.999999523205, 28.4503442734, 0.00717747160758, -1.73157028206
1.69, -0.999943890594, 28.4330169812, 0.00120337800855, -1.73873154233
1.7, -0.999976652109, 28.4156174822, -0.00332570321834, -1.74601626751
1.71, -1.00003797387, 28.3981460663, -0.0059722445198, -1.75314670672
1.72, -1.0000427119, 28.3806038314, 0.00312567180142, -1.76017795321
1.73, -0.99997793533, 28.3629911667, 0.00607573550878, -1.76720883274
1.74, -0.999950676053, 28.3453078027, -0.00222007490127, -1.77432023333
1.75, -1.00000709845, 28.3275534877, -0.00804714422188, -1.78138374442
1.76, -1.00005364683, 28.3097290089, -0.00155922430242, -1.78836452502
1.77, -1.00001161841, 28.2918343928, 0.00655731907788, -1.79541653835
1.78, -0.999949759103, 28.2738694479, 0.00269461078549, -1.80242738022
1.79, -0.999971541542, 28.2558346091, -0.00690124872583, -1.80938979761
1.8, -1.00004185046, 28.2377303687, -0.00620142878192, -1.81629569138
1.81, -1.00004332981, 28.2195567254, 0.00380875351434, -1.82327044577
1.82, -0.999972072489, 28.201313619, 0.00648172806559, -1.83019475588
1.83, -0.99994643029, 28.1830016284, -0.00282270277717, -1.83706122111
1.84, -0.999999995615, 28.164620546, -0.00640268456617, -1.84400443469
1.85, -1.00004791434, 28.1461702275, -0.00263959470715, -1.85089748172
1.86, -1.00001984495, 28.1276513127, 0.00533856295533, -1.85772986542
1.87, -0.999960026095, 28.1090626865, 0.00342681402444, -1.86481720014
1.88, -0.999967909064, 28.0904037003, -0.00537733396174, -1.87183238374
1.89, -1.00003116514, 28.0716749706, -0.00640860945233, -1.87877577318
1.9, -1.00004421444, 28.0528771309, 0.00220662736284, -1.88565843277
1.91, -0.999983881936, 28.0340098405, 0.00616838965157, -1.89265357648
1.92, -0.999949977624, 28.0150726955, -0.00128017615241, -1.89962023022
1.93, -0.999999896362, 27.9960660797, -0.0078494935644, -1.90654120434
1.94, -1.00005123962, 27.9769903006, -0.00246925227542, -1.91349421841
1.95, -1.00001762617, 27.9578449639, 0.0060348358457, -1.92042887247
1.96, -0.999953831313, 27.938630452, 0.00343640622321, -1.92732834317
1.97, -0.99996647895, 27.9193470323, -0.0061270407306, -1.93419759742
1.98, -1.00003576115, 27.8999946613, -0.00670364585227, -1.94113314606
1.99, -1.00004626927, 27.8805732576, 0.00284510714962, -1.94800854671
2.0, -0.999979159603, 27.8610832738, 0.0066640111987, -1.95484827566
2.01, -0.99994573293, 27.8415243998, -0.0017789011351, -1.96178869982
2.02, -1.00000283807, 27.8218962108, -0.00853420660312, -1.96869477858
2.03, -1.00005621521, 27.802199346, -0.00220124606707, -1.9755321451
2.04, -1.00001604362, 27.7824342494, 0.00681466781787, -1.98233268026
2.05, -0.99994801355, 27.7626005907, 0.00342267969289, -1.98924179277
2.06, -0.999965964514, 27.7426981808, -0.0069342577819, -1.99609686142
2.07, -1.00002713746, 27.7227275041, -0.00722420391612, -2.00289608402
2.08, -1.00005080262, 27.7026884474, 0.0012840991484, -2.00977538825
2.09, -0.999991908881, 27.6825807852, 0.00673956602624, -2.01661676146
2.1, -0.999947300727, 27.6624048876, -0.00011261393156, -2.02342331932
2.11, -0.999991843249, 27.6421607183, -0.00801221574034, -2.03029392534
2.12, -1.00005205189, 27.6218478108, -0.0036941226447, -2.03714112338
2.13, -1.00002674896, 27.6014666541, 0.00580059288273, -2.04394214346
2.14, -0.999956600624, 27.5810176117, 0.0046162153678, -2.05071433954
2.15, -0.999958525691, 27.5605002044, -0.00547882904258, -2.05760071781
2.16, -1.00001612597, 27.5399144582, -0.0072532107891, -2.0644084026
2.17, -1.00005050865, 27.5192608805, -0.000314164033374, -2.0711644278
2.18, -1.00000348388, 27.4985393283, 0.00627554471015, -2.07801079935
2.19, -0.999951836218, 27.4777492874, 0.00136911331038, -2.08484314772
2.2, -0.999981824482, 27.4568911544, -0.00703058235779, -2.09163043852
2.21, -1.00004423597, 27.4359645702, -0.00486948501098, -2.09851589063
2.22, -1.00003448627, 27.4149696592, 0.00440732721435, -2.10532449736
2.23, -0.99996732508, 27.3939068736, 0.00534443824523, -2.11209484128
2.24, -0.999954374842, 27.3727764106, -0.00380634538655, -2.11884447048
2.25, -1.0000183143, 27.351578078, -0.00785685992945, -2.12567509338
2.26, -1.00005302289, 27.330311643, 9.99028973751e-05, -2.13245782806
2.27, -0.999999508653, 27.3089776698, 0.00691025048077, -2.13919212595
2.28, -0.999945967853, 27.2875761854, 0.00111086966199, -2.14599464986
2.29, -0.999982376241, 27.2661065387, -0.00780667090665, -2.15279207354
2.3, -1.00004923058, 27.2445691936, -0.0048978543732, -2.15953320557
2.31, -1.00003469714, 27.222964585, 0.00516387578847, -2.16623564961
2.32, -0.999961593876, 27.2012923297, 0.00561107292476, -2.17305367461
2.33, -0.999951683492, 27.1795521766, -0.00450513070155, -2.17982658142
2.34, -1.00000963101, 27.1577446451, -0.00718424680588, -2.18653846567
2.35, -1.00005040928, 27.1358696607, -0.00125782834534, -2.19331987797
2.36, -1.00001018288, 27.1139277356, 0.00603238969772, -2.19992500112
2.37, -0.999954186052, 27.0919195714, 0.00224577284014, -2.20659434142
2.38, -0.999975805255, 27.0698438429, -0.00648752629796, -2.21338843275
2.39, -1.00003982111, 27.0477007377, -0.00557946341756, -2.22008952138
2.4, -1.00003914464, 27.0254910175, 0.00361440634666, -2.22671661336
2.41, -0.999973428274, 27.0032153341, 0.00579766771603, -2.23328718911
2.42, -0.999951725132, 26.9808736292, -0.00284365160743, -2.23992270635
2.43, -1.00001125189, 26.9584659304, -0.00799721584319, -2.24648853204
2.44, -1.00005340431, 26.9359927175, -0.00092696968038, -2.25300502941
2.45, -1.00000689514, 26.9134541086, 0.0067069184722, -2.25957566264
2.46, -0.999948124819, 26.8908500549, 0.0020899109682, -2.26609764689
2.47, -0.999975626631, 26.8681810379, -0.00726823411747, -2.272566176
2.48, -1.00004480364, 26.8454476088, -0.00571443721748, -2.27897266603
2.49, -1.00004013787, 26.8226493937, 0.00434007934421, -2.28554492079
2.5, -0.999968007788, 26.7997855242, 0.00616349427229, -2.29209114493
2.51, -0.999948360133, 26.7768564595, -0.00347529500908, -2.29858997441
2.52, -1.00000202817, 26.7538620745, -0.00740217411, -2.30515514308
2.53, -1.00005128656, 26.7308022589, -0.00237901267817, -2.31166789097
2.54, -1.00001829143, 26.7076775948, 0.00587374296978, -2.31812744718
2.55, -0.999956091069, 26.6844884882, 0.0033368298015, -2.32455270687
2.56, -0.999968235293, 26.661235082, -0.00595764607772, -2.33101954888
2.57, -1.00003538955, 26.6379170048, -0.00651483721064, -2.33746074694
2.58, -1.0000454314, 26.614534809, 0.00276038678975, -2.34384424007
2.59, -0.99998013744, 26.5910889257, 0.00646016309753, -2.35019339355
2.6, -0.99994765522, 26.5675790004, -0.00174760727439, -2.35664132889
2.61, -1.0000031105, 26.544005028, -0.00830405710122, -2.36302096813
2.62, -1.00005487417, 26.5203669679, -0.0021466315954, -2.36946157711
2.63, -1.00001576213, 26.4966647077, 0.00660680096098, -2.37585849204
2.64, -0.999949692279, 26.4728987107, 0.00329917711963, -2.382214895
2.65, -0.999967193476, 26.4490692102, -0.00675783725903, -2.38854382037
2.66, -1.00002599939, 26.4251762319, -0.00634839833194, -2.39492587185
2.67, -1.00004497203, 26.401219662, 0.00128959262609, -2.40125830077
2.68, -0.999991546899, 26.3772000161, 0.00589483446014, -2.40754601461
2.69, -0.999953475493, 26.3531168777, -0.000397611651538, -2.41393949758
2.7, -0.999994615945, 26.3289700929, -0.00724338173664, -2.42028074881
2.71, -1.00004700334, 26.3047601206, -0.00314235047028, -2.42657053476
2.72, -1.00002250745, 26.280487535, 0.00520792414241, -2.43280880852
2.73, -0.999960591901, 26.2561522884, 0.00385510021485, -2.43912087431
2.74, -0.999964466626, 26.2317540438, -0.00512879543775, -2.44540168279
2.75, -1.00002877099, 26.2072932353, -0.00678498386295, -2.45163128627
2.76, -1.00004647034, 26.1827706491, 0.00180859715096, -2.45777968104
2.77, -0.999986813536, 26.1581865459, 0.00640166210542, -2.46391763899
2.78, -0.999948526413, 26.1335411522, -0.000804623907306, -2.47003167059
2.79, -0.999996365896, 26.1088347395, -0.00793484324614, -2.47616778122
2.8, -1.00005155159, 26.0840668469, -0.00298899589361, -2.48229554251
2.81, -1.000021416, 26.0592377865, 0.00594181395066, -2.48839292229
2.82, -0.999954934096, 26.0343478206, 0.00392930463481, -2.4944695619
2.83, -0.999963177138, 26.0093967648, -0.0058679098107, -2.50062403103
2.84, -1.00003373376, 25.984384334, -0.00712066254567, -2.506736576
2.85, -1.00004919166, 25.9593109637, 0.00243809990235, -2.51280586696
2.86, -0.999982481146, 25.9341766001, 0.00694998974112, -2.51895207257
2.87, -0.999944150772, 25.9089808614, -0.00126664187826, -2.5250757891
2.88, -0.999988849407, 25.8837240127, -0.00636270015818, -2.53116337874
2.89, -1.00004674168, 25.8584057377, -0.00421081440223, -2.53740348394
2.9, -1.00003108958, 25.8330254799, 0.00476470674636, -2.54352124193
2.91, -0.999965322877, 25.8075842854, 0.00483197497425, -2.54959956091
2.92, -0.999958555753, 25.7820824575, -0.0043169911825, -2.55564693702
2.93, -1.0000229405, 25.7565197571, -0.00748591364448, -2.56177290704
2.94, -1.00005132017, 25.7308960165, 0.000763070881038, -2.56785241164
2.95, -0.999995048545, 25.7052117003, 0.00677328280031, -2.5738933622
2.96, -0.99994690372, 25.6794655214, 0.000398921955577, -2.58018952159
2.97, -0.999987860372, 25.6536567121, -0.00789885198644, -2.5864323184
2.98, -1.00005068503, 25.6277857487, -0.00419652683518, -2.59261960745
2.99, -1.00003009897, 25.6018531942, 0.00550018958068, -2.59875628294
3.0, -0.99995901691, 25.5758587207, 0.00501469012376, -2.60499543461
3.01, -0.999955924948, 25.5498020885, -0.00504616833559, -2.61119453837
3.02, -1.00001410095, 25.5236838359, -0.00675703644243, -2.61733108146
3.03, -1.00004799633, 25.4975037447, -0.000560072595842, -2.62355205108
3.04, -1.00000519316, 25.4712616988, 0.00583592111525, -2.62972866294
3.05, -0.999955315381, 25.4449580239, 0.00147202661628, -2.63587614348
3.06, -0.999981613389, 25.4185922849, -0.00654876017047, -2.64212443131
3.07, -1.00004099431, 25.3921639209, -0.00481187607981, -2.64842298645
3.08, -1.00003398221, 25.365672673, 0.0039374307035, -2.65468727845
3.09, -0.999970841652, 25.3391191222, 0.0051264904452, -2.66090076303
3.1, -0.999956467194, 25.3125030025, -0.00340013260788, -2.66720221263
3.11, -1.00001584536, 25.2858239069, -0.00749916126705, -2.67347460514
3.12, -1.00005047765, 25.259082514, -0.000191847731836, -2.67967711955
3.13, -1.0000015764, 25.232278742, 0.00644968712476, -2.6859577163
3.14, -0.999949665944, 25.2054122166, 0.00125317873288, -2.69221740155
3.15, -0.999981920394, 25.1784833143, -0.00728676887652, -2.69843380167
3.16, -1.00004571164, 25.1514924162, -0.00486806141157, -2.70460562902
3.17, -1.00003440096, 25.1244394148, 0.00464304618635, -2.7108547458
3.18, -0.999965520912, 25.0973242583, 0.00540596348408, -2.71705518194
3.19, -0.999953732118, 25.0701472571, -0.00403970427195, -2.72322270993
3.2, -1.00001995814, 25.0429081939, -0.00801189003387, -2.72946620373
3.21, -1.00005437097, 25.0156069348, 0.000277002836663, -2.73565913474
3.22, -0.999998489488, 24.9882439881, 0.00712346405555, -2.74180946447
3.23, -0.999944500161, 24.960819564, 0.000997679185105, -2.74794271884
3.24, -0.999978486788, 24.9333332778, -0.00334193639406, -2.75420007136
3.25, -1.00003855848, 24.9057851013, -0.00576683471982, -2.76033799578
3.26, -1.00004163311, 24.8781756874, 0.00320798551402, -2.76643300338
3.27, -0.999977570125, 24.8505047379, 0.00589686472918, -2.77263400552
3.28, -0.99995224981, 24.8227718776, -0.00236578971029, -2.77880960658
3.29, -1.00000862386, 24.7949775273, -0.00791449301284, -2.78493551758
3.3, -1.00005319579, 24.7671215925, -0.00136669954887, -2.79112964099
3.31, -1.00001055624, 24.7392039114, 0.00648866526736, -2.79728515751
3.32, -0.999950501523, 24.7112247089, 0.00247613478603, -2.80342267891
3.33, -0.99997352686, 24.6831842955, -0.00690562471978, -2.80952496916
3.34, -1.00004240199, 24.6550824974, -0.00597532101124, -2.81569949173
3.35, -1.00004213414, 24.6269193108, 0.00388536775398, -2.82181541937
3.36, -0.999971783513, 24.5986951258, 0.00627807490587, -2.82790031476
3.37, -0.9999482243, 24.5704096636, -0.00296913086369, -2.83407537219
3.38, -1.00000158614, 24.5420625385, -0.00624629737895, -2.84021707858
3.39, -1.00004731944, 24.5136542794, -0.00243542824126, -2.84630681398
3.4, -1.00001871664, 24.4851848096, 0.0052475743024, -2.85247003583
3.41, -0.999960960781, 24.4566538247, 0.0031875872378, -2.85860711122
3.42, -0.999970085174, 24.4280615341, -0.00536362274118, -2.86471951195
3.43, -1.0000316605, 24.3994084443, -0.00616023878946, -2.87077493472
3.44, -1.00004289023, 24.3706934738, 0.00227639588547, -2.87706293228
3.45, -0.999983676809, 24.3419161194, 0.00593741919976, -2.88328547591
3.46, -0.999952020709, 24.3130761023, -0.00142851888707, -2.88959733998
3.47, -1.00000154805, 24.2841731201, -0.00766157494255, -2.89587040427
3.48, -1.00005046262, 24.2552075655, -0.00225434637481, -2.90209928086
3.49, -1.00001643486, 24.2261801218, 0.00591636506083, -2.9082671608
3.5, -0.999954990662, 24.1970910449, 0.00317627200203, -2.91441527376
3.51, -0.999968853, 24.1679403544, -0.0060909243205, -2.92061897736
3.52, -1.00003614092, 24.1387276338, -0.00642654411176, -2.92679779916
3.53, -1.00004476061, 24.1094534127, 0.00290068533932, -2.93292320548
3.54, -0.999979058265, 24.0801172815, 0.00640092121719, -2.93915976707
3.55, -0.99994803695, 24.0507190161, -0.00192433028005, -2.94535800115
3.56, -1.00000452559, 24.0212593197, -0.00831427517817, -2.95147479124
3.57, -1.00005524946, 23.9917376481, -0.00197879433882, -2.95771037433
3.58, -1.0000148101, 23.9621539894, 0.00666735702118, -2.96388942464
3.59, -0.999949412295, 23.9325088054, 0.00314336583196, -2.97002777664
3.6, -0.999968536878, 23.9028023658, -0.00687567088728, -2.97613494321
3.61, -1.00002724849, 23.8730342782, -0.00623361667804, -2.98233615073
3.62, -1.00004457292, 23.8432046399, 0.00144550549818, -2.98846768424
3.63, -0.999990713023, 23.8133137746, 0.00582881298918, -2.99457302532
3.64, -0.99995420655, 23.783361289, -0.000582566512323, -3.0008412462
3.65, -0.999996339928, 23.7533464517, -0.00723841018295, -3.00699624312
3.66, -1.00004746678, 23.7232703884, -0.00295230314659, -3.01309185893
3.67, -1.00002154191, 23.6931334962, 0.00526610867581, -3.01915411495
3.68, -0.999960440883, 23.6629350744, 0.00368016588283, -3.02541735069
3.69, -0.999966063056, 23.6326740404, -0.00524900820434, -3.03166096823
3.7, -1.00003013681, 23.6023508405, -0.00664688477471, -3.03785139763
3.71, -1.0000459762, 23.5719652944, 0.00197736872728, -3.04412233647
3.72, -0.999985931442, 23.5415173089, 0.00631740797523, -3.05034892661
3.73, -0.999949417615, 23.5110072228, -0.00100622427738, -3.05654286182
3.74, -0.999998258089, 23.4804352954, -0.00791747619368, -3.06270430371
3.75, -1.00005198079, 23.4498015556, -0.00277845133499, -3.06892076742
3.76, -1.00002034195, 23.4191057966, 0.00599385510874, -3.07510189063
3.77, -0.999954850254, 23.3883484665, 0.00373254141728, -3.08124436131
3.78, -0.999964945038, 23.3575290739, -0.00598564413127, -3.0874943077
3.79, -1.00003511811, 23.3266474964, -0.00696176069845, -3.09368682675
3.8, -1.00004857581, 23.295704353, 0.00261075160055, -3.09981815151
3.81, -0.999981584975, 23.2646997409, 0.00684584061718, -3.10600889429
3.82, -0.999945209333, 23.2336330809, -0.00147911393321, -3.11220117763
3.83, -0.999990859822, 23.2025045709, -0.00632839301816, -3.11836156831
3.84, -1.00004708748, 23.171314705, -0.0039835138882, -3.12447283383
3.85, -1.00002990776, 23.1400635275, 0.00480643558794, -3.13064467017
3.86, -0.999965325993, 23.1087507587, 0.00461407439045, -3.13678924144
3.87, -0.999960520339, 23.0773767257, -0.0044335262756, -3.14294674944
3.88, -1.00002436327, 23.0459405184, -0.00730320965285, -3.14915388491
3.89, -1.00005056445, 23.01444266, 0.000942886229247, -3.15529323736
3.9, -0.999994112789, 22.982883636, 0.00664776407132, -3.16139237477
3.91, -0.999948133224, 22.9512629089, 0.000172383349002, -3.16760999989
3.92, -0.999990010384, 22.9195803914, -0.00784750657287, -3.17376872266
3.93, -1.00005094521, 22.8878359498, -0.00394885451854, -3.17999603458
3.94, -1.0000287878, 22.8560294566, 0.00553127240899, -3.18617935256
3.95, -0.999959106145, 22.8241604508, 0.00477246287666, -3.19247704705
3.96, -0.999958088329, 22.7922287428, -0.00515935994758, -3.19872961701
3.97, -1.00002875122, 22.76023496, -0.00774143288947, -3.20490969498
3.98, -1.0000536746, 22.728178955, 0.00150869669295, -3.21116859428
3.99, -0.999990048382, 22.6960604092, 0.00726667059094, -3.21740487297
4.0, -0.999943108692, 22.663879189, -0.000210493628349, -3.22371914352
4.01, -0.999987379665, 22.6316348037, -0.00389668559893, -3.23004223787
4.02, -1.0000437368, 22.599327285, -0.00472063490303, -3.23636420917
4.03, -1.00003505005, 22.566956497, 0.00412857323768, -3.24266275639
4.04, -0.999970795523, 22.5345228728, 0.00514153844519, -3.24892877629
4.05, -0.999957415497, 22.5020262583, -0.00356173373303, -3.25527187202
4.06, -1.00001800996, 22.4694663563, -0.00754542872299, -3.26157490608
4.07, -1.00005183545, 22.4368436291, -2.55512761703e-05, -3.26782927012
4.08, -1.00000126985, 22.404158612, 0.00656653341927, -3.27403850575
4.09, -0.999949498974, 22.3714112002, 0.00113388827591, -3.28032476511
4.1, -0.99998340928, 22.338601057, -0.00743907562066, -3.28657684298
4.11, -1.00004753559, 22.305728598, -0.00478878081014, -3.29278023674
4.12, -1.00003455994, 22.2727937896, 0.00483235673442, -3.29905380106
4.13, -0.999964741613, 22.2397964537, 0.00538879223685, -3.3052909981
4.14, -0.999954338254, 22.2067367796, -0.00423827723954, -3.31150705353
4.15, -1.00002196898, 22.1736146963, -0.0080588846134, -3.31778475747
4.16, -1.00005542278, 22.1404299517, 0.000464857443146, -3.3240234673
4.17, -0.999997773169, 22.1071831966, 0.00723568349257, -3.33020593928
4.18, -0.999944156784, 22.0738739139, 0.000844556027945, -3.33650543088
4.19, -0.999980077256, 22.0405019946, -0.00350909314322, -3.34277761699
4.2, -1.00004041842, 22.007068038, -0.00566538994224, -3.34892887419
4.21, -1.00004159021, 21.9735723699, 0.00341470653146, -3.35507166224
4.22, -0.999976615727, 21.9400149721, 0.00586070476805, -3.36129096292
4.23, -0.999952942452, 21.9063954833, -0.00258851810362, -3.36748422181
4.24, -1.0000107902, 21.8727142673, -0.00795189381249, -3.37363328327
4.25, -1.00005418093, 21.8389709796, -0.00115307277107, -3.37987526834
4.26, -1.0000096462, 21.8051656014, 0.00659830329635, -3.38606509088
4.27, -0.999950161069, 21.7712986226, 0.00229481162762, -3.39221064298
4.28, -0.999975310235, 21.737370323, -0.00707850724336, -3.39832353225
4.29, -1.00004435014, 21.7033805688, -0.00585380356438, -3.40450483991
4.3, -1.00004199235, 21.6693291641, 0.00410439685359, -3.41064661373
4.31, -0.99997074448, 21.6352165357, 0.00622949600901, -3.41675392121
4.32, -0.999949011712, 21.6010424415, -0.00320926200984, -3.42294754373
4.33, -1.00000391208, 21.5668065098, -0.00627893342278, -3.42910277165
4.34, -1.00004831482, 21.532509286, -0.00220250198315, -3.43520450507
4.35, -1.00001769087, 21.4981513378, 0.00536050459475, -3.44125365831
4.36, -0.99996060389, 21.4637326522, 0.00298824806127, -3.44736887913
4.37, -0.99997202835, 21.4292524194, -0.00554827502357, -3.453558039
4.38, -1.00003370985, 21.3947105473, -0.00601917452932, -3.45969005919
4.39, -1.00004262958, 21.3601071698, 0.00251188611971, -3.46586487344
4.4, -0.999982530194, 21.3254422777, 0.00587310954733, -3.47199326828
4.41, -0.999952935628, 21.2907164625, -0.00169120639709, -3.47804956443
4.42, -1.00000406762, 21.2559303834, -0.00768475199523, -3.48407066863
4.43, -1.00005142842, 21.2210842348, -0.00199487636512, -3.49003688266
4.44, -1.00001524388, 21.1861787877, 0.0060276519502, -3.49592814626
4.45, -0.999954661547, 21.1512149997, 0.0029488623064, -3.50171306178
4.46, -0.999971030151, 21.1161935866, -0.00628330660863, -3.5074580105
4.47, -1.00003829505, 21.0811153461, -0.00625813231799, -3.51307537272
4.48, -1.00004433771, 21.0459816133, 0.00315483196415, -3.51856218847
4.49, -0.999977785419, 21.0107933943, 0.00631585660202, -3.5239754566
4.5, -0.999949114032, 20.9755516086, -0.00221317546473, -3.52928163063
4.51, -1.00000727411, 20.9402581619, -0.00832471134192, -3.53430407476
4.52, -1.00005617331, 20.9049161716, -0.00168750040499, -3.53901354766
4.53, -1.00001342304, 20.8695290848, 0.00677666127349, -3.54331958569
4.54, -0.999949111262, 20.8341003262, 0.00288530619911, -3.54736293678
4.55, -0.999970962702, 20.7986324151, -0.00707349321577, -3.55115422248
4.56, -1.0000297025, 20.7631286088, -0.00671925306511, -3.55454748268
4.57, -1.00004851654, 20.7275922216, 0.00160523339025, -3.55768299922
4.58, -0.999990490429, 20.6920256897, 0.00633674701931, -3.5605873557
4.59, -0.999951137265, 20.6564321914, -0.000574022289939, -3.56311030123
4.6, -0.999996585264, 20.6208144, -0.00775331238934, -3.56543200991
4.61, -1.00005175873, 20.5851746037, -0.00313333360493, -3.56752402193
4.62, -1.00002384601, 20.5495148424, 0.00573050476577, -3.56942049664
4.63, -0.999957964388, 20.5138377747, 0.0040247906516, -3.5709910595
4.64, -0.99996400666, 20.4781459916, -0.00560293907904, -3.57237234553
4.65, -1.00003310848, 20.4424413608, -0.0071153190908, -3.57356239591
4.66, -1.00005024206, 20.4067262366, 0.00218245107892, -3.57445295317
4.67, -0.999985527804, 20.3710034936, 0.00686728520942, -3.57513278145
4.68, -0.999946138928, 20.3352747029, -0.00102595899736, -3.57566301012
4.69, -0.999994075651, 20.2995414835, -0.00378155656136, -3.57605595419
4.7, -1.00004399879, 20.2638060669, -0.00383031671091, -3.57610020171
4.71, -1.00002929991, 20.2280707705, 0.00430437612693, -3.57600931435
4.72, -0.999969575185, 20.1923370967, 0.00430242219078, -3.57578225834
4.73, -0.999963842593, 20.1566070331, -0.0040165543147, -3.57528733364
4.74, -1.00002240116, 20.1208826705, -0.00683547280675, -3.57464842827
4.75, -1.00004774625, 20.0851654211, 0.000685060782215, -3.57387013354
4.76, -0.999996383901, 20.049457563, 0.00609258635771, -3.57273777958
4.77, -0.99995300001, 20.013762134, 0.000254803030261, -3.57143948461
4.78, -0.999990563964, 19.9780801872, -0.00724317801046, -3.57003739313
4.79, -1.00004738384, 19.9424128541, -0.00382005987101, -3.56851830197
4.8, -1.00002824485, 19.9067621912, 0.00496621698241, -3.56673084561
4.81, -0.999963788081, 19.8711297166, 0.00445973661558, -3.56486937655
4.82, -0.999961448193, 19.8355162835, -0.00467874414824, -3.56292295176
4.83, -1.0000263382, 19.7999234653, -0.00725079693868, -3.56074329192
4.84, -1.00005066241, 19.7643530574, 0.00119330218473, -3.55845514103
4.85, -0.999992726906, 19.7288060018, 0.00666989081081, -3.55608325134
4.86, -0.999948320249, 19.6932830863, -8.11936313049e-05, -3.55363654118
4.87, -0.999992373709, 19.6577855307, -0.0079585644318, -3.5509925185
4.88, -1.00005254828, 19.622315053, -0.00372814496392, -3.54824261873
4.89, -1.0000280011, 19.5868722095, 0.00572068545023, -3.54544540205
4.9, -0.999958354585, 19.5514585999, 0.00461539621444, -3.54242492939
4.91, -0.999959844489, 19.5160753751, -0.00540183576183, -3.53935862785
4.92, -1.00001706048, 19.480723562, -0.00723305496882, -3.53611690843
4.93, -1.00005170916, 19.4454049718, -0.000362159915722, -3.53275982966
4.94, -1.00000524159, 19.4101202482, 0.00624132922628, -3.52934951647
4.95, -0.999953585434, 19.3748698349, 0.00141058707256, -3.52589967783
4.96, -0.999983072469, 19.3396540576, -0.00697744242266, -3.52241262087
4.97, -1.00004537793, 19.3044751521, -0.00488673332793, -3.51855788621
4.98, -1.00003614551, 19.2693347931, 0.00435417878106, -3.51467945894
4.99, -0.999969306524, 19.2342334275, 0.00535255030309, -3.51076701421
5.0, -0.999955963093, 19.1991716512, -0.00374037310635, -3.5067271597
5.01, -1.00001948135, 19.1641509159, -0.00783603865519, -3.50260057414
5.02, -1.00005448484, 19.12917153, 4.95799686501e-05, -3.4984446329
5.03, -1.00000150819, 19.0942340236, 0.0068833098845, -3.49424489828
5.04, -0.99994785836, 19.0593382586, 0.00116316000667, -3.48998552235
5.05, -0.999983701386, 19.024486877, -0.00775153485441, -3.48547173675
5.06, -1.00003638368, 18.9896809372, -0.00517771588803, -3.48091243264
5.07, -1.00003870712, 18.9549206108, 0.00284283706203, -3.47633858536
5.08, -0.99998130301, 18.9202059062, 0.00519627339181, -3.47177343928
5.09, -0.999958961545, 18.885537051, -0.00221327991426, -3.46718221445
5.1, -1.00000950731, 18.850915151, -0.00713237343905, -3.46240705016
5.11, -1.0000490552, 18.8163415783, -0.0012454260122, -3.45749173055
5.12, -1.00001065629, 18.7818173059, 0.00574608860552, -3.45255745943
5.13, -0.999957158418, 18.7473423725, 0.00211305741835, -3.44762509581
5.14, -0.999978076179, 18.7129174336, -0.0062573813003, -3.44255362196
5.15, -1.00003958129, 18.6785433282, -0.00537824446643, -3.43746192246
5.16, -1.00003898183, 18.6442202216, 0.00344241998236, -3.43235731642
5.17, -0.999976013817, 18.6099488376, 0.00553270155004, -3.42711859449
5.18, -0.999955290213, 18.5757298483, -0.00275650884851, -3.4218828396
5.19, -1.00001245689, 18.5415633125, -0.00769500015641, -3.41663511196
5.2, -1.00005290021, 18.5074493487, -0.000907848267284, -3.41137262432
5.21, -1.00000828011, 18.4733888544, 0.00641295101864, -3.40595853759
5.22, -0.999951946547, 18.4393823452, 0.00197857808476, -3.40056730868
5.23, -0.999978393148, 18.4054295316, -0.00699694994579, -3.39520081943
5.24, -1.00004476891, 18.3715310692, -0.00550020531328, -3.38969227737
5.25, -1.00004026613, 18.3376877869, 0.00414617266844, -3.38417437751
5.26, -0.999971079015, 18.3038994901, 0.00588955138525, -3.37868610191
5.27, -0.99995228736, 18.2701670709, -0.0033593683349, -3.37303665692
5.28, -1.00001648259, 18.2364909259, -0.00826531644079, -3.36741020857
5.29, -1.00005737029, 18.2028710951, -0.000491214513398, -3.36177815985
5.3, -1.00000577088, 18.1693073115, 0.00713242235241, -3.35618192342
5.31, -0.999946635466, 18.1358004743, 0.00179637587657, -3.3504289325
5.32, -0.999974593364, 18.1023507886, -0.00312522499933, -3.34474932246
5.33, -1.00003795737, 18.0689582724, -0.00646677062451, -3.33900870402
5.34, -1.00004809093, 18.0356231892, 0.00273023549478, -3.33319694198
5.35, -0.999983126004, 18.0023464661, 0.00645615554545, -3.32736995838
5.36, -0.999950326375, 17.9691278643, -0.00167614594265, -3.32157124532
5.37, -1.00000509206, 17.9359672873, -0.0082409118767, -3.31577499941
5.38, -1.0000567567, 17.9028651806, -0.00216814196847, -3.30985952594
5.39, -1.00001817462, 17.8698222415, 0.00656018815806, -3.30395168836
5.4, -0.999952275728, 17.8368382335, 0.00332909834378, -3.29807419837
5.41, -0.999969212326, 17.8039134583, -0.0066809938865, -3.29209315428
5.42, -1.00002795082, 17.7710484722, -0.00701861154698, -3.28612076038
5.43, -1.0000514903, 17.7382432339, 0.00114502470959, -3.28014911361
5.44, -0.99999500965, 17.7054985817, 0.00650254969392, -3.27403486224
5.45, -0.999951315268, 17.6728147728, -3.55570682622e-05, -3.26796685396
5.46, -0.999993703526, 17.640192274, -0.00772996890958, -3.26177744849
5.47, -1.00005223441, 17.6076315035, -0.00366001293339, -3.25561011449
5.48, -1.00002853487, 17.5751329281, 0.00554024920359, -3.24933274725
5.49, -0.999960639494, 17.5426968749, 0.00450671965228, -3.24310090121
5.5, -0.999961704517, 17.5103231037, -0.00523734846533, -3.2368886343
5.51, -1.0000311691, 17.4780119593, -0.00747377816357, -3.23056505257
5.52, -1.00005348144, 17.445764109, 0.00169872999978, -3.22424474845
5.53, -0.999990143458, 17.4135793849, 0.00707605564205, -3.2179507296
5.54, -0.999945929891, 17.3814573803, -0.00045235777313, -3.21169938016
5.55, -0.999990855954, 17.3493983483, -0.00382393906797, -3.20537481716
5.56, -1.00004471596, 17.3174028925, -0.00440513750793, -3.1990010186
5.57, -1.00003430166, 17.2854706502, 0.00414126774394, -3.1926888037
5.58, -0.999972057826, 17.2536020239, 0.00483637849725, -3.18627745349
5.59, -0.999961113274, 17.2217972796, -0.00366115367533, -3.1799080617
5.6, -1.00002045936, 17.1900560615, -0.00725312534486, -3.17356750401
5.61, -1.0000513805, 17.1583788269, 0.000188129568148, -3.16710971724
5.62, -1.0000011105, 17.1267659824, 0.00635390890725, -3.16068964458
5.63, -0.999952414375, 17.0952173201, 0.000856771685577, -3.15429272561
5.64, -0.999987058058, 17.0637323079, -0.00730056289266, -3.1479436711
5.65, -1.0000483025, 17.0323113392, -0.00444773107179, -3.1414791241
5.66, -1.00003363209, 17.0009550022, 0.004818162037, -3.1350301366
5.67, -0.999966175065, 16.9696630602, 0.00505309415167, -3.12861292909
5.68, -0.999958273595, 16.9384355858, -0.0043224368994, -3.12211646568
5.69, -1.00002434322, 16.9072729614, -0.00773147425892, -3.11564377658
5.7, -1.00005473399, 16.8761749929, 0.000672963653653, -3.10918970763
5.71, -0.999997647845, 16.8451415125, 0.00698704259741, -3.10276073388
5.72, -0.999947354421, 16.8141726881, 0.000559709294529, -3.09624802815
5.73, -0.999983886809, 16.7832687287, -0.00339366297906, -3.08980689273
5.74, -1.00004111268, 16.7524294532, -0.00529134456883, -3.08332515115
5.75, -1.00004040432, 16.7216551706, 0.00340054624361, -3.07676626661
5.76, -0.999978027043, 16.6909467523, 0.00548799173234, -3.0701342994
5.77, -0.999957151896, 16.6603040509, -0.00268670044899, -3.06365232646
5.78, -1.00001330434, 16.6297268735, -0.00759155648244, -3.05704637182
5.79, -1.00005327878, 16.5992153946, -0.000918482045922, -3.05048808362
5.8, -1.00000932557, 16.5687693364, 0.0063241137649, -3.04396555312
5.81, -0.999953534735, 16.5383883725, 0.00197471019705, -3.03747999312
5.82, -0.999979352119, 16.5080732767, -0.00689321678842, -3.03077227603
5.83, -1.00004484735, 16.4778252179, -0.00544992254681, -3.02408084887
5.84, -1.00004060487, 16.4476440044, 0.00406607251686, -3.01741341055
5.85, -0.999972339831, 16.4175293406, 0.00581830008071, -3.01072104212
5.86, -0.999953548875, 16.3874820006, -0.00329667745489, -3.00400512128
5.87, -1.00001676553, 16.3575014872, -0.00816579045239, -2.99733905182
5.88, -1.00005727493, 16.3275876408, -0.000515924621752, -2.99068622755
5.89, -1.00000651851, 16.2977409658, 0.00702508235646, -2.98392127753
5.9, -0.999948052817, 16.2679614747, 0.00178629899653, -2.97722866237
5.91, -0.999980036844, 16.2382486866, -0.00768540853966, -2.97057926827
5.92, -1.00003638347, 16.2086030631, -0.00579166263503, -2.96380821203
5.93, -1.00004384561, 16.1790248157, 0.00257644530979, -2.95708641803
5.94, -0.99998444255, 16.1495135653, 0.00573318725137, -2.95041098738
5.95, -0.999956198214, 16.1200697682, -0.00175961879283, -2.94362133001
5.96, -1.00000681437, 16.0906935101, -0.00752799571184, -2.93688536245
5.97, -1.00005241364, 16.061384415, -0.0018386257574, -2.93018368778
5.98, -1.00001598432, 16.0321420865, 0.00594982521858, -2.92352761042
5.99, -0.999956984742, 16.0029670321, 0.0027883456192, -2.91675667067
6.0, -0.999974038798, 15.9738591926, -0.0062358896043, -2.91005642163
6.01, -1.00003984697, 15.9448181671, -0.00605815624419, -2.90338964496
6.02, -1.00004464089, 15.9158440795, 0.00319235412632, -2.89664480865
6.03, -0.999979109272, 15.8869375426, 0.00614198688218, -2.88991172129
6.04, -0.999952018641, 15.858098058, -0.00229338216255, -2.88323188356
6.05, -1.00000963903, 15.8293252878, -0.00815842731756, -2.87657816424
6.06, -1.00005672185, 15.8006194416, -0.00153507349707, -2.86982915941
6.07, -1.00001389284, 15.7719811183, 0.00667275232391, -2.86309795675
6.08, -0.999951395311, 15.7434096928, 0.00270782503561, -2.85643458144
6.09, -0.999973929723, 15.7149053148, -0.00701456949967, -2.84968167173
6.1, -1.0000311848, 15.6864683612, -0.0065035861451, -2.8429546259
6.11, -1.0000485841, 15.6580986487, 0.00165150280215, -2.83624669001
6.12, -0.999991635121, 15.6297966272, 0.00614323511839, -2.82943193053
6.13, -0.999954090616, 15.6015623172, -0.000676217367794, -2.82268617555
6.14, -0.999999052096, 15.5733952172, -0.00757999203328, -2.81598477629
6.15, -1.00005221712, 15.5452950411, -0.00296071688911, -2.80930662905
6.16, -1.00002412051, 15.5172620127, 0.00562225290629, -2.80254146031
6.17, -0.999960224834, 15.4892974112, 0.00382159033422, -2.79565567245
6.18, -0.999967131571, 15.4614012634, -0.00555271048887, -2.78883407345
6.19, -1.00003450046, 15.4335736826, -0.00688086509379, -2.78192431767
6.2, -1.00005015531, 15.4058150965, 0.0022201749598, -2.7750423769
6.21, -0.999986705522, 15.3781251652, 0.00664981381036, -2.76820343512
6.22, -0.999949245885, 15.3505033986, -0.00112869884157, -2.76141468936
6.23, -1.00000123866, 15.3229497938, -0.00828396944229, -2.75454851279
6.24, -1.00005699427, 15.2954647791, -0.00276466755461, -2.74770435098
6.25, -1.00002283843, 15.2680479857, 0.00638486394728, -2.74090402906
6.26, -0.999954435132, 15.2406996688, 0.00386262536359, -2.73401487856
6.27, -0.999966132063, 15.2134200874, -0.00632825861903, -2.72716581329
6.28, -1.00002555226, 15.1862087989, -0.00677193828793, -2.72035381618
6.29, -1.00005046609, 15.1590662653, 0.000749234079286, -2.7134263427
6.3, -0.999998453641, 15.1319926257, 0.00615257349792, -2.70656126047
6.31, -0.999954845857, 15.1049874187, 0.000250582583562, -2.69974585721
6.32, -0.999992703055, 15.0780499541, -0.00727459220888, -2.69299270739
6.33, -1.00004963048, 15.0511805189, -0.0038005834632, -2.68613520353
6.34, -1.000030037, 15.0243795464, 0.00502850699828, -2.6793089324
6.35, -0.999965171831, 14.9976472502, 0.00447727170243, -2.67239899519
6.36, -0.999963066339, 14.9709847903, -0.00472239671244, -2.66537176173
6.37, -1.00002836881, 14.9443922755, -0.0072700487501, -2.65839594768
6.38, -1.00005251548, 14.9178693372, 0.00124380206779, -2.65145707971
6.39, -0.999994042454, 14.8914155486, 0.00671563249907, -2.64456866698
6.4, -0.999949600013, 14.8650308712, -0.000108868948732, -2.63761622428
6.41, -0.999994154124, 14.8387155033, -0.00800648502288, -2.63070716963
6.42, -1.000054503, 14.8124690359, -0.00370875001217, -2.6238334201
6.43, -1.0000294799, 14.7862917981, 0.00578257061152, -2.61686246668
6.44, -0.999959476088, 14.7601840485, 0.00462262570783, -2.60994250489
6.45, -0.999961316079, 14.7341451936, -0.00545715113076, -2.60307938978
6.46, -1.00001905267, 14.7081757252, -0.00725507668359, -2.59609011531
6.47, -1.00005344708, 14.6822757166, -0.000299974155996, -2.58916144816
6.48, -1.00000635362, 14.6564449199, 0.00628897117314, -2.58226556514
6.49, -0.999954746006, 14.6306827502, 0.00136657726073, -2.57543129516
6.5, -0.999984882165, 14.6049898893, -0.00703574104665, -2.56838376453
6.51, -1.00004734016, 14.5793674188, -0.00485649091777, -2.5613615683
6.52, -1.00003748324, 14.5538149765, 0.00442856408693, -2.5543807381
6.53, -0.999970271196, 14.5283327392, 0.00535001464539, -2.54731990273
6.54, -0.999957441675, 14.5029208533, -0.00381384195859, -2.54031291263
6.55, -1.00002150912, 14.4775787763, -0.00785446454876, -2.53335253473
6.56, -1.00005616803, 14.4523062673, 0.000121789772189, -2.52641402918
6.57, -1.00000250906, 14.4271034467, 0.00693009047394, -2.51940108298
6.58, -0.999948974256, 14.4019706537, 0.00110895982553, -2.51242816838
6.59, -0.999985546204, 14.3769072958, -0.00781431714414, -2.50550868769
6.6, -1.00003839195, 14.351913769, -0.00514030046525, -2.49847462803
6.61, -1.00003996329, 14.3269902788, 0.00292962333243, -2.49149113369
6.62, -0.999982133172, 14.302136214, 0.00519087286321, -2.48457623123
6.63, -0.99996041235, 14.2773519648, -0.00230161127814, -2.47755310988
6.64, -1.0000116058, 14.2526374522, -0.00715404661232, -2.47059993918
6.65, -1.000050735, 14.2279922794, -0.00115969005466, -2.46368406912
6.66, -1.00001152638, 14.20341605, 0.00580015625041, -2.45681386045
6.67, -0.999958174898, 14.1789092047, 0.00204672742842, -2.4498345615
6.68, -0.999979960392, 14.1544716333, -0.0063321512926, -2.44293064861
6.69, -1.00004160099, 14.1301028877, -0.00533296556471, -2.43606548371
6.7, -1.00004015324, 14.1058032932, 0.00353672596649, -2.42910040227
6.71, -0.999976757129, 14.0815730536, 0.00552022433623, -2.42219308701
6.72, -0.999956749783, 14.0574117574, -0.00285385533909, -2.41532532728
6.73, -1.00001457056, 14.0333189615, -0.00771073641747, -2.40849498057
6.74, -1.00005450544, 14.0092949029, -0.000814481688274, -2.40156773424
6.75, -1.00000905728, 13.9853398642, 0.00646308380091, -2.39468956459
6.76, -0.999952940793, 13.9614540255, 0.0019046341747, -2.38772821411
6.77, -0.999980282966, 13.937637573, -0.00707010284961, -2.38081326835
6.78, -1.00004673944, 13.9138900981, -0.0054484390354, -2.37393248033
6.79, -1.0000413534, 13.8902113299, 0.00424013071023, -2.36708177729
6.8, -0.999971781983, 13.8666015705, 0.00586962344369, -2.36007446636
6.81, -0.999953756655, 13.8430623311, -0.00345805099391, -2.35304432611
6.82, -1.00000834415, 13.8195931394, -0.00601205454353, -2.34605895649
6.83, -1.00004883773, 13.7961934391, -0.00181861691089, -2.33913026919
6.84, -1.00001709535, 13.7728634947, 0.00522089723346, -2.3321087799
6.85, -0.999963655279, 13.7496035721, 0.00256069380071, -2.32513533982
6.86, -0.999977470576, 13.7264131969, -0.0055365722848, -2.31820630875
6.87, -1.00003623946, 13.7033008213, -0.00556442901267, -2.30949058143
6.88, -1.0000417376, 13.6802786953, 0.00266860463421, -2.30023079319
6.89, -0.999983457633, 13.657351465, 0.00547829050424, -2.29052915683
6.9, -0.999957974348, 13.6345274853, -0.00196835421462, -2.27971727302
6.91, -1.00000863716, 13.6118214562, -0.00735600100566, -2.26681414712
6.92, -1.0000516369, 13.5892561992, -0.00158081210699, -2.25162727226
6.93, -1.00001445335, 13.566849567, 0.00585444324596, -2.2353133034
6.94, -0.999957977372, 13.5446151057, 0.00249204905081, -2.21706803324
6.95, -0.999976750239, 13.5225690467, -0.00623532719088, -2.19783987391
6.96, -1.00004064668, 13.5007256419, -0.00574930153259, -2.17665941602
6.97, -1.00004310484, 13.4791026387, 0.00330587472907, -2.15380158198
6.98, -0.999978782376, 13.4577137601, 0.00587841053443, -2.12975743861
6.99, -0.999954558362, 13.436566154, -0.00248947849571, -2.10556051804
7.0, -1.00001195688, 13.4156600773, -0.00793442133457, -2.08131791039
7.01, -1.00005601534, 13.3949982348, -0.00123882017882, -2.05679050936
7.02, -1.00001240055, 13.3745808371, 0.00656224600927, -2.0324666572
7.03, -0.999952744097, 13.3544055795, 0.0023858167506, -2.00837859894
7.04, -0.999977049091, 13.3344688234, -0.00699170626005, -1.98471313768
7.05, -1.00003225544, 13.3147661542, -0.00614661274659, -1.96154946641
7.06, -1.00004681847, 13.2952926099, 0.0018039912945, -1.93887595305
7.07, -0.999991062853, 13.2760434344, 0.00584862164157, -1.9166796505
7.08, -0.99995681934, 13.2570145423, -0.000915021040781, -1.89481752339
7.09, -1.00000168242, 13.2382017012, -0.00734299012974, -1.87343555523
7.1, -1.00005144779, 13.219600478, -0.00262092188438, -1.85248739398
7.11, -1.0000223123, 13.2012071175, 0.00551006866571, -1.83184477112
7.12, -0.999961531097, 13.1830180652, 0.00345481089526, -1.81162802941
7.13, -0.999970518221, 13.1650288239, -0.00554432259776, -1.7918525082
7.14, -1.00003540346, 13.1472362131, -0.00648975549255, -1.77224658121
7.15, -1.00004810247, 13.1296381933, 0.00235767419313, -1.75297325567
7.16, -0.999986179898, 13.1122308869, 0.00631268172111, -1.73409623407
7.17, -0.999952240994, 13.0950103219, -0.00136897985364, -1.7156127187
7.18, -1.00000385764, 13.0779733313, -0.00800687060764, -1.69736417488
7.19, -1.00005588221, 13.0611170788, -0.00241195877468, -1.67945986793
7.2, -1.0000208385, 13.0444373796, 0.00623438037082, -1.66204970464
7.21, -0.999955927822, 13.027929161, 0.00346604635579, -1.64515077543
7.22, -0.999969700329, 13.0115864315, -0.00629819203622, -1.6289368143
7.23, -1.00002640599, 12.9954023623, -0.00635207246067, -1.61338725386
7.24, -1.00004813703, 12.9793704078, 0.000892072126232, -1.59848394891
7.25, -0.999997753893, 12.9634799728, 0.00578976629873, -1.58502239991
7.26, -0.999957928151, 12.9477181393, -1.61515825273e-05, -1.5727996252
7.27, -0.999995463447, 12.9320737289, -0.00699112768862, -1.56149166428
7.28, -1.00004835332, 12.9165313146, -0.00341407829466, -1.55225723536
7.29, -1.00002768446, 12.9010769374, 0.00486575316265, -1.54388486492
7.3, -0.999966670433, 12.8857023838, 0.00402440503442, -1.53633141283
7.31, -0.999966970494, 12.8703947429, -0.00470596331346, -1.53035351434
7.32, -1.0000291332, 12.8551391363, -0.00680071292799, -1.52587310661
7.33, -1.00004975445, 12.8399251667, 0.001384517958, -1.5221131304
7.34, -0.99999328177, 12.824744653, 0.00628393246799, -1.51916157216
7.35, -0.999953101012, 12.8095863268, -0.000401752643962, -1.51766133042
7.36, -0.999997045415, 12.7944388116, -0.00766824249589, -1.51694415143
7.37, -1.00005279883, 12.7792946251, -0.00329567165721, -1.51695451594
7.38, -1.0000268239, 12.7641437152, 0.00556816324265, -1.51829954794
7.39, -0.99996121898, 12.7489755666, 0.00411873245273, -1.52035537284
7.4, -0.999965512451, 12.733783483, -0.00541583065706, -1.52306401606
7.41, -1.00003382793, 12.7185604119, -0.00715678473288, -1.52645907101
7.42, -1.00005254888, 12.7032978047, 0.00196949595595, -1.53103653615
7.43, -0.999989228304, 12.6879861431, 0.0068293352671, -1.53622796605
7.44, -0.999948719936, 12.6726189347, -0.000827325426002, -1.54205647786
7.45, -0.999999574216, 12.6571866995, -0.00838127751403, -1.5491505089
7.46, -1.00005806477, 12.6416820588, -0.00311976266136, -1.55663560678
7.47, -1.00002597683, 12.6261002442, 0.00635214216514, -1.5645895393
7.48, -0.999955466653, 12.6104315853, 0.00419577474789, -1.57384383402
7.49, -0.999964392875, 12.5946691075, -0.00620477318299, -1.58345078876
7.5, -1.00002483011, 12.5788051199, -0.00708203218065, -1.59414026638
7.51, -1.00005317486, 12.562835122, 0.000464930633337, -1.60460230733
7.52, -1.00000128342, 12.5467522665, 0.00635523292892, -1.61675086062
7.53, -0.999954207545, 12.530545345, 0.000590301027712, -1.62934711351
7.54, -0.999990755701, 12.5142099074, -0.00738560273964, -1.64236688848
7.55, -1.00005076197, 12.4977400414, -0.00420411780754, -1.65630176401
7.56, -1.00003352858, 12.4811301453, 0.00498466009545, -1.67044035247
7.57, -0.999966275287, 12.4643755357, 0.0048577020092, -1.68508199435
7.58, -0.999960934197, 12.4474727756, -0.00457479568841, -1.70004145455
7.59, -1.00002761495, 12.4304164304, -0.00763449573636, -1.71586732616
7.6, -1.00005549379, 12.4131997094, 0.000952833794207, -1.73202798642
7.61, -0.999996820314, 12.395820456, 0.00696598590659, -1.74840582946
7.62, -0.999948533776, 12.3782730502, 0.000240967709394, -1.76567830571
7.63, -0.999992043574, 12.360551425, -0.00817192336749, -1.78320980892
7.64, -1.00005595141, 12.3426534443, -0.00414507071446, -1.80094071975
7.65, -1.00003317484, 12.3245725192, 0.00577872925877, -1.81966334003
7.66, -0.999960291084, 12.3063044789, 0.00503924158914, -1.83847464128
7.67, -0.999958860225, 12.2878473586, -0.00533898712897, -1.85747091181
7.68, -1.00001805921, 12.2691994324, -0.00765625737468, -1.87662907184
7.69, -1.00005668975, 12.250355882, -0.000640646854546, -1.89659908585
7.7, -1.00000953541, 12.2313108902, 0.00655703949105, -1.9168168153
7.71, -0.999953561149, 12.2120604166, 0.00177823727203, -1.93777201448
7.72, -0.999982273839, 12.1925961745, -0.00720060546526, -1.95954347
7.73, -1.00004867134, 12.1729132557, -0.00535708412497, -1.98145422114
7.74, -1.00004157817, 12.1530110092, 0.00439353829937, -2.00342757982
7.75, -0.999971313272, 12.1328878689, 0.00581514923273, -2.02556200471
7.76, -0.999954633058, 12.1125403603, -0.00365148140413, -2.04837759878
7.77, -1.00002046896, 12.0919638545, -0.00830050343122, -2.07130804591
7.78, -1.00005963424, 12.0711579776, -0.000229486429267, -2.09426830266
7.79, -1.00000567015, 12.050118634, 0.00724054382225, -2.11797789963
7.8, -0.999947422324, 12.0288419534, 0.00153190688265, -2.14174158162
7.81, -0.999982792096, 12.0073266945, -0.00802681753954, -2.16561605829
7.82, -1.00003961458, 11.9855725841, -0.00568165581898, -2.1895117005
7.83, -1.00004436642, 11.9635761491, 0.00286438325912, -2.21408933591
7.84, -0.99998342756, 11.9413342246, 0.00568788258944, -2.23865484432
7.85, -0.999957369301, 11.9188463354, -0.00209475769885, -2.26326217898
7.86, -1.00001025297, 11.8961092264, -0.00762999840076, -2.2885214712
7.87, -1.00005441475, 11.8731195933, -0.00156800532325, -2.31376688757
7.88, -1.00001518525, 11.8498772463, 0.00611261852645, -2.33903927973
7.89, -0.999956685021, 11.8263775172, 0.0025343045944, -2.36511055668
7.9, -0.999976724632, 11.802617707, -0.00651817164996, -2.39111301739
7.91, -1.00004302447, 11.7785978547, -0.00593360172636, -2.41709829024
7.92, -1.00004498203, 11.7543183568, 0.00348394391516, -2.44304634626
7.93, -0.999977993585, 11.7297716091, 0.0060787449017, -2.47042758481
7.94, -0.999953302221, 11.7049527383, -0.00264948813731, -2.49762745566
7.95, -1.00001319489, 11.6798616199, -0.00824612283547, -2.52481963463
7.96, -1.00005853754, 11.6544958894, -0.00123385487531, -2.55257912103
7.97, -1.00001283848, 11.6288530033, 0.00681500159676, -2.5802644215
7.98, -0.999951248634, 11.6029342143, 0.00240538524912, -2.60781984129
7.99, -0.999977039233, 11.5767387032, -0.00729961906235, -2.63576186233
8.0, -1.00004855673, 11.5502611477, -0.00607503067449, -2.66395997799
8.01, -1.00004644255, 11.5235022951, 0.00422710321989, -2.692044842
8.02, -0.999972826845, 11.4964631898, 0.00646029567655, -2.72003433917
8.03, -0.999950164569, 11.4691413069, -0.00329056856498, -2.74861029191
8.04, -1.00000411025, 11.441533835, -0.00764713744317, -2.77712237727
8.05, -1.00005681476, 11.4136417719, -0.00272579126752, -2.80552937903
8.06, -1.00002484384, 11.3854615295, 0.00598407949279, -2.83463178182
8.07, -0.999959491643, 11.3569911626, 0.00370036089638, -2.86360148453
8.08, -0.999969558806, 11.3282315999, -0.00597579454703, -2.89247046005
8.09, -1.00003926408, 11.2991839202, -0.00692077307005, -2.92122447331
8.1, -1.00005233528, 11.269846068, 0.00261159689624, -2.95052015912
8.11, -0.999985512889, 11.2402158802, 0.0067941688411, -2.97970560383
8.12, -0.999949465491, 11.2102940099, -0.0015120580684, -3.00882263605
8.13, -1.00000533031, 11.1800789882, -0.00859692630442, -3.03841543684
8.14, -1.00006092831, 11.1495684208, -0.00251683087675, -3.06790588438
8.15, -1.00002272753, 11.1187634521, 0.00675273894944, -3.09728573905
8.16, -0.999953109381, 11.0876607913, 0.0036908708577, -3.12733335399
8.17, -0.999968589053, 11.0562593751, -0.00681010304752, -3.15715123598
8.18, -1.00003004892, 11.0245603263, -0.00678322749148, -3.18684424025
8.19, -1.00005242171, 10.9925652408, 0.00110637646211, -3.21638042321
8.2, -0.999997570063, 10.9602722118, 0.00624115568016, -3.24644990313
8.21, -0.999955639458, 10.9276788164, -0.000128063223619, -3.27642832125
8.22, -0.999997005793, 10.8947830599, -0.00753812454995, -3.30693067859
8.23, -1.00005347239, 10.86157953, -0.00355076159196, -3.33796612736
8.24, -1.00003021087, 10.8280662084, 0.00533403378502, -3.36886833186
8.25, -0.999964643317, 10.7942446626, 0.00427794433153, -3.39961719931
8.26, -0.999966118883, 10.7601156961, -0.00515143031795, -3.43028303925
8.27, -1.00003343719, 10.7256769467, -0.00726197368488, -3.461512106
8.28, -1.00005471071, 10.6909272281, 0.00163214623993, -3.49252647603
8.29, -0.99999331, 10.6558689253, 0.00678773369682, -3.52330900875
8.3, -0.999950854534, 10.6204999729, -0.000523800969593, -3.55463417679
8.31, -0.99999917252, 10.5848186519, -0.00828274214206, -3.58579014106
8.32, -1.00005901004, 10.5488269795, -0.00344289065442, -3.61666341252
8.33, -1.00003012236, 10.5125312018, 0.00610454190447, -3.64666001356
8.34, -0.999959413057, 10.4759397263, 0.00441003965538, -3.67582943073
8.35, -0.999965086964, 10.4390606963, -0.00591264721095, -3.70419210555
8.36, -1.00002450839, 10.401902153, -0.00723051529797, -3.73175401516
8.37, -1.00005627503, 10.3644720022, 4.1915688518e-05, -3.7585357518
8.38, -1.00000673562, 10.3267779111, 0.00633146492426, -3.78456844168
8.39, -0.999957118559, 10.2888271871, 0.000981537870895, -3.80988408148
8.4, -0.999990585188, 10.2506269112, -0.00726233457979, -3.83449593517
8.41, -1.00005232672, 10.2121841003, -0.00459353467299, -3.85840931934
8.42, -1.00003901625, 10.1735056579, 0.0046963452287, -3.88164597275
8.43, -0.999971554726, 10.134598167, 0.00512072209931, -3.90424083119
8.44, -0.999962362236, 10.0954679197, -0.00421765594988, -3.92621367792
8.45, -1.00002812244, 10.0561211056, -0.00780914912171, -3.94756813243
8.46, -1.00005985913, 10.0165638924, 0.000496047015351, -3.96831265808
8.47, -1.00000370271, 9.97680223874, 0.00695899577492, -3.98847781837
8.48, -0.9999525289, 9.9368417764, 0.000684271763088, -4.00809107747
