timestamp, prius0 x posi, prius0 y posi, prius0 x vel, prius0 y vel.
0.0, 0.0, 0.0, 0.0, 0.0
0.00999999999999, 0.999921159945, -30.0304505326, -0.00478197005138, 0.128181758142
0.02, 0.999907507807, -30.0291001977, 0.00333690943759, 0.146491754901
0.03, 0.999966747984, -30.0275581706, 0.00763258945018, 0.166451284081
0.04, 1.00000548601, -30.0258146851, 0.000820512259158, 0.186894426238
0.05, 0.99996330489, -30.0238587273, -0.00582902227934, 0.208903784817
0.06, 0.999915185139, -30.0216756901, -0.0010649489478, 0.232182549823
0.07, 0.999948197672, -30.0192582471, 0.00738410774761, 0.255809180362
0.08, 1.0000151425, -30.0166024921, 0.00542290564922, 0.279935165047
0.09, 1.00001141417, -30.0136981575, -0.00378234095622, 0.305381900865
0.1, 0.999949825646, -30.0105383648, -0.00483656341802, 0.330921995187
0.11, 0.999941389395, -30.007115576, 0.00426325135804, 0.357846689433
0.12, 1.0000105985, -30.0034222937, 0.00848597780658, 0.385382309013
0.13, 1.00005259254, -29.99944194, 0.000708035162881, 0.414847756022
0.14, 1.00000698089, -29.9951660069, -0.0061427046593, 0.444629734351
0.15, 0.999960261106, -29.9905917379, -0.000459942297658, 0.474436061228
0.16, 1.00000327602, -29.985712216, 0.00853763154949, 0.505762605077
0.17, 1.0000785735, -29.9805140483, 0.00585931498699, 0.538085704672
0.18, 1.00007415537, -29.9749916223, -0.00412326025403, 0.570878751238
0.19, 1.00001070706, -29.9691362763, -0.00469019458498, 0.604295236289
0.2, 1.00000946819, -29.9629470692, 0.00539157963934, 0.637778657642
0.21, 1.00009022373, -29.9564158731, 0.00945318366433, 0.672561772048
0.22, 1.00013630652, -29.9495369171, 0.000664814662185, 0.707538160186
0.23, 1.00008800162, -29.9423025308, -0.00636540696709, 0.743521226307
0.24, 1.00004410604, -29.9347086573, 0.000323062879426, 0.779478366381
0.25, 1.00009895653, -29.9267552715, 0.00985331415969, 0.81545959614
0.26, 1.00016889394, -29.9184364099, 0.00659643331247, 0.852387792272
0.27, 1.0001807562, -29.9097484231, -0.0021061326815, 0.8894209555
0.28, 1.00013208097, -29.9006849569, -0.00398246774151, 0.927215724384
0.29, 1.00012722445, -29.8912445681, 0.0043883817726, 0.965122373472
0.3, 1.00020005656, -29.88141906, 0.00924687630732, 1.00410350008
0.31, 1.00025561136, -29.8711989114, 0.00246472838856, 1.04391872955
0.32, 1.0002272505, -29.8605814259, -0.00466124689709, 1.08350172254
0.33, 1.00018923189, -29.849562297, -5.59453046781e-05, 1.12428413666
0.34, 1.00023458786, -29.8381371775, 0.00888733487468, 1.16468163258
0.35, 1.000319113, -29.8263080464, 0.00732251334253, 1.20523301901
0.36, 1.00033309391, -29.8140686299, -0.00219353146472, 1.24669843541
0.37, 1.00028440079, -29.8014101351, -0.00371865091275, 1.28893712567
0.38, 1.00028745898, -29.7883306271, 0.00557743420003, 1.33082607884
0.39, 1.00037311311, -29.774832305, 0.0104038526363, 1.37297900828
0.4, 1.00043512176, -29.760902862, 0.00266573971111, 1.4166502224
0.41, 1.00040605118, -29.7465415957, -0.00474595169557, 1.45968659977
0.42, 1.0003713837, -29.731743954, 0.000723764537617, 1.50389051223
0.43, 1.00042880057, -29.7165035899, 0.0102796409245, 1.54818302501
0.44, 1.00052445422, -29.7008157381, 0.00804776066561, 1.5932958151
0.45, 1.00054029823, -29.6846786836, -0.00232556594845, 1.63790722449
0.46, 1.0004913026, -29.6680898242, -0.00344988261989, 1.6838665011
0.47, 1.00050299355, -29.6510391362, 0.00688021807336, 1.73000452991
0.48, 1.00060256085, -29.6335297052, 0.0116410523004, 1.7759535142
0.49, 1.00067119149, -29.6155605017, 0.00283797496443, 1.82195686709
0.5, 1.00064937006, -29.5971218671, -0.00139538769488, 1.86935611798
0.51, 1.00062220474, -29.5782056331, 0.000400399165304, 1.91770951903
0.52, 1.00067202921, -29.5588081404, 0.00960742990613, 1.96559331639
0.53, 1.00077083894, -29.5389332696, 0.00932652605977, 2.01315145372
0.54, 1.00080704688, -29.5185728719, -5.55498878372e-05, 2.06244012934
0.55, 1.00077345241, -29.4977244434, -0.00279262318171, 2.11140430991
0.56, 1.00078141726, -29.4763866006, 0.00597059199155, 2.15985847059
0.57, 1.00087589959, -29.4545614387, 0.0118537181672, 2.20914154258
0.58, 1.00095842537, -29.4322386029, 0.00501892328016, 2.25911936139
0.59, 1.00094993946, -29.4094179931, -0.00315211709806, 2.30883883468
0.6, 1.00092416563, -29.386096919, 0.00117347054885, 2.35895661214
0.61, 1.00098666899, -29.3622764603, 0.0111117960225, 2.40914912458
0.62, 1.00109795431, -29.3379516525, 0.010182903859, 2.45966865882
0.63, 1.00113707166, -29.3131225909, -0.000120744498836, 2.51011874524
0.64, 1.00110337893, -29.2877864241, -0.00252908238407, 2.5607127547
0.65, 1.00112001553, -29.2619361384, 0.00730163747961, 2.61292878332
0.66, 1.0012292441, -29.2355654316, 0.0132189753008, 2.66486228274
0.67, 1.00131991663, -29.208677815, 0.00534221965024, 2.71623847204
0.68, 1.00131134996, -29.1812723963, -0.0032096404288, 2.76841508664
0.69, 1.00128946814, -29.1533483439, 0.00205183513543, 2.82006963091
0.7, 1.00136565337, -29.124909717, 0.0127030430457, 2.87154931203
0.71, 1.00147507044, -29.0959474148, 0.0113316459632, 2.92455233281
0.72, 1.00153420608, -29.0664584232, 0.00219461393132, 2.97681375426
0.73, 1.00151702946, -29.0364494238, -0.00173478134715, 3.02859706392
0.74, 1.00153079626, -29.0059183737, 0.00640651203572, 3.08107035166
0.75, 1.00163413223, -28.9748625894, 0.013286549424, 3.13400493272
0.76, 1.00173774438, -28.9432777532, 0.00751604960045, 3.18652349863
0.77, 1.00175226578, -28.9111703837, -0.00127335911194, 3.23925187489
0.78, 1.00173756767, -28.8785268581, 0.00174028113423, 3.29293113011
0.79, 1.00180500701, -28.8453498648, 0.0118495250898, 3.34608568232
0.8, 1.00193153004, -28.8116461111, 0.0123785764725, 3.39823845384
0.81, 1.00199614213, -28.7774283587, 0.00240562624781, 3.44894038498
0.82, 1.00198075785, -28.7427108919, -0.00139749546775, 3.49822145799
0.83, 1.00200267945, -28.7075078069, 0.00761307629438, 3.54610748679
0.84, 1.00212012899, -28.6718327669, 0.0146768178399, 3.59265429633
0.85, 1.00223314846, -28.6356988775, 0.00799443137558, 3.63791372709
0.86, 1.00224852777, -28.5991188613, -0.00133237388703, 3.68191432701
0.87, 1.00223660792, -28.5621052487, 0.00243148184051, 3.72466984503
0.88, 1.00231621632, -28.5246703083, 0.0133449757014, 3.76621891757
0.89, 1.00244100652, -28.4868257891, 0.0135633286938, 3.80661655258
0.9, 1.00252561447, -28.4485830588, 0.00464115036383, 3.84589520469
0.91, 1.00252500743, -28.4099531879, -0.000851452517858, 3.88407510984
0.92, 1.002541704, -28.3709471046, 0.00651490299676, 3.921171234
0.93, 1.00265232001, -28.3315754299, 0.0147280080962, 3.95722676723
0.94, 1.00277814598, -28.2918483178, 0.0100893981361, 3.99228701317
0.95, 1.00281442543, -28.2517755909, 0.000263468818653, 4.02637591074
0.96, 1.00280591707, -28.2113669393, 0.00175548259532, 4.05949990407
0.97, 1.00287455416, -28.1706318992, 0.0123848128392, 4.09168456161
0.98, 1.00301587715, -28.1295796106, 0.0145422712857, 4.12297671348
0.99, 1.00310404467, -28.088218819, 0.00452719726065, 4.15340827316
1.0, 1.00311330154, -28.0465581017, 0.000731086894303, 4.18298519476
1.01, 1.00313085212, -28.004605935, 0.00573511003198, 4.21172381
1.02, 1.00323246894, -27.9623705652, 0.014159962957, 4.23965271473
1.03, 1.00336371783, -27.9198598675, 0.0115556527526, 4.26681158524
1.04, 1.00341949896, -27.8770814269, 0.00215908596536, 4.29322110396
1.05, 1.0034201889, -27.8340427307, 0.0016926763477, 4.31888381259
1.06, 1.00347986233, -27.7907511857, 0.0111869825878, 4.34381515437
1.07, 1.00361630244, -27.747213899, 0.0149355999165, 4.36805389572
1.08, 1.0037192217, -27.7034376334, 0.0065860065193, 4.39162861505
1.09, 1.00373318458, -27.6594289946, 9.46587479228e-06, 4.41454580553
1.1, 1.00375187051, -27.6151945701, 0.00635181891812, 4.43680629641
1.11, 1.00386348619, -27.5707407866, 0.0152752879885, 4.45843906407
1.12, 1.00400231866, -27.5260737218, 0.0118738738856, 4.47947929181
1.13, 1.00405622717, -27.4811992163, 0.00169855252194, 4.4999417738
1.14, 1.00406896104, -27.4361230952, 0.00185437608645, 4.51982170868
1.15, 1.00412065747, -27.3908510897, 0.00994791483629, 4.53913474063
1.16, 1.00424992068, -27.3453887344, 0.0149892261639, 4.55790932896
1.17, 1.00436457577, -27.2997412624, 0.00844830948859, 4.57617170167
1.18, 1.0043955983, -27.253913763, 0.0011468200605, 4.59392763941
1.19, 1.00441366135, -27.2079113318, 0.00538041780176, 4.6111735871
1.2, 1.00451306903, -27.1617389776, 0.0143121524937, 4.62792962042
1.21, 1.00465364125, -27.1154014227, 0.0130506052275, 4.64422712521
1.22, 1.00472566701, -27.0689031685, 0.00357219342694, 4.66008032338
1.23, 1.00473298797, -27.0222486902, 0.00169118982115, 4.67548395617
1.24, 1.00478877296, -26.9754424818, 0.0107667549269, 4.69044199657
1.25, 1.00492735826, -26.9284888415, 0.0157988710833, 4.70498441966
1.26, 1.00504498751, -26.8813917891, 0.00828721048856, 4.71913425145
1.27, 1.00507154694, -26.8341552433, 0.00066690526764, 4.73289237393
1.28, 1.0050890796, -26.7867831785, 0.00577642860088, 4.74625051436
1.29, 1.00519680223, -26.7392795092, 0.015324068512, 4.75922766077
1.3, 1.00534459381, -26.6916478757, 0.0133668590029, 4.77185342307
1.31, 1.00541435649, -26.6438917271, 0.00301882574117, 4.78413825314
1.32, 1.00543130897, -26.596014548, 0.0023391924931, 4.79607048838
1.33, 1.00548194545, -26.5480198218, 0.00956549844071, 4.80765811112
1.34, 1.00560983059, -26.4999108974, 0.0152401571699, 4.81892166272
1.35, 1.00573310103, -26.4516908887, 0.00969542319838, 4.82988260476
1.36, 1.00577611446, -26.403362809, 0.00205961518825, 4.84054260913
1.37, 1.00579685236, -26.354929727, 0.0051382473468, 4.85089232366
1.38, 1.00589206258, -26.3063946975, 0.0139911050532, 4.86094369823
1.39, 1.00603535607, -26.2577605568, 0.01385812875, 4.87072277833
1.4, 1.00611919895, -26.209029961, 0.00481620770488, 4.88024026208
1.41, 1.00613414513, -26.1602055753, 0.00191329971656, 4.88948724308
1.42, 1.0061866556, -26.1112901377, 0.0101770419796, 4.89846085797
1.43, 1.00632236562, -26.0622862609, 0.0159570100645, 4.90718446397
1.44, 1.00644813205, -26.013196327, 0.00950319316526, 4.91567761001
1.45, 1.00648596544, -25.9640226444, 0.00146066337497, 4.92393869498
1.46, 1.00650439862, -25.9147676123, 0.00532938679916, 4.93195504426
1.47, 1.00660613688, -25.865433632, 0.0148701614029, 4.93973830107
1.48, 1.00675601596, -25.8160228875, 0.0141599180253, 4.94731401397
1.49, 1.00683744631, -25.7665373998, 0.00422060203477, 4.9546904238
1.5, 1.00684682848, -25.7169792308, 0.00159692934471, 4.96185496279
1.51, 1.00690183368, -25.6673505419, 0.0108642958984, 4.968803263
1.52, 1.00704591872, -25.6176533706, 0.0166961539797, 4.97555920476
1.53, 1.00717380685, -25.5678895278, 0.00923250616666, 4.98214097061
1.54, 1.0072136593, -25.5180607837, 0.00413198104136, 4.98850190822
1.55, 1.00723317648, -25.4681690131, 0.00437069595821, 4.99475340872
1.56, 1.00732153719, -25.4182160854, 0.0136670483667, 5.00078077346
1.57, 1.00746970038, -25.3682037158, 0.0149569970022, 5.00664714179
1.58, 1.00756633733, -25.3181334496, 0.0059196076631, 5.01236244532
1.59, 1.00758460485, -25.2680068548, 0.00155123643618, 5.01791579665
1.6, 1.0076289643, -25.2178256156, 0.00929285703451, 5.02329819294
1.61, 1.00776213215, -25.1675913459, 0.0163797874769, 5.02852881713
1.62, 1.00789881549, -25.117305447, 0.0108828445643, 5.03362667485
1.63, 1.0079462645, -25.0669692519, 0.00182208414278, 5.03858960487
1.64, 1.00796004343, -25.0165842061, 0.0043598054148, 5.04340098693
1.65, 1.00805354183, -24.9661518117, 0.014479394439, 5.0480668101
1.66, 1.00820842443, -24.9156733885, 0.0153155165641, 5.05261092404
1.67, 1.00830291209, -24.8651500952, 0.00529840086876, 5.05704182482
1.68, 1.00832847062, -24.8145831534, 0.00185895831287, 5.06134422829
1.69, 1.00836423321, -24.763973867, 0.00780713994184, 5.06551428301
1.7, 1.00848543778, -24.7133235163, 0.0158295446863, 5.06956333815
1.71, 1.00862849378, -24.6626331926, 0.0123581471211, 5.07351112014
1.72, 1.00869170123, -24.6119038978, 0.00301516283962, 5.07735821669
1.73, 1.00870562799, -24.5611367321, 0.00338781047489, 5.08108812485
1.74, 1.00878435213, -24.5103328865, 0.0130522535718, 5.08470058985
1.75, 1.00893528353, -24.459493411, 0.0159427316214, 5.08821804017
1.76, 1.00904463486, -24.4086191847, 0.00707239050043, 5.09165111729
1.77, 1.00907439994, -24.357711117, 0.00446471593574, 5.09494632762
1.78, 1.00911245424, -24.3067702435, 0.00698914032274, 5.09821771888
1.79, 1.00922034176, -24.2557975614, 0.0144925712569, 5.1013529461
1.8, 1.00935904199, -24.2047939289, 0.0128421875909, 5.10440984501
1.81, 1.00943531974, -24.1537601079, 0.00463100757181, 5.10739083151
1.82, 1.00945902344, -24.1026969335, 0.00353042838676, 5.11028219682
1.83, 1.00952858075, -24.0516053367, 0.0115311329677, 5.11308022958
1.84, 1.00966723971, -24.0004861525, 0.0153593415994, 5.11580318658
1.85, 1.00978252982, -23.9493400588, 0.00849611897106, 5.11846245577
1.86, 1.00981948951, -23.8981677334, 0.00227964787469, 5.12104972219
1.87, 1.0098538116, -23.8469699797, 0.00717077131165, 5.12355139248
1.88, 1.00996715777, -23.7957476123, 0.015177414442, 5.12597735542
1.89, 1.01010995925, -23.7445012775, 0.0128932941789, 5.1283460518
1.9, 1.01018222363, -23.693231534, 0.00397391349789, 5.13065862899
1.91, 1.01020064663, -23.6419390325, 0.00328357161824, 5.13289890281
1.92, 1.01027284322, -23.5906245313, 0.0121556729508, 5.13506334507
1.93, 1.01041817321, -23.5392886824, 0.0158645810647, 5.13717146864
1.94, 1.01053347693, -23.4879319778, 0.00807675185123, 5.13923394413
1.95, 1.01056412026, -23.4365549236, 0.00167240130396, 5.141240845
1.96, 1.01059678108, -23.3851581711, 0.00744128489237, 5.14317670087
1.97, 1.01071648978, -23.3337423799, 0.0159364249259, 5.14505325362
1.98, 1.01086360753, -23.2823080303, 0.0129199395814, 5.1468890779
1.99, 1.01093130348, -23.2308555208, 0.00325560994564, 5.14868394958
2.0, 1.01094422458, -23.1793853622, 0.00305594260726, 5.15041962211
2.01, 1.01101965279, -23.1278981826, 0.0128544847502, 5.15209292186
2.02, 1.01117210774, -23.0763944907, 0.0163738462605, 5.15372465891
2.03, 1.0112869402, -23.024874631, 0.00757780984057, 5.15532528463
2.04, 1.01132253745, -22.9733389897, 0.00268292872802, 5.15688027054
2.05, 1.01135019611, -22.9217880765, 0.00609826300681, 5.15838168992
2.06, 1.01145598956, -22.8702224242, 0.0149563804708, 5.15983278104
2.07, 1.01160496466, -22.8186424203, 0.0140573522751, 5.16125289454
2.08, 1.01168836378, -22.7670483476, 0.00471955964639, 5.16264509894
2.09, 1.01170549194, -22.7154405759, 0.00246749178705, 5.16399256627
2.1, 1.01176701043, -22.6638196095, 0.0112233927278, 5.16528787827
2.11, 1.01191107589, -22.6121858763, 0.0164800744069, 5.1665488946
2.12, 1.01203777688, -22.5605396334, 0.00932409442145, 5.16778868824
2.13, 1.01207444624, -22.5088811366, 0.00155326592051, 5.16899837466
2.14, 1.01209836851, -22.4572107958, 0.006211159564, 5.17015936023
2.15, 1.01220979605, -22.4055290667, 0.0157236952019, 5.17128025261
2.16, 1.0123638207, -22.353836233, 0.0141800955038, 5.17238085169
2.17, 1.01244306646, -22.302132477, 0.0039741020006, 5.17346279573
2.18, 1.01246753748, -22.250418101, 0.00287911652366, 5.17450626111
2.19, 1.01252167901, -22.1986934972, 0.00982187643286, 5.17550976067
2.2, 1.01265330182, -22.1469590174, 0.0157699283583, 5.17648458419
2.21, 1.01278416651, -22.0952148621, 0.0105807190764, 5.17744422617
2.22, 1.01283557539, -22.0434612056, 0.00276145677072, 5.17838322962
2.23, 1.01286080222, -21.9916983538, 0.00539119381539, 5.17928429474
2.24, 1.01295813078, -21.9399266822, 0.0142565857964, 5.18015081212
2.25, 1.01310648859, -21.8881464285, 0.0145622749524, 5.18100145211
2.26, 1.01319856287, -21.8363577178, 0.005629946489, 5.18184040946
2.27, 1.0132195586, -21.7845607488, 0.0022936566387, 5.18265235031
2.28, 1.01327389398, -21.7327558636, 0.0102719007361, 5.18342683745
2.29, 1.0134119725, -21.6809433554, 0.0163761947457, 5.18417983493
2.3, 1.01354438321, -21.62912335, 0.0102998294412, 5.18492511665
2.31, 1.01358951483, -21.577295956, 0.0020331401254, 5.18565567017
2.32, 1.01361091497, -21.5254614302, 0.00542240313847, 5.18635249439
2.33, 1.01371331766, -21.4736200996, 0.0150130073652, 5.18702047029
2.34, 1.01386733612, -21.4217721367, 0.0147930480466, 5.1876794161
2.35, 1.01395626592, -21.3699176014, 0.00495149207509, 5.18833275697
2.36, 1.01398449429, -21.318056659, 0.00263324828392, 5.1889617687
2.37, 1.01403049655, -21.2661895735, 0.00878495216165, 5.18956223231
2.38, 1.01415596713, -21.2143165976, 0.0157119719955, 5.1901429957
2.39, 1.01429343931, -21.1624378334, 0.0116546704945, 5.19071917819
2.4, 1.0143537173, -21.1105533382, 0.00321901513249, 5.19128720697
2.41, 1.01437555049, -21.0586632944, 0.00448524979499, 5.19182905552
2.42, 1.0144630354, -21.0067679792, 0.0135178627116, 5.19234478203
2.43, 1.01461186879, -20.9548675502, 0.0152720940499, 5.19285299306
2.44, 1.01471449364, -20.9029620376, 0.00665672767202, 5.1933597067
2.45, 1.01473892286, -20.851051528, 0.00195345806124, 5.19385103883
2.46, 1.01478399897, -20.7991362625, 0.00914094401506, 5.1943132013
2.47, 1.01491577531, -20.7472164625, 0.0163735867471, 5.19476072173
2.48, 1.01505581177, -20.6952921806, 0.011481151785, 5.19520865652
2.49, 1.01511024898, -20.6433634311, 0.00246370253673, 5.19565206525
2.5, 1.01512730125, -20.5914303701, 0.00438996989404, 5.19607119103
2.51, 1.01521899153, -20.5394932509, 0.0142459528746, 5.1964674012
2.52, 1.01537403369, -20.4875521901, 0.0156082717259, 5.19686042421
2.53, 1.01547443079, -20.4356071742, 0.00602779087473, 5.19725599033
2.54, 1.01550372928, -20.3836582721, 0.00305520465807, 5.19763630562
2.55, 1.01554519642, -20.3317056799, 0.00792695021603, 5.19799575418
2.56, 1.01566326691, -20.2797495846, 0.0153084430502, 5.19834007545
2.57, 1.01580344984, -20.2277900354, 0.0124207545116, 5.19868578997
2.58, 1.01587245845, -20.1758270227, 0.00391441844265, 5.19903080751
2.59, 1.01589473078, -20.1238606496, 0.00396399077563, 5.19935758925
2.6, 1.01597369353, -20.0718911287, 0.0126528344652, 5.1996635028
2.61, 1.01611940989, -20.0199185739, 0.0155319463286, 5.19996562973
2.62, 1.01622986921, -19.967942965, 0.00764495899908, 5.20027220964
2.63, 1.01626032378, -19.91596432, 0.00204279861212, 5.20057122874
2.64, 1.01629964615, -19.8639828112, 0.00818209918968, 5.20084688879
2.65, 1.01642353304, -19.8119986168, 0.015978578351, 5.201111272
2.66, 1.01656696022, -19.7600117531, 0.0123438865209, 5.20137995273
2.67, 1.01663078965, -19.7080221805, 0.00317754324445, 5.20165053812
2.68, 1.01664775461, -19.656029988, 0.00377105188252, 5.20190385702
2.69, 1.0167300267, -19.6040353795, 0.013325034859, 5.20213713552
2.7, 1.01688214847, -19.5520384429, 0.0159458401083, 5.202370481
2.71, 1.01699131676, -19.500039127, 0.0070937884144, 5.20261076854
2.72, 1.01701475531, -19.4480374302, 0.00143240922574, 5.20284474835
2.73, 1.01705300142, -19.3960335198, 0.00853736601534, 5.20305568229
2.74, 1.01718367954, -19.3440275596, 0.0167232610905, 5.20325773599
2.75, 1.01733051017, -19.2920195366, 0.0122352164549, 5.20346706493
2.76, 1.01738857907, -19.2400093864, 0.0023852133782, 5.20368047953
2.77, 1.01741373973, -19.1879972075, 0.00303982501867, 5.20387647399
2.78, 1.01748204849, -19.1359831462, 0.0118158536572, 5.20405612769
2.79, 1.01762777076, -19.0839673077, 0.0162562749037, 5.20423361187
2.8, 1.01774958601, -19.0319496388, 0.0087857219222, 5.20442017719
2.81, 1.01778427292, -18.9799301056, 0.00172965949151, 5.20460437991
2.82, 1.01781377861, -18.9279088348, 0.00694289560679, 5.20476901219
2.83, 1.01793030981, -18.8758859917, 0.0159063708496, 5.2049221823
2.84, 1.01808149796, -18.8238615758, 0.0136060959362, 5.20508289794
2.85, 1.0181556587, -18.7718355075, 0.00369785774203, 5.20525017638
2.86, 1.01818231507, -18.7198078409, 0.00346802826072, 5.20540354516
2.87, 1.0182433648, -18.6677787151, 0.0103984857464, 5.20554267497
2.88, 1.01837601849, -18.6157482247, 0.015450684197, 5.20567839156
2.89, 1.01850105744, -18.5637163296, 0.00996857118159, 5.20582211308
2.9, 1.01855026454, -18.5116829834, 0.0029580858081, 5.20596648728
2.91, 1.01858147212, -18.4596482741, 0.00615886172203, 5.20609546354
2.92, 1.0186838391, -18.4076123491, 0.0143919007108, 5.20621265
2.93, 1.01882855632, -18.3555752231, 0.0138996166471, 5.20633556292
2.94, 1.01891501896, -18.3035368208, 0.00534223753431, 5.20646573857
2.95, 1.01893856136, -18.2514971518, 0.0029423062968, 5.20658772632
2.96, 1.01900019661, -18.1994563612, 0.0108545028644, 5.20669269198
2.97, 1.01913883427, -18.1474145388, 0.015976932186, 5.20679589489
2.98, 1.0192646621, -18.0953716239, 0.00963662581737, 5.20690940003
2.99, 1.01930764702, -18.0433275578, 0.00227710262625, 5.20702406356
3.0, 1.01933565591, -17.9912824304, 0.00624091942329, 5.20712242203
3.01, 1.01944306686, -17.9392363878, 0.0150953412198, 5.20721028626
3.02, 1.01959258093, -17.8871894283, 0.0140376011415, 5.20730545761
3.03, 1.01967538853, -17.8351414585, 0.00466146708843, 5.20740984997
3.04, 1.01969270182, -17.783092485, 0.00256303991522, 5.20750524536
3.05, 1.01975588129, -17.7310426585, 0.0114148621206, 5.20758327134
3.06, 1.01990134558, -17.6789920592, 0.0165505315196, 5.20766165986
3.07, 1.02002787493, -17.6269406079, 0.00925642370777, 5.20775160137
3.08, 1.02006411856, -17.5748882346, 0.00156313506089, 5.20784356885
3.09, 1.02008912355, -17.5228350348, 0.00638728577184, 5.20791809727
3.1, 1.02020239074, -17.470781156, 0.0158744121074, 5.20798281274
3.11, 1.02035695904, -17.4187265797, 0.0141532338259, 5.20805712173
3.12, 1.02043552446, -17.3666711968, 0.00390989156996, 5.20814141201
3.13, 1.02046069585, -17.3146150298, 0.00227248322368, 5.20821567449
3.14, 1.02051166437, -17.2625581892, 0.00981448681099, 5.20827575038
3.15, 1.02064721926, -17.2105048489, 0.016397614024, 5.20746508629
3.16, 1.0207834143, -17.1584624886, 0.0108799160628, 5.20611249761
3.17, 1.02083340099, -17.1064369278, 0.00229896325518, 5.20420104021
3.18, 1.02085343118, -17.0544319859, 0.00499528161308, 5.20187660636
3.19, 1.02095111173, -17.0024553899, 0.014655878289, 5.19869496099
3.2, 1.02110545028, -16.9505111311, 0.0151487365029, 5.19534136511
3.21, 1.02119966211, -16.8986034876, 0.0054611278404, 5.19140042458
3.22, 1.02122951048, -16.8467380857, 0.00245039256796, 5.18680587954
3.23, 1.02127082686, -16.7949217899, 0.0082111366641, 5.18169294325
3.24, 1.02139298127, -16.7431590332, 0.0156783127118, 5.17604534302
3.25, 1.02153381202, -16.6914711331, 0.0121841229777, 5.1671057431
3.26, 1.0215980869, -16.6398715798, 0.0033606000725, 5.15779867861
3.27, 1.02161707488, -16.5883710706, 0.00389519752812, 5.14750168588
3.28, 1.02169846502, -16.536980901, 0.0130429947701, 5.13585358035
3.29, 1.02184675642, -16.4857248737, 0.0155459018128, 5.12107564624
3.3, 1.02195363558, -16.4346203998, 0.00702160215222, 5.10496788026
3.31, 1.02197784603, -16.3836862051, 0.00153994184841, 5.08745652007
3.32, 1.02201582511, -16.3329472674, 0.008317482193, 5.06630629139
3.33, 1.02214217889, -16.2824210346, 0.0161447884765, 5.04452118164
3.34, 1.02228378132, -16.2321170628, 0.0118110192159, 5.02200322152
3.35, 1.0223399233, -16.1820415933, 0.00232509428493, 4.99894368246
3.36, 1.02236421151, -16.13220746, 0.00287771434377, 4.97330208599
3.37, 1.02242869265, -16.0826364949, 0.0112114493519, 4.94676241834
3.38, 1.02256719394, -16.033335632, 0.0154899628707, 4.9194168666
3.39, 1.02268310126, -15.9843083926, 0.00834348755665, 4.89189107571
3.4, 1.02271502107, -15.9355547288, 0.00148323655266, 4.86477515956
3.41, 1.02274074648, -15.887072208, 0.00636035234635, 4.83765766843
3.42, 1.02284920525, -15.8388586123, 0.014935368997, 4.81089398041
3.43, 1.02299117666, -15.7909122036, 0.0127773073422, 4.78424590671
3.44, 1.02305941932, -15.7432318299, 0.00324470817226, 4.75775569759
3.45, 1.02308189659, -15.6958155381, 0.00221961049286, 4.73138127928
3.46, 1.02313059875, -15.6486594587, 0.00923642127954, 4.705724404
3.47, 1.02325501827, -15.6017558869, 0.0148884140685, 4.6808626972
3.48, 1.02337601784, -15.5550965522, 0.00953032734612, 4.6568590787
3.49, 1.02341783791, -15.5086724894, 0.00188669105116, 4.63376554593
3.5, 1.02343558817, -15.462475724, 0.00468069797506, 4.61138770876
3.51, 1.02352521219, -15.416498685, 0.0133594583279, 4.5897872854
3.52, 1.02366299947, -15.3707340956, 0.0133732797402, 4.56887188167
3.53, 1.02374318338, -15.3251742227, 0.0044766847154, 4.54881083844
3.54, 1.02375419016, -15.2798118117, 0.00139417578035, 4.52936557809
3.55, 1.02379998444, -15.2346407429, 0.00936946359779, 4.51052497062
3.56, 1.02392754499, -15.1896541211, 0.0151617284608, 4.49248998793
3.57, 1.0240467721, -15.1448446768, 0.00893225539721, 4.47504117068
3.58, 1.02407933093, -15.1002066042, 0.000882045768552, 4.45823597766
3.59, 1.0240905848, -15.0557329331, 0.00445289920418, 4.44209407932
3.6, 1.02418254369, -15.0114172844, 0.0138348702054, 4.42662527698
3.61, 1.02432305117, -14.9672535681, 0.0133127367336, 4.41168342868
3.62, 1.02439729407, -14.9232349205, 0.00354128066537, 4.39756494763
3.63, 1.02441293936, -14.8793536509, 0.00149943026148, 4.38425730284
3.64, 1.02444829725, -14.8356005958, 0.00768875499517, 4.37187897972
3.65, 1.02456116187, -14.7919682996, 0.0142777300824, 4.36008583615
3.66, 1.02468300217, -14.7484502938, 0.0100374363711, 4.34899458463
3.67, 1.02472831101, -14.705039697, 0.00185448180756, 4.33857610234
3.68, 1.02473817797, -14.6617310026, 0.0033628926375, 4.32861363428
3.69, 1.02481374061, -14.6185185702, 0.0121914095536, 4.31935294997
3.7, 1.02494731973, -14.5753948919, 0.0136021264823, 4.31075527308
3.71, 1.02503326209, -14.5323542695, 0.00505574208161, 4.30274518586
3.72, 1.02504366873, -14.4893914053, 0.000700464136209, 4.2951642271
3.73, 1.02507684663, -14.4465002091, 0.00791441951534, 4.28842709683
3.74, 1.02519451116, -14.4036741667, 0.0147808413782, 4.28215115593
3.75, 1.02531732247, -14.3609091588, 0.00971886049244, 4.27618861666
3.76, 1.02535556456, -14.3182010276, 0.00100136382075, 4.27071813142
3.77, 1.02535977004, -14.2755457029, 0.00318575054911, 4.2655402174
3.78, 1.02543856205, -14.2329452038, 0.0128116764618, 4.25984047648
3.79, 1.02557712558, -14.1904024581, 0.0138140733, 4.25401789492
3.8, 1.02565969441, -14.1479199338, 0.00432799161587, 4.24761682365
3.81, 1.02567408153, -14.1055053808, 0.0017217825497, 4.24049729053
3.82, 1.02570291822, -14.0631637814, 0.00662424620422, 4.23314477435
3.83, 1.02580597763, -14.0209002948, 0.0136080135629, 4.22497321465
3.84, 1.02592768, -13.9787175984, 0.0105199775064, 4.21685650793
3.85, 1.02597918496, -13.936617809, 0.00233277764285, 4.20845795653
3.86, 1.02598766, -13.8946028189, 0.00267706211557, 4.19975344102
3.87, 1.02605286568, -13.8526787499, 0.0111161210586, 4.19040467827
3.88, 1.02618080347, -13.8108487567, 0.0135827020411, 4.1810045616
3.89, 1.02627181998, -13.7691144929, 0.00578584555308, 4.17095417172
3.9, 1.02628608821, -13.7274922331, 0.000602032422674, 4.15867849223
3.91, 1.02631168781, -13.6860043926, 0.00675479022687, 4.14435342684
3.92, 1.0264190118, -13.6446620891, 0.0140892814047, 4.1295908085
3.93, 1.02654193146, -13.6034700234, 0.0102312794407, 4.11442547363
3.94, 1.02658637245, -13.5624376341, 0.0014229543873, 4.09666111478
3.95, 1.02658793255, -13.5215977945, 0.0023136636656, 4.07678690661
3.96, 1.02665448093, -13.4809613854, 0.0115502611589, 4.05557879905
3.97, 1.02678614239, -13.4405494602, 0.0136963899319, 4.03239393908
3.98, 1.02687294825, -13.4003790139, 0.00494180855829, 4.00762977961
3.99, 1.02688921197, -13.3604637742, 0.00134246352897, 3.98121677359
4.0, 1.02690761925, -13.3208175938, 0.00517717104798, 3.95364971483
4.01, 1.02699790587, -13.2814621508, 0.0127008463274, 3.92328368415
4.02, 1.02711780555, -13.2424177162, 0.0108367018554, 3.89158387988
4.03, 1.02717333141, -13.2036918082, 0.0024861920021, 3.85937419748
4.04, 1.02717594166, -13.1652999221, 0.00142960138076, 3.82523360639
4.05, 1.02722512766, -13.1272535233, 0.00948521835025, 3.7898264546
4.06, 1.02734303856, -13.0895661252, 0.0131880612464, 3.75357651335
4.07, 1.02743570004, -13.0522509664, 0.00611980981546, 3.71578592651
4.08, 1.0274487406, -13.0153125526, -0.000141377917889, 3.6779763321
4.09, 1.02745949527, -12.9787512331, 0.00482035705061, 3.64046039059
4.1, 1.02754954554, -12.9425633031, 0.0127909391572, 3.60329946669
4.11, 1.0276677737, -12.9067449994, 0.0103223161103, 3.56658318678
4.12, 1.0277137434, -12.8712903185, 0.00127584206376, 3.53048877872
4.13, 1.02770552782, -12.8361948535, 0.000621666571508, 3.49480146047
4.14, 1.02775166521, -12.8014549624, 0.00953339100049, 3.45931830774
4.15, 1.02787047021, -12.7670681797, 0.0131176469393, 3.42413015943
4.16, 1.02795747918, -12.7330314275, 0.00514587577882, 3.38938644042
4.17, 1.02796643835, -12.6993389784, 0.00191593420063, 3.35507567358
4.18, 1.02797348498, -12.6659897743, 0.0034169568139, 3.32085977696
4.19, 1.02804488397, -12.6329797827, 0.0109683787083, 3.28716222509
4.2, 1.02815405498, -12.6003073042, 0.0103313558896, 3.25338267807
4.21, 1.02820780385, -12.5679728531, 0.00231779879274, 3.21962435097
4.22, 1.02820328351, -12.5359727729, 0.000153874501624, 3.18645671337
4.23, 1.02823458027, -12.5043013235, 0.00749650454426, 3.15392618734
4.24, 1.02833647613, -12.4729549406, 0.0121009638183, 3.12137557502
4.25, 1.02842478405, -12.4419325817, 0.00606349329698, 3.08909156591
4.26, 1.02843551401, -12.4112310474, -0.000756671989484, 3.05720602675
4.27, 1.02843300066, -12.3808458155, 0.0029993421123, 3.0257904043
4.28, 1.02850424482, -12.3507756007, 0.011144522331, 2.99433903422
4.29, 1.0286130376, -12.3210182292, 0.00997240216921, 2.9631536599
4.3, 1.02865848951, -12.2915701654, 0.00119721798194, 2.93248258695
4.31, 1.02864336846, -12.2624275443, -0.000669894331692, 2.90184928737
4.32, 1.0286714716, -12.2335910024, 0.00756339545238, 2.87145583576
4.33, 1.02877512072, -12.2050559834, 0.0121714972105, 2.84145253874
4.34, 1.02885943384, -12.1768198498, 0.00524953545045, 2.81178550608
4.35, 1.02885937492, -12.1488750582, -0.00186210037182, 2.78314932507
4.36, 1.02884969406, -12.1212111382, 0.00270254340644, 2.75558656251
4.37, 1.02892201451, -12.093817845, 0.0114333215327, 2.72897773872
4.38, 1.02903114907, -12.0666795789, 0.00965376662868, 2.70453239991
4.39, 1.02906847539, -12.0397786131, 9.68643957666e-05, 2.68144195884
4.4, 1.02905692725, -12.0131012488, -0.000622200786684, 2.65997027879
4.41, 1.02907401763, -11.9866310246, 0.00579998986467, 2.63978263095
4.42, 1.02916139388, -11.9603549304, 0.0110746504348, 2.62118815737
4.43, 1.02924594969, -11.9342584714, 0.00613619948751, 2.60372929897
4.44, 1.02925722683, -11.9083295344, -0.000951842718728, 2.58777268991
4.45, 1.02924606696, -11.8825522728, 0.00162378029645, 2.57320556369
4.46, 1.02930150339, -11.8569182539, 0.0096802316972, 2.5592381458
4.47, 1.02940185279, -11.8314198185, 0.00972782014084, 2.54598838735
4.48, 1.02944909603, -11.8060509901, 0.00149835637238, 2.53325870833
4.49, 1.02943219297, -11.7808091763, -0.00137565508436, 2.5206128521
4.5, 1.02944734629, -11.7556959302, 0.00600358565892, 2.5075280866
4.51, 1.02953835207, -11.7307132789, 0.0113955412924, 2.49436314748
4.52, 1.02962200026, -11.7058653694, 0.00565611389086, 2.48076571036
4.53, 1.02962537437, -11.6811544965, -0.00182656095281, 2.46687893489
4.54, 1.02960865964, -11.6565829287, 0.00144976627348, 2.45286397867
4.55, 1.02966666943, -11.6321530434, 0.010161363155, 2.4385541362
4.56, 1.02977003219, -11.6078674515, 0.00971691571488, 2.42409288417
4.57, 1.02981215361, -11.5837262869, 0.000652540392751, 2.40956252407
4.58, 1.02978692036, -11.5597335121, -0.00200461945436, 2.39454163578
4.59, 1.02980095898, -11.5358906903, 0.00629955400088, 2.37948312229
4.6, 1.02989651087, -11.5121995526, 0.0117733835245, 2.36432940647
4.61, 1.02997915757, -11.4886614618, 0.00511181094277, 2.34890925639
4.62, 1.02997394159, -11.4652790521, -0.00275360080893, 2.33308429716
4.63, 1.02995173108, -11.4420557193, 0.00132245625844, 2.3171511819
4.64, 1.03001292157, -11.4189912103, 0.0106883076342, 2.30135423429
4.65, 1.03011919815, -11.3960855052, 0.00964543420268, 2.28528930013
4.66, 1.03015527547, -11.373342035, -0.000289423662847, 2.26898986019
4.67, 1.03013492197, -11.3507610939, -0.00185694426809, 2.25269480692
4.68, 1.03013899187, -11.328344316, 0.0046462274732, 2.23616558717
4.69, 1.03021976265, -11.3060938891, 0.0108405997179, 2.21945601153
4.7, 1.03030433588, -11.2840114733, 0.0061356146622, 2.20266459749
4.71, 1.03031131222, -11.2620959051, -0.00181833642039, 2.18590791853
4.72, 1.03028760392, -11.2403493725, 0.000223257283469, 2.16901340037
4.73, 1.03033206542, -11.2187732046, 0.00897475968845, 2.15184109761
4.74, 1.03043036597, -11.1973676838, 0.00980275730394, 2.1348976943
4.75, 1.03047691223, -11.1761337658, 0.00111269755068, 2.1174829259
4.76, 1.03045051918, -11.1550759339, -0.00272566161255, 2.09971686196
4.77, 1.03045172212, -11.1341947781, 0.00478470965771, 2.0821061824
4.78, 1.03053610141, -11.1134888339, 0.0111898824013, 2.06472799205
4.79, 1.03061996576, -11.0929580473, 0.00564301895966, 2.04683804441
4.8, 1.03061838762, -11.0726065257, -0.00280139615079, 2.02911195747
4.81, 1.03058793319, -11.0524336449, -6.29372376631e-05, 2.01115757126
4.82, 1.03063433675, -11.0324433215, 0.00943307129986, 1.99258212047
4.83, 1.03073565097, -11.0126373512, 0.00979144769768, 1.97419204605
4.84, 1.0307766835, -10.9930160305, 0.000188342085875, 1.9557226653
4.85, 1.03075451169, -10.9735784409, -0.0027029094789, 1.93746914568
4.86, 1.03074443967, -10.9543275078, 0.00302729251579, 1.91832583065
4.87, 1.03081369387, -10.9352673199, 0.0102801900998, 1.89936728771
4.88, 1.03090000309, -10.9163957029, 0.00671560158873, 1.88064560897
4.89, 1.03091054028, -10.897712281, -0.00192981476252, 1.86160179749
4.9, 1.03087748671, -10.8792204876, -0.00128545817957, 1.84231525612
4.91, 1.03090636167, -10.8609220797, 0.00768948771428, 1.82289686393
4.92, 1.03099992674, -10.8428200075, 0.00999737794332, 1.80320619938
4.93, 1.03105167479, -10.8249136587, 0.00157731378508, 1.78373813012
4.94, 1.03102280203, -10.8072028513, -0.00367543792638, 1.76412047595
4.95, 1.03100873143, -10.7896871809, 0.00306987280129, 1.74462943173
4.96, 1.03108130453, -10.7723670196, 0.0106598688243, 1.7251216699
4.97, 1.0311675275, -10.7552420958, 0.00628388948808, 1.70553921354
4.98, 1.0311695033, -10.738312403, -0.00297570349461, 1.68609643739
4.99, 1.03114266976, -10.7215752627, -0.00163340136837, 1.6670265485
5.0, 1.03115846933, -10.7050250299, 0.00591182747887, 1.64873483232
5.01, 1.03123857176, -10.6886534638, 0.00935940795295, 1.63122460593
5.02, 1.03129485874, -10.6724533958, 0.00274182088393, 1.61447388161
5.03, 1.03127691488, -10.6564145967, -0.00306261548381, 1.59895494611
5.04, 1.03125756546, -10.6405242479, 0.00166158596927, 1.58469572671
5.05, 1.03131306134, -10.6247700384, 0.00915867849402, 1.57184578734
5.06, 1.03139486228, -10.6091363837, 0.00681557032732, 1.56033163103
5.07, 1.03140880104, -10.5936125843, -0.0016461355099, 1.54997739155
5.08, 1.03137266131, -10.5781866713, -0.00215254238649, 1.54080437778
5.09, 1.03138850515, -10.5628458242, 0.00628244246356, 1.53271355377
5.1, 1.0314727178, -10.5475811448, 0.00962387982905, 1.52597777698
5.11, 1.03152680078, -10.5323755698, 0.00213321646979, 1.52041697741
5.12, 1.03150086366, -10.5172199442, -0.00381020084228, 1.51600482641
5.13, 1.03147844766, -10.5021014246, 0.0017951855154, 1.51285546241
5.14, 1.03153867423, -10.4870114738, 0.00974971739315, 1.51030612978
5.15, 1.03162312233, -10.4719443834, 0.00669527487864, 1.50871349624
5.16, 1.03163136542, -10.4568840664, -0.00243196764416, 1.50855504637
5.17, 1.0315893423, -10.4418226891, -0.00239636880205, 1.5089358391
5.18, 1.03160797981, -10.4267519894, 0.00691659835032, 1.51029811353
5.19, 1.03169827157, -10.4116647552, 0.0100205162888, 1.51244430121
5.2, 1.03175093929, -10.3965483572, 0.00158402104716, 1.51588351718
5.21, 1.03171807241, -10.3813953119, -0.00439915134529, 1.51982736805
5.22, 1.03169476179, -10.3661979585, 0.00217203398325, 1.52459363118
5.23, 1.03176191441, -10.35094478, 0.0105132305893, 1.53094392801
5.24, 1.0318500536, -10.3356269271, 0.00664225783195, 1.53754255752
5.25, 1.03185325969, -10.3202408656, -0.00313970161917, 1.54464616737
5.26, 1.03182103816, -10.3047825027, -0.00241316419015, 1.55192977303
5.27, 1.03182976568, -10.2892497617, 0.00546524530798, 1.55995835133
5.28, 1.03191021299, -10.2736292603, 0.00978573342108, 1.56907785411
5.29, 1.03197179429, -10.2579162684, 0.00320052190074, 1.57836426673
5.3, 1.03195398884, -10.2421025525, -0.003412501942, 1.58919994932
5.31, 1.03192872355, -10.2261772856, 0.00107841547353, 1.60060844218
5.32, 1.03198210627, -10.2101364577, 0.00937307034691, 1.61248919781
5.33, 1.0320699353, -10.1939732056, 0.00761567180127, 1.62504257659
5.34, 1.03208941409, -10.1776806642, -0.00140799298689, 1.63825755249
5.35, 1.0320510435, -10.1612522624, -0.00261918685386, 1.65209670239
5.36, 1.03206330205, -10.144681313, 0.0062157918629, 1.66689262458
5.37, 1.03215191512, -10.127959517, 0.0104600269241, 1.68212344398
5.38, 1.03221512234, -10.1110824948, 0.00293624601979, 1.69798459293
5.39, 1.0321923479, -10.0940460846, -0.00389005280438, 1.71418893385
5.4, 1.03216676775, -10.0768405008, 0.00150380368305, 1.73147724394
5.41, 1.03222830569, -10.0594596309, 0.0103386143688, 1.74942189482
5.42, 1.0323226711, -10.0418960223, 0.00787914391963, 1.7678505468
5.43, 1.032339898, -10.0241477918, -0.00190328464594, 1.78650792217
5.44, 1.03229791733, -10.0062087876, -0.00267393853386, 1.8058087862
5.45, 1.03231516894, -9.98807777924, 0.00711700464527, 1.82512548888
5.46, 1.03241339641, -9.96975251092, 0.0112594772686, 1.84440238259
5.47, 1.03247910277, -9.95124032574, 0.00272451475342, 1.86260428861
5.48, 1.03245984157, -9.93255050419, -0.000961640344742, 1.87988232667
5.49, 1.03243813773, -9.91369172826, 0.000820903980341, 1.89640540507
5.5, 1.03248834413, -9.89467413937, 0.00926726528648, 1.91177189592
5.51, 1.03258157898, -9.87550867571, 0.00870056188898, 1.92598805108
5.52, 1.03261470327, -9.85620635809, -7.42424778734e-05, 1.93923079248
5.53, 1.03258388018, -9.83677542563, -0.00244233451186, 1.95162743021
5.54, 1.03259298817, -9.81722763616, 0.00572947265244, 1.96272541159
5.55, 1.03268104558, -9.79757207006, 0.0109332738198, 1.97316464356
5.56, 1.03275536541, -9.77781710761, 0.00438341709078, 1.98269842846
5.57, 1.03274475062, -9.75797375325, -0.00311608173374, 1.99087330205
5.58, 1.03271959202, -9.73805118919, 0.00103711774166, 1.99851187751
5.59, 1.03277632337, -9.71805536705, 0.0101160754628, 2.00546686273
5.6, 1.03287574448, -9.69799418733, 0.0089588267374, 2.01172203219
5.61, 1.03290633189, -9.67787454137, -0.000658283566818, 2.01716033499
5.62, 1.03287023625, -9.65770352884, -0.00273309066093, 2.02198352558
5.63, 1.03288186192, -9.63748675689, 0.00638863065057, 2.02625222708
5.64, 1.03297781739, -9.61723322948, 0.0116080509992, 2.02946690884
5.65, 1.03305367271, -9.59694944759, 0.0040616117821, 2.03233828843
5.66, 1.03304482826, -9.57663944997, -0.000463619576533, 2.03457853876
5.67, 1.03302071803, -9.55631019374, 6.81606205148e-05, 2.036317635
5.68, 1.03306374842, -9.53596755166, 0.00885416876174, 2.03726319461
5.69, 1.0331606135, -9.51561775207, 0.00965533985417, 2.03770284304
5.7, 1.03320548807, -9.49526679852, 0.000960178735705, 2.03762567966
5.71, 1.03317781755, -9.47492234149, -0.00280623741641, 2.03644819697
5.72, 1.03317853018, -9.45459091346, 0.0047721149966, 2.03497505854
5.73, 1.03326271602, -9.43427570734, 0.0111714992741, 2.03325377579
5.74, 1.0333460698, -9.41397844208, 0.00558731184841, 2.03114355294
5.75, 1.03334395975, -9.39370755911, -0.00282104840447, 2.02822510163
5.76, 1.03331369291, -9.37346649513, 3.64102049631e-06, 2.02504230355
5.77, 1.0333609158, -9.35325873158, 0.00953087444798, 2.02173653288
5.78, 1.03346293964, -9.33308296674, 0.00985359367605, 2.01863092012
5.79, 1.0335044226, -9.31293563699, 0.000249462135647, 2.0160713508
5.8, 1.03346947846, -9.29281200787, -0.0033384447242, 2.01393724724
5.81, 1.03347034293, -9.27270435088, 0.00523371884975, 2.01275747032
5.82, 1.033561191, -9.25260673965, 0.0117931902117, 2.01196273074
5.83, 1.03364592844, -9.23251535357, 0.00526082372475, 2.01145066631
5.84, 1.03363684956, -9.21241688985, -0.00362358410459, 2.01329056657
5.85, 1.03361587588, -9.19229215504, -0.000552615526662, 2.01660211162
5.86, 1.03365039756, -9.17212656091, 0.00807162850452, 2.02140877086
5.87, 1.03374520146, -9.15190921303, 0.0100061242584, 2.0273360444
5.88, 1.03379786712, -9.13161485449, 0.00186765793426, 2.03637922159
5.89, 1.03377491094, -9.1112273101, -0.00283941969932, 2.045943012
5.9, 1.03376949788, -9.09073491479, 0.00387990812004, 2.05740875017
5.91, 1.03384734324, -9.0701205322, 0.0109873772578, 2.07016044364
5.92, 1.03393572416, -9.04937356943, 0.00655971364037, 2.08427376344
5.93, 1.03394311272, -9.02847944629, -0.00213640498276, 2.09933568614
5.94, 1.03391272196, -9.00743185227, -0.000536116487453, 2.11511963759
5.95, 1.03395253406, -8.98621366236, 0.00892400306599, 2.13302574465
5.96, 1.03405504359, -8.96480960742, 0.0105336210532, 2.15232697068
5.97, 1.0341076813, -8.9432104366, 0.00148831205951, 2.17228733619
5.98, 1.03408004196, -8.9214037387, -0.003157101937, 2.1934890491
5.99, 1.03407664733, -8.8993768409, 0.00454718183713, 2.21656437055
6.0, 1.03416389997, -8.87711279691, 0.0119612587778, 2.24113177714
6.01, 1.03425772901, -8.854592144, 0.00667111651585, 2.2674061074
6.02, 1.03426206871, -8.83180744203, -0.0025930618235, 2.29396322504
6.03, 1.03423007713, -8.80875621547, -0.000278262741609, 2.32059328139
6.04, 1.03427783488, -8.78543113945, 0.0100477986732, 2.34890669303
6.05, 1.03439038307, -8.76181930969, 0.0112451997561, 2.37771074792
6.06, 1.03444427277, -8.73791598135, 0.00120227572482, 2.40724521727
6.07, 1.0344253365, -8.71371807362, -0.0016322929087, 2.43657323357
6.08, 1.03442229816, -8.68923146758, 0.0037239279651, 2.46499939279
6.09, 1.03449965362, -8.66446846125, 0.0112807695006, 2.49192975048
6.1, 1.03459757388, -8.63944162221, 0.00801668022515, 2.5177540737
6.11, 1.0346206286, -8.61416202683, -0.000725639906652, 2.54244127311
6.12, 1.0345980031, -8.5886431135, -0.000303933546151, 2.56579192152
6.13, 1.03463677661, -8.56289545925, 0.00880335043604, 2.58815405866
6.14, 1.03474340276, -8.53693058561, 0.0115065345563, 2.60934287764
6.15, 1.03481096351, -8.5107666524, 0.003190324459, 2.62811908327
6.16, 1.03479663641, -8.48442192244, -0.00233018305403, 2.64527661065
6.17, 1.03479488952, -8.45791420223, 0.00431661505838, 2.66082963034
6.18, 1.03488130381, -8.43126017434, 0.01224038487, 2.674736563
6.19, 1.03498508151, -8.40447197513, 0.00816737605997, 2.68755147424
6.2, 1.03500521683, -8.37756144768, -0.00124305429598, 2.69931672467
6.21, 1.03497967755, -8.35053853277, -0.000253846933812, 2.70986310155
6.22, 1.03502428081, -8.32342276396, 0.00971108432363, 2.71810089684
6.23, 1.03513940407, -8.29623246869, 0.0120862749026, 2.72481333538
6.24, 1.03520707084, -8.26897911489, 0.00274957922364, 2.73061569667
6.25, 1.03519897676, -8.24167917999, -0.00114590958227, 2.73430250198
6.26, 1.0351942446, -8.2143487704, 0.00315454228516, 2.73679982828
6.27, 1.03526785499, -8.18699694135, 0.0112877600665, 2.73855539471
6.28, 1.03537320165, -8.15963078585, 0.00924429484743, 2.73959397119
6.29, 1.03540896383, -8.13226375996, 0.000263048659138, 2.73900959565
6.3, 1.03538873456, -8.10490649662, -0.000711218705407, 2.7376517524
6.31, 1.03542040527, -8.07756453023, 0.00810951715243, 2.73594075089
6.32, 1.03552660195, -8.05024471696, 0.0120730856261, 2.73314335217
6.33, 1.03560498447, -8.022955425, 0.00440627073281, 2.72975848233
6.34, 1.03559786803, -7.99570509156, -0.00223363856143, 2.72545050265
6.35, 1.03559005107, -7.96850071747, 0.00331256672724, 2.72069987355
6.36, 1.035669028, -7.94134731099, 0.0119536610467, 2.71523423957
6.37, 1.03577790312, -7.91425144119, 0.00919226844478, 2.70919983494
6.38, 1.03580824724, -7.88721671528, -0.00055724942414, 2.70305680046
6.39, 1.03578136786, -7.860243829, -0.00106566434208, 2.69655492357
6.4, 1.03581503586, -7.83334211521, 0.00868952405565, 2.68911892729
6.41, 1.03592730617, -7.80651553031, 0.0124825140187, 2.68156058622
6.42, 1.03600422976, -7.77976963538, 0.00379767838397, 2.67301136534
6.43, 1.03600069111, -7.7531092633, -0.00138358895251, 2.66444704158
6.44, 1.03598639455, -7.72653510969, 0.00183101344907, 2.65568830627
6.45, 1.03605024728, -7.70004928988, 0.0108589655801, 2.64686825987
6.46, 1.03615978457, -7.67365812168, 0.0101951928081, 2.63686836815
6.47, 1.03620428913, -7.64736664745, 0.000733846648964, 2.6268315996
6.48, 1.03617984159, -7.6211758678, -0.00182960637569, 2.61665256134
6.49, 1.03619807743, -7.59508993161, 0.00691998919068, 2.60599850309
6.5, 1.03630062662, -7.56911084665, 0.0124476991212, 2.59514137786
6.51, 1.03638779482, -7.54324040877, 0.00536076956497, 2.58429744387
6.52, 1.03639145423, -7.51747948106, 0.000592960125819, 2.57330331725
6.53, 1.03637509906, -7.49182694844, 0.00060601476265, 2.56257211443
6.54, 1.03642282984, -7.46628114152, 0.00937096590343, 2.55202726153
6.55, 1.0365276806, -7.44083953245, 0.0106933372296, 2.54162150347
6.56, 1.03658453481, -7.41550591422, 0.0021638504796, 2.53058577587
6.57, 1.03656650106, -7.39028080636, -0.00210957318683, 2.51987468021
6.58, 1.0365716948, -7.36516517654, 0.00510123717691, 2.50858656726
6.59, 1.03666071194, -7.34016697182, 0.0118636432369, 2.49649591734
6.6, 1.03675400526, -7.31528968545, 0.00675088832223, 2.48437695911
6.61, 1.03676292455, -7.2905336003, -0.00189744779865, 2.47235388784
6.62, 1.03673857605, -7.26589463623, 0.000342444086638, 2.46089244
6.63, 1.03678867004, -7.2413655159, 0.00989575030779, 2.45042942655
6.64, 1.03689753558, -7.21693488053, 0.0108059636341, 2.44112654735
6.65, 1.03695011715, -7.19259299186, 0.0013545449044, 2.43281967278
6.66, 1.03693534321, -7.16832201969, -0.0011535720302, 2.42677947966
6.67, 1.03693560119, -7.14410218741, 0.00376090160225, 2.4226373664
6.68, 1.03700950509, -7.11991362301, 0.0106525970223, 2.42055426577
6.69, 1.03710144202, -7.09573613922, 0.0075563902127, 2.42021613632
6.7, 1.03712381577, -7.0715571867, -0.000521241450012, 2.42086994745
6.71, 1.03710416366, -7.0473614534, -0.000110067237402, 2.42331924263
6.72, 1.03714118729, -7.02313606515, 0.00827099265516, 2.42715008617
6.73, 1.03724024625, -6.99885167512, 0.0106912219899, 2.43461294383
6.74, 1.03730262933, -6.97448903253, 0.00298379438059, 2.44297552996
6.75, 1.03728952974, -6.95003270913, -0.00206864541546, 2.45339608797
6.76, 1.03728850409, -6.92546390671, 0.00410041026704, 2.46535282542
6.77, 1.03736869957, -6.90076680725, 0.0113689416604, 2.47884637315
6.78, 1.03746452281, -6.8759313389, 0.0075906234146, 2.49309932807
6.79, 1.03748326479, -6.85095019652, -0.00105921720176, 2.5081123494
6.8, 1.03746027054, -6.82580513952, -0.000107683480263, 2.52541634197
6.81, 1.03750217503, -6.80048460012, 0.00908947299275, 2.54323386644
6.82, 1.0376089595, -6.77497855333, 0.0112565691915, 2.56280561126
6.83, 1.03767198835, -6.74926822788, 0.00268655384741, 2.58391875527
6.84, 1.03765492784, -6.72333947481, -0.00233638910458, 2.60623350275
6.85, 1.03765594452, -6.69718534213, 0.0047378295155, 2.62919317558
6.86, 1.03774519444, -6.67079471309, 0.0123165239666, 2.65328573778
6.87, 1.0378464769, -6.6441646811, 0.00772294294322, 2.67772119453
6.88, 1.03786255006, -6.61727998631, -0.00147568934131, 2.70364519702
6.89, 1.03783821975, -6.59013447163, 0.000154570712535, 2.72998465493
6.9, 1.03788781096, -6.5627185722, 0.0101676384628, 2.75762034109
6.91, 1.03800431484, -6.53502576437, 0.0119594353713, 2.78523897989
6.92, 1.03806883657, -6.50705797877, 0.0024355179636, 2.81349886377
6.93, 1.03804832079, -6.47879305093, -0.00253142509207, 2.84389606369
6.94, 1.03805286215, -6.45021767222, 0.0055788112233, 2.875487181
6.95, 1.03815342734, -6.42132607462, 0.0134807381965, 2.90718721486
6.96, 1.03826175389, -6.39211667295, 0.00795725936697, 2.93917769517
6.97, 1.03827567027, -6.36257556346, -0.00186474645479, 2.97324481043
6.98, 1.03826461624, -6.33269443502, -7.46316989048e-05, 3.00717226233
6.99, 1.03830492338, -6.30247266085, 0.00909732835124, 3.04172870484
7.0, 1.03841904801, -6.27189521851, 0.012672734787, 3.07786764826
7.01, 1.03850074642, -6.24095643688, 0.00464478117787, 3.11402261964
7.02, 1.03849713624, -6.20965614609, -0.00164157183192, 3.15006398419
7.03, 1.03849844465, -6.17798900711, 0.00448938556039, 3.18810221911
7.04, 1.03858933038, -6.14593422736, 0.0130860992271, 3.22696114649
7.05, 1.03870650945, -6.11349414961, 0.00983091636426, 3.26540280437
7.06, 1.03874225571, -6.08066512029, 7.8122036863e-05, 3.30434667391
7.07, 1.03872465384, -6.04744076866, 0.0001892526185, 3.34448588861
7.08, 1.03877299529, -6.01381673354, 0.0102772927209, 3.38425173613
7.09, 1.0388992453, -5.97979117032, 0.0137064358677, 3.42507948283
7.1, 1.03898578953, -5.94535138583, 0.00468363683903, 3.46671228477
7.11, 1.03898048295, -5.91049021057, -0.00175369020421, 3.50927187441
7.12, 1.03898571812, -5.87520558116, 0.00537766029703, 3.55174594048
7.13, 1.03908934234, -5.83949685115, 0.0144814113664, 3.59386997409
7.14, 1.03921662785, -5.80336767546, 0.0103874819712, 3.63673910209
7.15, 1.03925276441, -5.76680013377, -0.000144349312754, 3.68060059941
7.16, 1.03925014674, -5.72979948565, 0.000653561468009, 3.72338806234
7.17, 1.03929350385, -5.6923772057, 0.00934080261871, 3.76496698809
7.18, 1.03941541393, -5.65454512931, 0.0140363127543, 3.8053835589
7.19, 1.03951641496, -5.61631464057, 0.00682716867814, 3.84468079476
7.2, 1.0395311828, -5.57769682047, -0.000296426095947, 3.88287995616
7.21, 1.03953906161, -5.53870260164, 0.00472989824799, 3.91999325869
7.22, 1.03963349953, -5.49934265989, 0.0137986028321, 3.95605841138
7.23, 1.03976516736, -5.45962721681, 0.0118218730389, 3.99112262275
7.24, 1.03982211691, -5.4195661275, 0.00200967863771, 4.02521385902
7.25, 1.03981674727, -5.37916908831, 0.000788278676963, 4.05833981564
7.26, 1.03986739382, -5.33844567338, 0.010473012127, 4.09051963734
7.27, 1.04000140197, -5.29740510594, 0.0150794868435, 4.1217984939
7.28, 1.04010735601, -5.25605619381, 0.00684425854681, 4.15221209852
7.29, 1.04011968145, -5.21440752475, -0.000546599104005, 4.18177262429
7.3, 1.04012976513, -5.17246762563, 0.00542015972898, 4.21048406711
7.31, 1.04023537057, -5.13024482789, 0.0150659645377, 4.23837964615
7.32, 1.04037634005, -5.08774705507, 0.0123072522114, 4.26550131368
7.33, 1.04043266145, -5.04498192857, 0.00162891593722, 4.29186992959
7.34, 1.04043983676, -5.00195700619, 0.000976257478126, 4.31748457111
7.35, 1.0404829566, -4.95867972089, 0.00930842344349, 4.34236357143
7.36, 1.04061101219, -4.91515726885, 0.0152840628471, 4.3665407361
7.37, 1.04073015654, -4.87139648175, 0.00882672017542, 4.39004882638
7.38, 1.04076021573, -4.82740399083, 0.000615879702533, 4.41289846337
7.39, 1.04076977769, -4.78318640521, 0.00446491322245, 4.43508749327
7.4, 1.04086381573, -4.73875024422, 0.0142089847603, 4.45663433325
7.41, 1.04100788099, -4.6941017816, 0.0136207453459, 4.47756532111
7.42, 1.04108323047, -4.64924711708, 0.00354185327514, 4.497890214
7.43, 1.04108479044, -4.60419237397, 0.000773325916587, 4.51759879586
7.44, 1.0411319271, -4.55894374882, 0.0101598250327, 4.53668988756
7.45, 1.04127014665, -4.51350727573, 0.0162017123395, 4.55519195855
7.46, 1.04139310302, -4.46788872416, 0.00870575138536, 4.57312646549
7.47, 1.04142657222, -4.42209380693, 0.00343437673908, 4.59044679876
7.48, 1.04143834273, -4.37612831052, 0.00360101702093, 4.60726929709
7.49, 1.04151995731, -4.3299980904, 0.0131029120661, 4.62345422403
7.5, 1.04166335416, -4.28370915154, 0.014522733139, 4.63903950669
7.51, 1.04175488612, -4.23726748629, 0.00532230912857, 4.65402784718
7.52, 1.04176597145, -4.19067908165, 0.000773061665054, 4.66841879487
7.53, 1.04180283119, -4.14394987189, 0.00861980770888, 4.68222439828
7.54, 1.04193050188, -4.09708548005, 0.0159246900861, 4.69548957012
7.55, 1.04206264833, -4.05009105597, 0.0103881128454, 4.70825869017
7.56, 1.04210377409, -4.00297143544, 0.00108410061454, 4.72055331433
7.57, 1.04212333044, -3.95573135829, 0.00298664480453, 4.73237846268
7.58, 1.04219173769, -3.90837535449, 0.0116098148434, 4.74376009274
7.59, 1.04232826064, -3.86090768621, 0.0147468645792, 4.75473305648
7.6, 1.04243181313, -3.81333228642, 0.00698937366709, 4.76532370471
7.61, 1.04245459484, -3.76565294706, 0.00115550848898, 4.77553745892
7.62, 1.04248351757, -3.71787344483, 0.00706909823879, 4.78537514543
7.63, 1.04259671905, -3.66999741569, 0.0150105611959, 4.79486183813
7.64, 1.0427319952, -3.6220282003, 0.011640049949, 4.80402685252
7.65, 1.04278866503, -3.57396895103, 0.00239870120354, 4.81288101246
7.66, 1.04279606893, -3.52582280956, 0.00268236231625, 4.82141904122
7.67, 1.04286678931, -3.47759290514, 0.0121897956822, 4.82965004608
7.68, 1.04300895613, -3.42928214624, 0.0150921851421, 4.83760340401
7.69, 1.04311054255, -3.3808932011, 0.00636120774441, 4.84529717222
7.7, 1.04312536068, -3.33242867541, 0.000432005242906, 4.85272933538
7.71, 1.04315198882, -3.28389122534, 0.00729869608312, 4.85989490308
7.72, 1.04327085304, -3.235283411, 0.0156529889272, 4.86681526723
7.73, 1.04340861952, -3.18660754035, 0.011440129329, 4.8735148012
7.74, 1.04345850688, -3.13786578656, 0.00148646827193, 4.87999906572
7.75, 1.04347365818, -3.08906037746, 0.00245725058433, 4.8862574267
7.76, 1.04353254303, -3.04019350829, 0.0105477030971, 4.89229960233
7.77, 1.04366291579, -2.99126724662, 0.0146398928719, 4.89814516879
7.78, 1.04377093665, -2.94228346447, 0.00769980552205, 4.90380973468
7.79, 1.04379806155, -2.89324397846, 0.00114540640286, 4.90929179043
7.8, 1.04382020816, -2.8441506628, 0.0059562642276, 4.91458393219
7.81, 1.04392276384, -2.79500535336, 0.0142367337689, 4.91969971707
7.82, 1.04405719188, -2.74580969367, 0.0120832302882, 4.92465959117
7.83, 1.04412005187, -2.69656520784, 0.00288501584908, 4.9294690894
7.84, 1.04412582733, -2.64727345211, 0.00192404102569, 4.93411899832
7.85, 1.04418489344, -2.59793603319, 0.0109439586972, 4.93860987388
7.86, 1.04431979416, -2.54855442921, 0.0149345383717, 4.94296210992
7.87, 1.0444256301, -2.49912994894, 0.00704725490632, 4.94718829631
7.88, 1.04444394222, -2.44966387522, 0.000279258737256, 4.95128413903
7.89, 1.04446189285, -2.40015757244, 0.00598321619265, 4.95524006458
7.9, 1.0445685702, -2.35061238013, 0.0147843766836, 4.95906875607
7.91, 1.04470521243, -2.30102946122, 0.0118927873478, 4.96278843637
7.92, 1.04476114258, -2.25140988565, 0.00191428317728, 4.96640213372
7.93, 1.04475881077, -2.20175477775, 0.00143648592668, 4.96989842212
7.94, 1.04481866497, -2.15206532714, 0.0114142767447, 4.97327696563
7.95, 1.04495852454, -2.1023426027, 0.0152307917519, 4.97655709123
7.96, 1.04506162453, -2.05258752436, 0.00630535889622, 4.97974903586
7.97, 1.04508229813, -2.00280101691, 0.00102053358795, 4.98284473029
7.98, 1.0450925588, -1.95298407308, 0.00437874766373, 4.98584010794
7.99, 1.04518289428, -1.90313768122, 0.0135743813788, 4.98873968893
8.0, 1.04531912079, -1.85326269771, 0.0127968949127, 4.9915603799
8.01, 1.04538824222, -1.80335988498, 0.00311036284809, 4.99430634087
8.02, 1.04538732589, -1.75343004456, 0.000567909244309, 4.99696782842
8.03, 1.04543061926, -1.70347405669, 0.00953371470717, 4.99954034323
8.04, 1.04555975033, -1.65349272595, 0.0151092780147, 5.00203942484
8.05, 1.04567233048, -1.60348672092, 0.00779723403234, 5.00447555584
8.06, 1.0456993518, -1.5534566977, 0.00293031822241, 5.0068177803
8.07, 1.04570658463, -1.50340338779, 0.00304615562673, 5.00913640812
8.08, 1.04577970957, -1.45332752743, 0.0119844538387, 5.01135681879
8.09, 1.04591038011, -1.40322976239, 0.0132201509473, 5.01351868386
8.1, 1.04599113705, -1.35311064634, 0.00446538911395, 5.01562709597
8.11, 1.04599574471, -1.30297075473, 0.000186456291914, 5.01767472563
8.12, 1.04602492187, -1.25281074073, 0.00760621881465, 5.01965470211
8.13, 1.04613949498, -1.20263122049, 0.0144301007975, 5.02157841586
8.14, 1.04625735376, -1.15243269197, 0.0091102860008, 5.02345620863
8.15, 1.04628874601, -1.10221562437, 0.000313710961546, 5.02528636218
8.16, 1.04628701654, -1.05198055535, 0.00269879165356, 5.02705820962
8.17, 1.04636173912, -1.00172806192, 0.0124338065493, 5.0287743886
8.18, 1.0464955618, -0.95145861944, 0.0132342821467, 5.03044841189
8.19, 1.04657092985, -0.901172625942, 0.00353565875341, 5.03208414499
8.2, 1.04657773948, -0.850870516213, 0.00104508773064, 5.03367233107
8.21, 1.04660089814, -0.800552781383, 0.00614162837583, 5.03521113248
8.22, 1.04669897148, -0.75021988844, 0.0130611680448, 5.03670600094
8.23, 1.04681383182, -0.69987221797, 0.00973774344673, 5.03816629048
8.24, 1.04685694043, -0.64951011775, 0.00150485326179, 5.03959179448
8.25, 1.04685804863, -0.599135915036, 0.00204059916686, 5.04061786741
8.26, 1.04691752147, -0.548759245356, 0.0105625681093, 5.04015908607
8.27, 1.04703894187, -0.498388310189, 0.0128333329055, 5.03936218993
8.28, 1.04712125217, -0.448028605103, 0.00485784813928, 5.03801708575
8.29, 1.04712653912, -0.397685899503, -0.000221403303071, 5.03578396244
8.3, 1.04714502274, -0.347368404865, 0.00612869378016, 5.03312426617
8.31, 1.04724594969, -0.297078813025, 0.0134064120357, 5.03019552536
8.32, 1.0473606729, -0.246821506452, 0.00931732274768, 5.02676430736
8.33, 1.04739539422, -0.196602593579, 0.000465691591733, 5.02241750784
8.34, 1.04738838522, -0.146428629431, 0.00156902717558, 5.01788692223
8.35, 1.04744822139, -0.0963011203672, 0.010913167047, 5.01314672327
