timestamp, prius1 x posi, prius1 y posi, prius1 x vel, prius1 y vel.
0.0, 0.0, 0.0, 0.0, 0.0
0.00999999999999, -30.0359321916, -1.00000424985, 0.115356929494, 0.00518225273667
0.02, -30.0347609941, -0.99994279962, 0.123820288056, 0.00628083186327
0.03, -30.0335037685, -0.999929910818, 0.132506133986, -0.00214093202429
0.04, -30.0321588468, -0.999989477809, 0.141351271606, -0.0061272511907
0.05, -30.03072367, -1.00002419471, 0.150629437538, 0.00109492484143
0.06, -30.0291942955, -0.999976838307, 0.160128058666, 0.0075790351091
0.07, -30.0275691909, -0.999927350717, 0.169774803931, 0.00237913907528
0.08, -30.0258464873, -0.999960936683, 0.179613387846, -0.00598949207378
0.09, -30.0240237342, -1.00002492125, 0.189872072624, -0.00354315475074
0.1, -30.0220965357, -1.00001463413, 0.2004031328, 0.00581150932894
0.11, -30.0200636468, -0.99994843109, 0.21102842231, 0.00645096763956
0.12, -30.0179209106, -0.999939231999, 0.222526373613, -0.00287959169555
0.13, -30.015660199, -1.00000644767, 0.234441862115, -0.00670067920984
0.14, -30.0132791178, -1.00004151637, 0.246596615771, 0.00150556258438
0.15, -30.0107749946, -0.99998798795, 0.259020715661, 0.00815800643773
0.16, -30.0081443066, -0.999937523777, 0.27202878079, 0.00201305354157
0.17, -30.0053812241, -0.999978551158, 0.285383369393, -0.0068472777552
0.18, -30.0024832159, -1.00004753695, 0.298979670945, -0.0036045553595
0.19, -29.9994486287, -1.00003287102, 0.312723757579, 0.00651339057933
0.2, -29.9962756856, -0.999961688556, 0.326648186145, 0.00659610103217
0.21, -29.9929605748, -0.999956830837, 0.341257417464, -0.00369710019988
0.22, -29.9894971699, -1.00002007745, 0.356218687444, -0.00560781317397
0.23, -29.9858822826, -1.00005872891, 0.371517090986, 0.000277442825089
0.24, -29.9821131116, -1.00001983419, 0.387071467819, 0.00693328771389
0.25, -29.9781865836, -0.999971286491, 0.40293905915, 0.00274083937271
0.26, -29.9740986795, -0.999999293758, 0.419487302791, -0.00548555190241
0.27, -29.9698422232, -1.00006337248, 0.436481465737, -0.00403759626269
0.28, -29.9654142487, -1.00006190767, 0.453785189304, 0.00482282467049
0.29, -29.9608058154, -1.0000017559, 0.472719202775, 0.00630819155524
0.3, -29.9560044365, -0.99998890598, 0.492170840287, -0.00225087943
0.31, -29.9510071151, -1.00005218703, 0.511894736159, -0.00668711833227
0.32, -29.9458112125, -1.00009326416, 0.531880402686, 0.000507844244395
0.33, -29.9404124654, -1.00004950801, 0.552638958648, 0.00744089812422
0.34, -29.9348031956, -1.00000001311, 0.573827356185, 0.00241083763312
0.35, -29.9289805194, -1.00003534439, 0.595329193402, -0.00637470705045
0.36, -29.922935475, -1.0001055015, 0.618592681805, -0.00425729859137
0.37, -29.9166520713, -1.00010125899, 0.642641375331, 0.00539418521841
0.38, -29.9101266972, -1.00003670879, 0.666979227167, 0.00645732230006
0.39, -29.9033562391, -1.00002793274, 0.691924447802, -0.00304834846756
0.4, -29.8963303391, -1.00009982013, 0.717749927106, -0.00737896055155
0.41, -29.8890449534, -1.00014246375, 0.743817503341, 0.000809661604181
0.42, -29.881496963, -1.00009334308, 0.770207900635, 0.00796431844542
0.43, -29.8736818654, -1.00004337398, 0.797447760869, 0.0019903066774
0.44, -29.8655911711, -1.00008700764, 0.825136102536, -0.00734482074239
0.45, -29.8572225524, -1.00016352844, 0.853024496257, -0.00446106468558
0.46, -29.8485712565, -1.00015610437, 0.881822662701, 0.00600606986896
0.47, -29.8396290517, -1.00008717732, 0.911023709874, 0.00655567190269
0.48, -29.8303936446, -1.00008341344, 0.940424569476, -0.00395956290771
0.49, -29.8208630603, -1.00015044911, 0.970020755832, -0.00730399644124
0.5, -29.8110329499, -1.00020421918, 1.00047976445, -0.000940195673057
0.51, -29.8008957443, -1.00016981425, 1.0312745791, 0.00714055627713
0.52, -29.7904498474, -1.00011619627, 1.06219993577, 0.00320094283038
0.53, -29.7796952754, -1.0001467132, 1.09308412427, -0.00641100092118
0.54, -29.7686309639, -1.00022573464, 1.12412187856, -0.0056996599305
0.55, -29.7572555713, -1.00023580976, 1.15528532941, 0.00430670736584
0.56, -29.7455642691, -1.00017357189, 1.18738171288, 0.00691308901708
0.57, -29.7335506904, -1.00015773043, 1.2196468439, -0.00247085516177
0.58, -29.7212140788, -1.00023189923, 1.25198123027, -0.00834288297998
0.59, -29.708553002, -1.00028954817, 1.28447809296, -0.000803029153643
0.6, -29.6955631007, -1.00025026607, 1.31784022424, 0.00769633524287
0.61, -29.6822360986, -1.00019554584, 1.35198983511, 0.00282281967613
0.62, -29.6685682574, -1.00023487323, 1.38567227719, -0.0075196879072
0.63, -29.6545582233, -1.00030807374, 1.42077151632, -0.00668565031113
0.64, -29.6401949377, -1.00033472227, 1.45610096729, 0.00253136967207
0.65, -29.6254782353, -1.00028163532, 1.49142872287, 0.00694952048081
0.66, -29.6104046563, -1.00025570772, 1.52753714417, -0.00101017359976
0.67, -29.5949704668, -1.00032076859, 1.56353143935, -0.00825354415079
0.68, -29.5791732569, -1.00038950177, 1.60024993053, -0.0026577313288
0.69, -29.5630100339, -1.00036729273, 1.63641796142, 0.00657440784894
0.7, -29.5464845893, -1.00031109603, 1.67298512251, 0.00393719828977
0.71, -29.5295898409, -1.00033661239, 1.71027511561, -0.0064216823491
0.72, -29.5123207719, -1.00042510117, 1.74766885533, -0.00729795827742
0.73, -29.4946779798, -1.00045201801, 1.78498378423, 0.00292120859974
0.74, -29.4766609382, -1.00039449658, 1.82272467008, 0.00721387907204
0.75, -29.4582653699, -1.00037168509, 1.86052558467, -0.00180292284143
0.76, -29.4394918666, -1.00043887538, 1.89825526339, -0.0058320276677
0.77, -29.4203400389, -1.00050911282, 1.93638899118, -0.00388462223683
0.78, -29.4008033665, -1.0005037671, 1.97520453382, 0.00494881831204
0.79, -29.3808777223, -1.00045420154, 2.01402789401, 0.00422070430905
0.8, -29.3605649125, -1.00046902552, 2.05264021557, -0.00509013680658
0.81, -29.3398667662, -1.0005513385, 2.09135085196, -0.00756236948127
0.82, -29.31877766, -1.00059143684, 2.13050588013, 0.00103410212139
0.83, -29.2972994819, -1.00054907651, 2.16926913452, 0.00640300093194
0.84, -29.275434672, -1.00052245043, 2.20777182467, -0.000607539894004
0.85, -29.2531847507, -1.00058574828, 2.24640884858, -0.00849624874404
0.86, -29.2305486245, -1.00066396977, 2.28487202665, -0.00408335147804
0.87, -29.2075301062, -1.00065610838, 2.32292328736, 0.00540771015214
0.88, -29.1841300465, -1.00060443038, 2.36147994399, 0.00406536044467
0.89, -29.1603442738, -1.00062616401, 2.39963753453, -0.006119860533
0.9, -29.1361776296, -1.00071814327, 2.43780182929, -0.00826640373267
0.91, -29.1116301731, -1.00075947459, 2.47587893445, 0.00135472957359
0.92, -29.086701298, -1.00071253277, 2.51406182936, 0.00674656869517
0.93, -29.0613919971, -1.00068791032, 2.55187389061, -0.00129794936764
0.94, -29.0357068877, -1.00075302747, 2.58921567748, -0.00611545142762
0.95, -29.0096510686, -1.0008337125, 2.62604675141, -0.00542513264478
0.96, -28.9832279372, -1.00084330553, 2.66277394129, 0.0037868658543
0.97, -28.9564386809, -1.00079741158, 2.6991550421, 0.00447157205925
0.98, -28.9292872419, -1.0008074942, 2.73533223389, -0.00474753092383
0.99, -28.901775486, -1.00089365809, 2.7711301589, -0.00861958138211
1.0, -28.8739084387, -1.00094905231, 2.80641405656, -0.000594007706527
1.01, -28.8456891398, -1.00091706362, 2.84162836692, 0.0060219792266
1.02, -28.8171198159, -1.00088741102, 2.87638915656, 9.88273368857e-06
1.03, -28.7882041243, -1.00094818522, 2.9109986424, -0.00880261811643
1.04, -28.7589436669, -1.00103759838, 2.94524956687, -0.00571721853142
1.05, -28.7293436455, -1.00104507387, 2.97906002314, 0.00426728256237
1.06, -28.6994053157, -1.0009961228, 3.0127667356, 0.0044440064565
1.07, -28.6691326815, -1.00101205215, 3.04594959616, -0.00571223781229
1.08, -28.6385306912, -1.00110790494, 3.07864852213, -0.00937654832646
1.09, -28.6076023089, -1.00116506986, 3.11127198819, -0.000303082047927
1.1, -28.576349705, -1.00112813388, 3.14346996526, 0.00645143914104
1.11, -28.5447776466, -1.0010993677, 3.17518532439, -0.00057185767453
1.12, -28.5128897502, -1.00116969895, 3.20673298521, -0.00986277421704
1.13, -28.4806872436, -1.00125164398, 3.23800857485, -0.00649057444776
1.14, -28.448174262, -1.00127413458, 3.26884408912, 0.00255286219614
1.15, -28.415354822, -1.00123501855, 3.29928889425, 0.00432108476796
1.16, -28.3822318364, -1.00124241076, 3.32963204385, -0.00436216303637
1.17, -28.3488057142, -1.00132886898, 3.3599380846, -0.00915059760457
1.18, -28.3150775068, -1.00139513876, 3.38996169225, -0.00196945785093
1.19, -28.2810502519, -1.00137447207, 3.41984972868, 0.00529453644463
1.2, -28.2467253503, -1.00134552147, 3.44942539385, 0.000371491910268
1.21, -28.21210676, -1.00140281835, 3.47859526403, -0.00872814149959
1.22, -28.1771984832, -1.00149814584, 3.50758107375, -0.00683733109971
1.23, -28.1419984797, -1.00151879596, 3.53669863813, 0.00303631578691
1.24, -28.1065091375, -1.00147612503, 3.56547900078, 0.00438110690688
1.25, -28.0707341234, -1.00148833442, 3.59384844843, -0.00522874069566
1.26, -28.034676246, -1.00158397284, 3.62212289249, -0.00990117791951
1.27, -27.9983367491, -1.00165240183, 3.65011034095, -0.00173758590084
1.28, -27.9617193643, -1.00162700974, 3.67771549798, 0.00575397112807
1.29, -27.9248272594, -1.00159802361, 3.70516331597, -8.52138718948e-05
1.3, -27.8876620104, -1.00166383819, 3.73226163228, -0.00972104295525
1.31, -27.8502269773, -1.00175181973, 3.75908912305, -0.00767171178153
1.32, -27.81252478, -1.00178819113, 3.78572163908, 0.00128170745009
1.33, -27.7745583527, -1.00175486774, 3.81191994109, 0.00437494629691
1.34, -27.7363332726, -1.001757221, 3.83743369456, -0.00376888551606
1.35, -27.6978541631, -1.00184320051, 3.8627501465, -0.00971877617703
1.36, -27.6591235393, -1.00192150625, 3.88781298146, -0.00347460633855
1.37, -27.6201439022, -1.00191238535, 3.91251785376, 0.00466341531082
1.38, -27.580918575, -1.00188201724, 3.93699505, 0.000994513951848
1.39, -27.5414496708, -1.00193394816, 3.96124438988, -0.00856496104916
1.4, -27.5017400123, -1.00203573442, 3.98511143992, -0.00810479571864
1.41, -27.4617939244, -1.00207084086, 4.00854568349, 0.00176685447125
1.42, -27.4216157057, -1.00203295796, 4.03155357386, 0.00459355949718
1.43, -27.3812088573, -1.00203871948, 4.05431875644, -0.00454774968275
1.44, -27.3405749391, -1.00213398024, 4.07693790062, -0.01055022847
1.45, -27.2997162436, -1.0022153449, 4.09930304134, -0.00330175131476
1.46, -27.2586356423, -1.00220110359, 4.12129619423, 0.0052448786511
1.47, -27.2173372656, -1.00216905179, 4.14287139647, 0.000698376884409
1.48, -27.1758246846, -1.00222873771, 4.16418081997, -0.00956569993064
1.49, -27.1341000518, -1.00232319171, 4.18527448228, -0.00836735496501
1.5, -27.0921662017, -1.0023705325, 4.20599707684, 7.93611852755e-05
1.51, -27.0500273802, -1.00234494215, 4.22628935187, 0.0040900984219
1.52, -27.0076873542, -1.00234468946, 4.24627093531, -0.00324101625326
1.53, -26.9651489798, -1.00242780442, 4.26595666188, -0.00984301596934
1.54, -26.922415491, -1.00251366848, 4.2853089856, -0.00464801620747
1.55, -26.8794900178, -1.00251583199, 4.30435132379, 0.00381292131019
1.56, -26.836376196, -1.00248725774, 4.32297199916, 0.00133154582106
1.57, -26.7930783347, -1.00253393551, 4.34116347926, -0.00815384518102
1.58, -26.74960044, -1.00263770082, 4.35899947262, -0.00886921435784
1.59, -26.7059462361, -1.0026843393, 4.3764320917, 0.000533015384757
1.6, -26.6621195841, -1.00265378659, 4.3935032736, 0.00440874594495
1.61, -26.6181242729, -1.00265564872, 4.41016717494, -0.00389491272637
1.62, -26.5739644234, -1.00274741874, 4.42642273368, -0.0106732892936
1.63, -26.5296440172, -1.00283680428, 4.44229016975, -0.00453554611002
1.64, -26.4851668966, -1.00283397884, 4.45779906049, 0.00443523019236
1.65, -26.4405363302, -1.00280268059, 4.47298529284, 0.0011716737542
1.66, -26.3957556106, -1.00285599394, 4.48782338865, -0.00908787425451
1.67, -26.3508282447, -1.00296718784, 4.50231636165, -0.00926424346368
1.68, -26.3057577651, -1.00301190885, 4.51645930463, 0.00112007265348
1.69, -26.2605475407, -1.00298871068, 4.53029086844, 0.00358063365103
1.7, -26.2152006124, -1.0029860634, 4.543799161, -0.00269184261324
1.71, -26.1697202548, -1.00306589544, 4.55698259649, -0.00991642871288
1.72, -26.1241095177, -1.00315881154, 4.56989210579, -0.00577678723298
1.73, -26.078371292, -1.00317191974, 4.58247902969, 0.00298834619933
1.74, -26.0325088947, -1.00314483963, 4.59473711016, 0.00170801206033
1.75, -25.9865254796, -1.00318564683, 4.60669061905, -0.00766341220009
1.76, -25.9404240355, -1.00329052048, 4.61835075104, -0.00954932496654
1.77, -25.8942075099, -1.0033480049, 4.62971389611, -0.000645955360066
1.78, -25.8478788895, -1.00332431208, 4.64078077885, 0.00427159181331
1.79, -25.8014410517, -1.00332163355, 4.65156989027, -0.0031601537816
1.8, -25.7548967, -1.00340892049, 4.66208389037, -0.0106888572872
1.81, -25.7082486088, -1.00350532688, 4.67232620198, -0.00568051786816
1.82, -25.6614993907, -1.00351320764, 4.68232255309, 0.00368701310435
1.83, -25.6146515289, -1.00348201441, 4.69206131855, 0.00172159255146
1.84, -25.5677075669, -1.00352796474, 4.70154682855, -0.0084916754696
1.85, -25.5206699597, -1.00363994232, 4.71079308995, -0.00996047261147
1.86, -25.47354111, -1.00369570445, 4.71980456024, -5.27755849966e-05
1.87, -25.426323319, -1.00366529056, 4.72859670304, 0.00477920213974
1.88, -25.3790187284, -1.00366319452, 4.73716622313, -0.00370565546539
1.89, -25.331629543, -1.00375056131, 4.7455143338, -0.00815702813491
1.9, -25.2841579117, -1.00384669854, 4.75366710518, -0.00669746456402
1.91, -25.2366058237, -1.00386894571, 4.76160852663, 0.00233040934583
1.92, -25.1889753968, -1.00384173589, 4.76935239739, 0.00224995176853
1.93, -25.1412684585, -1.00387496126, 4.7769082969, -0.00699835241051
1.94, -25.0934869161, -1.00397925536, 4.78427567663, -0.0100661218568
1.95, -25.0456326275, -1.004046134, 4.79146311134, -0.00169154988482
1.96, -24.9977073715, -1.00402808042, 4.79848283834, 0.00425442928326
1.97, -24.9497127884, -1.0040196172, 4.80532961982, -0.00229519691976
1.98, -24.9016505819, -1.00410111093, 4.81200754239, -0.0105738586336
1.99, -24.8535223795, -1.00420337069, 4.81853706064, -0.00672020178883
2.0, -24.8053296792, -1.00422105368, 4.82491147211, 0.00302304880289
2.01, -24.757074055, -1.00418910652, 4.83112767969, 0.00236482711468
2.02, -24.7087569709, -1.00422670019, 4.83720696128, -0.00779125031798
2.03, -24.6603797898, -1.00433849761, 4.84315200976, -0.0105682289657
2.04, -24.6119437874, -1.00440456316, 4.84896852145, -0.0011597820237
2.05, -24.5634504121, -1.00438996285, 4.85463767418, 0.00255489774567
2.06, -24.5149010034, -1.00438075823, 4.86018258551, -0.00128724211908
2.07, -24.4662967659, -1.00444905687, 4.86559931407, -0.00943243472437
2.08, -24.4176390196, -1.00454992643, 4.87088731909, -0.00750638601351
2.09, -24.3689289908, -1.00458190656, 4.87606565263, 0.00146560301533
2.1, -24.3201677953, -1.00455737723, 4.88112298197, 0.00252684694035
2.11, -24.2713566446, -1.00458396683, 4.88605803971, -0.0062552229798
2.12, -24.2224967051, -1.00468544532, 4.89087960053, -0.0103068674705
2.13, -24.173589056, -1.00476013262, 4.89560700959, -0.0027277773145
2.14, -24.1246346897, -1.00474943473, 4.90022664744, 0.00396798259894
2.15, -24.0756346997, -1.00473723388, 4.90473517779, -0.00150840042277
2.16, -24.0265901023, -1.00481159837, 4.90915202537, -0.0101785988752
2.17, -23.9775017842, -1.00491680431, 4.91347611804, -0.00754190165205
2.18, -23.9283707597, -1.00494422011, 4.91770034629, 0.0021935624869
2.19, -23.8791980038, -1.00491396957, 4.92182675316, 0.00278102911097
2.2, -23.8299844226, -1.00494357595, 4.92587026448, -0.00694343797486
2.21, -23.7807308075, -1.00505226533, 4.92982880321, -0.0108384058094
2.22, -23.7314380591, -1.00512671698, 4.93370097369, -0.00224766556749
2.23, -23.6821070026, -1.00510903368, 4.93750039133, 0.00462653817651
2.24, -23.6327383617, -1.0050951739, 4.941216642, -0.00182327566534
2.25, -23.5833329646, -1.00517657531, 4.94484981528, -0.0110028223512
2.26, -23.5338915487, -1.00527269502, 4.94842315594, -0.00812883235009
2.27, -23.4844147752, -1.00531305655, 4.95192327308, 0.000707913497943
2.28, -23.434903429, -1.0052902474, 4.95534354456, 0.0029008039845
2.29, -23.3853582061, -1.00530909547, 4.95870257332, -0.00539017009915
2.3, -23.3357796872, -1.00540659119, 4.96199655637, -0.0104413823509
2.31, -23.2861685768, -1.00548833487, 4.96522306191, -0.00371280181621
2.32, -23.236525594, -1.00548468472, 4.96837808524, 0.0037070644771
2.33, -23.1868513317, -1.00546835287, 4.97148243277, -0.000664960598459
2.34, -23.1371463189, -1.00553486702, 4.97452387669, -0.009704157127
2.35, -23.0874112082, -1.00564240489, 4.97750289654, -0.00832050487013
2.36, -23.0376466347, -1.00567939663, 4.98042774395, 0.00136606991016
2.37, -22.9878530381, -1.00565080038, 4.98330454498, 0.00321632599584
2.38, -22.9380310242, -1.00567200307, 4.98611041734, -0.00603569880159
2.39, -22.8881812704, -1.00577695157, 4.9888503736, -0.0110517890381
2.4, -22.8383045627, -1.00585947672, 4.991498416, -0.00332480167334
2.41, -22.7884019811, -1.00584908259, 4.99402866446, 0.00440607172407
2.42, -22.7384747401, -1.00583019181, 4.99643523676, -0.000875286448341
2.43, -22.6885241841, -1.00590318958, 4.998685587, -0.0105311272211
2.44, -22.6385517811, -1.00601595433, 5.00081525209, -0.00842890331719
2.45, -22.5885587491, -1.00604851393, 5.00280710907, 0.00213405544615
2.46, -22.5385464724, -1.00602784525, 5.00467966394, 0.00312314708025
2.47, -22.4885161345, -1.00603970714, 5.00641291332, -0.0045745064209
2.48, -22.4384690481, -1.00613360084, 5.00803765475, -0.0106132551802
2.49, -22.3884061851, -1.00622283712, 5.00957120068, -0.00474803989138
2.5, -22.338328617, -1.00622669106, 5.01097713376, 0.00341054438648
2.51, -22.2882376089, -1.00620637179, 5.01227516846, 0.000182693286941
2.52, -22.2381340073, -1.00626485976, 5.0134919456, -0.00920837683792
2.53, -22.1880185943, -1.00637459734, 5.0146238045, -0.00909861290804
2.54, -22.1378925731, -1.00642128132, 5.01563401955, 0.000521496272831
2.55, -22.0877568711, -1.00639438558, 5.01656522445, 0.00366013075551
2.56, -22.0376122484, -1.00640688443, 5.01741890303, -0.00508593649924
2.57, -21.987459657, -1.0065077051, 5.0181555631, -0.0112372899727
2.58, -21.9373001085, -1.00659820928, 5.01881870513, -0.00440688306918
2.59, -21.8871343976, -1.00659517346, 5.01938315825, 0.00418435339778
2.6, -21.8369635225, -1.00657105425, 5.01986540236, 0.000110387521121
2.61, -21.7867880781, -1.00663515186, 5.02029143933, -0.0100096145085
2.62, -21.7366088349, -1.00673614496, 5.02061878679, -0.00921015791162
2.63, -21.686426733, -1.00679329661, 5.0208770599, -0.000965503780001
2.64, -21.6362423526, -1.00677657795, 5.02107878124, 0.00336775376091
2.65, -21.5860563166, -1.00678122816, 5.02119720443, -0.00362055157363
2.66, -21.5358695185, -1.00686856364, 5.02124232342, -0.0104039985043
2.67, -21.4856825101, -1.00696216667, 5.02124040472, -0.00558994075033
2.68, -21.4354957854, -1.00697365656, 5.02119045576, 0.00295682933491
2.69, -21.3853098463, -1.00695107704, 5.02108799247, 0.000921097468137
2.7, -21.3351251485, -1.00700073437, 5.0209396755, -0.00847448796056
2.71, -21.2849421298, -1.00710958988, 5.02075036138, -0.00958626619595
2.72, -21.2347613662, -1.00716482439, 5.02048412664, -0.000380501236425
2.73, -21.1845836102, -1.00714160946, 5.02016264593, 0.00386152262216
2.74, -21.1344093219, -1.00714656031, 5.01979386595, -0.004095288517
2.75, -21.0842390776, -1.00724101705, 5.01934647486, -0.0111024280833
2.76, -21.0340735045, -1.00733701195, 5.01886347628, -0.00536779752193
2.77, -20.9839129589, -1.00734226317, 5.01834579082, 0.00372655102825
2.78, -20.9337577658, -1.00731528527, 5.01779418812, 0.000941107275814
2.79, -20.8836084348, -1.00736990809, 5.01716608604, -0.00925787625054
2.8, -20.8334656344, -1.00748497703, 5.01649608773, -0.00987554915603
2.81, -20.783329698, -1.00753724647, 5.01579747889, 0.00032359430343
2.82, -20.7332010305, -1.00751978639, 5.01503617376, 0.00321401653783
2.83, -20.6830802042, -1.00751863691, 5.01423672835, -0.00275290648364
2.84, -20.6329675156, -1.00760006878, 5.01340732324, -0.0102515513488
2.85, -20.5828632717, -1.00769863349, 5.01255070338, -0.00649747969109
2.86, -20.5327679777, -1.00771843003, 5.01160285717, 0.00244058393581
2.87, -20.4826823716, -1.00769404633, 5.01064181791, 0.00163218561282
2.88, -20.4326065197, -1.00773493248, 5.00963318558, -0.00773447903984
2.89, -20.3825410825, -1.0078428461, 5.008557743, -0.0100743349009
2.9, -20.3324865066, -1.0079067991, 5.00746890964, -0.00130882092059
2.91, -20.2824430304, -1.00788750879, 5.00634564296, 0.00404781827101
2.92, -20.2324109258, -1.00788485973, 5.00519741933, -0.00308092891791
2.93, -20.1823903268, -1.00797265411, 5.00403791828, -0.0109384926289
2.94, -20.1323813876, -1.00807402603, 5.00286547576, -0.0063334779592
2.95, -20.0823842685, -1.00808774792, 5.00167796472, 0.00324628125134
2.96, -20.0323992719, -1.0080579982, 5.00043581573, 0.00178029734275
2.97, -19.9824268957, -1.00810287365, 4.99916246974, -0.00846961943249
2.98, -19.9324673046, -1.00821728435, 4.99787693622, -0.0104434443586
2.99, -19.8825207327, -1.0082790621, 4.99655026301, -0.000654341284122
3.0, -19.8325875649, -1.00826526391, 4.99520786458, 0.00348608567739
3.01, -19.7826679876, -1.00825543253, 4.99383722745, -0.00164214932465
3.02, -19.7327621512, -1.00832993999, 4.99245595499, -0.0101258741992
3.03, -19.6828702597, -1.0084347401, 4.99103630402, -0.00755933791034
3.04, -19.6329928498, -1.00846341919, 4.98956327598, 0.00198301781746
3.05, -19.5831303798, -1.0084353574, 4.98806293162, 0.00259579952585
3.06, -19.5332829269, -1.00846560271, 4.98655613849, -0.00691026416316
3.07, -19.48345055, -1.00857334588, 4.98504453615, -0.0107457911395
3.08, -19.4336334543, -1.00864779927, 4.98349365754, -0.00234942058462
3.09, -19.3838318955, -1.00863196374, 4.98194835258, 0.00440766570551
3.1, -19.3340460984, -1.00861952865, 4.98035614108, -0.00187626426082
3.11, -19.2842763136, -1.00870026023, 4.97872789874, -0.0108732325672
3.12, -19.2345228323, -1.00880897594, 4.97709715202, -0.00751541339559
3.13, -19.1847858269, -1.00883208852, 4.97542848375, 0.00281271684938
3.14, -19.135065795, -1.00881199487, 4.97370665867, 0.00245219382895
3.15, -19.0853630884, -1.00883335633, 4.97197037722, -0.00546221451499
3.16, -19.0356778668, -1.00892943566, 4.97019882169, -0.0101885682845
3.17, -18.9860104808, -1.00900925596, 4.96841512813, -0.00365504270306
3.18, -18.9363609446, -1.00900720705, 4.96663225925, 0.00339370825246
3.19, -18.8867292588, -1.00899394518, 4.96484655565, -0.000885597036253
3.2, -18.8371154943, -1.0090602849, 4.9630326718, -0.00949970074204
3.21, -18.7875199738, -1.00916487818, 4.9611920908, -0.00805084159014
3.22, -18.737942943, -1.0092011687, 4.95936054615, 0.00123863015289
3.23, -18.6883842761, -1.00917531454, 4.95750523818, 0.00289898825579
3.24, -18.6388442528, -1.00919802165, 4.95563889066, -0.00599925892206
3.25, -18.5893229936, -1.00930044236, 4.95374102705, -0.0106929509106
3.26, -18.539820784, -1.00938024087, 4.95183869628, -0.00320803180914
3.27, -18.4903375981, -1.00937108028, 4.94994009678, 0.00411895690346
3.28, -18.4408735946, -1.00935489727, 4.94799954869, -0.00104378888644
3.29, -18.3914289985, -1.00942699114, 4.9460591742, -0.0102421238962
3.3, -18.3420037752, -1.00953605936, 4.94412468734, -0.0080976130047
3.31, -18.2925978833, -1.00956759758, 4.94219654866, 0.00201822245429
3.32, -18.2432114086, -1.00953523509, 4.94023570891, 0.00324374038247
3.33, -18.1938444924, -1.00956027162, 4.93828919602, -0.00664471229465
3.34, -18.1444970632, -1.00965787259, 4.93633302901, -0.00958069876434
3.35, -18.0951694003, -1.00974095464, 4.9343368851, -0.00437871832982
3.36, -18.045861708, -1.00974514619, 4.93234505594, 0.00307512472881
3.37, -17.9965739175, -1.00972883835, 4.93035755672, -0.000121986933888
3.38, -17.9473060977, -1.0097865426, 4.92833985179, -0.00880084774746
3.39, -17.8980584982, -1.00989024417, 4.92632035532, -0.00849000615041
3.4, -17.8488310576, -1.00993407699, 4.92431030767, 0.000466477461272
3.41, -17.7996237222, -1.00991082515, 4.92230365366, 0.0031696370274
3.42, -17.7504365431, -1.00992595634, 4.92026816885, -0.00504903088141
3.43, -17.701269778, -1.01002246514, 4.91822754822, -0.0105809267533
3.44, -17.6521233636, -1.01010735513, 4.9161982654, -0.0040779544526
3.45, -17.602997214, -1.01010534975, 4.91416237336, 0.00376866258674
3.46, -17.5538916744, -1.01008582381, 4.91209575913, -0.000219170484438
3.47, -17.5048067024, -1.01014893775, 4.91004183978, -0.00955212700959
3.48, -17.4557421993, -1.01025783723, 4.90799962953, -0.00865048856477
3.49, -17.4066982207, -1.01029792157, 4.90593186001, 0.00118162153801
3.5, -17.3576751891, -1.01026806247, 4.90381752737, 0.00358086274118
3.51, -17.3086733463, -1.01028468766, 4.90170026041, -0.00562755627655
3.52, -17.2596927113, -1.01038830689, 4.89956193956, -0.0111797178108
3.53, -17.2107334943, -1.0104739024, 4.89742594885, -0.00367193876831
3.54, -17.1617956159, -1.01046937799, 4.89529566637, -0.000148901343672
3.55, -17.1128789902, -1.01045447667, 4.89317724825, 0.000534309870918
3.56, -17.0639836656, -1.01050424428, 4.89102859595, -0.00815022175108
3.57, -17.015109851, -1.01060750568, 4.88888150707, -0.00898331327205
3.58, -16.9662574486, -1.01065957249, 4.88674796964, -0.000384593223171
3.59, -16.9174264531, -1.0106396585, 4.88459225507, 0.0033811466072
3.6, -16.8686170678, -1.0106474938, 4.88243353123, -0.0041035880002
3.61, -16.8198291882, -1.01073800308, 4.88028716502, -0.0104596781394
3.62, -16.7710627273, -1.01082810013, 4.87813599602, -0.00497894919992
3.63, -16.722317813, -1.01083370721, 4.87600360758, 0.00336968074732
3.64, -16.6735942131, -1.01081111903, 4.87387708633, 0.000599618361303
3.65, -16.6248919044, -1.01086506923, 4.87172905675, -0.00883150721572
3.66, -16.5762111589, -1.01097358636, 4.86955612135, -0.00919806088604
3.67, -16.5275521878, -1.01102245051, 4.86738525777, 0.000303856045291
3.68, -16.4789148912, -1.01099548248, 4.86522422358, 0.00389168568241
3.69, -16.4302993704, -1.01100365511, 4.86302674792, -0.00458066965619
3.7, -16.3817057629, -1.01110097455, 4.86084034854, -0.0110922259702
3.71, -16.3331339406, -1.0111925736, 4.85866962462, -0.00466181520888
3.72, -16.2845837822, -1.0111913176, 4.85651099787, 0.00416451764409
3.73, -16.2360553145, -1.01116450462, 4.85432480603, 0.000580072734249
3.74, -16.187548737, -1.01122368097, 4.85213786722, -0.00961282937934
3.75, -16.1390639053, -1.01132355998, 4.84997078655, -0.0093326766389
3.76, -16.0906009387, -1.01138304608, 4.8477672161, -0.00118090735982
3.77, -16.0421600225, -1.01136596669, 4.84556891014, 0.00364724616107
3.78, -15.9937410054, -1.01136579555, 4.84338423807, -0.0030750004593
3.79, -15.9453437646, -1.01144950957, 4.84119548993, -0.0102687584196
3.8, -15.8969685633, -1.0115444031, 4.83899096076, -0.00586129706941
3.81, -15.8486153537, -1.01155758665, 4.83680012529, 0.00297002423257
3.82, -15.8002840131, -1.01153179779, 4.83461889548, 0.00144778317921
3.83, -15.7519746977, -1.01157614526, 4.83237631362, -0.00806155007516
3.84, -15.7036879235, -1.01168394275, 4.83012550652, -0.00973058754292
3.85, -15.6554235817, -1.01174167346, 4.82789138683, -0.000596157283691
3.86, -15.6071816788, -1.01171779231, 4.82563326439, 0.0041943207029
3.87, -15.5589623988, -1.01171735794, 4.82337465767, -0.00350177916897
3.88, -15.5107656088, -1.01180802423, 4.82113095896, -0.0109758306515
3.89, -15.4625911652, -1.01190555617, 4.81890464112, -0.00566419292673
3.9, -15.4144389442, -1.01191249946, 4.81667570854, 0.00376636693797
3.91, -15.3663092421, -1.01188181261, 4.81442099943, 0.00152706228184
3.92, -15.3182019634, -1.01193072267, 4.81218390836, -0.00882795588449
3.93, -15.2701171777, -1.01203099105, 4.80991747773, -0.00926544711955
3.94, -15.2220550065, -1.01209541774, 4.80766531342, -0.00193711349398
3.95, -15.1740153056, -1.01208380368, 4.80542637093, 0.00346109345698
3.96, -15.1259978111, -1.01207975403, 4.80321669356, -0.0023080287576
3.97, -15.0780029875, -1.01215599788, 4.80090282663, -0.00976141155061
3.98, -15.0300311746, -1.01225174098, 4.79860928381, -0.00641453462901
3.99, -14.9820822194, -1.01227225466, 4.79633321534, 0.00232220602984
4.0, -14.934156114, -1.0122474953, 4.79403340838, 0.00185144585643
4.01, -14.8862530275, -1.01228414213, 4.79173541667, -0.00720887117485
4.02, -14.8383728172, -1.01238770668, 4.78945473356, -0.00979494643738
4.03, -14.7905155497, -1.01245127856, 4.78714628706, -0.00143101671999
4.04, -14.7426813767, -1.01243310786, 4.78484497978, 0.00403636030743
4.05, -14.6948702525, -1.01242807173, 4.78252509106, -0.00264789401653
4.06, -14.6470824033, -1.01251078841, 4.78018283231, -0.0104692663999
4.07, -14.5993180465, -1.01260975885, 4.77783865339, -0.00630731951643
4.08, -14.5515770675, -1.0126247272, 4.77551095993, 0.00308739725478
4.09, -14.5038592627, -1.01259472332, 4.77320272915, 0.00201082904784
4.1, -14.456164559, -1.01263511375, 4.77087751469, -0.00791741288239
4.11, -14.4084931378, -1.01274512279, 4.76855390669, -0.0101791006726
4.12, -14.360844919, -1.01280685699, 4.76624213527, -0.000815772956787
4.13, -14.3132198855, -1.01278127401, 4.76391096275, 0.00465932146313
4.14, -14.2656181972, -1.01277536953, 4.76158113549, -0.00303957204829
4.15, -14.2180398425, -1.01285709934, 4.75922818772, -0.00789764976249
4.16, -14.1704849796, -1.01295555902, 4.75689036753, -0.00730369192933
4.17, -14.1229534466, -1.01298438463, 4.75456805359, 0.00181912732054
4.18, -14.0754452296, -1.01295709645, 4.75222220177, 0.00268675998646
4.19, -14.0279605283, -1.01298350407, 4.7498743505, -0.00632765243746
4.2, -13.980499156, -1.0130853545, 4.74754961719, -0.01026687003
4.21, -13.9330609759, -1.01315801069, 4.74523953519, -0.0024144573219
4.22, -13.8856459797, -1.01314391973, 4.74290840134, 0.0042589664929
4.23, -13.8382543666, -1.01313030321, 4.7405568539, -0.00150276387364
4.24, -13.7908861962, -1.01320528439, 4.73823640536, -0.0102413435851
4.25, -13.7435412395, -1.01330973259, 4.73590162304, -0.00733294695675
4.26, -13.6962195811, -1.01333379248, 4.73358243654, 0.00257271288304
4.27, -13.6489212803, -1.01330063773, 4.73123080889, 0.00294686381749
4.28, -13.6016464722, -1.01333007336, 4.72888682614, -0.00701605747832
4.29, -13.5543951337, -1.01343897964, 4.72652524639, -0.0107660610033
4.3, -13.507167399, -1.01351091137, 4.72417450162, -0.00187544733907
4.31, -13.4599630913, -1.01349957755, 4.72184178866, 0.00268764446185
4.32, -13.4127821815, -1.01348384015, 4.71948713972, -0.000365662249772
4.33, -13.3656248224, -1.01354488959, 4.71713678264, -0.00907477063294
4.34, -13.3184908967, -1.01364805176, 4.71480115327, -0.00813549187923
4.35, -13.271380426, -1.01368617344, 4.71244318109, 0.00108620603169
4.36, -13.2242935004, -1.01365924865, 4.71009757026, 0.00325210512891
4.37, -13.1772299762, -1.01367653289, 4.70776298609, -0.00540483282863
4.38, -13.1301898794, -1.01377497677, 4.70540409399, -0.0105273957034
4.39, -13.0831734399, -1.01385569472, 4.70302690075, -0.00343088620246
4.4, -13.0361808479, -1.01384760928, 4.70065000553, 0.00420486312108
4.41, -12.9892119148, -1.01382753466, 4.69829244511, -0.000455251895155
4.42, -12.9422665944, -1.01389387778, 4.69591544826, -0.00979662697617
4.43, -12.8953450348, -1.01400161318, 4.6935470172, -0.00821040856934
4.44, -12.8484470753, -1.01403517881, 4.69119793879, 0.0018640458161
4.45, -12.8015727682, -1.01400145051, 4.688817577, 0.00364809851881
4.46, -12.7547222308, -1.01402054685, 4.6864465623, -0.00601170482267
4.47, -12.7078952874, -1.01411414118, 4.68409464862, -0.00943947103215
4.48, -12.6610917351, -1.01419848002, 4.68176595544, -0.00462807740079
4.49, -12.6143116844, -1.01420369093, 4.67938178389, 0.00319475677372
4.5, -12.5675556168, -1.0141829698, 4.67698840934, 0.000520423177415
4.51, -12.5208233806, -1.01423466493, 4.67461196272, -0.00835864712916
4.52, -12.4741149195, -1.01433736246, 4.67222191548, -0.00864896974934
4.53, -12.4274304279, -1.01438352311, 4.66983293699, 0.000306425130206
4.54, -12.3807697204, -1.0143586222, 4.66746477951, 0.00362307824523
4.55, -12.3341327522, -1.01436737154, 4.66507564042, -0.00438913208928
4.56, -12.2875196755, -1.01445994617, 4.66269206612, -0.0104730977401
4.57, -12.2409303471, -1.01454653541, 4.66032714145, -0.00436642060008
4.58, -12.1943645664, -1.01454560567, 4.65798333024, 0.00391400440762
4.59, -12.1478223005, -1.01452118626, 4.65561730083, 0.000476308230669
4.6, -12.1013037079, -1.01457802639, 4.65325443764, -0.00911326461934
4.61, -12.0548085865, -1.0146862735, 4.65091746075, -0.00885863154559
4.62, -12.0083370049, -1.01472901332, 4.64854904031, 0.0010150197054
4.63, -11.9618890738, -1.0146971933, 4.64619322074, 0.00408947943021
4.64, -11.9154647429, -1.01470693394, 4.64381823545, -0.00493526393197
4.65, -11.8690641787, -1.01480671113, 4.64144624476, -0.0111125162444
4.66, -11.8226873808, -1.01489451839, 4.63905793109, -0.00400481958455
4.67, -11.7763344844, -1.01489113549, 4.63667386684, 2.56325742436e-05
4.68, -11.7300053133, -1.01487082949, 4.63431238626, 0.00128465853739
4.69, -11.6836998407, -1.01491407465, 4.63192734873, -0.00771963942281
4.7, -11.6374182081, -1.01501709275, 4.62955023427, -0.00924721516147
4.71, -11.5911602522, -1.01507218253, 4.62719334382, -0.000559745506178
4.72, -11.5449258406, -1.015049989, 4.62484735164, 0.00394736987122
4.73, -11.4987149729, -1.01505041908, 4.62247713739, -0.00337873148869
4.74, -11.4525277723, -1.01513718093, 4.62011638153, -0.0104335374851
4.75, -11.4063640728, -1.01522998977, 4.61777607554, -0.00535178872762
4.76, -11.3602238178, -1.01523673832, 4.61542056882, 0.00357788497925
4.77, -11.3141071598, -1.01520817587, 4.61306706841, 0.00140887202866
4.78, -11.2680141014, -1.01525535359, 4.61069075116, -0.00841149947506
4.79, -11.2219447675, -1.01536408551, 4.60832595554, -0.00952243285883
4.8, -11.1758989987, -1.01541633977, 4.60597995057, 0.000125019900811
4.81, -11.1298768508, -1.01538671207, 4.60360328558, 0.00452083145746
4.82, -11.0838784149, -1.0153869535, 4.60123896413, -0.00382819171411
4.83, -11.0379033214, -1.01548072178, 4.59893993466, -0.0111198294701
4.84, -10.9919506309, -1.015575618, 4.59676185914, -0.0050796196606
4.85, -10.9460188845, -1.01558018693, 4.5947636488, -0.000274150327071
4.86, -10.9001059973, -1.0155547822, 4.59298005877, 0.00233667008389
4.87, -10.8542099352, -1.01558763427, 4.59139206476, -0.00700337219504
4.88, -10.8083282759, -1.01569178789, 4.59012754138, -0.0100212109786
4.89, -10.7624576232, -1.01575733297, 4.58914617573, -0.00149949652448
4.9, -10.7165952874, -1.01573699422, 4.5885031479, 0.00447395003338
4.91, -10.6707377227, -1.01572689086, 4.58822383143, -0.00219313683801
4.92, -10.6248812542, -1.01580771858, 4.588161913, -0.0105180237065
4.93, -10.5790242151, -1.01590879753, 4.58849717331, -0.00654210758194
4.94, -10.5331605764, -1.01592395422, 4.58934017028, 0.00330755837944
4.95, -10.4872867523, -1.01588940901, 4.59057979291, 0.00257273027905
4.96, -10.441399319, -1.01592565465, 4.59204415938, -0.00771025672857
4.97, -10.3954940041, -1.01603655111, 4.59407070193, -0.0104441465974
4.98, -10.3495675682, -1.01610048132, 4.5962805801, -0.000880094949453
4.99, -10.3036183331, -1.01608275612, 4.59864937665, 0.00285764329313
5.0, -10.2576434846, -1.01607133485, 4.60142608997, -0.00114307413843
5.01, -10.2116393772, -1.0161387051, 4.60444341321, -0.00935099830523
5.02, -10.1656020361, -1.01623805898, 4.60810054242, -0.00727970325893
5.03, -10.1195275671, -1.016266977, 4.61177792202, 0.00180819879628
5.04, -10.0734153222, -1.01623942443, 4.61574386038, 0.00276548756693
5.05, -10.0272611164, -1.01626455311, 4.62013836757, -0.00616782519044
5.06, -9.9810618991, -1.016365046, 4.62470572925, -0.0101630014557
5.07, -9.9348163498, -1.01643729142, 4.62940179546, -0.00240825065749
5.08, -9.88852249979, -1.01642317115, 4.63440599741, 0.00429010490109
5.09, -9.84217749237, -1.01640869021, 4.63958312791, -0.00136456836163
5.1, -9.79577993173, -1.01648217313, 4.64489347017, -0.0100977855497
5.11, -9.74932883978, -1.01658582304, 4.65037380198, -0.00730308116962
5.12, -9.70282122191, -1.0166100462, 4.65611808776, 0.00254999019074
5.13, -9.65625600085, -1.01657675956, 4.6618959829, 0.00301344600267
5.14, -9.60963337252, -1.01660507336, 4.66754684899, -0.00687447327148
5.15, -9.56295534068, -1.01671291257, 4.67296730892, -0.0106990253517
5.16, -9.51622432034, -1.01678489421, 4.6781666346, -0.001919036947
5.17, -9.4694423135, -1.01676374453, 4.68317287969, 0.0049467147172
5.18, -9.42261123209, -1.01674774294, 4.68798721062, -0.00169995245536
5.19, -9.37573328202, -1.01682847195, 4.69252865271, -0.0109385027005
5.2, -9.32881193705, -1.01692305921, 4.6965586651, -0.00788492932285
5.21, -9.28185460239, -1.0169601484, 4.69981232806, 0.00106840132214
5.22, -9.23486935413, -1.01693433063, 4.70208047227, 0.00312059100852
5.23, -9.1878655101, -1.01695202957, 4.70364244278, -0.00533762716389
5.24, -9.14084889299, -1.01704872417, 4.70464854026, -0.0103004030355
5.25, -9.09382647763, -1.01712786502, 4.70473770507, -0.00336972143721
5.26, -9.04681347599, -1.01712061452, 4.70252783897, 0.00403284818276
5.27, -8.999834431, -1.01710216064, 4.6980818145, -0.000558498134313
5.28, -8.95291284962, -1.01716801355, 4.69125755358, -0.00962711211612
5.29, -8.90607649134, -1.01727349315, 4.68074311508, -0.00800669649075
5.3, -8.85936011431, -1.01730637868, 4.66773721484, 0.00179275950761
5.31, -8.81278166991, -1.01727427846, 4.65307742538, 0.00345422668144
5.32, -8.7663633254, -1.01729415261, 4.63527387798, -0.00597988808505
5.33, -8.72013261065, -1.01739771451, 4.61651061406, -0.010809328196
5.34, -8.67411444297, -1.01747582737, 4.59204824409, -0.0027771207618
5.35, -8.62835620697, -1.01746995615, 4.56496132237, 0.00263675533847
5.36, -8.58288860882, -1.01744790538, 4.53352837419, 0.000676783690143
5.37, -8.5377528192, -1.01749913638, 4.4992474821, -0.00843806813561
5.38, -8.49296938004, -1.01760261138, 4.46307081675, -0.00869826018029
5.39, -8.44857076987, -1.0176473077, 4.42224395662, 0.000583969999196
5.4, -8.40459365743, -1.01761837876, 4.37918887786, 0.00402482844541
5.41, -8.36105363858, -1.01762395663, 4.33469502146, -0.00421744161307
5.42, -8.31797568917, -1.01771558359, 4.28635879817, -0.0104370661869
5.43, -8.27539671937, -1.01780038374, 4.23558179437, -0.00407398450023
5.44, -8.23333273631, -1.01779894376, 4.18336367035, 2.21698559853e-05
5.45, -8.19180018442, -1.01777627999, 4.12947589437, 0.00181196774294
5.46, -8.15082234759, -1.01781072705, 4.07200167601, -0.00673509594307
5.47, -8.11043002903, -1.01790549099, 4.01277073354, -0.00872625725199
5.48, -8.07063605531, -1.01795858291, 3.95234336536, -0.000603558444133
5.49, -8.03146073394, -1.01793533917, 3.88858436776, 0.00425140791192
5.5, -7.99293412285, -1.0179276359, 3.82312464459, -0.00224650648815
5.51, -7.95506932009, -1.01800163192, 3.75659461418, -0.00930308357612
5.52, -7.91788278601, -1.01808682519, 3.68936405754, -0.00496835279735
5.53, -7.88137542313, -1.01809093384, 3.62104121216, 0.00383557857328
5.54, -7.84556452849, -1.01805543669, 3.55196676876, 0.00245560157442
5.55, -7.81045793482, -1.01808823319, 3.48150510092, -0.00687005857639
5.56, -7.77607660832, -1.01818329686, 3.40937714685, -0.00849075875987
5.57, -7.74243076804, -1.01822850403, 3.33648938037, 0.000582716140421
5.58, -7.70952003885, -1.01820481087, 3.26318208574, 0.00425304597326
5.59, -7.67735530726, -1.01818561822, 3.18833952061, -0.000463733871259
5.6, -7.64594259009, -1.0182424243, 3.11308297429, -0.00798942079644
5.61, -7.61528297353, -1.01832380901, 3.03787556971, -0.00532464708926
5.62, -7.5853723983, -1.01833414861, 2.96340384174, 0.00334964796104
5.63, -7.55620103771, -1.01829531164, 2.88982094668, 0.0035329849928
5.64, -7.52775457266, -1.01831229905, 2.81713703087, -0.00521483039422
5.65, -7.50002337321, -1.01839768773, 2.7453580741, -0.00827255831704
5.66, -7.47299858637, -1.01844810756, 2.67446516139, -0.000257663141845
5.67, -7.446671525, -1.01841578859, 2.60444388322, 0.00567820392147
5.68, -7.42103360407, -1.0183902314, 2.53528228875, -0.000406197238977
5.69, -7.39607633182, -1.01845040087, 2.46697253407, -0.0084088761011
5.7, -7.37179132305, -1.01853168851, 2.3995070221, -0.00482303059709
5.71, -7.34817029806, -1.01853172283, 2.33287346081, 0.00465634584433
5.72, -7.32520492029, -1.01849511656, 2.26744917325, 0.004528125524
5.73, -7.30288235185, -1.01849487298, 2.20402590528, -0.00325102673202
5.74, -7.28118489388, -1.01856716831, 2.14237543436, -0.00776462321548
5.75, -7.26009506531, -1.01862225736, 2.08245077087, -0.00124882059362
5.76, -7.23959587254, -1.0185966377, 2.02420197796, 0.00565219644673
5.77, -7.21967079628, -1.01856043671, 1.96757995504, 0.00141765600297
5.78, -7.20030377378, -1.01860209758, 1.91254116919, -0.00695256493586
5.79, -7.18147919432, -1.01868004017, 1.85904429717, -0.0053910254915
5.8, -7.16318188588, -1.01869004812, 1.80704530162, 0.00375981551974
5.81, -7.14539710571, -1.01863936339, 1.75649834854, 0.00532813019615
5.82, -7.12811051827, -1.0186367085, 1.70736310112, -0.00339536491128
5.83, -7.11130818673, -1.0187114599, 1.65960329191, -0.00787008883118
5.84, -7.09497656676, -1.0187627039, 1.61318213695, -0.000422127556157
5.85, -7.0791024963, -1.0187264147, 1.56805861948, 0.00673098344636
5.86, -7.06367318231, -1.01868389298, 1.52419415074, 0.00160663830665
5.87, -7.04867618179, -1.01872788891, 1.48155602973, -0.00734282130145
5.88, -7.0340994023, -1.01880688032, 1.44011322819, -0.00509376370054
5.89, -7.01993109107, -1.01880888122, 1.39983111138, 0.00486205901391
5.9, -7.00615982887, -1.01876242361, 1.36067309409, 0.00557338914011
5.91, -6.99277450947, -1.01874753412, 1.3226085306, -0.00165381456731
5.92, -6.97976433525, -1.01880827646, 1.28560933839, -0.00709753211625
5.93, -6.96711881258, -1.01886259854, 1.24964776827, -0.00145624283364
5.94, -6.9548277439, -1.01883694083, 1.21469205016, 0.00607120549195
5.95, -6.94288121879, -1.01879023284, 1.18071132885, 0.00290988111055
5.96, -6.93126959674, -1.01881740229, 1.14768023306, -0.00576778439166
5.97, -6.91998350815, -1.01889048183, 1.11557536783, -0.00543376034463
5.98, -6.90901384752, -1.01890324587, 1.08437042375, 0.00358267290051
5.99, -6.89835176891, -1.01884835999, 1.05403617802, 0.00633205782274
6.0, -6.88798866949, -1.0188316557, 1.02454808642, -0.00188632554095
6.01, -6.87791618319, -1.0188963923, 0.995885675181, -0.00741879312119
6.02, -6.86812618087, -1.01894930023, 0.968027963846, -0.000873743207495
6.03, -6.85861076372, -1.01891476418, 0.940949204366, 0.00702927903323
6.04, -6.84936225591, -1.01886236126, 0.914624799666, 0.00305376367067
6.05, -6.84037318822, -1.01889268648, 0.889035883176, -0.00629627277374
6.06, -6.8316363024, -1.01896882724, 0.864165310644, -0.00537748152921
6.07, -6.82314454484, -1.01897573553, 0.839992360095, 0.00451164674383
6.08, -6.8148910645, -1.01891220642, 0.816493083343, 0.00694413711801
6.09, -6.80686919649, -1.01889512765, 0.793648684686, -0.00228034868954
6.1, -6.79907245873, -1.0189652415, 0.771444376648, -0.00784329638368
6.11, -6.79149455358, -1.01901714361, 0.749864429383, -0.000291553845156
6.12, -6.78412936697, -1.01897828078, 0.728883527027, 0.0033720155157
6.13, -6.776970941, -1.01892872514, 0.708494588366, 0.00395118524474
6.14, -6.77001350106, -1.01894457094, 0.688671089778, -0.00478704075814
6.15, -6.76325141954, -1.01901383702, 0.669404166366, -0.00555769125748
6.16, -6.75667923187, -1.01903095246, 0.650678381592, 0.00314031538113
6.17, -6.75029163075, -1.01897560678, 0.63247456913, 0.00689983753596
6.18, -6.74408323844, -1.01894860738, 0.614832226669, -0.000666669068324
6.19, -6.73804709874, -1.01900474523, 0.598070316057, -0.00701938957777
6.2, -6.73217444622, -1.01905979197, 0.582061678632, -0.00143188477795
6.21, -6.72645865054, -1.01902943507, 0.566691663693, 0.00697027248279
6.22, -6.72089052037, -1.01897106204, 0.55272501374, 0.00413406433744
6.23, -6.7154542399, -1.0189900283, 0.540065993816, -0.00536546054543
6.24, -6.71013914814, -1.01906364714, 0.528650246096, -0.00568071820803
6.25, -6.70493151098, -1.01907664147, 0.518417559634, 0.00393197334817
6.26, -6.69981880046, -1.01901323031, 0.509723315729, 0.00751656517004
6.27, -6.69478613638, -1.01898567551, 0.50221118759, -0.00106079538305
6.28, -6.6898223469, -1.01904802218, 0.496072458475, -0.00759580593771
6.29, -6.68491278156, -1.01910409599, 0.491382783303, -0.0010581845711
